a = 0.5
g = 0.2
e = 0.1
random initial weights = true

-550.0
-690.0
-720.0
-730.0
-740.0
-740.0
-760.0
-750.0
-760.0
-790.0
-790.0
-780.0
-770.0
-760.0
-800.0
-790.0
-780.0
-770.0
-790.0
-800.0
-800.0
-800.0
-810.0
-870.0
-900.0
-900.0
-910.0
-900.0
-980.0
-1000.0
-1000.0
-1000.0
-1010.0
-1010.0
-1010.0
-1000.0
-1000.0
-1010.0
-1010.0
-1010.0
-1010.0
-1050.0
-1050.0
-1100.0
-1090.0
-1100.0
-1090.0
-1100.0
-1080.0
-1070.0
-1050.0
-1040.0
-1020.0
-1000.0
-980.0
-960.0
-950.0
-930.0
-910.0
-890.0
-870.0
-860.0
-840.0
-820.0
-810.0
-790.0
-770.0
-750.0
-740.0
-730.0
-730.0
-710.0
-690.0
-670.0
-660.0
-640.0
-620.0
-600.0
-590.0
-570.0
-560.0
-540.0
-530.0
-510.0
-490.0
-470.0
-460.0
-440.0
-430.0
-430.0
-410.0
-390.0
-370.0
-350.0
-340.0
-320.0
-300.0
-300.0
-280.0
-270.0
-260.0
-240.0
-220.0
-200.0
-180.0
-160.0
-150.0
-130.0
-110.0
-100.0
-80.0
-80.0
-60.0
-50.0
-40.0
-20.0
0.0
10.0
30.0
50.0
60.0
80.0
100.0
120.0
140.0
150.0
170.0
190.0
200.0
210.0
230.0
250.0
270.0
290.0
310.0
330.0
350.0
370.0
390.0
400.0
420.0
440.0
460.0
460.0
480.0
500.0
510.0
510.0
520.0
540.0
560.0
580.0
600.0
620.0
640.0
650.0
670.0
680.0
690.0
710.0
730.0
750.0
770.0
790.0
810.0
800.0
800.0
820.0
840.0
860.0
880.0
900.0
920.0
940.0
950.0
970.0
990.0
1010.0
1030.0
1040.0
1050.0
1050.0
1070.0
1090.0
1110.0
1130.0
1150.0
1170.0
1190.0
1190.0
1210.0
1220.0
1240.0
1260.0
1260.0
1280.0
1300.0
1320.0
1330.0
1350.0
1370.0
1390.0
1400.0
1420.0
1440.0
1460.0
1480.0
1500.0
1520.0
1540.0
1550.0
1560.0
1580.0
1600.0
1610.0
1630.0
1650.0
1660.0
1680.0
1700.0
1720.0
1740.0
1760.0
1770.0
1780.0
1800.0
1810.0
1830.0
1830.0
1840.0
1850.0
1870.0
1880.0
1900.0
1910.0
1930.0
1950.0
1970.0
1990.0
2010.0
2030.0
2050.0
2070.0
2090.0
2100.0
2120.0
2140.0
2150.0
2170.0
2190.0
2200.0
2220.0
2230.0
2250.0
2270.0
2280.0
2280.0
2300.0
2320.0
2340.0
2350.0
2360.0
2380.0
2400.0
2420.0
2440.0
2450.0
2470.0
2490.0
2510.0
2530.0
2550.0
2570.0
2580.0
2590.0
2610.0
2630.0
2640.0
2660.0
2680.0
2680.0
2700.0
2720.0
2740.0
2750.0
2770.0
2790.0
2810.0
2830.0
2850.0
2870.0
2890.0
2910.0
2930.0
2950.0
2970.0
2990.0
3010.0
3030.0
3050.0
3070.0
3090.0
3110.0
3120.0
3140.0
3150.0
3170.0
3190.0
3210.0
3230.0
3250.0
3270.0
3280.0
3300.0
3320.0
3340.0
3360.0
3380.0
3400.0
3420.0
3440.0
3460.0
3480.0
3500.0
3520.0
3540.0
3550.0
3570.0
3590.0
3610.0
3630.0
3650.0
3670.0
3690.0
3710.0
3730.0
3750.0
3770.0
3780.0
3800.0
3820.0
3840.0
3860.0
3880.0
3900.0
3920.0
3940.0
3960.0
3980.0
4000.0
4020.0
4030.0
4050.0
4060.0
4080.0
4100.0
4120.0
4140.0
4160.0
4180.0
4200.0
4220.0
4240.0
4260.0
4270.0
4290.0
4310.0
4330.0
4340.0
4360.0
4370.0
4390.0
4400.0
4420.0
4410.0
4430.0
4450.0
4460.0
4480.0
4500.0
4520.0
4540.0
4560.0
4580.0
4600.0
4610.0
4620.0
4640.0
4660.0
4680.0
4690.0
4710.0
4730.0
4750.0
4770.0
4790.0
4800.0
4820.0
4840.0
4860.0
4870.0
4890.0
4910.0
4930.0
4940.0
4960.0
4980.0
4990.0
5010.0
5020.0
5040.0
5060.0
5080.0
5100.0
5120.0
5140.0
5160.0
5170.0
5190.0
5210.0
5230.0
5250.0
5270.0
5270.0
5290.0
5300.0
5320.0
5340.0
5360.0
5380.0
5390.0
5400.0
5420.0
5440.0
5460.0
5480.0
5490.0
5500.0
5510.0
5530.0
5530.0
5550.0
5570.0
5590.0
5610.0
5630.0
5650.0
5670.0
5690.0
5710.0
5720.0
5740.0
5760.0
5780.0
5800.0
5810.0
5830.0
5850.0
5860.0
5880.0
5900.0
5920.0
5940.0
5960.0
5980.0
5990.0
5990.0
6010.0
6030.0
6040.0
6060.0
6080.0
6100.0
6110.0
6120.0
6130.0
6150.0
6170.0
6180.0
6200.0
6220.0
6230.0
6250.0
6270.0
6290.0
6310.0
6330.0
6330.0
6350.0
6370.0
6390.0
6410.0
6430.0
6440.0
6460.0
6470.0
6490.0
6510.0
6520.0
6530.0
6550.0
6550.0
6560.0
6580.0
6600.0
6620.0
6630.0
6650.0
6670.0
6680.0
6700.0
6720.0
6740.0
6760.0
6780.0
6800.0
6820.0
6840.0
6860.0
6880.0
6900.0
6920.0
6930.0
6950.0
6970.0
6990.0
7010.0
7030.0
7050.0
7070.0
7090.0
7110.0
7120.0
7140.0
7160.0
7180.0
7200.0
7220.0
7240.0
7260.0
7270.0
7290.0
7310.0
7330.0
7350.0
7370.0
7390.0
7410.0
7430.0
7450.0
7460.0
7480.0
7490.0
7510.0
7530.0
7550.0
7570.0
7580.0
7600.0
7620.0
7640.0
7660.0
7680.0
7700.0
7710.0
7730.0
7750.0
7770.0
7780.0
7790.0
7790.0
7810.0
7810.0
7830.0
7840.0
7860.0
7880.0
7900.0
7920.0
7940.0
7960.0
7980.0
8000.0
8020.0
8030.0
8050.0
8070.0
8080.0
8100.0
8110.0
8130.0
8150.0
8160.0
8180.0
8190.0
8210.0
8230.0
8240.0
8250.0
8260.0
8270.0
8290.0
8300.0
8320.0
8340.0
8360.0
8380.0
8400.0
8420.0
8440.0
8460.0
8470.0
8490.0
8500.0
8510.0
8530.0
8550.0
8570.0
8590.0
8600.0
8620.0
8640.0
8660.0
8680.0
8700.0
8720.0
8740.0
8750.0
8770.0
8790.0
8810.0
8820.0
8830.0
8850.0
8870.0
8890.0
8910.0
8930.0
8950.0
8960.0
8970.0
8970.0
8990.0
9010.0
9030.0
9030.0
9050.0
9060.0
9080.0
9100.0
9120.0
9140.0
9160.0
9180.0
9200.0
9220.0
9240.0
9260.0
9280.0
9300.0
9320.0
9340.0
9360.0
9380.0
9400.0
9420.0
9440.0
9450.0
9470.0
9490.0
9510.0
9530.0
9540.0
9560.0
9570.0
9590.0
9610.0
9630.0
9640.0
9660.0
9680.0
9700.0
9720.0
9740.0
9760.0
9780.0
9800.0
9820.0
9840.0
9860.0
9880.0
9900.0
9920.0
9940.0
9960.0
9970.0
9990.0
10000.0
10020.0
10040.0
10060.0
10080.0
10100.0
10120.0
10140.0
10160.0
10180.0
10200.0
10220.0
10240.0
10260.0
10280.0
10300.0
10310.0
10330.0
10350.0
10370.0
10390.0
10410.0
10420.0
10440.0
10460.0
10480.0
10500.0
10520.0
10530.0
10540.0
10560.0
10580.0
10580.0
10600.0
10620.0
10640.0
10650.0
10650.0
10660.0
10670.0
10690.0
10710.0
10730.0
10750.0
10770.0
10790.0
10800.0
10820.0
10840.0
10860.0
10880.0
10900.0
10920.0
10940.0
10960.0
10980.0
11000.0
11020.0
11040.0
11060.0
11080.0
11100.0
11120.0
11130.0
11150.0
11170.0
11190.0
11200.0
11220.0
11240.0
11260.0
11250.0
11260.0
11280.0
11300.0
11310.0
11330.0
11340.0
11360.0
11370.0
11390.0
11410.0
11430.0
11450.0
11470.0
11490.0
11510.0
11530.0
11550.0
11570.0
11580.0
11600.0
11620.0
11640.0
11660.0
11680.0
11700.0
11720.0
11740.0
11760.0
11780.0
11800.0
11820.0
11830.0
11850.0
11870.0
11890.0
11910.0
11930.0
11950.0
11970.0
11990.0
12010.0
12030.0
12050.0
12070.0
12080.0
12100.0
12120.0
12140.0
12160.0
12170.0
12190.0
12210.0
12220.0
12230.0
12240.0
12260.0
12280.0
12300.0
12320.0
12340.0
12360.0
12380.0
12400.0
12420.0
12440.0
12460.0
12480.0
12500.0
12510.0
12530.0
12550.0
12570.0
12580.0
12590.0
12610.0
12630.0
12650.0
12670.0
12690.0
12710.0
12730.0
12750.0
12770.0
12790.0
12810.0
12830.0
12850.0
12870.0
12890.0
12910.0
12930.0
12950.0
12970.0
12990.0
13010.0
13030.0
13050.0
13070.0
13090.0
13100.0
13120.0
13140.0
13160.0
13180.0
13190.0
13200.0
13220.0
13240.0
13250.0
13270.0
13290.0
13310.0
13330.0
13350.0
13370.0
13390.0
13410.0
13430.0
13440.0
13460.0
13480.0
13490.0
13500.0
13520.0
13540.0
13560.0
13570.0
13590.0
13610.0
13630.0
13650.0
13670.0
13690.0
13710.0
13730.0
13750.0
13760.0
13780.0
13800.0
13820.0
13840.0
13860.0
13880.0
13900.0
13920.0
13920.0
13940.0
13960.0
13980.0
14000.0
14020.0
14040.0
14060.0
14070.0
14090.0
14110.0
14130.0
14150.0
14170.0
14190.0
14210.0
14230.0
14250.0
14260.0
14280.0
14300.0
14320.0
14340.0
14360.0
14380.0
14400.0
14420.0
14440.0
14460.0
14480.0
14500.0
14520.0
14530.0
14550.0
14570.0
14590.0
14610.0
14610.0
14630.0
14650.0
14660.0
14680.0
14700.0
14720.0
14740.0
14760.0
14770.0
14790.0
14810.0
14830.0
14850.0
14870.0
14890.0
14900.0
14910.0
14930.0
14940.0
14960.0
14980.0
15000.0
15010.0
15030.0
15050.0
15070.0
15090.0
15110.0
15120.0
15140.0
15150.0
15170.0
15180.0
15200.0
15220.0
15220.0
15240.0
15260.0
15280.0
15280.0
15300.0
15320.0
15330.0
15350.0
15370.0
15390.0
15410.0
15420.0
15420.0
15440.0
15460.0
15470.0
15490.0
15500.0
15500.0
15510.0
15530.0
15530.0
15550.0
15560.0
15570.0
15580.0
15600.0
15620.0
15640.0
15660.0
15680.0
15700.0
15720.0
15740.0
15760.0
15780.0
15800.0
15820.0
15830.0
15850.0
15860.0
15880.0
15900.0
15920.0
15940.0
15960.0
15980.0
16000.0
16020.0
16040.0
16050.0
16070.0
16080.0
16100.0
16120.0
16140.0
16160.0
16180.0
16200.0
16220.0
16240.0
16260.0
16280.0
16300.0
16320.0
16340.0
16360.0
16370.0
16390.0
16410.0
16430.0
16440.0
16460.0
16480.0
16490.0
16510.0
16530.0
16540.0
16560.0
16580.0
16600.0
16620.0
16640.0
16660.0
16680.0
16700.0
16720.0
16740.0
16760.0
16770.0
16790.0
16800.0
16810.0
16830.0
16850.0
16870.0
16890.0
16900.0
16920.0
16940.0
16960.0
16980.0
17000.0
17020.0
17040.0
17050.0
17070.0
17090.0
17100.0
17120.0
17140.0
17160.0
17180.0
17190.0
17210.0
17230.0
17240.0
17260.0
17280.0
17300.0
17310.0
17330.0
17350.0
17360.0
17380.0
17400.0
17420.0
17440.0
17440.0
17450.0
17470.0
17490.0
17510.0
17530.0
17550.0
17570.0
17580.0
17600.0
17620.0
17640.0
17660.0
17670.0
17690.0
17700.0
17720.0
17740.0
17760.0
17780.0
17800.0
17810.0
17830.0
17850.0
17870.0
17890.0
17890.0
17910.0
17930.0
17940.0
17960.0
17980.0
18000.0
18010.0
18030.0
18050.0
18060.0
18080.0
18090.0
18110.0
18130.0
18140.0
18160.0
18180.0
18200.0
18220.0
18240.0
18260.0
18270.0
18290.0
18310.0
18330.0
18350.0
18370.0
18390.0
18410.0
18430.0
18450.0
18470.0
18490.0
18510.0
18530.0
18550.0
18570.0
18590.0
18610.0
18630.0
18650.0
18670.0
18690.0
18710.0
18730.0
18750.0
18770.0
18790.0
18810.0
18830.0
18840.0
18850.0
18870.0
18880.0
18900.0
18920.0
18940.0
18960.0
18980.0
19000.0
19020.0
19040.0
19060.0
19080.0
19100.0
19120.0
19140.0
19160.0
19180.0
19200.0
19220.0
19230.0
19250.0
19270.0
19280.0
19300.0
19320.0
19340.0
19350.0
19370.0
19390.0
19410.0
19430.0
19450.0
19470.0
19480.0
19500.0
19520.0
19540.0
19560.0
19580.0
19590.0
19610.0
19630.0
19650.0
19670.0
19690.0
19710.0
19730.0
19750.0
19770.0
19780.0
19800.0
19820.0
19840.0
19860.0
19870.0
19880.0
19900.0
19920.0
19930.0
19950.0
19970.0
19980.0
20000.0
19990.0
20000.0
20020.0
20040.0
20060.0
20080.0
20090.0
20110.0
20130.0
20150.0
20160.0
20180.0
20200.0
20210.0
20230.0
20250.0
20270.0
20290.0
20300.0
20320.0
20340.0
20360.0
20380.0
20400.0
20400.0
20410.0
20430.0
20450.0
20470.0
20490.0
20510.0
20530.0
20550.0
20560.0
20580.0
20600.0
20610.0
20620.0
20640.0
20660.0
20680.0
20700.0
20720.0
20740.0
20760.0
20780.0
20800.0
20820.0
20840.0
20860.0
20880.0
20900.0
20920.0
20930.0
20950.0
20960.0
20980.0
21000.0
21020.0
21040.0
21060.0
21080.0
21100.0
21120.0
21140.0
21150.0
21170.0
21190.0
21200.0
21220.0
21240.0
21260.0
21280.0
21300.0
21320.0
21340.0
21350.0
21370.0
21390.0
21410.0
21430.0
21450.0
21470.0
21490.0
21510.0
21530.0
21550.0
21570.0
21580.0
21600.0
21610.0
21630.0
21630.0
21650.0
21670.0
21690.0
21700.0
21720.0
21730.0
21750.0
21770.0
21790.0
21810.0
21830.0
21850.0
21870.0
21890.0
21910.0
21930.0
21950.0
21970.0
21990.0
22010.0
22030.0
22050.0
22070.0
22090.0
22110.0
22110.0
22130.0
22150.0
22170.0
22180.0
22190.0
22210.0
22230.0
22240.0
22260.0
22280.0
22300.0
22310.0
22330.0
22350.0
22370.0
22390.0
22400.0
22420.0
22440.0
22460.0
22480.0
22490.0
22510.0
22530.0
22550.0
22570.0
22590.0
22610.0
22630.0
22640.0
22650.0
22660.0
22680.0
22700.0
22720.0
22740.0
22760.0
22780.0
22800.0
22820.0
22830.0
22840.0
22860.0
22880.0
22900.0
22920.0
22940.0
22960.0
22980.0
23000.0
23020.0
23040.0
23060.0
23080.0
23100.0
23110.0
23130.0
23150.0
23170.0
23190.0
23200.0
23210.0
23230.0
23250.0
23270.0
23280.0
23300.0
23320.0
23340.0
23360.0
23380.0
23400.0
23410.0
23430.0
23440.0
23460.0
23480.0
23500.0
23520.0
23540.0
23560.0
23580.0
23590.0
23600.0
23620.0
23640.0
23660.0
23680.0
23700.0
23720.0
23730.0
23750.0
23770.0
23790.0
23800.0
23820.0
23840.0
23860.0
23870.0
23890.0
23900.0
23920.0
23940.0
23960.0
23980.0
24000.0
24020.0
24040.0
24050.0
24070.0
24080.0
24100.0
24120.0
24130.0
24150.0
24170.0
24180.0
24200.0
24210.0
24220.0
24240.0
24260.0
24280.0
