a = 0.8
g = 0.8
e = 0.5
random initial weights = true

-580.0
-640.0
-860.0
-5930.0
-6030.0
-6060.0
-6090.0
-6080.0
-6100.0
-6090.0
-6100.0
-6210.0
-6230.0
-6260.0
-6280.0
-6280.0
-6310.0
-6320.0
-6320.0
-6310.0
-6310.0
-6310.0
-6320.0
-6460.0
-6470.0
-6460.0
-6450.0
-6460.0
-6570.0
-6600.0
-6600.0
-6610.0
-6590.0
-6610.0
-6700.0
-6700.0
-6710.0
-6700.0
-6700.0
-6740.0
-6720.0
-6720.0
-6720.0
-6720.0
-6710.0
-6710.0
-6690.0
-6710.0
-6690.0
-6700.0
-6730.0
-6740.0
-6740.0
-6720.0
-6770.0
-6770.0
-6780.0
-6800.0
-6790.0
-6780.0
-6780.0
-6770.0
-6780.0
-6770.0
-6770.0
-6760.0
-6750.0
-6770.0
-6770.0
-6760.0
-6780.0
-6780.0
-6790.0
-6780.0
-6800.0
-6780.0
-6760.0
-6780.0
-6760.0
-6810.0
-6800.0
-6820.0
-6820.0
-6810.0
-6830.0
-6810.0
-6800.0
-6820.0
-6800.0
-6790.0
-6770.0
-6750.0
-6740.0
-6780.0
-6770.0
-6760.0
-6800.0
-6830.0
-6850.0
-6840.0
-6830.0
-6840.0
-6860.0
-6880.0
-6900.0
-6970.0
-6950.0
-6960.0
-6940.0
-6920.0
-6910.0
-6900.0
-6880.0
-6890.0
-6870.0
-6880.0
-6860.0
-6870.0
-6880.0
-6890.0
-6880.0
-6860.0
-6880.0
-6880.0
-6870.0
-6880.0
-6910.0
-6910.0
-6940.0
-6920.0
-6900.0
-6890.0
-6920.0
-6950.0
-6940.0
-6930.0
-6930.0
-6920.0
-6960.0
-6950.0
-6970.0
-6980.0
-6970.0
-6980.0
-6990.0
-6970.0
-7000.0
-7000.0
-6980.0
-6970.0
-6950.0
-6970.0
-6960.0
-6940.0
-6930.0
-6910.0
-6980.0
-6980.0
-6970.0
-6970.0
-6960.0
-6970.0
-6970.0
-7110.0
-7120.0
-7140.0
-7160.0
-7140.0
-7150.0
-7160.0
-7150.0
-7160.0
-7200.0
-7190.0
-7220.0
-7210.0
-7210.0
-7210.0
-7220.0
-7230.0
-7240.0
-7230.0
-7230.0
-7240.0
-7230.0
-7250.0
-7240.0
-7240.0
-7250.0
-7230.0
-7250.0
-7240.0
-7220.0
-7220.0
-7230.0
-7250.0
-7240.0
-7220.0
-7230.0
-7210.0
-7190.0
-7200.0
-7200.0
-7220.0
-7210.0
-7190.0
-7180.0
-7160.0
-7160.0
-7180.0
-7180.0
-7180.0
-7180.0
-7170.0
-7160.0
-7140.0
-7170.0
-7160.0
-7140.0
-7120.0
-7120.0
-7110.0
-7150.0
-7140.0
-7130.0
-7170.0
-7160.0
-7170.0
-7170.0
-7160.0
-7140.0
-7130.0
-7170.0
-7180.0
-7200.0
-7230.0
-7250.0
-7250.0
-7240.0
-7250.0
-7250.0
-7250.0
-7240.0
-7290.0
-7280.0
-7280.0
-7280.0
-7290.0
-7280.0
-7260.0
-7250.0
-7230.0
-7230.0
-7240.0
-7220.0
-7210.0
-7190.0
-7220.0
-7210.0
-7230.0
-7230.0
-7210.0
-7310.0
-7370.0
-7380.0
-7420.0
-7430.0
-7440.0
-7440.0
-7450.0
-7450.0
-7470.0
-7470.0
-7510.0
-7500.0
-7490.0
-7510.0
-7550.0
-7590.0
-7600.0
-7630.0
-7620.0
-7610.0
-7620.0
-7600.0
-7600.0
-7600.0
-7610.0
-7660.0
-7680.0
-7720.0
-7700.0
-7690.0
-7690.0
-7680.0
-7670.0
-7660.0
-7660.0
-7660.0
-7650.0
-7690.0
-7680.0
-7720.0
-7730.0
-7760.0
-7770.0
-7770.0
-7770.0
-7780.0
-7800.0
-7790.0
-7770.0
-7750.0
-7790.0
-7840.0
-7870.0
-7870.0
-7860.0
-7870.0
-7870.0
-7940.0
-7980.0
-7980.0
-7970.0
-8010.0
-8020.0
-8010.0
-8020.0
-8000.0
-8050.0
-8070.0
-8060.0
-8060.0
-8050.0
-8040.0
-8040.0
-8060.0
-8050.0
-8060.0
-8100.0
-8110.0
-8120.0
-8120.0
-8120.0
-8170.0
-8200.0
-8190.0
-8220.0
-8230.0
-8220.0
-8200.0
-8200.0
-8190.0
-8180.0
-8190.0
-8230.0
-8240.0
-8230.0
-8260.0
-8260.0
-8250.0
-8290.0
-8320.0
-8390.0
-8400.0
-8410.0
-8400.0
-8400.0
-8380.0
-8370.0
-8380.0
-8380.0
-8420.0
-8420.0
-8420.0
-8410.0
-8390.0
-8390.0
-8410.0
-8410.0
-8420.0
-8410.0
-8460.0
-8440.0
-8450.0
-8460.0
-8450.0
-8440.0
-8440.0
-8450.0
-8480.0
-8470.0
-8470.0
-8460.0
-8460.0
-8480.0
-8490.0
-8520.0
-8570.0
-8550.0
-8620.0
-8630.0
-8660.0
-8640.0
-8690.0
-8680.0
-8720.0
-8730.0
-8720.0
-8700.0
-8680.0
-8730.0
-8750.0
-8780.0
-8770.0
-8800.0
-8810.0
-8800.0
-8800.0
-8790.0
-8830.0
-8840.0
-8830.0
-8820.0
-8840.0
-8840.0
-8870.0
-8880.0
-8870.0
-8860.0
-8870.0
-8890.0
-8920.0
-8920.0
-8920.0
-8930.0
-8910.0
-8910.0
-8900.0
-8910.0
-8890.0
-8890.0
-8880.0
-8870.0
-8880.0
-8910.0
-8900.0
-8900.0
-8910.0
-8900.0
-8910.0
-8930.0
-8920.0
-8970.0
-8980.0
-9010.0
-9030.0
-9020.0
-9020.0
-9020.0
-9010.0
-9010.0
-9020.0
-9010.0
-9000.0
-8980.0
-8990.0
-9000.0
-8980.0
-8960.0
-9010.0
-9000.0
-9050.0
-9040.0
-9060.0
-9080.0
-9070.0
-9050.0
-9070.0
-9070.0
-9090.0
-9090.0
-9100.0
-9130.0
-9110.0
-9120.0
-9100.0
-9100.0
-9100.0
-9160.0
-9200.0
-9190.0
-9190.0
-9200.0
-9180.0
-9210.0
-9210.0
-9210.0
-9190.0
-9180.0
-9170.0
-9160.0
-9220.0
-9220.0
-9210.0
-9230.0
-9220.0
-9220.0
-9260.0
-9260.0
-9260.0
-9240.0
-9220.0
-9250.0
-9230.0
-9250.0
-9240.0
-9250.0
-9280.0
-9270.0
-9270.0
-9260.0
-9250.0
-9240.0
-9240.0
-9220.0
-9210.0
-9230.0
-9220.0
-9290.0
-9320.0
-9320.0
-9310.0
-9330.0
-9360.0
-9340.0
-9330.0
-9310.0
-9320.0
-9300.0
-9320.0
-9300.0
-9300.0
-9330.0
-9310.0
-9300.0
-9390.0
-9370.0
-9360.0
-9340.0
-9370.0
-9400.0
-9470.0
-9470.0
-9460.0
-9460.0
-9470.0
-9450.0
-9430.0
-9420.0
-9430.0
-9440.0
-9460.0
-9490.0
-9480.0
-9470.0
-9500.0
-9480.0
-9480.0
-9490.0
-9480.0
-9480.0
-9500.0
-9510.0
-9510.0
-9510.0
-9520.0
-9520.0
-9530.0
-9510.0
-9530.0
-9530.0
-9610.0
-9620.0
-9650.0
-9650.0
-9640.0
-9630.0
-9650.0
-9640.0
-9650.0
-9640.0
-9630.0
-9630.0
-9650.0
-9640.0
-9640.0
-9650.0
-9710.0
-9690.0
-9680.0
-9720.0
-9720.0
-9710.0
-9700.0
-9700.0
-9710.0
-9700.0
-9700.0
-9690.0
-9690.0
-9690.0
-9700.0
-9690.0
-9730.0
-9710.0
-9740.0
-9740.0
-9730.0
-9750.0
-9770.0
-9780.0
-9800.0
-9790.0
-9790.0
-9810.0
-9800.0
-9800.0
-9820.0
-9850.0
-9860.0
-9880.0
-9910.0
-9890.0
-9890.0
-9910.0
-9920.0
-9910.0
-9900.0
-9910.0
-9910.0
-9950.0
-9960.0
-10010.0
-10020.0
-10040.0
-10020.0
-10000.0
-10020.0
-10010.0
-10000.0
-10010.0
-10040.0
-10030.0
-10010.0
-10000.0
-10020.0
-10010.0
-9990.0
-9980.0
-9970.0
-9980.0
-9970.0
-10010.0
-10040.0
-10040.0
-10030.0
-10010.0
-10010.0
-10000.0
-9990.0
-9990.0
-9980.0
-10020.0
-10030.0
-10050.0
-10060.0
-10090.0
-10110.0
-10090.0
-10110.0
-10130.0
-10130.0
-10150.0
-10170.0
-10180.0
-10170.0
-10160.0
-10150.0
-10140.0
-10150.0
-10130.0
-10110.0
-10120.0
-10110.0
-10100.0
-10080.0
-10080.0
-10080.0
-10120.0
-10120.0
-10120.0
-10150.0
-10140.0
-10160.0
-10160.0
-10140.0
-10150.0
-10180.0
-10160.0
-10150.0
-10170.0
-10160.0
-10170.0
-10160.0
-10170.0
-10160.0
-10200.0
-10210.0
-10210.0
-10190.0
-10230.0
-10210.0
-10210.0
-10240.0
-10240.0
-10240.0
-10260.0
-10270.0
-10260.0
-10250.0
-10320.0
-10350.0
-10360.0
-10360.0
-10360.0
-10350.0
-10350.0
-10370.0
-10350.0
-10440.0
-10460.0
-10460.0
-10450.0
-10450.0
-10450.0
-10460.0
-10470.0
-10450.0
-10450.0
-10450.0
-10490.0
-10490.0
-10480.0
-10510.0
-10520.0
-10500.0
-10490.0
-10530.0
-10530.0
-10530.0
-10540.0
-10520.0
-10530.0
-10530.0
-10550.0
-10560.0
-10580.0
-10570.0
-10570.0
-10570.0
-10590.0
-10590.0
-10580.0
-10580.0
-10560.0
-10550.0
-10570.0
-10560.0
-10540.0
-10520.0
-10520.0
-10500.0
-10510.0
-10520.0
-10500.0
-10520.0
-10510.0
-10570.0
-10580.0
-10580.0
-10580.0
-10610.0
-10620.0
-10630.0
-10660.0
-10660.0
-10640.0
-10630.0
-10630.0
-10640.0
-10620.0
-10620.0
-10630.0
-10620.0
-10610.0
-10630.0
-10610.0
-10640.0
-10650.0
-10640.0
-10640.0
-10630.0
-10650.0
-10640.0
-10630.0
-10640.0
-10620.0
-10630.0
-10630.0
-10640.0
-10630.0
-10640.0
-10650.0
-10640.0
-10650.0
-10650.0
-10650.0
-10650.0
-10650.0
-10690.0
-10680.0
-10740.0
-10730.0
-10720.0
-10760.0
-10750.0
-10770.0
-10750.0
-10740.0
-10750.0
-10750.0
-10830.0
-10820.0
-10850.0
-10850.0
-10850.0
-10830.0
-10840.0
-10840.0
-10830.0
-10840.0
-10820.0
-10800.0
-10790.0
-10780.0
-10760.0
-10770.0
-10790.0
-10780.0
-10780.0
-10820.0
-10830.0
-10830.0
-10820.0
-10820.0
-10810.0
-10810.0
-10820.0
-10820.0
-10840.0
-10850.0
-10860.0
-10880.0
-10880.0
-10870.0
-10900.0
-10970.0
-11020.0
-11010.0
-11000.0
-11000.0
-10990.0
-10980.0
-10990.0
-10980.0
-10980.0
-10980.0
-11000.0
-10980.0
-10990.0
-10980.0
-11020.0
-11020.0
-11030.0
-11010.0
-11000.0
-10990.0
-10980.0
-10960.0
-10990.0
-11000.0
-11040.0
-11030.0
-11030.0
-11050.0
-11040.0
-11050.0
-11060.0
-11090.0
-11070.0
-11060.0
-11040.0
-11030.0
-11020.0
-11020.0
-11000.0
-10980.0
-10970.0
-10980.0
-10960.0
-10940.0
-10990.0
-10990.0
-11010.0
-11060.0
-11050.0
-11040.0
-11020.0
-11040.0
-11070.0
-11070.0
-11060.0
-11080.0
-11070.0
-11110.0
-11090.0
-11100.0
-11100.0
-11090.0
-11160.0
-11170.0
-11180.0
-11180.0
-11170.0
-11220.0
-11250.0
-11230.0
-11220.0
-11230.0
-11220.0
-11220.0
-11250.0
-11260.0
-11240.0
-11260.0
-11290.0
-11320.0
-11330.0
-11370.0
-11350.0
-11370.0
-11360.0
-11390.0
-11390.0
-11430.0
-11410.0
-11390.0
-11380.0
-11380.0
-11370.0
-11370.0
-11380.0
-11390.0
-11400.0
-11390.0
-11380.0
-11380.0
-11400.0
-11380.0
-11380.0
-11390.0
-11380.0
-11380.0
-11370.0
-11370.0
-11380.0
-11380.0
-11390.0
-11380.0
-11370.0
-11390.0
-11370.0
-11350.0
-11350.0
-11370.0
-11350.0
-11380.0
-11370.0
-11380.0
-11400.0
-11400.0
-11390.0
-11390.0
-11390.0
-11380.0
-11380.0
-11420.0
-11420.0
-11410.0
-11390.0
-11390.0
-11390.0
-11410.0
-11400.0
-11400.0
-11380.0
-11430.0
-11450.0
-11470.0
-11490.0
-11540.0
-11530.0
-11530.0
-11540.0
-11570.0
-11550.0
-11540.0
-11610.0
-11610.0
-11610.0
-11620.0
-11670.0
-11700.0
-11680.0
-11680.0
-11730.0
-11740.0
-11740.0
-11730.0
-11740.0
-11750.0
-11750.0
-11740.0
-11720.0
-11720.0
-11750.0
-11760.0
-11750.0
-11780.0
-11860.0
-11870.0
-11870.0
-11920.0
-11930.0
-11940.0
-11930.0
-11930.0
-11950.0
-11950.0
-11940.0
-11950.0
-11940.0
-11940.0
-11930.0
-11910.0
-11910.0
-11900.0
-11890.0
-11910.0
-11910.0
-11930.0
-11920.0
-11900.0
-11930.0
-11950.0
-11940.0
-11980.0
-12000.0
-12030.0
-12040.0
-12040.0
-12050.0
-12050.0
-12040.0
-12050.0
-12060.0
-12060.0
-12040.0
-12040.0
-12040.0
-12030.0
-12030.0
-12020.0
-12010.0
-12020.0
-12030.0
-12050.0
-12040.0
-12060.0
-12060.0
-12080.0
-12070.0
-12060.0
-12080.0
-12090.0
-12100.0
-12100.0
-12080.0
-12070.0
-12060.0
-12080.0
-12100.0
-12110.0
-12100.0
-12100.0
-12110.0
-12100.0
-12090.0
-12110.0
-12110.0
-12090.0
-12110.0
-12090.0
-12120.0
-12170.0
-12160.0
-12200.0
-12200.0
-12210.0
-12220.0
-12230.0
-12240.0
-12220.0
-12220.0
-12230.0
-12220.0
-12210.0
-12200.0
-12190.0
-12250.0
-12270.0
-12260.0
-12290.0
-12310.0
-12340.0
-12340.0
-12360.0
-12350.0
-12360.0
-12350.0
-12360.0
-12370.0
-12380.0
-12360.0
-12370.0
-12380.0
-12360.0
-12380.0
-12380.0
-12390.0
-12420.0
-12410.0
-12410.0
-12430.0
-12410.0
-12390.0
-12370.0
-12400.0
-12400.0
-12400.0
-12460.0
-12500.0
-12520.0
-12520.0
-12540.0
-12530.0
-12530.0
-12540.0
-12560.0
-12570.0
-12560.0
-12550.0
-12540.0
-12570.0
-12570.0
-12600.0
-12600.0
-12600.0
-12610.0
-12640.0
-12630.0
-12630.0
-12630.0
-12620.0
-12610.0
-12610.0
-12600.0
-12610.0
-12610.0
-12600.0
-12590.0
-12570.0
-12570.0
-12610.0
-12600.0
-12590.0
-12590.0
-12590.0
-12580.0
-12570.0
-12580.0
-12560.0
-12560.0
-12550.0
-12550.0
-12560.0
-12570.0
-12570.0
-12550.0
-12550.0
-12590.0
-12590.0
-12610.0
-12630.0
-12640.0
-12690.0
-12690.0
-12690.0
-12690.0
-12700.0
-12710.0
-12740.0
-12760.0
-12750.0
-12750.0
-12800.0
-12820.0
-12820.0
-12810.0
-12800.0
-12790.0
-12790.0
-12780.0
-12790.0
-12790.0
-12790.0
-12790.0
-12790.0
-12800.0
-12800.0
-12840.0
-12860.0
-12880.0
-12880.0
-12900.0
-12900.0
-12900.0
-12880.0
-12870.0
-12860.0
-12840.0
-12830.0
-12850.0
-12850.0
-12860.0
-12900.0
-12940.0
-12930.0
-12950.0
-12940.0
-12930.0
-12940.0
-12960.0
-12950.0
-13060.0
-13040.0
-13040.0
-13050.0
-13070.0
-13080.0
-13080.0
-13060.0
-13060.0
-13100.0
-13090.0
-13080.0
-13090.0
-13080.0
-13060.0
-13070.0
-13060.0
-13080.0
-13090.0
-13110.0
-13090.0
-13080.0
-13080.0
-13130.0
-13120.0
-13150.0
-13140.0
-13120.0
-13140.0
-13190.0
-13220.0
-13230.0
-13240.0
-13250.0
-13270.0
-13260.0
-13250.0
-13240.0
-13230.0
-13260.0
-13270.0
-13310.0
-13290.0
-13270.0
-13280.0
-13310.0
-13330.0
-13350.0
-13370.0
-13360.0
-13350.0
-13340.0
-13330.0
-13320.0
-13350.0
-13370.0
-13400.0
-13400.0
-13400.0
-13390.0
-13380.0
-13400.0
-13400.0
-13380.0
-13450.0
-13460.0
-13490.0
-13480.0
-13510.0
-13510.0
-13510.0
-13520.0
-13560.0
-13560.0
-13560.0
-13550.0
-13530.0
-13550.0
-13540.0
-13550.0
-13540.0
-13560.0
-13580.0
-13560.0
-13570.0
-13560.0
-13550.0
-13530.0
-13580.0
-13580.0
-13570.0
-13570.0
-13590.0
-13600.0
-13600.0
-13600.0
-13590.0
-13580.0
-13590.0
-13580.0
-13560.0
-13570.0
-13570.0
-13550.0
-13590.0
-13570.0
-13590.0
-13580.0
-13600.0
-13600.0
-13580.0
-13630.0
-13640.0
-13650.0
-13650.0
-13650.0
-13640.0
-13620.0
-13620.0
-13650.0
-13670.0
-13680.0
-13670.0
-13680.0
-13670.0
-13670.0
-13670.0
-13680.0
-13680.0
-13670.0
-13660.0
-13670.0
-13650.0
-13670.0
-13670.0
-13710.0
-13730.0
-13720.0
-13700.0
-13690.0
-13710.0
-13700.0
-13710.0
-13720.0
-13710.0
-13690.0
-13680.0
-13690.0
-13670.0
-13690.0
-13690.0
-13690.0
-13710.0
-13730.0
-13750.0
-13730.0
-13720.0
-13750.0
-13770.0
-13770.0
-13760.0
-13740.0
-13740.0
-13720.0
-13720.0
-13720.0
-13720.0
-13760.0
-13760.0
-13780.0
-13770.0
-13770.0
-13780.0
-13790.0
-13770.0
-13760.0
-13780.0
-13840.0
-13850.0
-13880.0
-13860.0
-13880.0
-13890.0
-13920.0
-13940.0
-13930.0
-13930.0
-13950.0
-13960.0
-13970.0
-13970.0
-13960.0
-13970.0
-13950.0
-13940.0
-14000.0
-13980.0
-14010.0
-14010.0
-13990.0
-13990.0
-14000.0
-13990.0
-13990.0
-14050.0
-14080.0
-14070.0
-14050.0
-14060.0
-14040.0
-14040.0
-14110.0
-14100.0
-14090.0
-14130.0
-14150.0
-14140.0
-14130.0
-14130.0
-14130.0
-14120.0
-14100.0
-14100.0
-14100.0
-14100.0
