a = 0.2
g = 0.8
e = 0.3
random initial weights = true

-1640.0
-1720.0
-1770.0
-1800.0
-1810.0
-1910.0
-1990.0
-2030.0
-2080.0
-2140.0
-2130.0
-2110.0
-2100.0
-2100.0
-2090.0
-2120.0
-2120.0
-2120.0
-2130.0
-2140.0
-2120.0
-2100.0
-2100.0
-2090.0
-2090.0
-2080.0
-2080.0
-2090.0
-2110.0
-2090.0
-2080.0
-2080.0
-2060.0
-2040.0
-2030.0
-2040.0
-2030.0
-2060.0
-2070.0
-2070.0
-2060.0
-2050.0
-2030.0
-2020.0
-2010.0
-2000.0
-2000.0
-1990.0
-1970.0
-1980.0
-1970.0
-1990.0
-1970.0
-1960.0
-1970.0
-1990.0
-1990.0
-1980.0
-1970.0
-1970.0
-1960.0
-1940.0
-1930.0
-1910.0
-1900.0
-1880.0
-1870.0
-1850.0
-1890.0
-1870.0
-1870.0
-1860.0
-1840.0
-1830.0
-1810.0
-1800.0
-1800.0
-1790.0
-1810.0
-1810.0
-1790.0
-1770.0
-1750.0
-1740.0
-1740.0
-1720.0
-1720.0
-1710.0
-1710.0
-1700.0
-1690.0
-1670.0
-1660.0
-1650.0
-1630.0
-1620.0
-1600.0
-1590.0
-1570.0
-1570.0
-1560.0
-1560.0
-1550.0
-1530.0
-1540.0
-1550.0
-1550.0
-1560.0
-1540.0
-1540.0
-1530.0
-1510.0
-1520.0
-1500.0
-1500.0
-1480.0
-1470.0
-1460.0
-1440.0
-1440.0
-1420.0
-1420.0
-1400.0
-1390.0
-1370.0
-1360.0
-1340.0
-1330.0
-1310.0
-1300.0
-1290.0
-1290.0
-1280.0
-1300.0
-1280.0
-1280.0
-1270.0
-1260.0
-1250.0
-1230.0
-1210.0
-1210.0
-1200.0
-1190.0
-1200.0
-1190.0
-1180.0
-1170.0
-1150.0
-1130.0
-1130.0
-1130.0
-1120.0
-1100.0
-1080.0
-1070.0
-1060.0
-1050.0
-1030.0
-1040.0
-1030.0
-1010.0
-1000.0
-980.0
-970.0
-980.0
-960.0
-940.0
-940.0
-930.0
-920.0
-900.0
-880.0
-880.0
-860.0
-850.0
-840.0
-840.0
-850.0
-850.0
-830.0
-810.0
-820.0
-800.0
-800.0
-790.0
-790.0
-770.0
-750.0
-740.0
-730.0
-720.0
-700.0
-680.0
-660.0
-640.0
-620.0
-600.0
-600.0
-610.0
-610.0
-590.0
-580.0
-580.0
-560.0
-600.0
-590.0
-590.0
-580.0
-570.0
-560.0
-550.0
-540.0
-530.0
-520.0
-500.0
-480.0
-470.0
-470.0
-450.0
-440.0
-430.0
-430.0
-410.0
-390.0
-370.0
-360.0
-340.0
-330.0
-310.0
-290.0
-270.0
-270.0
-290.0
-310.0
-300.0
-290.0
-280.0
-290.0
-270.0
-260.0
-240.0
-230.0
-210.0
-190.0
-170.0
-150.0
-130.0
-110.0
-90.0
-80.0
-70.0
-70.0
-50.0
-60.0
-40.0
-60.0
-40.0
-20.0
0.0
10.0
30.0
30.0
40.0
60.0
70.0
70.0
80.0
100.0
110.0
100.0
110.0
100.0
110.0
130.0
150.0
170.0
180.0
180.0
180.0
190.0
200.0
210.0
200.0
210.0
230.0
220.0
230.0
230.0
240.0
260.0
280.0
290.0
300.0
310.0
320.0
330.0
320.0
340.0
360.0
380.0
380.0
400.0
420.0
420.0
420.0
440.0
430.0
430.0
430.0
440.0
460.0
470.0
490.0
510.0
520.0
540.0
550.0
560.0
560.0
580.0
600.0
620.0
610.0
630.0
620.0
620.0
640.0
660.0
680.0
690.0
710.0
730.0
750.0
760.0
770.0
780.0
790.0
810.0
790.0
810.0
820.0
840.0
860.0
870.0
890.0
900.0
920.0
930.0
940.0
950.0
960.0
970.0
990.0
1010.0
990.0
1010.0
1030.0
1040.0
1060.0
1070.0
1070.0
1090.0
1080.0
1100.0
1110.0
1120.0
1140.0
1160.0
1180.0
1200.0
1210.0
1230.0
1240.0
1260.0
1280.0
1290.0
1310.0
1300.0
1280.0
1280.0
1290.0
1300.0
1310.0
1310.0
1310.0
1320.0
1330.0
1350.0
1350.0
1370.0
1370.0
1380.0
1400.0
1400.0
1390.0
1400.0
1420.0
1420.0
1430.0
1420.0
1430.0
1430.0
1420.0
1430.0
1450.0
1470.0
1460.0
1480.0
1480.0
1500.0
1520.0
1540.0
1550.0
1570.0
1580.0
1600.0
1610.0
1630.0
1640.0
1660.0
1680.0
1700.0
1720.0
1740.0
1740.0
1760.0
1780.0
1800.0
1820.0
1840.0
1830.0
1840.0
1860.0
1870.0
1870.0
1890.0
1910.0
1920.0
1930.0
1900.0
1910.0
1930.0
1950.0
1970.0
1980.0
1980.0
1980.0
1980.0
1990.0
1990.0
1990.0
2010.0
2020.0
2030.0
2050.0
2070.0
2080.0
2080.0
2090.0
2110.0
2130.0
2150.0
2170.0
2190.0
2200.0
2200.0
2220.0
2240.0
2250.0
2270.0
2290.0
2280.0
2290.0
2310.0
2310.0
2330.0
2340.0
2350.0
2360.0
2380.0
2400.0
2410.0
2410.0
2420.0
2420.0
2440.0
2460.0
2470.0
2480.0
2500.0
2520.0
2520.0
2540.0
2540.0
2550.0
2550.0
2570.0
2560.0
2570.0
2580.0
2600.0
2620.0
2640.0
2650.0
2650.0
2670.0
2690.0
2700.0
2710.0
2720.0
2730.0
2740.0
2740.0
2750.0
2760.0
2780.0
2760.0
2770.0
2790.0
2800.0
2810.0
2820.0
2830.0
2850.0
2850.0
2860.0
2880.0
2880.0
2890.0
2870.0
2890.0
2900.0
2910.0
2930.0
2950.0
2970.0
2990.0
3010.0
3010.0
3020.0
2990.0
3000.0
3010.0
3030.0
3050.0
3050.0
3070.0
3090.0
3110.0
3110.0
3120.0
3130.0
3140.0
3140.0
3160.0
3180.0
3200.0
3220.0
3220.0
3240.0
3260.0
3270.0
3270.0
3260.0
3250.0
3270.0
3270.0
3290.0
3310.0
3330.0
3320.0
3310.0
3320.0
3320.0
3330.0
3350.0
3360.0
3380.0
3380.0
3400.0
3410.0
3420.0
3430.0
3420.0
3420.0
3430.0
3440.0
3450.0
3450.0
3460.0
3470.0
3480.0
3500.0
3510.0
3510.0
3530.0
3540.0
3560.0
3580.0
3600.0
3610.0
3630.0
3640.0
3640.0
3660.0
3670.0
3690.0
3700.0
3710.0
3710.0
3710.0
3730.0
3750.0
3760.0
3780.0
3800.0
3810.0
3830.0
3840.0
3850.0
3840.0
3840.0
3830.0
3850.0
3820.0
3820.0
3830.0
3840.0
3860.0
3880.0
3900.0
3900.0
3910.0
3930.0
3940.0
3950.0
3940.0
3930.0
3920.0
3940.0
3950.0
3970.0
3980.0
4000.0
4020.0
4030.0
4030.0
4050.0
4070.0
4060.0
4070.0
4070.0
4090.0
4110.0
4130.0
4140.0
4160.0
4170.0
4190.0
4200.0
4210.0
4220.0
4230.0
4210.0
4200.0
4200.0
4210.0
4230.0
4240.0
4260.0
4270.0
4290.0
4270.0
4260.0
4250.0
4270.0
4280.0
4300.0
4310.0
4310.0
4330.0
4350.0
4350.0
4370.0
4390.0
4410.0
4430.0
4450.0
4470.0
4490.0
4500.0
4520.0
4530.0
4550.0
4560.0
4560.0
4570.0
4580.0
4600.0
4610.0
4630.0
4630.0
4640.0
4660.0
4670.0
4690.0
4700.0
4720.0
4720.0
4710.0
4730.0
4750.0
4730.0
4740.0
4750.0
4770.0
4790.0
4810.0
4810.0
4790.0
4810.0
4830.0
4850.0
4870.0
4840.0
4850.0
4860.0
4880.0
4890.0
4910.0
4930.0
4940.0
4960.0
4980.0
4990.0
4980.0
4990.0
4980.0
5000.0
5010.0
5020.0
5020.0
5040.0
5050.0
5070.0
5090.0
5100.0
5110.0
5130.0
5130.0
5140.0
5150.0
5170.0
5190.0
5190.0
5150.0
5120.0
5120.0
5130.0
5130.0
5150.0
5170.0
5190.0
5200.0
5210.0
5230.0
5210.0
5180.0
5190.0
5200.0
5210.0
5230.0
5240.0
5250.0
5270.0
5280.0
5290.0
5310.0
5330.0
5330.0
5340.0
5350.0
5370.0
5380.0
5400.0
5420.0
5430.0
5440.0
5450.0
5470.0
5480.0
5490.0
5490.0
5500.0
5500.0
5520.0
5530.0
5540.0
5530.0
5540.0
5550.0
5560.0
5560.0
5560.0
5580.0
5600.0
5610.0
5610.0
5620.0
5630.0
5650.0
5650.0
5640.0
5630.0
5630.0
5650.0
5670.0
5670.0
5690.0
5700.0
5690.0
5700.0
5720.0
5730.0
5750.0
5750.0
5750.0
5750.0
5770.0
5780.0
5790.0
5800.0
5810.0
5780.0
5780.0
5800.0
5800.0
5800.0
5810.0
5820.0
5830.0
5810.0
5820.0
5840.0
5860.0
5880.0
5890.0
5890.0
5910.0
5920.0
5940.0
5930.0
5950.0
5970.0
5960.0
5980.0
5960.0
5970.0
5980.0
5980.0
6000.0
6000.0
6020.0
6040.0
6050.0
6070.0
6080.0
6080.0
6100.0
6100.0
6120.0
6130.0
6140.0
6150.0
6160.0
6180.0
6200.0
6220.0
6230.0
6240.0
6260.0
6280.0
6270.0
6270.0
6290.0
6300.0
6320.0
6330.0
6320.0
6340.0
6330.0
6350.0
6360.0
6380.0
6390.0
6410.0
6420.0
6430.0
6450.0
6460.0
6470.0
6480.0
6500.0
6510.0
6530.0
6530.0
6530.0
6540.0
6560.0
6580.0
6590.0
6610.0
6620.0
6620.0
6640.0
6660.0
6660.0
6670.0
6680.0
6670.0
6660.0
6680.0
6680.0
6690.0
6710.0
6730.0
6740.0
6750.0
6750.0
6770.0
6770.0
6780.0
6800.0
6810.0
6830.0
6850.0
6860.0
6850.0
6870.0
6880.0
6890.0
6890.0
6900.0
6910.0
6930.0
6950.0
6950.0
6970.0
6990.0
7000.0
7010.0
7030.0
7040.0
7050.0
7050.0
7060.0
7080.0
7100.0
7110.0
7130.0
7140.0
7150.0
7150.0
7160.0
7180.0
7190.0
7200.0
7210.0
7230.0
7250.0
7270.0
7290.0
7310.0
7310.0
7330.0
7320.0
7330.0
7340.0
7350.0
7340.0
7360.0
7360.0
7380.0
7350.0
7370.0
7380.0
7390.0
7410.0
7410.0
7430.0
7450.0
7470.0
7490.0
7510.0
7530.0
7550.0
7570.0
7590.0
7580.0
7600.0
7620.0
7630.0
7640.0
7660.0
7680.0
7700.0
7720.0
7720.0
7730.0
7750.0
7760.0
7770.0
7770.0
7790.0
7800.0
7820.0
7830.0
7850.0
7860.0
7850.0
7870.0
7850.0
7850.0
7870.0
7880.0
7890.0
7910.0
7930.0
7910.0
7930.0
7940.0
7960.0
7980.0
8000.0
8000.0
8010.0
8030.0
8030.0
8050.0
8070.0
8060.0
8060.0
8060.0
8070.0
8090.0
8100.0
8120.0
8140.0
8160.0
8170.0
8190.0
8200.0
8220.0
8210.0
8230.0
8240.0
8240.0
8240.0
8260.0
8270.0
8290.0
8310.0
8320.0
8340.0
8330.0
8330.0
8340.0
8340.0
8350.0
8370.0
8390.0
8390.0
8390.0
8400.0
8400.0
8410.0
8410.0
8430.0
8430.0
8430.0
8420.0
8420.0
8440.0
8460.0
8450.0
8460.0
8480.0
8480.0
8470.0
8480.0
8480.0
8480.0
8500.0
8520.0
8530.0
8550.0
8550.0
8570.0
8590.0
8610.0
8590.0
8600.0
8600.0
8610.0
8630.0
8650.0
8660.0
8650.0
8660.0
8670.0
8680.0
8700.0
8710.0
8720.0
8730.0
8730.0
8750.0
8770.0
8780.0
8790.0
8790.0
8810.0
8830.0
8850.0
8870.0
8890.0
8910.0
8910.0
8930.0
8940.0
8950.0
8960.0
8980.0
9000.0
9000.0
8990.0
9000.0
9020.0
9030.0
9040.0
9060.0
9080.0
9090.0
9100.0
9110.0
9130.0
9140.0
9160.0
9170.0
9180.0
9200.0
9220.0
9230.0
9230.0
9240.0
9260.0
9250.0
9250.0
9250.0
9250.0
9260.0
9250.0
9230.0
9250.0
9260.0
9280.0
9270.0
9280.0
9290.0
9300.0
9310.0
9320.0
9340.0
9360.0
9370.0
9390.0
9400.0
9410.0
9420.0
9430.0
9440.0
9460.0
9450.0
9470.0
9490.0
9490.0
9510.0
9520.0
9540.0
9550.0
9570.0
9580.0
9570.0
9590.0
9580.0
9590.0
9590.0
9590.0
9610.0
9610.0
9620.0
9620.0
9590.0
9580.0
9600.0
9580.0
9590.0
9590.0
9600.0
9610.0
9620.0
9630.0
9610.0
9630.0
9650.0
9660.0
9650.0
9670.0
9680.0
9700.0
9710.0
9730.0
9740.0
9760.0
9780.0
9790.0
9810.0
9830.0
9850.0
9870.0
9880.0
9900.0
9920.0
9940.0
9960.0
9980.0
9970.0
9980.0
10000.0
10010.0
10010.0
10020.0
10020.0
10040.0
10050.0
10060.0
10080.0
10100.0
10120.0
10140.0
10150.0
10170.0
10170.0
10180.0
10200.0
10190.0
10210.0
10220.0
10230.0
10250.0
10260.0
10280.0
10280.0
10290.0
10300.0
10290.0
10310.0
10320.0
10330.0
10350.0
10360.0
10370.0
10370.0
10390.0
10390.0
10410.0
10430.0
10440.0
10450.0
10460.0
10460.0
10470.0
10480.0
10480.0
10480.0
10500.0
10500.0
10520.0
10530.0
10550.0
10560.0
10550.0
10570.0
10580.0
10590.0
10590.0
10600.0
10620.0
10620.0
10620.0
10640.0
10650.0
10670.0
10690.0
10690.0
10710.0
10730.0
10740.0
10750.0
10760.0
10750.0
10770.0
10780.0
10790.0
10810.0
10830.0
10820.0
10840.0
10860.0
10850.0
10870.0
10870.0
10890.0
10870.0
10880.0
10900.0
10920.0
10920.0
10930.0
10950.0
10970.0
10990.0
11010.0
11030.0
11040.0
11060.0
11070.0
11070.0
11080.0
11090.0
11100.0
11100.0
11120.0
11120.0
11120.0
11120.0
11140.0
11150.0
11140.0
11160.0
11180.0
11180.0
11190.0
11170.0
11180.0
11200.0
11210.0
11230.0
11240.0
11240.0
11260.0
11270.0
11290.0
11300.0
11300.0
11320.0
11340.0
11350.0
11350.0
11340.0
11360.0
11370.0
11390.0
11410.0
11420.0
11440.0
11430.0
11450.0
11470.0
11490.0
11500.0
11500.0
11510.0
11530.0
11530.0
11540.0
11530.0
11540.0
11550.0
11570.0
11580.0
11570.0
11590.0
11600.0
11610.0
11620.0
11610.0
11610.0
11610.0
11620.0
11630.0
11650.0
11670.0
11690.0
11700.0
11720.0
11680.0
11690.0
11680.0
11680.0
11690.0
11710.0
11720.0
11740.0
11750.0
11760.0
11780.0
11800.0
11820.0
11820.0
11830.0
11830.0
11850.0
11870.0
11850.0
11840.0
11860.0
11870.0
11870.0
11890.0
11910.0
11920.0
11930.0
11950.0
11940.0
11950.0
11970.0
11990.0
11990.0
11990.0
12000.0
12020.0
12010.0
12020.0
12040.0
12050.0
12070.0
12060.0
12070.0
12090.0
12110.0
12090.0
12100.0
12100.0
12120.0
12140.0
12150.0
12170.0
12180.0
12200.0
12210.0
12220.0
12220.0
12230.0
12240.0
12230.0
12220.0
12230.0
12220.0
12230.0
12230.0
12220.0
12240.0
12260.0
12270.0
12280.0
12290.0
12300.0
12310.0
12330.0
12330.0
12340.0
12360.0
12360.0
12380.0
12400.0
12410.0
12430.0
12440.0
12460.0
12460.0
12480.0
12480.0
12460.0
12480.0
12490.0
12490.0
12490.0
12510.0
