a = 0.8
g = 0.2
e = 0.1
random initial weights = true

-270.0
-440.0
-490.0
-490.0
-510.0
-510.0
-500.0
-500.0
-490.0
-480.0
-490.0
-470.0
-470.0
-460.0
-440.0
-430.0
-410.0
-390.0
-370.0
-370.0
-370.0
-350.0
-330.0
-310.0
-290.0
-280.0
-260.0
-240.0
-220.0
-200.0
-180.0
-160.0
-160.0
-140.0
-120.0
-110.0
-90.0
-70.0
-50.0
-30.0
-20.0
0.0
0.0
20.0
40.0
60.0
80.0
100.0
120.0
140.0
160.0
180.0
200.0
220.0
240.0
260.0
280.0
290.0
310.0
330.0
350.0
370.0
390.0
410.0
430.0
450.0
470.0
490.0
510.0
530.0
550.0
560.0
570.0
580.0
600.0
620.0
630.0
650.0
670.0
690.0
700.0
720.0
740.0
760.0
780.0
800.0
810.0
830.0
850.0
870.0
890.0
910.0
930.0
950.0
970.0
990.0
1010.0
1030.0
1050.0
1070.0
1090.0
1110.0
1130.0
1150.0
1160.0
1180.0
1190.0
1210.0
1230.0
1240.0
1260.0
1280.0
1300.0
1310.0
1330.0
1350.0
1370.0
1390.0
1410.0
1430.0
1450.0
1470.0
1490.0
1500.0
1510.0
1530.0
1550.0
1570.0
1580.0
1600.0
1610.0
1630.0
1650.0
1670.0
1690.0
1710.0
1730.0
1740.0
1750.0
1770.0
1790.0
1800.0
1820.0
1840.0
1860.0
1870.0
1890.0
1910.0
1930.0
1950.0
1960.0
1980.0
2000.0
2020.0
2040.0
2060.0
2080.0
2100.0
2100.0
2120.0
2140.0
2140.0
2160.0
2180.0
2200.0
2220.0
2240.0
2260.0
2280.0
2300.0
2320.0
2340.0
2360.0
2380.0
2400.0
2420.0
2430.0
2450.0
2470.0
2490.0
2510.0
2530.0
2550.0
2570.0
2590.0
2610.0
2630.0
2650.0
2670.0
2690.0
2700.0
2720.0
2720.0
2740.0
2750.0
2770.0
2790.0
2810.0
2820.0
2840.0
2860.0
2880.0
2900.0
2920.0
2940.0
2960.0
2980.0
3000.0
3010.0
3030.0
3050.0
3070.0
3090.0
3100.0
3120.0
3140.0
3160.0
3180.0
3200.0
3220.0
3230.0
3250.0
3270.0
3290.0
3310.0
3330.0
3350.0
3370.0
3380.0
3400.0
3420.0
3430.0
3450.0
3470.0
3490.0
3500.0
3520.0
3530.0
3540.0
3560.0
3580.0
3600.0
3610.0
3630.0
3650.0
3670.0
3680.0
3700.0
3720.0
3740.0
3750.0
3770.0
3790.0
3810.0
3820.0
3840.0
3860.0
3860.0
3880.0
3890.0
3910.0
3930.0
3950.0
3970.0
3990.0
4010.0
4030.0
4050.0
4070.0
4090.0
4100.0
4120.0
4130.0
4140.0
4140.0
4160.0
4170.0
4190.0
4210.0
4230.0
4250.0
4270.0
4290.0
4310.0
4320.0
4340.0
4360.0
4380.0
4400.0
4420.0
4440.0
4440.0
4460.0
4480.0
4500.0
4520.0
4540.0
4560.0
4580.0
4600.0
4610.0
4620.0
4630.0
4650.0
4660.0
4680.0
4700.0
4720.0
4740.0
4760.0
4770.0
4790.0
4810.0
4830.0
4850.0
4870.0
4890.0
4910.0
4930.0
4950.0
4960.0
4980.0
5000.0
5020.0
5020.0
5040.0
5060.0
5080.0
5090.0
5100.0
5120.0
5140.0
5160.0
5170.0
5190.0
5210.0
5230.0
5240.0
5250.0
5270.0
5290.0
5310.0
5330.0
5350.0
5370.0
5390.0
5410.0
5430.0
5450.0
5470.0
5490.0
5510.0
5530.0
5550.0
5570.0
5590.0
5610.0
5630.0
5640.0
5640.0
5660.0
5680.0
5700.0
5720.0
5740.0
5750.0
5770.0
5790.0
5800.0
5820.0
5840.0
5840.0
5860.0
5880.0
5900.0
5920.0
5940.0
5950.0
5970.0
5990.0
6010.0
6030.0
6050.0
6070.0
6080.0
6100.0
6120.0
6130.0
6150.0
6170.0
6190.0
6210.0
6230.0
6240.0
6260.0
6280.0
6300.0
6320.0
6340.0
6350.0
6370.0
6390.0
6400.0
6420.0
6430.0
6440.0
6460.0
6480.0
6500.0
6520.0
6540.0
6550.0
6560.0
6570.0
6590.0
6610.0
6630.0
6650.0
6670.0
6690.0
6700.0
6720.0
6730.0
6740.0
6760.0
6760.0
6770.0
6780.0
6800.0
6820.0
6840.0
6860.0
6880.0
6900.0
6920.0
6940.0
6960.0
6970.0
6990.0
7010.0
7030.0
7050.0
7070.0
7090.0
7110.0
7120.0
7140.0
7150.0
7160.0
7180.0
7190.0
7210.0
7230.0
7250.0
7260.0
7270.0
7290.0
7300.0
7320.0
7340.0
7360.0
7380.0
7400.0
7420.0
7430.0
7450.0
7470.0
7490.0
7510.0
7520.0
7540.0
7550.0
7570.0
7590.0
7610.0
7630.0
7630.0
7650.0
7660.0
7680.0
7690.0
7710.0
7730.0
7750.0
7770.0
7790.0
7810.0
7830.0
7850.0
7870.0
7890.0
7910.0
7920.0
7940.0
7950.0
7970.0
7990.0
8010.0
8020.0
8040.0
8060.0
8080.0
8090.0
8110.0
8130.0
8150.0
8170.0
8190.0
8210.0
8230.0
8250.0
8270.0
8290.0
8310.0
8330.0
8350.0
8370.0
8390.0
8410.0
8430.0
8450.0
8470.0
8470.0
8490.0
8500.0
8520.0
8540.0
8560.0
8580.0
8600.0
8620.0
8630.0
8650.0
8670.0
8690.0
8700.0
8720.0
8740.0
8760.0
8770.0
8780.0
8800.0
8820.0
8840.0
8850.0
8870.0
8890.0
8910.0
8930.0
8920.0
8940.0
8960.0
8960.0
8980.0
9000.0
9020.0
9040.0
9060.0
9070.0
9080.0
9090.0
9110.0
9120.0
9140.0
9160.0
9180.0
9200.0
9210.0
9230.0
9250.0
9270.0
9290.0
9310.0
9330.0
9340.0
9360.0
9370.0
9390.0
9410.0
9430.0
9440.0
9460.0
9470.0
9490.0
9510.0
9530.0
9550.0
9570.0
9590.0
9600.0
9620.0
9640.0
9650.0
9670.0
9690.0
9710.0
9730.0
9750.0
9770.0
9790.0
9810.0
9830.0
9850.0
9870.0
9890.0
9910.0
9920.0
9940.0
9950.0
9970.0
9990.0
10010.0
10020.0
10030.0
10050.0
10070.0
10090.0
10110.0
10130.0
10150.0
10160.0
10180.0
10200.0
10200.0
10220.0
10240.0
10260.0
10280.0
10300.0
10320.0
10340.0
10360.0
10380.0
10400.0
10420.0
10440.0
10460.0
10480.0
10500.0
10520.0
10530.0
10550.0
10570.0
10590.0
10610.0
10630.0
10630.0
10650.0
10670.0
10680.0
10690.0
10710.0
10730.0
10740.0
10760.0
10770.0
10790.0
10810.0
10830.0
10840.0
10860.0
10870.0
10890.0
10910.0
10930.0
10940.0
10950.0
10970.0
10990.0
11010.0
11030.0
11050.0
11070.0
11090.0
11090.0
11100.0
11120.0
11140.0
11140.0
11150.0
11170.0
11190.0
11210.0
11230.0
11250.0
11270.0
11290.0
11310.0
11310.0
11330.0
11350.0
11370.0
11380.0
11400.0
11410.0
11430.0
11450.0
11440.0
11460.0
11480.0
11500.0
11510.0
11530.0
11550.0
11570.0
11590.0
11610.0
11630.0
11650.0
11660.0
11680.0
11700.0
11720.0
11740.0
11750.0
11770.0
11790.0
11810.0
11830.0
11850.0
11870.0
11890.0
11900.0
11920.0
11920.0
11940.0
11960.0
11980.0
12000.0
12020.0
12040.0
12060.0
12070.0
12090.0
12100.0
12120.0
12120.0
12140.0
12150.0
12170.0
12190.0
12210.0
12220.0
12240.0
12260.0
12280.0
12300.0
12310.0
12320.0
12340.0
12360.0
12370.0
12380.0
12400.0
12410.0
12430.0
12450.0
12470.0
12480.0
12500.0
12520.0
12540.0
12560.0
12580.0
12600.0
12620.0
12640.0
12650.0
12670.0
12690.0
12710.0
12720.0
12740.0
12760.0
12780.0
12780.0
12800.0
12820.0
12840.0
12840.0
12860.0
12870.0
12880.0
12900.0
12920.0
12940.0
12950.0
12970.0
12990.0
13010.0
13030.0
13040.0
13060.0
13050.0
13070.0
13090.0
13100.0
13120.0
13140.0
13160.0
13180.0
13190.0
13200.0
13220.0
13230.0
13250.0
13270.0
13280.0
13300.0
13320.0
13320.0
13340.0
13350.0
13370.0
13390.0
13410.0
13430.0
13450.0
13470.0
13490.0
13510.0
13530.0
13550.0
13570.0
13590.0
13600.0
13610.0
13620.0
13630.0
13650.0
13670.0
13690.0
13710.0
13730.0
13750.0
13770.0
13790.0
13810.0
13830.0
13840.0
13860.0
13880.0
13900.0
13910.0
13930.0
13940.0
13960.0
13980.0
14000.0
14020.0
14040.0
14050.0
14070.0
14090.0
14110.0
14130.0
14150.0
14170.0
14180.0
14200.0
14220.0
14230.0
14250.0
14270.0
14290.0
14310.0
14330.0
14350.0
14370.0
14390.0
14410.0
14420.0
14430.0
14450.0
14470.0
14490.0
14510.0
14530.0
14550.0
14570.0
14590.0
14590.0
14610.0
14630.0
14650.0
14670.0
14680.0
14700.0
14720.0
14740.0
14750.0
14770.0
14790.0
14810.0
14830.0
14850.0
14870.0
14880.0
14890.0
14910.0
14930.0
14950.0
14960.0
14980.0
15000.0
15020.0
15040.0
15060.0
15080.0
15090.0
15110.0
15120.0
15140.0
15160.0
15180.0
15200.0
15220.0
15240.0
15240.0
15260.0
15270.0
15290.0
15300.0
15310.0
15330.0
15350.0
15350.0
15370.0
15390.0
15410.0
15430.0
15450.0
15470.0
15490.0
15510.0
15530.0
15550.0
15560.0
15580.0
15590.0
15610.0
15620.0
15640.0
15660.0
15680.0
15700.0
15720.0
15730.0
15750.0
15770.0
15790.0
15810.0
15820.0
15840.0
15860.0
15880.0
15900.0
15920.0
15940.0
15960.0
15980.0
16000.0
16020.0
16030.0
16050.0
16070.0
16090.0
16110.0
16130.0
16150.0
16160.0
16180.0
16200.0
16220.0
16240.0
16260.0
16280.0
16300.0
16320.0
16340.0
16360.0
16380.0
16400.0
16420.0
16430.0
16440.0
16440.0
16460.0
16470.0
16490.0
16510.0
16520.0
16540.0
16560.0
16580.0
16590.0
16610.0
16630.0
16650.0
16670.0
16690.0
16710.0
16730.0
16750.0
16770.0
16790.0
16810.0
16830.0
16830.0
16850.0
16840.0
16860.0
16860.0
16880.0
16900.0
16910.0
16920.0
16940.0
16960.0
16980.0
17000.0
17010.0
17030.0
17050.0
17060.0
17080.0
17100.0
17110.0
17120.0
17140.0
17140.0
17160.0
17170.0
17190.0
17210.0
17230.0
17250.0
17270.0
17270.0
17290.0
17310.0
17330.0
17350.0
17360.0
17370.0
17390.0
17400.0
17400.0
17420.0
17440.0
17460.0
17470.0
17490.0
17510.0
17530.0
17550.0
17570.0
17590.0
17610.0
17630.0
17650.0
17670.0
17690.0
17710.0
17730.0
17750.0
17760.0
17780.0
17800.0
17820.0
17830.0
17830.0
17850.0
17870.0
17890.0
17900.0
17920.0
17940.0
17960.0
17970.0
17970.0
17990.0
18000.0
18020.0
18040.0
18060.0
18080.0
18100.0
18120.0
18140.0
18160.0
18180.0
18200.0
18210.0
18230.0
18240.0
18260.0
18280.0
18300.0
18320.0
18340.0
18360.0
18380.0
18400.0
18410.0
18430.0
18450.0
18470.0
18480.0
18500.0
18520.0
18540.0
18560.0
18570.0
18590.0
18600.0
18620.0
18620.0
18630.0
18650.0
18670.0
18690.0
18710.0
18730.0
18750.0
18770.0
18790.0
18810.0
18820.0
18840.0
18860.0
18870.0
18890.0
18910.0
18930.0
18950.0
18970.0
18990.0
19010.0
19020.0
19040.0
19060.0
19080.0
19100.0
19120.0
19140.0
19160.0
19180.0
19200.0
19210.0
19230.0
19240.0
19260.0
19280.0
19290.0
19310.0
19330.0
19350.0
19370.0
19380.0
19390.0
19390.0
19400.0
19380.0
19380.0
19400.0
19420.0
19440.0
19460.0
19480.0
19500.0
19520.0
19540.0
19560.0
19580.0
19600.0
19620.0
19630.0
19650.0
19660.0
19670.0
19690.0
19710.0
19730.0
19750.0
19760.0
19780.0
19780.0
19800.0
19810.0
19820.0
19840.0
19860.0
19880.0
19900.0
19910.0
19920.0
19940.0
19960.0
19980.0
19990.0
20000.0
20020.0
20040.0
20060.0
20080.0
20090.0
20110.0
20130.0
20150.0
20170.0
20190.0
20210.0
20230.0
20250.0
20270.0
20290.0
20300.0
20320.0
20330.0
20350.0
20360.0
20380.0
20390.0
20410.0
20420.0
20440.0
20450.0
20470.0
20480.0
20490.0
20510.0
20530.0
20550.0
20570.0
20590.0
20610.0
20630.0
20650.0
20670.0
20690.0
20710.0
20730.0
20750.0
20770.0
20790.0
20810.0
20830.0
20850.0
20850.0
20870.0
20890.0
20900.0
20910.0
20930.0
20950.0
20960.0
20980.0
21000.0
21020.0
21040.0
21060.0
21080.0
21100.0
21120.0
21140.0
21160.0
21170.0
21190.0
21210.0
21230.0
21250.0
21270.0
21290.0
21310.0
21330.0
21350.0
21370.0
21390.0
21410.0
21420.0
21420.0
21430.0
21450.0
21460.0
21470.0
21490.0
21510.0
21530.0
21540.0
21560.0
21580.0
21590.0
21610.0
21630.0
21650.0
21650.0
21670.0
21690.0
21710.0
21730.0
21750.0
21760.0
21780.0
21800.0
21810.0
21830.0
21850.0
21860.0
21880.0
21900.0
21920.0
21930.0
21950.0
21970.0
21990.0
22000.0
22020.0
22040.0
22050.0
22070.0
22080.0
22100.0
22120.0
22140.0
22160.0
22180.0
22200.0
22220.0
22240.0
22250.0
22270.0
22290.0
22300.0
22320.0
22340.0
22350.0
22370.0
22380.0
22360.0
22380.0
22400.0
22420.0
22440.0
22460.0
22480.0
22500.0
22520.0
22540.0
22560.0
22580.0
22590.0
22610.0
22630.0
22640.0
22660.0
22680.0
22700.0
22710.0
22730.0
22750.0
22770.0
22790.0
22810.0
22830.0
22850.0
22870.0
22890.0
22910.0
22920.0
22940.0
22960.0
22970.0
22990.0
23010.0
23030.0
23050.0
23070.0
23090.0
23090.0
23110.0
23130.0
23150.0
23160.0
23170.0
23190.0
23210.0
23230.0
23250.0
23260.0
23280.0
23300.0
23320.0
23310.0
23330.0
23350.0
23370.0
23390.0
23400.0
23420.0
23430.0
23450.0
23470.0
23490.0
23500.0
23510.0
23530.0
23550.0
23570.0
23590.0
23610.0
23630.0
23650.0
23670.0
23690.0
23700.0
23720.0
23730.0
23750.0
23770.0
23790.0
23810.0
23820.0
23840.0
23860.0
23870.0
23890.0
23910.0
23930.0
23950.0
23970.0
23990.0
24000.0
24020.0
24040.0
24050.0
24070.0
24090.0
24110.0
24130.0
24140.0
24160.0
24170.0
24180.0
24190.0
24200.0
24220.0
24240.0
24260.0
24280.0
24300.0
24320.0
24340.0
24350.0
24370.0
24380.0
24400.0
24420.0
24440.0
24450.0
24470.0
24480.0
24500.0
24520.0
24540.0
24560.0
24570.0
24580.0
24600.0
24620.0
24640.0
24660.0
24680.0
24690.0
24710.0
24730.0
24740.0
24760.0
24780.0
24800.0
24820.0
24840.0
24860.0
24880.0
24890.0
24900.0
24920.0
24940.0
24960.0
24970.0
24980.0
25000.0
25020.0
25040.0
25060.0
25070.0
25090.0
25110.0
25130.0
25150.0
