a = 0.5
g = 0.2
e = 0.5
random initial weights = true

-820.0
-1150.0
-1620.0
-1660.0
-1920.0
-2110.0
-2220.0
-2400.0
-2470.0
-2500.0
-2580.0
-2580.0
-2640.0
-2740.0
-2820.0
-2920.0
-2910.0
-2980.0
-3030.0
-3110.0
-3180.0
-3220.0
-3270.0
-3350.0
-3350.0
-3370.0
-3400.0
-3460.0
-3510.0
-3540.0
-3540.0
-3570.0
-3580.0
-3570.0
-3580.0
-3600.0
-3600.0
-3630.0
-3660.0
-3660.0
-3650.0
-3650.0
-3660.0
-3660.0
-3660.0
-3690.0
-3680.0
-3700.0
-3690.0
-3690.0
-3680.0
-3690.0
-3670.0
-3650.0
-3630.0
-3620.0
-3610.0
-3600.0
-3580.0
-3610.0
-3630.0
-3660.0
-3660.0
-3650.0
-3640.0
-3640.0
-3670.0
-3660.0
-3690.0
-3680.0
-3720.0
-3710.0
-3690.0
-3690.0
-3700.0
-3700.0
-3720.0
-3800.0
-3800.0
-3810.0
-3820.0
-3820.0
-3820.0
-3870.0
-3850.0
-3870.0
-3860.0
-3850.0
-3870.0
-3900.0
-3880.0
-3920.0
-3910.0
-3890.0
-3920.0
-3940.0
-3920.0
-3930.0
-3940.0
-3920.0
-3910.0
-3910.0
-3900.0
-3890.0
-3880.0
-3930.0
-3910.0
-3920.0
-3930.0
-3950.0
-3960.0
-3960.0
-3950.0
-3950.0
-3970.0
-3950.0
-3950.0
-3940.0
-3950.0
-3960.0
-3990.0
-4010.0
-4010.0
-4010.0
-4020.0
-4010.0
-4000.0
-3990.0
-3980.0
-3990.0
-4000.0
-3990.0
-4020.0
-4040.0
-4080.0
-4090.0
-4130.0
-4120.0
-4170.0
-4190.0
-4210.0
-4190.0
-4180.0
-4200.0
-4200.0
-4200.0
-4190.0
-4180.0
-4180.0
-4200.0
-4180.0
-4180.0
-4180.0
-4170.0
-4150.0
-4150.0
-4160.0
-4140.0
-4120.0
-4140.0
-4140.0
-4120.0
-4150.0
-4160.0
-4160.0
-4140.0
-4150.0
-4160.0
-4140.0
-4190.0
-4170.0
-4150.0
-4130.0
-4130.0
-4130.0
-4170.0
-4170.0
-4150.0
-4140.0
-4160.0
-4140.0
-4130.0
-4120.0
-4120.0
-4120.0
-4110.0
-4110.0
-4130.0
-4150.0
-4150.0
-4170.0
-4170.0
-4190.0
-4180.0
-4160.0
-4140.0
-4130.0
-4110.0
-4120.0
-4120.0
-4110.0
-4100.0
-4110.0
-4090.0
-4090.0
-4080.0
-4080.0
-4080.0
-4070.0
-4160.0
-4150.0
-4160.0
-4190.0
-4170.0
-4150.0
-4140.0
-4130.0
-4130.0
-4120.0
-4130.0
-4130.0
-4120.0
-4160.0
-4150.0
-4150.0
-4150.0
-4130.0
-4120.0
-4110.0
-4110.0
-4110.0
-4120.0
-4110.0
-4110.0
-4120.0
-4100.0
-4100.0
-4100.0
-4090.0
-4110.0
-4150.0
-4150.0
-4160.0
-4180.0
-4180.0
-4200.0
-4210.0
-4220.0
-4220.0
-4230.0
-4230.0
-4230.0
-4220.0
-4220.0
-4210.0
-4220.0
-4250.0
-4270.0
-4250.0
-4300.0
-4310.0
-4310.0
-4290.0
-4290.0
-4300.0
-4290.0
-4280.0
-4280.0
-4260.0
-4250.0
-4250.0
-4260.0
-4260.0
-4270.0
-4340.0
-4340.0
-4320.0
-4360.0
-4340.0
-4330.0
-4350.0
-4390.0
-4380.0
-4370.0
-4380.0
-4380.0
-4360.0
-4350.0
-4340.0
-4330.0
-4360.0
-4360.0
-4350.0
-4350.0
-4350.0
-4370.0
-4370.0
-4350.0
-4350.0
-4340.0
-4340.0
-4340.0
-4340.0
-4340.0
-4340.0
-4330.0
-4340.0
-4330.0
-4350.0
-4340.0
-4330.0
-4350.0
-4340.0
-4340.0
-4340.0
-4380.0
-4410.0
-4450.0
-4480.0
-4480.0
-4490.0
-4470.0
-4470.0
-4450.0
-4460.0
-4460.0
-4460.0
-4460.0
-4490.0
-4470.0
-4510.0
-4530.0
-4530.0
-4570.0
-4580.0
-4560.0
-4590.0
-4570.0
-4580.0
-4610.0
-4590.0
-4580.0
-4590.0
-4640.0
-4670.0
-4670.0
-4680.0
-4680.0
-4670.0
-4710.0
-4700.0
-4720.0
-4720.0
-4740.0
-4740.0
-4740.0
-4740.0
-4740.0
-4740.0
-4750.0
-4750.0
-4740.0
-4760.0
-4780.0
-4790.0
-4820.0
-4820.0
-4840.0
-4860.0
-4860.0
-4840.0
-4830.0
-4820.0
-4880.0
-4900.0
-4880.0
-4860.0
-4860.0
-4850.0
-4830.0
-4810.0
-4800.0
-4780.0
-4760.0
-4800.0
-4840.0
-4850.0
-4860.0
-4840.0
-4830.0
-4840.0
-4840.0
-4830.0
-4820.0
-4800.0
-4800.0
-4790.0
-4800.0
-4790.0
-4810.0
-4790.0
-4790.0
-4820.0
-4840.0
-4840.0
-4820.0
-4860.0
-4870.0
-4860.0
-4850.0
-4840.0
-4830.0
-4870.0
-4880.0
-4940.0
-4980.0
-5010.0
-5000.0
-5000.0
-5010.0
-5030.0
-5050.0
-5080.0
-5060.0
-5100.0
-5100.0
-5110.0
-5100.0
-5090.0
-5100.0
-5110.0
-5110.0
-5110.0
-5100.0
-5130.0
-5130.0
-5150.0
-5180.0
-5160.0
-5180.0
-5190.0
-5170.0
-5160.0
-5170.0
-5160.0
-5170.0
-5160.0
-5140.0
-5130.0
-5140.0
-5130.0
-5110.0
-5110.0
-5100.0
-5100.0
-5110.0
-5100.0
-5100.0
-5090.0
-5090.0
-5080.0
-5090.0
-5110.0
-5110.0
-5120.0
-5130.0
-5120.0
-5100.0
-5080.0
-5070.0
-5060.0
-5070.0
-5080.0
-5090.0
-5080.0
-5070.0
-5050.0
-5070.0
-5070.0
-5060.0
-5040.0
-5050.0
-5050.0
-5030.0
-5060.0
-5080.0
-5130.0
-5140.0
-5190.0
-5220.0
-5220.0
-5200.0
-5220.0
-5230.0
-5240.0
-5230.0
-5230.0
-5220.0
-5210.0
-5230.0
-5260.0
-5300.0
-5290.0
-5310.0
-5340.0
-5370.0
-5350.0
-5360.0
-5350.0
-5340.0
-5350.0
-5340.0
-5360.0
-5350.0
-5350.0
-5340.0
-5320.0
-5360.0
-5410.0
-5450.0
-5460.0
-5540.0
-5530.0
-5530.0
-5510.0
-5530.0
-5510.0
-5510.0
-5500.0
-5480.0
-5480.0
-5470.0
-5480.0
-5470.0
-5470.0
-5480.0
-5470.0
-5460.0
-5480.0
-5490.0
-5480.0
-5460.0
-5480.0
-5520.0
-5510.0
-5520.0
-5570.0
-5550.0
-5530.0
-5540.0
-5540.0
-5540.0
-5560.0
-5540.0
-5550.0
-5530.0
-5530.0
-5610.0
-5640.0
-5650.0
-5670.0
-5650.0
-5640.0
-5620.0
-5620.0
-5610.0
-5610.0
-5610.0
-5640.0
-5660.0
-5680.0
-5680.0
-5680.0
-5660.0
-5740.0
-5730.0
-5720.0
-5710.0
-5710.0
-5690.0
-5710.0
-5720.0
-5740.0
-5720.0
-5710.0
-5740.0
-5720.0
-5740.0
-5810.0
-5850.0
-5840.0
-5820.0
-5840.0
-5830.0
-5820.0
-5800.0
-5790.0
-5780.0
-5770.0
-5790.0
-5820.0
-5800.0
-5790.0
-5770.0
-5770.0
-5760.0
-5760.0
-5750.0
-5740.0
-5760.0
-5770.0
-5760.0
-5750.0
-5790.0
-5820.0
-5810.0
-5810.0
-5800.0
-5800.0
-5850.0
-5840.0
-5830.0
-5820.0
-5830.0
-5810.0
-5840.0
-5830.0
-5850.0
-5840.0
-5850.0
-5850.0
-5850.0
-5880.0
-5880.0
-5880.0
-5880.0
-5880.0
-5890.0
-5890.0
-5910.0
-5910.0
-5900.0
-5880.0
-5930.0
-5930.0
-5940.0
-5920.0
-5920.0
-5930.0
-5940.0
-5940.0
-5950.0
-5970.0
-5990.0
-6010.0
-5990.0
-6020.0
-6010.0
-6010.0
-6050.0
-6050.0
-6050.0
-6070.0
-6060.0
-6150.0
-6150.0
-6170.0
-6200.0
-6190.0
-6190.0
-6220.0
-6240.0
-6250.0
-6240.0
-6240.0
-6230.0
-6240.0
-6260.0
-6250.0
-6270.0
-6260.0
-6260.0
-6270.0
-6280.0
-6280.0
-6270.0
-6270.0
-6270.0
-6270.0
-6260.0
-6320.0
-6330.0
-6320.0
-6320.0
-6320.0
-6320.0
-6310.0
-6290.0
-6280.0
-6290.0
-6310.0
-6310.0
-6290.0
-6290.0
-6280.0
-6270.0
-6280.0
-6290.0
-6310.0
-6330.0
-6320.0
-6340.0
-6330.0
-6320.0
-6310.0
-6310.0
-6330.0
-6310.0
-6320.0
-6350.0
-6370.0
-6360.0
-6360.0
-6340.0
-6370.0
-6380.0
-6380.0
-6380.0
-6370.0
-6360.0
-6370.0
-6370.0
-6370.0
-6360.0
-6350.0
-6360.0
-6390.0
-6400.0
-6400.0
-6420.0
-6420.0
-6440.0
-6440.0
-6430.0
-6450.0
-6470.0
-6460.0
-6470.0
-6450.0
-6450.0
-6480.0
-6540.0
-6560.0
-6570.0
-6570.0
-6570.0
-6550.0
-6550.0
-6550.0
-6530.0
-6510.0
-6500.0
-6510.0
-6490.0
-6480.0
-6480.0
-6470.0
-6470.0
-6470.0
-6470.0
-6450.0
-6460.0
-6460.0
-6440.0
-6420.0
-6410.0
-6410.0
-6430.0
-6420.0
-6420.0
-6460.0
-6460.0
-6450.0
-6450.0
-6440.0
-6440.0
-6440.0
-6470.0
-6450.0
-6460.0
-6480.0
-6480.0
-6500.0
-6500.0
-6520.0
-6520.0
-6540.0
-6560.0
-6590.0
-6580.0
-6570.0
-6570.0
-6580.0
-6590.0
-6660.0
-6650.0
-6660.0
-6700.0
-6700.0
-6720.0
-6720.0
-6700.0
-6700.0
-6700.0
-6750.0
-6750.0
-6740.0
-6760.0
-6760.0
-6770.0
-6780.0
-6830.0
-6850.0
-6840.0
-6840.0
-6830.0
-6810.0
-6830.0
-6830.0
-6830.0
-6830.0
-6850.0
-6850.0
-6830.0
-6850.0
-6850.0
-6830.0
-6830.0
-6820.0
-6800.0
-6790.0
-6790.0
-6830.0
-6810.0
-6810.0
-6880.0
-6900.0
-6920.0
-6920.0
-6950.0
-6950.0
-6950.0
-6990.0
-7000.0
-6980.0
-6990.0
-6970.0
-7020.0
-7010.0
-7010.0
-7010.0
-7020.0
-7020.0
-7020.0
-7060.0
-7080.0
-7100.0
-7110.0
-7120.0
-7120.0
-7120.0
-7120.0
-7150.0
-7140.0
-7140.0
-7150.0
-7140.0
-7170.0
-7160.0
-7150.0
-7160.0
-7150.0
-7140.0
-7170.0
-7150.0
-7140.0
-7150.0
-7150.0
-7160.0
-7140.0
-7170.0
-7170.0
-7160.0
-7160.0
-7190.0
-7170.0
-7180.0
-7170.0
-7210.0
-7200.0
-7220.0
-7220.0
-7230.0
-7220.0
-7230.0
-7230.0
-7220.0
-7210.0
-7220.0
-7230.0
-7240.0
-7220.0
-7230.0
-7210.0
-7200.0
-7210.0
-7220.0
-7250.0
-7270.0
-7260.0
-7300.0
-7310.0
-7370.0
-7350.0
-7360.0
-7390.0
-7400.0
-7380.0
-7360.0
-7370.0
-7370.0
-7370.0
-7380.0
-7360.0
-7390.0
-7380.0
-7380.0
-7370.0
-7370.0
-7360.0
-7340.0
-7340.0
-7320.0
-7330.0
-7340.0
-7330.0
-7380.0
-7380.0
-7410.0
-7410.0
-7420.0
-7420.0
-7410.0
-7430.0
-7440.0
-7440.0
-7430.0
-7420.0
-7420.0
-7430.0
-7410.0
-7410.0
-7450.0
-7470.0
-7490.0
-7510.0
-7500.0
-7480.0
-7490.0
-7480.0
-7480.0
-7460.0
-7440.0
-7450.0
-7430.0
-7450.0
-7450.0
-7470.0
-7470.0
-7500.0
-7540.0
-7550.0
-7530.0
-7560.0
-7540.0
-7530.0
-7530.0
-7510.0
-7520.0
-7500.0
-7490.0
-7490.0
-7520.0
-7530.0
-7570.0
-7570.0
-7550.0
-7560.0
-7570.0
-7610.0
-7610.0
-7600.0
-7600.0
-7600.0
-7620.0
-7610.0
-7630.0
-7630.0
-7620.0
-7610.0
-7600.0
-7600.0
-7640.0
-7660.0
-7650.0
-7680.0
-7710.0
-7720.0
-7710.0
-7730.0
-7730.0
-7740.0
-7740.0
-7720.0
-7700.0
-7700.0
-7710.0
-7740.0
-7720.0
-7740.0
-7730.0
-7750.0
-7740.0
-7740.0
-7780.0
-7830.0
-7860.0
-7870.0
-7870.0
-7900.0
-7900.0
-7880.0
-7900.0
-7880.0
-7950.0
-7980.0
-7970.0
-7970.0
-7980.0
-8010.0
-7990.0
-7970.0
-7970.0
-7960.0
-7950.0
-8030.0
-8020.0
-8040.0
-8020.0
-8020.0
-8000.0
-8020.0
-8030.0
-8060.0
-8040.0
-8020.0
-8020.0
-8030.0
-8050.0
-8050.0
-8030.0
-8010.0
-8010.0
-8000.0
-7980.0
-7960.0
-7990.0
-7970.0
-7990.0
-7990.0
-7970.0
-7980.0
-8040.0
-8020.0
-8020.0
-8010.0
-8040.0
-8030.0
-8040.0
-8040.0
-8030.0
-8020.0
-8040.0
-8030.0
-8050.0
-8050.0
-8040.0
-8060.0
-8070.0
-8080.0
-8070.0
-8060.0
-8040.0
-8040.0
-8020.0
-8020.0
-8020.0
-8000.0
-7980.0
-7970.0
-7990.0
-8010.0
-8010.0
-8000.0
-8020.0
-8000.0
-7990.0
-7980.0
-8020.0
-8010.0
-8040.0
-8040.0
-8030.0
-8030.0
-8030.0
-8030.0
-8070.0
-8070.0
-8100.0
-8090.0
-8080.0
-8090.0
-8080.0
-8070.0
-8050.0
-8060.0
-8040.0
-8030.0
-8030.0
-8030.0
-8010.0
-8020.0
-8040.0
-8030.0
-8050.0
-8030.0
-8020.0
-8000.0
-7980.0
-7990.0
-8030.0
-8020.0
-8010.0
-8010.0
-8020.0
-8010.0
-8020.0
-8000.0
-7980.0
-8000.0
-8030.0
-8010.0
-8000.0
-8030.0
-8050.0
-8040.0
-8020.0
-8020.0
-8020.0
-8020.0
-8060.0
-8070.0
-8110.0
-8090.0
-8080.0
-8070.0
-8070.0
-8070.0
-8070.0
-8060.0
-8050.0
-8040.0
-8050.0
-8060.0
-8080.0
-8070.0
-8050.0
-8070.0
-8080.0
-8090.0
-8130.0
-8120.0
-8140.0
-8200.0
-8190.0
-8190.0
-8220.0
-8280.0
-8260.0
-8280.0
-8320.0
-8300.0
-8310.0
-8290.0
-8280.0
-8280.0
-8290.0
-8320.0
-8320.0
-8330.0
-8330.0
-8320.0
-8310.0
-8310.0
-8320.0
-8320.0
-8330.0
-8310.0
-8340.0
-8350.0
-8330.0
-8360.0
-8350.0
-8360.0
-8350.0
-8360.0
-8400.0
-8450.0
-8460.0
-8500.0
-8520.0
-8510.0
-8510.0
-8490.0
-8540.0
-8530.0
-8530.0
-8530.0
-8510.0
-8490.0
-8500.0
-8480.0
-8460.0
-8470.0
-8460.0
-8440.0
-8430.0
-8410.0
-8430.0
-8410.0
-8410.0
-8420.0
-8430.0
-8430.0
-8420.0
-8450.0
-8430.0
-8410.0
-8430.0
-8420.0
-8440.0
-8430.0
-8450.0
-8440.0
-8420.0
-8430.0
-8460.0
-8450.0
-8440.0
-8450.0
-8480.0
-8460.0
-8540.0
-8530.0
-8550.0
-8560.0
-8540.0
-8550.0
-8550.0
-8560.0
-8580.0
-8620.0
-8640.0
-8650.0
-8650.0
-8660.0
-8650.0
-8660.0
-8640.0
-8640.0
-8670.0
-8660.0
-8650.0
-8630.0
-8640.0
-8650.0
-8670.0
-8710.0
-8710.0
-8730.0
-8720.0
-8700.0
-8700.0
-8740.0
-8730.0
-8720.0
-8710.0
-8730.0
-8720.0
-8710.0
-8710.0
-8710.0
-8700.0
-8730.0
-8750.0
-8770.0
-8770.0
-8770.0
-8770.0
-8760.0
-8760.0
-8810.0
-8820.0
-8860.0
-8860.0
-8870.0
-8850.0
-8840.0
-8880.0
-8860.0
-8890.0
-8890.0
-8920.0
-8920.0
-8960.0
-8960.0
-8950.0
-8950.0
-8940.0
-8980.0
-8980.0
-8980.0
-8990.0
-8980.0
-9030.0
-9020.0
-9020.0
-9030.0
-9020.0
-9040.0
-9020.0
-9050.0
-9060.0
-9090.0
-9100.0
-9110.0
-9110.0
-9160.0
-9150.0
-9160.0
-9150.0
-9190.0
-9180.0
-9170.0
-9190.0
-9180.0
-9170.0
-9170.0
-9180.0
-9190.0
-9210.0
-9190.0
-9170.0
-9170.0
-9160.0
-9150.0
-9140.0
-9170.0
-9160.0
-9190.0
-9200.0
-9210.0
-9200.0
-9180.0
-9170.0
-9150.0
-9190.0
-9180.0
-9160.0
-9200.0
-9220.0
-9200.0
-9230.0
-9250.0
-9230.0
-9220.0
-9210.0
-9200.0
-9210.0
-9230.0
-9210.0
-9220.0
-9260.0
-9260.0
-9270.0
-9260.0
-9250.0
-9250.0
-9260.0
-9280.0
-9300.0
-9300.0
-9290.0
-9310.0
-9320.0
-9310.0
-9320.0
-9330.0
-9330.0
-9310.0
-9360.0
-9370.0
-9380.0
-9400.0
-9420.0
-9430.0
-9430.0
-9420.0
-9410.0
-9410.0
-9400.0
-9410.0
-9430.0
-9430.0
-9430.0
-9450.0
-9460.0
-9440.0
-9480.0
-9460.0
-9450.0
-9480.0
-9500.0
-9530.0
-9540.0
-9530.0
-9530.0
-9520.0
-9550.0
-9560.0
-9570.0
-9550.0
-9600.0
-9580.0
-9580.0
-9580.0
-9570.0
-9570.0
-9560.0
-9570.0
-9620.0
-9650.0
-9670.0
-9660.0
-9670.0
-9680.0
-9670.0
-9660.0
-9640.0
-9630.0
-9620.0
-9640.0
-9650.0
-9640.0
-9620.0
-9610.0
-9600.0
-9630.0
-9620.0
-9640.0
-9640.0
-9640.0
-9630.0
-9640.0
-9620.0
-9620.0
-9630.0
-9670.0
-9650.0
-9630.0
-9630.0
-9620.0
-9630.0
-9640.0
-9620.0
-9600.0
-9600.0
-9590.0
-9610.0
-9600.0
