a = 0.8
g = 0.5
e = 0.1
random initial weights = true

-130.0
-210.0
-220.0
-250.0
-270.0
-270.0
-280.0
-270.0
-290.0
-280.0
-280.0
-270.0
-250.0
-240.0
-230.0
-220.0
-200.0
-190.0
-200.0
-190.0
-220.0
-210.0
-190.0
-170.0
-170.0
-150.0
-150.0
-150.0
-140.0
-120.0
-100.0
-80.0
-90.0
-70.0
-50.0
-30.0
-10.0
0.0
20.0
40.0
50.0
70.0
90.0
110.0
130.0
150.0
160.0
180.0
200.0
200.0
220.0
240.0
250.0
270.0
280.0
300.0
310.0
330.0
350.0
370.0
390.0
400.0
420.0
440.0
450.0
470.0
490.0
510.0
530.0
550.0
570.0
590.0
610.0
630.0
650.0
670.0
680.0
700.0
720.0
740.0
760.0
760.0
780.0
800.0
820.0
840.0
840.0
830.0
850.0
870.0
890.0
910.0
910.0
920.0
920.0
940.0
960.0
970.0
990.0
1000.0
1020.0
1040.0
1060.0
1080.0
1100.0
1120.0
1140.0
1140.0
1160.0
1180.0
1200.0
1220.0
1240.0
1260.0
1270.0
1290.0
1300.0
1320.0
1340.0
1350.0
1370.0
1390.0
1400.0
1390.0
1410.0
1430.0
1450.0
1470.0
1490.0
1510.0
1530.0
1540.0
1560.0
1570.0
1580.0
1600.0
1610.0
1630.0
1650.0
1670.0
1680.0
1700.0
1720.0
1740.0
1760.0
1780.0
1790.0
1810.0
1820.0
1840.0
1850.0
1870.0
1890.0
1910.0
1930.0
1950.0
1970.0
1990.0
2010.0
2030.0
2040.0
2060.0
2070.0
2090.0
2110.0
2130.0
2140.0
2160.0
2170.0
2180.0
2200.0
2210.0
2230.0
2250.0
2270.0
2290.0
2310.0
2320.0
2330.0
2340.0
2350.0
2370.0
2380.0
2400.0
2420.0
2440.0
2430.0
2430.0
2430.0
2450.0
2470.0
2490.0
2510.0
2530.0
2550.0
2570.0
2590.0
2600.0
2620.0
2640.0
2640.0
2650.0
2670.0
2690.0
2680.0
2700.0
2720.0
2740.0
2760.0
2780.0
2800.0
2810.0
2830.0
2850.0
2870.0
2890.0
2900.0
2920.0
2940.0
2950.0
2970.0
2990.0
3010.0
3030.0
3050.0
3070.0
3090.0
3110.0
3130.0
3150.0
3160.0
3170.0
3190.0
3200.0
3220.0
3230.0
3250.0
3260.0
3270.0
3290.0
3310.0
3330.0
3350.0
3370.0
3390.0
3410.0
3430.0
3450.0
3470.0
3490.0
3510.0
3530.0
3550.0
3570.0
3580.0
3600.0
3620.0
3640.0
3650.0
3670.0
3690.0
3710.0
3730.0
3750.0
3740.0
3760.0
3780.0
3800.0
3820.0
3840.0
3850.0
3850.0
3870.0
3890.0
3890.0
3910.0
3930.0
3950.0
3960.0
3980.0
4000.0
4020.0
4040.0
4060.0
4070.0
4090.0
4100.0
4110.0
4130.0
4140.0
4160.0
4180.0
4190.0
4210.0
4220.0
4240.0
4260.0
4270.0
4280.0
4300.0
4320.0
4310.0
4320.0
4340.0
4360.0
4370.0
4390.0
4410.0
4430.0
4450.0
4470.0
4480.0
4500.0
4510.0
4530.0
4550.0
4570.0
4590.0
4600.0
4620.0
4620.0
4640.0
4650.0
4670.0
4690.0
4710.0
4730.0
4750.0
4760.0
4770.0
4780.0
4800.0
4820.0
4840.0
4860.0
4880.0
4900.0
4890.0
4900.0
4920.0
4930.0
4940.0
4960.0
4980.0
4990.0
5010.0
5010.0
5020.0
5030.0
5050.0
5060.0
5080.0
5100.0
5120.0
5140.0
5160.0
5180.0
5200.0
5220.0
5230.0
5240.0
5260.0
5280.0
5300.0
5320.0
5340.0
5360.0
5380.0
5400.0
5420.0
5440.0
5460.0
5480.0
5490.0
5510.0
5530.0
5540.0
5550.0
5570.0
5590.0
5610.0
5630.0
5620.0
5630.0
5650.0
5670.0
5690.0
5700.0
5720.0
5730.0
5750.0
5770.0
5790.0
5810.0
5820.0
5840.0
5860.0
5850.0
5870.0
5890.0
5910.0
5920.0
5940.0
5960.0
5970.0
5990.0
6010.0
6030.0
6050.0
6070.0
6090.0
6100.0
6110.0
6130.0
6150.0
6170.0
6190.0
6200.0
6220.0
6240.0
6260.0
6280.0
6290.0
6310.0
6320.0
6340.0
6360.0
6370.0
6390.0
6400.0
6420.0
6440.0
6460.0
6480.0
6500.0
6520.0
6540.0
6560.0
6570.0
6590.0
6610.0
6630.0
6650.0
6670.0
6690.0
6710.0
6730.0
6740.0
6760.0
6780.0
6800.0
6820.0
6830.0
6850.0
6870.0
6880.0
6900.0
6920.0
6930.0
6940.0
6960.0
6960.0
6980.0
7000.0
7020.0
7030.0
7050.0
7070.0
7080.0
7090.0
7110.0
7120.0
7140.0
7140.0
7160.0
7180.0
7190.0
7210.0
7230.0
7240.0
7250.0
7270.0
7290.0
7300.0
7320.0
7340.0
7360.0
7370.0
7390.0
7410.0
7430.0
7440.0
7460.0
7480.0
7490.0
7510.0
7530.0
7550.0
7570.0
7570.0
7590.0
7610.0
7630.0
7650.0
7670.0
7690.0
7710.0
7730.0
7740.0
7750.0
7770.0
7790.0
7810.0
7830.0
7850.0
7870.0
7890.0
7900.0
7920.0
7940.0
7960.0
7980.0
7990.0
8010.0
8030.0
8050.0
8070.0
8090.0
8100.0
8100.0
8120.0
8140.0
8160.0
8180.0
8200.0
8220.0
8240.0
8260.0
8280.0
8300.0
8320.0
8340.0
8360.0
8380.0
8400.0
8420.0
8440.0
8460.0
8470.0
8490.0
8510.0
8530.0
8550.0
8570.0
8590.0
8610.0
8610.0
8630.0
8650.0
8670.0
8690.0
8710.0
8730.0
8750.0
8770.0
8790.0
8810.0
8830.0
8850.0
8870.0
8890.0
8910.0
8930.0
8950.0
8960.0
8950.0
8970.0
8980.0
9000.0
9020.0
9040.0
9060.0
9080.0
9100.0
9120.0
9140.0
9150.0
9170.0
9190.0
9200.0
9210.0
9220.0
9230.0
9240.0
9260.0
9280.0
9300.0
9320.0
9340.0
9360.0
9370.0
9390.0
9400.0
9410.0
9420.0
9430.0
9450.0
9470.0
9490.0
9510.0
9530.0
9550.0
9570.0
9590.0
9600.0
9610.0
9630.0
9650.0
9670.0
9690.0
9700.0
9720.0
9740.0
9760.0
9780.0
9800.0
9820.0
9840.0
9850.0
9860.0
9880.0
9890.0
9910.0
9930.0
9940.0
9960.0
9980.0
9990.0
10010.0
10020.0
10040.0
10060.0
10080.0
10100.0
10120.0
10130.0
10150.0
10170.0
10190.0
10210.0
10220.0
10240.0
10260.0
10280.0
10280.0
10290.0
10310.0
10330.0
10350.0
10370.0
10390.0
10410.0
10420.0
10440.0
10450.0
10470.0
10490.0
10510.0
10530.0
10540.0
10560.0
10580.0
10590.0
10590.0
10600.0
10620.0
10640.0
10660.0
10670.0
10680.0
10690.0
10710.0
10720.0
10720.0
10730.0
10750.0
10770.0
10790.0
10810.0
10830.0
10840.0
10850.0
10870.0
10890.0
10910.0
10930.0
10950.0
10950.0
10960.0
10980.0
11000.0
11010.0
11030.0
11050.0
11060.0
11080.0
11100.0
11120.0
11140.0
11160.0
11170.0
11190.0
11200.0
11220.0
11240.0
11260.0
11280.0
11300.0
11320.0
11330.0
11350.0
11370.0
11390.0
11410.0
11430.0
11440.0
11450.0
11460.0
11480.0
11500.0
11520.0
11540.0
11540.0
11560.0
11580.0
11600.0
11620.0
11640.0
11640.0
11660.0
11680.0
11700.0
11720.0
11710.0
11720.0
11730.0
11740.0
11750.0
11770.0
11790.0
11810.0
11830.0
11850.0
11870.0
11890.0
11900.0
11920.0
11940.0
11960.0
11980.0
12000.0
12020.0
12040.0
12060.0
12080.0
12100.0
12120.0
12140.0
12160.0
12160.0
12180.0
12200.0
12220.0
12240.0
12240.0
12250.0
12270.0
12290.0
12300.0
12320.0
12340.0
12360.0
12380.0
12400.0
12420.0
12440.0
12460.0
12480.0
12500.0
12520.0
12540.0
12560.0
12580.0
12590.0
12610.0
12630.0
12650.0
12670.0
12690.0
12710.0
12730.0
12750.0
12770.0
12790.0
12810.0
12830.0
12850.0
12860.0
12880.0
12880.0
12900.0
12920.0
12940.0
12960.0
12980.0
13000.0
13020.0
13040.0
13060.0
13070.0
13090.0
13110.0
13130.0
13140.0
13150.0
13170.0
13190.0
13210.0
13230.0
13250.0
13260.0
13280.0
13300.0
13310.0
13330.0
13350.0
13370.0
13380.0
13400.0
13410.0
13430.0
13450.0
13450.0
13470.0
13490.0
13510.0
13530.0
13550.0
13570.0
13590.0
13610.0
13630.0
13640.0
13660.0
13680.0
13700.0
13720.0
13740.0
13760.0
13780.0
13800.0
13810.0
13820.0
13840.0
13860.0
13880.0
13900.0
13920.0
13930.0
13950.0
13970.0
13990.0
14000.0
14000.0
14020.0
14040.0
14060.0
14080.0
14090.0
14110.0
14130.0
14150.0
14170.0
14180.0
14200.0
14210.0
14230.0
14250.0
14270.0
14290.0
14310.0
14330.0
14350.0
14370.0
14380.0
14400.0
14420.0
14410.0
14430.0
14450.0
14470.0
14490.0
14510.0
14530.0
14550.0
14560.0
14580.0
14600.0
14620.0
14630.0
14650.0
14670.0
14690.0
14710.0
14730.0
14750.0
14760.0
14780.0
14780.0
14800.0
14820.0
14840.0
14860.0
14880.0
14900.0
14920.0
14930.0
14950.0
14970.0
14990.0
15010.0
15030.0
15050.0
15070.0
15080.0
15080.0
15100.0
15120.0
15140.0
15150.0
15170.0
15190.0
15210.0
15220.0
15240.0
15250.0
15270.0
15290.0
15310.0
15310.0
15330.0
15340.0
15360.0
15380.0
15400.0
15420.0
15440.0
15460.0
15470.0
15490.0
15510.0
15530.0
15550.0
15550.0
15570.0
15590.0
15600.0
15620.0
15640.0
15660.0
15680.0
15700.0
15720.0
15740.0
15750.0
15770.0
15780.0
15800.0
15820.0
15840.0
15850.0
15860.0
15870.0
15890.0
15910.0
15930.0
15950.0
15970.0
15990.0
16010.0
16020.0
16030.0
16050.0
16070.0
16090.0
16110.0
16130.0
16150.0
16170.0
16180.0
16200.0
16220.0
16230.0
16250.0
16260.0
16280.0
16300.0
16320.0
16330.0
16350.0
16370.0
16390.0
16410.0
16430.0
16450.0
16470.0
16490.0
16510.0
16510.0
16530.0
16550.0
16570.0
16590.0
16600.0
16600.0
16620.0
16640.0
16660.0
16670.0
16690.0
16710.0
16720.0
16740.0
16760.0
16780.0
16800.0
16820.0
16830.0
16840.0
16860.0
16860.0
16880.0
16900.0
16920.0
16940.0
16960.0
16980.0
16990.0
17000.0
17020.0
17020.0
17020.0
17040.0
17050.0
17070.0
17090.0
17110.0
17130.0
17140.0
17160.0
17170.0
17190.0
17210.0
17230.0
17240.0
17260.0
17280.0
17300.0
17320.0
17330.0
17340.0
17360.0
17380.0
17400.0
17420.0
17440.0
17460.0
17480.0
17490.0
17510.0
17530.0
17550.0
17570.0
17580.0
17600.0
17620.0
17640.0
17660.0
17680.0
17700.0
17710.0
17730.0
17750.0
17760.0
17780.0
17800.0
17820.0
17840.0
17860.0
17880.0
17900.0
17910.0
17930.0
17950.0
17970.0
17970.0
17990.0
18010.0
18020.0
18030.0
18050.0
18060.0
18080.0
18080.0
18100.0
18120.0
18130.0
18150.0
18160.0
18180.0
18200.0
18210.0
18220.0
18240.0
18260.0
18280.0
18280.0
18290.0
18300.0
18320.0
18340.0
18340.0
18350.0
18370.0
18390.0
18400.0
18410.0
18430.0
18450.0
18470.0
18490.0
18510.0
18520.0
18530.0
18550.0
18570.0
18590.0
18600.0
18610.0
18630.0
18650.0
18670.0
18690.0
18700.0
18720.0
18740.0
18760.0
18780.0
18800.0
18810.0
18820.0
18840.0
18860.0
18880.0
18900.0
18920.0
18940.0
18960.0
18980.0
18990.0
19010.0
19030.0
19050.0
19070.0
19080.0
19090.0
19110.0
19130.0
19150.0
19160.0
19180.0
19200.0
19220.0
19240.0
19260.0
19280.0
19280.0
19300.0
19320.0
19340.0
19360.0
19380.0
19400.0
19420.0
19440.0
19450.0
19470.0
19490.0
19510.0
19530.0
19550.0
19570.0
19580.0
19600.0
19610.0
19630.0
19650.0
19660.0
19680.0
19700.0
19720.0
19740.0
19760.0
19770.0
19790.0
19810.0
19820.0
19840.0
19860.0
19870.0
19890.0
19910.0
19930.0
19950.0
19970.0
19990.0
20000.0
20020.0
20040.0
20060.0
20070.0
20090.0
20100.0
20120.0
20130.0
20150.0
20170.0
20190.0
20210.0
20220.0
20230.0
20250.0
20270.0
20290.0
20310.0
20330.0
20340.0
20360.0
20380.0
20400.0
20420.0
20430.0
20450.0
20470.0
20490.0
20500.0
20510.0
20530.0
20550.0
20550.0
20570.0
20570.0
20590.0
20590.0
20610.0
20620.0
20630.0
20650.0
20670.0
20690.0
20710.0
20730.0
20750.0
20770.0
20780.0
20800.0
20820.0
20840.0
20850.0
20870.0
20890.0
20910.0
20930.0
20950.0
20970.0
20990.0
21010.0
21030.0
21050.0
21050.0
21060.0
21070.0
21090.0
21110.0
21120.0
21130.0
21150.0
21160.0
21170.0
21190.0
21200.0
21220.0
21240.0
21260.0
21280.0
21290.0
21310.0
21330.0
21350.0
21370.0
21390.0
21410.0
21430.0
21440.0
21460.0
21480.0
21490.0
21510.0
21530.0
21550.0
21570.0
21590.0
21610.0
21620.0
21640.0
21660.0
21680.0
21700.0
21720.0
21740.0
21750.0
21770.0
21790.0
21810.0
21830.0
21840.0
21860.0
21880.0
21890.0
21910.0
21930.0
21950.0
21970.0
21990.0
22010.0
22030.0
22050.0
22070.0
22070.0
22080.0
22090.0
22110.0
22130.0
22150.0
22160.0
22180.0
22190.0
22210.0
22230.0
22250.0
22270.0
22270.0
22290.0
22310.0
22330.0
22350.0
22370.0
22390.0
22410.0
22420.0
22440.0
22460.0
22480.0
22480.0
22500.0
22520.0
22540.0
22550.0
22570.0
22590.0
22600.0
22620.0
22640.0
22660.0
22680.0
22700.0
22720.0
22730.0
22740.0
22760.0
22780.0
22790.0
22810.0
22820.0
22840.0
22850.0
22860.0
22880.0
22900.0
22920.0
22940.0
22950.0
22970.0
22990.0
23010.0
23030.0
23050.0
23070.0
23090.0
23110.0
23130.0
23150.0
23160.0
23170.0
23190.0
23210.0
23230.0
23250.0
23270.0
23290.0
23300.0
23320.0
23340.0
23360.0
23370.0
23390.0
23410.0
23430.0
23450.0
23470.0
23490.0
23510.0
23530.0
23550.0
23560.0
23580.0
23590.0
23610.0
23630.0
23640.0
23660.0
23670.0
23690.0
23710.0
23720.0
23740.0
23760.0
23780.0
23800.0
23810.0
23830.0
23840.0
23860.0
23860.0
23880.0
23900.0
23920.0
23940.0
23960.0
23980.0
24000.0
23990.0
24000.0
24020.0
24040.0
24060.0
24080.0
24100.0
24120.0
24140.0
24160.0
24180.0
24200.0
24220.0
24240.0
24250.0
24270.0
24290.0
24300.0
24310.0
24320.0
24340.0
24360.0
24380.0
24400.0
24410.0
24430.0
24450.0
24470.0
24490.0
24500.0
24510.0
24530.0
24550.0
24570.0
24590.0
24610.0
24630.0
24650.0
24670.0
