a = 0.2
g = 0.8
e = 0.1
random initial weights = true

-1940.0
-2170.0
-2190.0
-2190.0
-2220.0
-2220.0
-2210.0
-2200.0
-2180.0
-2160.0
-2140.0
-2120.0
-2120.0
-2100.0
-2080.0
-2090.0
-2070.0
-2050.0
-2030.0
-2010.0
-2000.0
-1990.0
-1970.0
-1960.0
-1940.0
-1930.0
-1910.0
-1890.0
-1890.0
-1880.0
-1860.0
-1840.0
-1820.0
-1820.0
-1800.0
-1780.0
-1780.0
-1760.0
-1760.0
-1740.0
-1720.0
-1700.0
-1690.0
-1670.0
-1650.0
-1630.0
-1610.0
-1600.0
-1580.0
-1560.0
-1540.0
-1520.0
-1500.0
-1490.0
-1480.0
-1480.0
-1460.0
-1440.0
-1420.0
-1400.0
-1400.0
-1380.0
-1360.0
-1360.0
-1340.0
-1330.0
-1310.0
-1290.0
-1280.0
-1260.0
-1240.0
-1220.0
-1200.0
-1180.0
-1170.0
-1150.0
-1130.0
-1110.0
-1110.0
-1090.0
-1070.0
-1060.0
-1040.0
-1030.0
-1020.0
-1010.0
-990.0
-970.0
-950.0
-930.0
-930.0
-920.0
-900.0
-880.0
-880.0
-880.0
-870.0
-850.0
-830.0
-820.0
-800.0
-780.0
-760.0
-740.0
-720.0
-700.0
-690.0
-670.0
-650.0
-640.0
-630.0
-610.0
-590.0
-580.0
-570.0
-550.0
-530.0
-520.0
-510.0
-490.0
-480.0
-470.0
-450.0
-430.0
-410.0
-390.0
-370.0
-350.0
-340.0
-320.0
-300.0
-280.0
-280.0
-260.0
-250.0
-240.0
-230.0
-220.0
-210.0
-190.0
-170.0
-160.0
-150.0
-130.0
-120.0
-100.0
-80.0
-60.0
-60.0
-40.0
-20.0
-10.0
0.0
20.0
40.0
60.0
70.0
80.0
100.0
120.0
140.0
160.0
180.0
200.0
200.0
220.0
240.0
260.0
280.0
280.0
300.0
310.0
330.0
340.0
360.0
370.0
390.0
410.0
420.0
440.0
460.0
480.0
500.0
520.0
540.0
550.0
570.0
590.0
610.0
630.0
650.0
670.0
690.0
710.0
720.0
740.0
750.0
770.0
790.0
810.0
830.0
840.0
860.0
880.0
900.0
920.0
940.0
960.0
980.0
1000.0
1020.0
1040.0
1060.0
1070.0
1090.0
1110.0
1130.0
1150.0
1170.0
1190.0
1190.0
1200.0
1210.0
1230.0
1240.0
1260.0
1260.0
1270.0
1290.0
1310.0
1320.0
1340.0
1360.0
1380.0
1400.0
1410.0
1420.0
1440.0
1460.0
1480.0
1490.0
1500.0
1520.0
1530.0
1540.0
1560.0
1570.0
1590.0
1610.0
1630.0
1650.0
1670.0
1690.0
1710.0
1730.0
1750.0
1770.0
1780.0
1800.0
1820.0
1830.0
1850.0
1870.0
1890.0
1910.0
1930.0
1950.0
1970.0
1990.0
2010.0
2030.0
2030.0
2050.0
2050.0
2070.0
2090.0
2080.0
2100.0
2110.0
2130.0
2150.0
2160.0
2170.0
2190.0
2200.0
2220.0
2240.0
2250.0
2270.0
2290.0
2300.0
2320.0
2340.0
2360.0
2380.0
2400.0
2420.0
2440.0
2450.0
2470.0
2490.0
2510.0
2530.0
2550.0
2550.0
2570.0
2590.0
2600.0
2620.0
2640.0
2660.0
2670.0
2680.0
2700.0
2720.0
2740.0
2760.0
2780.0
2800.0
2820.0
2830.0
2850.0
2860.0
2870.0
2890.0
2910.0
2930.0
2950.0
2960.0
2970.0
2990.0
3010.0
3030.0
3050.0
3050.0
3060.0
3080.0
3100.0
3120.0
3130.0
3150.0
3160.0
3180.0
3200.0
3210.0
3230.0
3250.0
3270.0
3290.0
3300.0
3290.0
3300.0
3320.0
3340.0
3350.0
3370.0
3390.0
3390.0
3390.0
3410.0
3420.0
3440.0
3460.0
3480.0
3490.0
3500.0
3510.0
3530.0
3540.0
3560.0
3580.0
3600.0
3620.0
3640.0
3650.0
3670.0
3690.0
3710.0
3720.0
3740.0
3750.0
3770.0
3790.0
3810.0
3830.0
3850.0
3870.0
3880.0
3900.0
3920.0
3930.0
3940.0
3960.0
3970.0
3980.0
4000.0
4010.0
4030.0
4050.0
4070.0
4090.0
4110.0
4120.0
4140.0
4160.0
4170.0
4190.0
4210.0
4230.0
4250.0
4270.0
4290.0
4310.0
4330.0
4340.0
4350.0
4370.0
4390.0
4410.0
4420.0
4440.0
4460.0
4470.0
4480.0
4500.0
4500.0
4520.0
4530.0
4540.0
4560.0
4560.0
4580.0
4600.0
4600.0
4620.0
4640.0
4650.0
4670.0
4690.0
4710.0
4730.0
4750.0
4760.0
4780.0
4800.0
4820.0
4840.0
4860.0
4880.0
4900.0
4920.0
4940.0
4950.0
4970.0
4980.0
5000.0
5020.0
5040.0
5050.0
5060.0
5080.0
5100.0
5120.0
5140.0
5160.0
5170.0
5190.0
5210.0
5230.0
5250.0
5270.0
5280.0
5290.0
5310.0
5330.0
5350.0
5370.0
5390.0
5390.0
5380.0
5400.0
5420.0
5430.0
5450.0
5470.0
5490.0
5500.0
5520.0
5530.0
5550.0
5570.0
5590.0
5600.0
5620.0
5640.0
5650.0
5670.0
5680.0
5700.0
5720.0
5740.0
5760.0
5780.0
5800.0
5810.0
5820.0
5830.0
5830.0
5850.0
5870.0
5880.0
5890.0
5910.0
5920.0
5940.0
5960.0
5970.0
5980.0
6000.0
6020.0
6030.0
6050.0
6070.0
6080.0
6100.0
6110.0
6120.0
6120.0
6130.0
6130.0
6150.0
6170.0
6170.0
6190.0
6200.0
6220.0
6240.0
6250.0
6270.0
6280.0
6290.0
6310.0
6330.0
6350.0
6360.0
6370.0
6380.0
6400.0
6410.0
6430.0
6450.0
6460.0
6480.0
6500.0
6520.0
6540.0
6550.0
6570.0
6590.0
6610.0
6620.0
6640.0
6660.0
6680.0
6680.0
6700.0
6710.0
6730.0
6750.0
6760.0
6780.0
6780.0
6800.0
6810.0
6830.0
6840.0
6860.0
6880.0
6900.0
6920.0
6940.0
6960.0
6980.0
6990.0
7010.0
7030.0
7050.0
7070.0
7080.0
7080.0
7090.0
7090.0
7110.0
7130.0
7150.0
7160.0
7180.0
7190.0
7210.0
7230.0
7250.0
7270.0
7290.0
7310.0
7320.0
7340.0
7350.0
7370.0
7380.0
7390.0
7400.0
7420.0
7440.0
7460.0
7480.0
7500.0
7510.0
7530.0
7550.0
7570.0
7570.0
7590.0
7610.0
7630.0
7650.0
7670.0
7680.0
7700.0
7720.0
7740.0
7750.0
7770.0
7790.0
7810.0
7830.0
7850.0
7850.0
7870.0
7880.0
7890.0
7910.0
7930.0
7940.0
7960.0
7970.0
7990.0
8000.0
8020.0
8040.0
8060.0
8080.0
8100.0
8120.0
8130.0
8150.0
8170.0
8190.0
8210.0
8220.0
8230.0
8250.0
8260.0
8280.0
8300.0
8310.0
8320.0
8340.0
8360.0
8380.0
8400.0
8420.0
8440.0
8460.0
8470.0
8490.0
8510.0
8520.0
8530.0
8530.0
8550.0
8570.0
8590.0
8610.0
8630.0
8650.0
8650.0
8670.0
8680.0
8700.0
8700.0
8720.0
8740.0
8760.0
8780.0
8800.0
8820.0
8830.0
8840.0
8860.0
8870.0
8890.0
8910.0
8930.0
8950.0
8970.0
8980.0
9000.0
9010.0
9020.0
9040.0
9060.0
9080.0
9080.0
9100.0
9120.0
9140.0
9160.0
9180.0
9180.0
9200.0
9220.0
9240.0
9260.0
9280.0
9300.0
9320.0
9340.0
9350.0
9370.0
9390.0
9410.0
9410.0
9430.0
9450.0
9470.0
9490.0
9510.0
9530.0
9550.0
9560.0
9550.0
9570.0
9590.0
9600.0
9610.0
9620.0
9640.0
9650.0
9670.0
9690.0
9710.0
9730.0
9730.0
9750.0
9770.0
9790.0
9800.0
9810.0
9820.0
9830.0
9850.0
9860.0
9880.0
9900.0
9920.0
9940.0
9960.0
9980.0
9960.0
9980.0
9990.0
9970.0
9990.0
10000.0
10020.0
10040.0
10060.0
10080.0
10090.0
10100.0
10100.0
10110.0
10130.0
10140.0
10150.0
10170.0
10180.0
10190.0
10210.0
10230.0
10230.0
10240.0
10260.0
10270.0
10290.0
10310.0
10330.0
10340.0
10360.0
10380.0
10400.0
10410.0
10430.0
10440.0
10460.0
10480.0
10500.0
10520.0
10530.0
10550.0
10570.0
10580.0
10580.0
10590.0
10610.0
10630.0
10650.0
10660.0
10680.0
10700.0
10720.0
10740.0
10760.0
10770.0
10790.0
10810.0
10830.0
10850.0
10870.0
10890.0
10890.0
10890.0
10910.0
10920.0
10930.0
10950.0
10970.0
10990.0
11010.0
11030.0
11040.0
11060.0
11080.0
11100.0
11120.0
11140.0
11150.0
11170.0
11180.0
11200.0
11210.0
11230.0
11250.0
11260.0
11260.0
11280.0
11290.0
11310.0
11330.0
11350.0
11370.0
11390.0
11410.0
11420.0
11430.0
11450.0
11470.0
11490.0
11510.0
11530.0
11540.0
11560.0
11560.0
11580.0
11600.0
11620.0
11630.0
11650.0
11670.0
11690.0
11710.0
11720.0
11730.0
11740.0
11760.0
11780.0
11770.0
11790.0
11810.0
11790.0
11810.0
11830.0
11840.0
11860.0
11880.0
11870.0
11890.0
11910.0
11930.0
11950.0
11970.0
11990.0
12010.0
12030.0
12050.0
12070.0
12090.0
12110.0
12130.0
12150.0
12150.0
12170.0
12180.0
12190.0
12200.0
12210.0
12220.0
12240.0
12260.0
12270.0
12290.0
12300.0
12320.0
12340.0
12360.0
12380.0
12400.0
12420.0
12420.0
12440.0
12440.0
12450.0
12460.0
12480.0
12500.0
12520.0
12540.0
12560.0
12580.0
12600.0
12610.0
12630.0
12650.0
12660.0
12670.0
12690.0
12710.0
12720.0
12740.0
12760.0
12780.0
12800.0
12820.0
12830.0
12850.0
12870.0
12880.0
12890.0
12900.0
12910.0
12900.0
12910.0
12930.0
12950.0
12970.0
12980.0
13000.0
13020.0
13030.0
13050.0
13060.0
13080.0
13090.0
13110.0
13130.0
13150.0
13160.0
13180.0
13190.0
13210.0
13230.0
13230.0
13250.0
13260.0
13280.0
13290.0
13310.0
13330.0
13350.0
13360.0
13380.0
13400.0
13420.0
13440.0
13450.0
13460.0
13480.0
13500.0
13520.0
13540.0
13550.0
13570.0
13590.0
13610.0
13620.0
13640.0
13650.0
13670.0
13680.0
13700.0
13720.0
13720.0
13740.0
13760.0
13780.0
13790.0
13810.0
13830.0
13850.0
13860.0
13880.0
13900.0
13920.0
13940.0
13960.0
13980.0
13990.0
14010.0
14020.0
14020.0
14040.0
14060.0
14070.0
14090.0
14100.0
14120.0
14140.0
14160.0
14180.0
14200.0
14220.0
14240.0
14260.0
14260.0
14280.0
14300.0
14320.0
14330.0
14350.0
14370.0
14390.0
14410.0
14430.0
14440.0
14460.0
14480.0
14500.0
14510.0
14520.0
14540.0
14560.0
14570.0
14580.0
14590.0
14610.0
14620.0
14630.0
14650.0
14650.0
14670.0
14690.0
14710.0
14720.0
14730.0
14750.0
14770.0
14790.0
14810.0
14820.0
14840.0
14860.0
14880.0
14900.0
14910.0
14930.0
14950.0
14970.0
14980.0
15000.0
15010.0
15010.0
15030.0
15040.0
15060.0
15080.0
15100.0
15120.0
15130.0
15150.0
15170.0
15190.0
15210.0
15230.0
15250.0
15270.0
15290.0
15300.0
15310.0
15310.0
15320.0
15340.0
15360.0
15380.0
15400.0
15420.0
15440.0
15460.0
15480.0
15500.0
15510.0
15520.0
15530.0
15550.0
15550.0
15560.0
15580.0
15600.0
15620.0
15640.0
15660.0
15680.0
15700.0
15720.0
15740.0
15760.0
15770.0
15790.0
15810.0
15830.0
15840.0
15850.0
15870.0
15890.0
15910.0
15930.0
15950.0
15970.0
15980.0
16000.0
16010.0
16030.0
16040.0
16060.0
16080.0
16100.0
16110.0
16120.0
16130.0
16130.0
16150.0
16170.0
16190.0
16210.0
16230.0
16250.0
16260.0
16280.0
16300.0
16310.0
16300.0
16320.0
16330.0
16350.0
16370.0
16380.0
16400.0
16420.0
16440.0
16450.0
16470.0
16490.0
16510.0
16510.0
16520.0
16530.0
16550.0
16570.0
16580.0
16600.0
16610.0
16630.0
16650.0
16660.0
16680.0
16700.0
16720.0
16740.0
16760.0
16780.0
16800.0
16820.0
16840.0
16850.0
16860.0
16870.0
16870.0
16880.0
16900.0
16920.0
16930.0
16930.0
16950.0
16970.0
16990.0
17010.0
17030.0
17050.0
17070.0
17090.0
17100.0
17110.0
17130.0
17150.0
17170.0
17190.0
17210.0
17220.0
17220.0
17240.0
17250.0
17270.0
17290.0
17300.0
17310.0
17330.0
17350.0
17360.0
17370.0
17390.0
17400.0
17420.0
17440.0
17460.0
17470.0
17470.0
17480.0
17500.0
17520.0
17540.0
17560.0
17580.0
17580.0
17600.0
17620.0
17630.0
17650.0
17670.0
17670.0
17690.0
17710.0
17730.0
17750.0
17770.0
17760.0
17780.0
17800.0
17810.0
17830.0
17820.0
17840.0
17860.0
17860.0
17860.0
17880.0
17890.0
17900.0
17920.0
17940.0
17960.0
17960.0
17970.0
17990.0
18010.0
18030.0
18040.0
18040.0
18060.0
18070.0
18090.0
18100.0
18110.0
18120.0
18140.0
18160.0
18180.0
18200.0
18210.0
18230.0
18250.0
18270.0
18290.0
18310.0
18330.0
18350.0
18370.0
18390.0
18410.0
18420.0
18420.0
18440.0
18450.0
18460.0
18470.0
18490.0
18510.0
18530.0
18550.0
18570.0
18590.0
18610.0
18620.0
18640.0
18660.0
18680.0
18690.0
18710.0
18720.0
18730.0
18740.0
18760.0
18780.0
18800.0
18810.0
18830.0
18850.0
18870.0
18870.0
18890.0
18910.0
18930.0
18940.0
18960.0
18980.0
19000.0
19010.0
19030.0
19050.0
19070.0
19090.0
19110.0
19130.0
19150.0
19170.0
19190.0
19210.0
19230.0
19250.0
19270.0
19280.0
19300.0
19320.0
19330.0
19350.0
19370.0
19380.0
19400.0
19420.0
19440.0
19450.0
19470.0
19490.0
19510.0
19530.0
19550.0
19570.0
19590.0
19590.0
19600.0
19620.0
19610.0
19630.0
19650.0
19670.0
19690.0
19700.0
19720.0
19740.0
19750.0
19770.0
19780.0
19800.0
19820.0
19830.0
19850.0
19870.0
19890.0
19910.0
19930.0
19940.0
19960.0
19980.0
20000.0
20010.0
20030.0
20040.0
20050.0
20050.0
20050.0
20070.0
20090.0
20100.0
20120.0
20130.0
20150.0
20160.0
20170.0
20180.0
20200.0
20210.0
20220.0
20240.0
20250.0
20270.0
20250.0
20270.0
20270.0
20280.0
20300.0
20300.0
20320.0
20340.0
20360.0
20380.0
20390.0
20400.0
20410.0
20420.0
20440.0
20460.0
20470.0
20480.0
20500.0
20520.0
20540.0
20560.0
20580.0
20590.0
20600.0
20620.0
20630.0
20650.0
20660.0
20680.0
20700.0
20720.0
20740.0
20750.0
20770.0
20780.0
20800.0
20810.0
20830.0
20850.0
20870.0
20880.0
20900.0
20910.0
20930.0
20940.0
20960.0
20980.0
21000.0
20990.0
21010.0
21030.0
21040.0
21050.0
21070.0
21090.0
21110.0
21130.0
21150.0
21170.0
21180.0
21200.0
21200.0
21220.0
21230.0
21250.0
21270.0
21280.0
21290.0
21310.0
21310.0
21330.0
21340.0
21360.0
21380.0
21400.0
21410.0
