a = 0.2
g = 0.5
e = 0.5
random initial weights = true

-1760.0
-2260.0
-2420.0
-2470.0
-2490.0
-2530.0
-2550.0
-2550.0
-2590.0
-2630.0
-2850.0
-2990.0
-3100.0
-3160.0
-3170.0
-3260.0
-3260.0
-3270.0
-3260.0
-3250.0
-3290.0
-3280.0
-3300.0
-3280.0
-3260.0
-3280.0
-3270.0
-3270.0
-3290.0
-3310.0
-3300.0
-3280.0
-3270.0
-3260.0
-3270.0
-3300.0
-3320.0
-3360.0
-3340.0
-3340.0
-3320.0
-3310.0
-3300.0
-3280.0
-3280.0
-3300.0
-3300.0
-3320.0
-3300.0
-3370.0
-3380.0
-3430.0
-3410.0
-3430.0
-3440.0
-3460.0
-3450.0
-3450.0
-3440.0
-3450.0
-3440.0
-3450.0
-3440.0
-3420.0
-3440.0
-3430.0
-3420.0
-3420.0
-3440.0
-3440.0
-3430.0
-3470.0
-3500.0
-3510.0
-3520.0
-3530.0
-3510.0
-3510.0
-3490.0
-3470.0
-3470.0
-3490.0
-3470.0
-3450.0
-3460.0
-3440.0
-3420.0
-3410.0
-3410.0
-3400.0
-3400.0
-3390.0
-3430.0
-3430.0
-3440.0
-3420.0
-3460.0
-3440.0
-3450.0
-3430.0
-3420.0
-3450.0
-3460.0
-3450.0
-3460.0
-3470.0
-3490.0
-3490.0
-3480.0
-3480.0
-3470.0
-3470.0
-3490.0
-3500.0
-3500.0
-3520.0
-3540.0
-3550.0
-3540.0
-3550.0
-3570.0
-3580.0
-3570.0
-3600.0
-3610.0
-3620.0
-3620.0
-3620.0
-3610.0
-3590.0
-3570.0
-3560.0
-3570.0
-3610.0
-3640.0
-3640.0
-3650.0
-3700.0
-3710.0
-3700.0
-3730.0
-3720.0
-3720.0
-3720.0
-3700.0
-3750.0
-3790.0
-3810.0
-3800.0
-3830.0
-3810.0
-3810.0
-3790.0
-3800.0
-3780.0
-3810.0
-3820.0
-3870.0
-3890.0
-3910.0
-3910.0
-3930.0
-3920.0
-3920.0
-3910.0
-3940.0
-3990.0
-4010.0
-3990.0
-4000.0
-4010.0
-4020.0
-4030.0
-4020.0
-4030.0
-4030.0
-4060.0
-4070.0
-4110.0
-4120.0
-4110.0
-4140.0
-4150.0
-4140.0
-4160.0
-4180.0
-4170.0
-4190.0
-4190.0
-4170.0
-4190.0
-4210.0
-4210.0
-4220.0
-4210.0
-4210.0
-4220.0
-4240.0
-4240.0
-4230.0
-4230.0
-4230.0
-4210.0
-4240.0
-4230.0
-4220.0
-4210.0
-4220.0
-4230.0
-4230.0
-4230.0
-4280.0
-4290.0
-4330.0
-4380.0
-4380.0
-4430.0
-4510.0
-4520.0
-4550.0
-4530.0
-4550.0
-4570.0
-4590.0
-4590.0
-4610.0
-4640.0
-4660.0
-4640.0
-4640.0
-4620.0
-4660.0
-4660.0
-4650.0
-4680.0
-4660.0
-4640.0
-4640.0
-4620.0
-4620.0
-4620.0
-4600.0
-4600.0
-4580.0
-4590.0
-4580.0
-4560.0
-4580.0
-4610.0
-4600.0
-4650.0
-4650.0
-4670.0
-4650.0
-4650.0
-4640.0
-4640.0
-4660.0
-4690.0
-4680.0
-4690.0
-4690.0
-4690.0
-4670.0
-4660.0
-4660.0
-4640.0
-4650.0
-4630.0
-4640.0
-4670.0
-4670.0
-4660.0
-4650.0
-4640.0
-4640.0
-4640.0
-4620.0
-4630.0
-4640.0
-4620.0
-4710.0
-4690.0
-4690.0
-4680.0
-4680.0
-4700.0
-4690.0
-4700.0
-4710.0
-4730.0
-4730.0
-4740.0
-4750.0
-4760.0
-4750.0
-4810.0
-4800.0
-4800.0
-4790.0
-4790.0
-4810.0
-4800.0
-4780.0
-4790.0
-4790.0
-4780.0
-4760.0
-4740.0
-4740.0
-4750.0
-4730.0
-4730.0
-4710.0
-4720.0
-4750.0
-4800.0
-4790.0
-4790.0
-4790.0
-4770.0
-4800.0
-4810.0
-4810.0
-4810.0
-4820.0
-4830.0
-4880.0
-4870.0
-4870.0
-4850.0
-4830.0
-4820.0
-4800.0
-4830.0
-4850.0
-4870.0
-4850.0
-4870.0
-4860.0
-4840.0
-4880.0
-4860.0
-4890.0
-4880.0
-4860.0
-4870.0
-4900.0
-4900.0
-4930.0
-4950.0
-4980.0
-4980.0
-4980.0
-5000.0
-5040.0
-5040.0
-5080.0
-5070.0
-5070.0
-5070.0
-5050.0
-5030.0
-5050.0
-5050.0
-5030.0
-5040.0
-5050.0
-5050.0
-5080.0
-5120.0
-5110.0
-5150.0
-5200.0
-5180.0
-5160.0
-5230.0
-5240.0
-5230.0
-5230.0
-5260.0
-5240.0
-5250.0
-5260.0
-5250.0
-5230.0
-5220.0
-5210.0
-5210.0
-5280.0
-5290.0
-5280.0
-5290.0
-5290.0
-5280.0
-5260.0
-5260.0
-5240.0
-5230.0
-5250.0
-5270.0
-5270.0
-5290.0
-5310.0
-5310.0
-5320.0
-5320.0
-5300.0
-5300.0
-5280.0
-5290.0
-5280.0
-5320.0
-5320.0
-5330.0
-5340.0
-5320.0
-5320.0
-5350.0
-5340.0
-5340.0
-5330.0
-5350.0
-5390.0
-5390.0
-5390.0
-5400.0
-5380.0
-5360.0
-5350.0
-5360.0
-5350.0
-5360.0
-5390.0
-5410.0
-5400.0
-5410.0
-5390.0
-5370.0
-5390.0
-5450.0
-5480.0
-5500.0
-5500.0
-5490.0
-5490.0
-5480.0
-5480.0
-5490.0
-5500.0
-5500.0
-5490.0
-5470.0
-5460.0
-5500.0
-5500.0
-5500.0
-5500.0
-5540.0
-5560.0
-5560.0
-5570.0
-5560.0
-5540.0
-5550.0
-5560.0
-5570.0
-5560.0
-5560.0
-5540.0
-5530.0
-5530.0
-5560.0
-5550.0
-5540.0
-5570.0
-5580.0
-5600.0
-5600.0
-5590.0
-5590.0
-5630.0
-5610.0
-5590.0
-5570.0
-5630.0
-5630.0
-5630.0
-5620.0
-5620.0
-5610.0
-5620.0
-5650.0
-5650.0
-5640.0
-5630.0
-5610.0
-5590.0
-5590.0
-5580.0
-5570.0
-5570.0
-5580.0
-5570.0
-5550.0
-5580.0
-5580.0
-5590.0
-5630.0
-5640.0
-5640.0
-5630.0
-5630.0
-5620.0
-5610.0
-5600.0
-5600.0
-5620.0
-5640.0
-5640.0
-5670.0
-5660.0
-5710.0
-5730.0
-5740.0
-5760.0
-5740.0
-5730.0
-5790.0
-5840.0
-5830.0
-5860.0
-5890.0
-5870.0
-5860.0
-5850.0
-5840.0
-5860.0
-5840.0
-5840.0
-5890.0
-5880.0
-5860.0
-5860.0
-5840.0
-5840.0
-5820.0
-5820.0
-5810.0
-5810.0
-5800.0
-5800.0
-5800.0
-5780.0
-5780.0
-5820.0
-5800.0
-5790.0
-5790.0
-5810.0
-5810.0
-5830.0
-5830.0
-5830.0
-5820.0
-5800.0
-5810.0
-5800.0
-5780.0
-5800.0
-5790.0
-5800.0
-5810.0
-5790.0
-5800.0
-5800.0
-5790.0
-5800.0
-5810.0
-5800.0
-5830.0
-5830.0
-5860.0
-5850.0
-5860.0
-5870.0
-5930.0
-5930.0
-5950.0
-5970.0
-5980.0
-6000.0
-6010.0
-6030.0
-6070.0
-6110.0
-6100.0
-6090.0
-6120.0
-6130.0
-6160.0
-6140.0
-6130.0
-6140.0
-6130.0
-6160.0
-6160.0
-6160.0
-6150.0
-6160.0
-6160.0
-6170.0
-6200.0
-6210.0
-6200.0
-6200.0
-6200.0
-6190.0
-6180.0
-6190.0
-6190.0
-6180.0
-6190.0
-6180.0
-6250.0
-6310.0
-6310.0
-6300.0
-6310.0
-6290.0
-6270.0
-6250.0
-6230.0
-6230.0
-6220.0
-6240.0
-6280.0
-6280.0
-6260.0
-6260.0
-6240.0
-6260.0
-6240.0
-6240.0
-6280.0
-6300.0
-6320.0
-6330.0
-6310.0
-6310.0
-6300.0
-6310.0
-6310.0
-6300.0
-6290.0
-6320.0
-6340.0
-6330.0
-6370.0
-6350.0
-6350.0
-6350.0
-6340.0
-6330.0
-6320.0
-6300.0
-6300.0
-6350.0
-6380.0
-6370.0
-6350.0
-6340.0
-6350.0
-6360.0
-6370.0
-6390.0
-6410.0
-6410.0
-6420.0
-6410.0
-6410.0
-6400.0
-6380.0
-6400.0
-6400.0
-6440.0
-6430.0
-6420.0
-6450.0
-6430.0
-6410.0
-6440.0
-6440.0
-6430.0
-6430.0
-6420.0
-6400.0
-6380.0
-6450.0
-6440.0
-6440.0
-6430.0
-6440.0
-6460.0
-6440.0
-6440.0
-6430.0
-6440.0
-6430.0
-6440.0
-6420.0
-6460.0
-6500.0
-6500.0
-6510.0
-6530.0
-6570.0
-6570.0
-6590.0
-6590.0
-6590.0
-6590.0
-6580.0
-6600.0
-6600.0
-6590.0
-6600.0
-6580.0
-6580.0
-6620.0
-6620.0
-6640.0
-6640.0
-6630.0
-6610.0
-6620.0
-6600.0
-6600.0
-6610.0
-6600.0
-6590.0
-6600.0
-6600.0
-6590.0
-6570.0
-6570.0
-6550.0
-6560.0
-6570.0
-6570.0
-6600.0
-6620.0
-6610.0
-6620.0
-6610.0
-6650.0
-6650.0
-6630.0
-6610.0
-6620.0
-6610.0
-6630.0
-6630.0
-6630.0
-6630.0
-6640.0
-6620.0
-6620.0
-6600.0
-6600.0
-6580.0
-6600.0
-6600.0
-6600.0
-6580.0
-6620.0
-6650.0
-6640.0
-6640.0
-6680.0
-6660.0
-6680.0
-6670.0
-6660.0
-6640.0
-6620.0
-6600.0
-6590.0
-6570.0
-6600.0
-6640.0
-6630.0
-6620.0
-6630.0
-6650.0
-6680.0
-6680.0
-6670.0
-6660.0
-6670.0
-6680.0
-6670.0
-6680.0
-6670.0
-6670.0
-6670.0
-6660.0
-6660.0
-6680.0
-6680.0
-6670.0
-6650.0
-6660.0
-6660.0
-6640.0
-6630.0
-6640.0
-6640.0
-6630.0
-6610.0
-6620.0
-6640.0
-6650.0
-6640.0
-6630.0
-6630.0
-6620.0
-6670.0
-6670.0
-6680.0
-6680.0
-6670.0
-6700.0
-6680.0
-6700.0
-6730.0
-6740.0
-6770.0
-6780.0
-6810.0
-6800.0
-6880.0
-6880.0
-6880.0
-6860.0
-6880.0
-6870.0
-6870.0
-6880.0
-6890.0
-6880.0
-6920.0
-6920.0
-6920.0
-6910.0
-6920.0
-6910.0
-6920.0
-6950.0
-6960.0
-6960.0
-6980.0
-7010.0
-6990.0
-6990.0
-6990.0
-7050.0
-7060.0
-7040.0
-7060.0
-7050.0
-7040.0
-7070.0
-7080.0
-7060.0
-7080.0
-7080.0
-7120.0
-7120.0
-7120.0
-7100.0
-7130.0
-7170.0
-7170.0
-7150.0
-7180.0
-7190.0
-7220.0
-7240.0
-7260.0
-7280.0
-7260.0
-7250.0
-7230.0
-7240.0
-7260.0
-7250.0
-7250.0
-7240.0
-7280.0
-7330.0
-7340.0
-7380.0
-7370.0
-7360.0
-7350.0
-7340.0
-7370.0
-7350.0
-7350.0
-7350.0
-7340.0
-7330.0
-7350.0
-7340.0
-7390.0
-7400.0
-7410.0
-7430.0
-7450.0
-7430.0
-7430.0
-7430.0
-7440.0
-7450.0
-7460.0
-7470.0
-7450.0
-7440.0
-7450.0
-7440.0
-7450.0
-7490.0
-7480.0
-7470.0
-7460.0
-7470.0
-7460.0
-7490.0
-7520.0
-7530.0
-7510.0
-7500.0
-7530.0
-7510.0
-7500.0
-7500.0
-7500.0
-7530.0
-7560.0
-7560.0
-7580.0
-7610.0
-7600.0
-7590.0
-7630.0
-7630.0
-7610.0
-7610.0
-7620.0
-7630.0
-7630.0
-7620.0
-7620.0
-7650.0
-7660.0
-7640.0
-7670.0
-7700.0
-7700.0
-7690.0
-7720.0
-7720.0
-7750.0
-7740.0
-7740.0
-7730.0
-7710.0
-7690.0
-7690.0
-7670.0
-7650.0
-7670.0
-7660.0
-7640.0
-7630.0
-7610.0
-7620.0
-7640.0
-7670.0
-7690.0
-7690.0
-7670.0
-7720.0
-7740.0
-7730.0
-7740.0
-7730.0
-7720.0
-7720.0
-7720.0
-7730.0
-7710.0
-7720.0
-7720.0
-7700.0
-7710.0
-7710.0
-7750.0
-7760.0
-7760.0
-7760.0
-7800.0
-7790.0
-7820.0
-7850.0
-7840.0
-7830.0
-7810.0
-7810.0
-7820.0
-7810.0
-7840.0
-7850.0
-7860.0
-7850.0
-7920.0
-7910.0
-7900.0
-7890.0
-7890.0
-7910.0
-7930.0
-7910.0
-7930.0
-7960.0
-7940.0
-7920.0
-7900.0
-7910.0
-7920.0
-7930.0
-7930.0
-7930.0
-7920.0
-7920.0
-7940.0
-7940.0
-7930.0
-7930.0
-7940.0
-7930.0
-7930.0
-7910.0
-7900.0
-7950.0
-7950.0
-7940.0
-7940.0
-7920.0
-7940.0
-7980.0
-7970.0
-7960.0
-7960.0
-7950.0
-7950.0
-7930.0
-7940.0
-7930.0
-7920.0
-8020.0
-8060.0
-8070.0
-8060.0
-8070.0
-8090.0
-8080.0
-8060.0
-8080.0
-8060.0
-8050.0
-8070.0
-8090.0
-8090.0
-8080.0
-8100.0
-8120.0
-8120.0
-8120.0
-8120.0
-8160.0
-8190.0
-8200.0
-8190.0
-8170.0
-8210.0
-8200.0
-8220.0
-8220.0
-8230.0
-8220.0
-8230.0
-8250.0
-8250.0
-8230.0
-8240.0
-8230.0
-8230.0
-8240.0
-8240.0
-8220.0
-8250.0
-8290.0
-8300.0
-8290.0
-8270.0
-8280.0
-8310.0
-8300.0
-8280.0
-8280.0
-8280.0
-8280.0
-8310.0
-8290.0
-8290.0
-8270.0
-8270.0
-8250.0
-8240.0
-8220.0
-8260.0
-8270.0
-8280.0
-8290.0
-8270.0
-8270.0
-8250.0
-8230.0
-8220.0
-8210.0
-8210.0
-8230.0
-8280.0
-8330.0
-8330.0
-8340.0
-8330.0
-8310.0
-8300.0
-8290.0
-8330.0
-8320.0
-8360.0
-8370.0
-8360.0
-8350.0
-8390.0
-8410.0
-8430.0
-8430.0
-8470.0
-8460.0
-8440.0
-8460.0
-8470.0
-8490.0
-8490.0
-8490.0
-8500.0
-8510.0
-8510.0
-8540.0
-8570.0
-8560.0
-8560.0
-8560.0
-8570.0
-8590.0
-8570.0
-8570.0
-8550.0
-8580.0
-8590.0
-8610.0
-8670.0
-8680.0
-8660.0
-8660.0
-8680.0
-8680.0
-8700.0
-8710.0
-8700.0
-8690.0
-8680.0
-8710.0
-8700.0
-8680.0
-8690.0
-8680.0
-8680.0
-8670.0
-8650.0
-8660.0
-8650.0
-8660.0
-8700.0
-8700.0
-8700.0
-8720.0
-8700.0
-8680.0
-8690.0
-8750.0
-8740.0
-8730.0
-8710.0
-8720.0
-8740.0
-8730.0
-8740.0
-8740.0
-8790.0
-8770.0
-8750.0
-8740.0
-8770.0
-8770.0
-8770.0
-8780.0
-8780.0
-8840.0
-8840.0
-8830.0
-8840.0
-8850.0
-8850.0
-8840.0
-8850.0
-8840.0
-8840.0
-8820.0
-8830.0
-8810.0
-8820.0
-8810.0
-8810.0
-8810.0
-8840.0
-8850.0
-8870.0
-8890.0
-8930.0
-8930.0
-8990.0
-8990.0
-8970.0
-8990.0
-9000.0
-9000.0
-9000.0
-9020.0
-9020.0
-9000.0
-9000.0
-8990.0
-8980.0
-8990.0
-8990.0
-8980.0
-8970.0
-8970.0
-8960.0
-8950.0
-8930.0
-8950.0
-8980.0
-9000.0
-9020.0
-9010.0
-9000.0
-9010.0
-9010.0
-9010.0
-9030.0
-9030.0
-9030.0
-9030.0
-9080.0
-9070.0
-9070.0
-9050.0
-9060.0
-9060.0
-9040.0
-9020.0
-9040.0
-9080.0
-9090.0
-9110.0
-9090.0
-9080.0
-9070.0
-9080.0
-9080.0
-9060.0
-9070.0
-9100.0
-9140.0
-9130.0
-9140.0
-9140.0
-9140.0
-9150.0
-9130.0
-9160.0
-9160.0
-9160.0
-9160.0
-9150.0
-9130.0
-9110.0
-9090.0
-9090.0
-9070.0
-9060.0
-9040.0
-9110.0
-9100.0
-9100.0
-9130.0
-9140.0
-9150.0
-9160.0
-9210.0
-9200.0
-9200.0
-9180.0
-9170.0
-9180.0
-9160.0
-9200.0
-9190.0
-9200.0
-9220.0
-9210.0
-9210.0
-9210.0
-9220.0
-9220.0
-9260.0
-9270.0
-9270.0
-9260.0
-9260.0
-9290.0
-9290.0
-9290.0
-9270.0
-9280.0
-9300.0
-9300.0
-9280.0
-9270.0
-9260.0
-9250.0
-9260.0
-9260.0
-9270.0
-9290.0
-9270.0
-9280.0
-9270.0
-9280.0
-9270.0
-9280.0
-9320.0
-9390.0
-9390.0
-9380.0
-9380.0
-9380.0
-9380.0
-9390.0
-9390.0
-9390.0
-9380.0
-9410.0
-9400.0
-9390.0
-9380.0
-9420.0
-9460.0
-9460.0
-9490.0
-9470.0
-9460.0
-9460.0
-9510.0
-9510.0
-9510.0
-9520.0
-9540.0
-9590.0
-9590.0
-9590.0
-9570.0
-9560.0
-9560.0
-9550.0
-9530.0
-9530.0
-9530.0
-9520.0
-9500.0
-9510.0
-9510.0
-9520.0
-9510.0
-9490.0
-9510.0
-9500.0
-9480.0
-9480.0
-9480.0
-9490.0
-9480.0
-9460.0
-9460.0
-9450.0
-9480.0
-9470.0
-9510.0
-9490.0
-9510.0
-9510.0
-9510.0
-9540.0
-9530.0
-9540.0
-9540.0
-9530.0
-9540.0
-9530.0
-9540.0
-9540.0
-9560.0
-9560.0
-9540.0
-9540.0
-9570.0
-9560.0
-9550.0
-9610.0
-9590.0
-9570.0
-9550.0
-9550.0
-9570.0
-9560.0
-9540.0
-9540.0
-9540.0
-9520.0
-9520.0
-9500.0
-9500.0
-9540.0
-9550.0
-9560.0
-9610.0
-9600.0
-9580.0
-9610.0
-9610.0
-9630.0
-9630.0
-9650.0
-9670.0
-9670.0
-9670.0
-9690.0
-9680.0
-9690.0
-9730.0
-9730.0
-9720.0
-9720.0
-9730.0
-9720.0
-9700.0
-9690.0
-9700.0
-9710.0
-9700.0
-9690.0
-9710.0
-9710.0
