a = 0.2
g = 0.2
e = 0.1
random initial weights = true

-1330.0
-2150.0
-2410.0
-2510.0
-2520.0
-2700.0
-2720.0
-2760.0
-2780.0
-2780.0
-2800.0
-2840.0
-2940.0
-2950.0
-2950.0
-2960.0
-2970.0
-3010.0
-3010.0
-3010.0
-3100.0
-3100.0
-3170.0
-3200.0
-3220.0
-3240.0
-3270.0
-3390.0
-3380.0
-3390.0
-3530.0
-3530.0
-3530.0
-3580.0
-3570.0
-3590.0
-3600.0
-3600.0
-3590.0
-3580.0
-3580.0
-3570.0
-3580.0
-3590.0
-3580.0
-3610.0
-3610.0
-3600.0
-3590.0
-3600.0
-3610.0
-3620.0
-3620.0
-3630.0
-3620.0
-3620.0
-3610.0
-3610.0
-3600.0
-3610.0
-3610.0
-3600.0
-3600.0
-3600.0
-3590.0
-3580.0
-3610.0
-3620.0
-3630.0
-3620.0
-3620.0
-3610.0
-3610.0
-3600.0
-3610.0
-3610.0
-3600.0
-3590.0
-3590.0
-3590.0
-3610.0
-3610.0
-3610.0
-3610.0
-3610.0
-3610.0
-3620.0
-3650.0
-3640.0
-3640.0
-3650.0
-3640.0
-3630.0
-3640.0
-3630.0
-3620.0
-3650.0
-3650.0
-3640.0
-3670.0
-3680.0
-3670.0
-3660.0
-3660.0
-3660.0
-3660.0
-3670.0
-3670.0
-3660.0
-3650.0
-3640.0
-3640.0
-3630.0
-3620.0
-3620.0
-3610.0
-3600.0
-3620.0
-3610.0
-3630.0
-3620.0
-3620.0
-3620.0
-3610.0
-3600.0
-3590.0
-3580.0
-3570.0
-3570.0
-3560.0
-3550.0
-3560.0
-3550.0
-3550.0
-3560.0
-3550.0
-3540.0
-3530.0
-3520.0
-3500.0
-3500.0
-3500.0
-3490.0
-3470.0
-3460.0
-3450.0
-3440.0
-3430.0
-3410.0
-3400.0
-3400.0
-3380.0
-3380.0
-3360.0
-3340.0
-3320.0
-3300.0
-3280.0
-3270.0
-3250.0
-3230.0
-3230.0
-3210.0
-3210.0
-3190.0
-3180.0
-3160.0
-3150.0
-3150.0
-3140.0
-3120.0
-3110.0
-3100.0
-3080.0
-3060.0
-3040.0
-3040.0
-3040.0
-3030.0
-3030.0
-3020.0
-3000.0
-2980.0
-2960.0
-2940.0
-2920.0
-2910.0
-2890.0
-2870.0
-2850.0
-2830.0
-2830.0
-2810.0
-2790.0
-2770.0
-2750.0
-2740.0
-2730.0
-2730.0
-2720.0
-2710.0
-2690.0
-2690.0
-2680.0
-2660.0
-2660.0
-2640.0
-2630.0
-2610.0
-2600.0
-2580.0
-2570.0
-2550.0
-2530.0
-2510.0
-2490.0
-2480.0
-2460.0
-2440.0
-2420.0
-2400.0
-2390.0
-2390.0
-2370.0
-2360.0
-2340.0
-2320.0
-2320.0
-2300.0
-2300.0
-2290.0
-2270.0
-2250.0
-2230.0
-2220.0
-2220.0
-2200.0
-2190.0
-2170.0
-2160.0
-2150.0
-2130.0
-2110.0
-2090.0
-2080.0
-2060.0
-2040.0
-2030.0
-2020.0
-2000.0
-1980.0
-1960.0
-1950.0
-1930.0
-1920.0
-1900.0
-1900.0
-1880.0
-1880.0
-1880.0
-1860.0
-1840.0
-1820.0
-1800.0
-1780.0
-1770.0
-1770.0
-1750.0
-1730.0
-1720.0
-1710.0
-1700.0
-1700.0
-1680.0
-1660.0
-1650.0
-1630.0
-1630.0
-1620.0
-1600.0
-1580.0
-1570.0
-1550.0
-1530.0
-1510.0
-1490.0
-1470.0
-1450.0
-1430.0
-1420.0
-1400.0
-1380.0
-1370.0
-1350.0
-1340.0
-1340.0
-1320.0
-1320.0
-1300.0
-1280.0
-1260.0
-1250.0
-1230.0
-1220.0
-1200.0
-1180.0
-1180.0
-1160.0
-1140.0
-1120.0
-1100.0
-1090.0
-1070.0
-1050.0
-1030.0
-1020.0
-1010.0
-990.0
-980.0
-960.0
-940.0
-930.0
-920.0
-900.0
-890.0
-870.0
-850.0
-830.0
-810.0
-790.0
-770.0
-770.0
-760.0
-740.0
-740.0
-720.0
-700.0
-680.0
-660.0
-640.0
-630.0
-610.0
-600.0
-600.0
-600.0
-590.0
-570.0
-560.0
-540.0
-540.0
-520.0
-510.0
-490.0
-470.0
-450.0
-430.0
-410.0
-390.0
-370.0
-370.0
-360.0
-340.0
-320.0
-300.0
-290.0
-270.0
-250.0
-230.0
-210.0
-190.0
-170.0
-150.0
-140.0
-120.0
-100.0
-90.0
-80.0
-60.0
-40.0
-30.0
-10.0
10.0
20.0
40.0
60.0
80.0
100.0
120.0
140.0
150.0
170.0
190.0
210.0
230.0
250.0
270.0
290.0
310.0
330.0
350.0
360.0
370.0
380.0
400.0
410.0
430.0
450.0
470.0
490.0
510.0
530.0
550.0
570.0
590.0
610.0
630.0
640.0
660.0
680.0
700.0
720.0
740.0
750.0
760.0
780.0
790.0
800.0
820.0
830.0
850.0
870.0
890.0
910.0
930.0
950.0
970.0
990.0
1010.0
1020.0
1030.0
1050.0
1070.0
1090.0
1110.0
1130.0
1140.0
1160.0
1180.0
1200.0
1220.0
1240.0
1260.0
1280.0
1290.0
1310.0
1330.0
1350.0
1370.0
1380.0
1400.0
1420.0
1440.0
1460.0
1480.0
1490.0
1500.0
1520.0
1540.0
1540.0
1560.0
1570.0
1570.0
1590.0
1610.0
1630.0
1650.0
1670.0
1690.0
1710.0
1730.0
1740.0
1760.0
1780.0
1800.0
1820.0
1840.0
1860.0
1870.0
1880.0
1890.0
1910.0
1930.0
1950.0
1970.0
1990.0
2010.0
2030.0
2050.0
2070.0
2090.0
2110.0
2130.0
2150.0
2170.0
2190.0
2210.0
2230.0
2230.0
2250.0
2270.0
2290.0
2310.0
2330.0
2350.0
2360.0
2380.0
2390.0
2410.0
2430.0
2450.0
2470.0
2490.0
2510.0
2530.0
2550.0
2560.0
2580.0
2600.0
2620.0
2630.0
2650.0
2660.0
2680.0
2700.0
2710.0
2730.0
2750.0
2770.0
2790.0
2800.0
2820.0
2840.0
2860.0
2880.0
2900.0
2920.0
2940.0
2960.0
2980.0
3000.0
3020.0
3030.0
3050.0
3070.0
3090.0
3110.0
3130.0
3150.0
3170.0
3190.0
3210.0
3230.0
3240.0
3260.0
3280.0
3300.0
3320.0
3340.0
3340.0
3360.0
3380.0
3400.0
3420.0
3440.0
3460.0
3480.0
3500.0
3520.0
3540.0
3550.0
3570.0
3590.0
3610.0
3630.0
3640.0
3660.0
3680.0
3700.0
3720.0
3730.0
3750.0
3770.0
3780.0
3800.0
3800.0
3820.0
3840.0
3850.0
3870.0
3890.0
3910.0
3930.0
3940.0
3950.0
3960.0
3980.0
4000.0
4020.0
4040.0
4050.0
4070.0
4090.0
4110.0
4120.0
4140.0
4160.0
4180.0
4200.0
4220.0
4240.0
4260.0
4280.0
4300.0
4320.0
4340.0
4360.0
4380.0
4400.0
4420.0
4440.0
4450.0
4470.0
4490.0
4510.0
4530.0
4550.0
4570.0
4580.0
4600.0
4620.0
4630.0
4650.0
4660.0
4680.0
4690.0
4710.0
4730.0
4750.0
4770.0
4780.0
4790.0
4810.0
4830.0
4850.0
4870.0
4890.0
4900.0
4920.0
4940.0
4960.0
4980.0
5000.0
5020.0
5030.0
5050.0
5050.0
5070.0
5080.0
5100.0
5120.0
5130.0
5140.0
5140.0
5160.0
5180.0
5190.0
5200.0
5220.0
5240.0
5260.0
5280.0
5300.0
5320.0
5330.0
5350.0
5370.0
5390.0
5400.0
5410.0
5430.0
5450.0
5460.0
5480.0
5500.0
5520.0
5540.0
5560.0
5570.0
5590.0
5610.0
5620.0
5640.0
5650.0
5660.0
5680.0
5700.0
5720.0
5740.0
5760.0
5780.0
5800.0
5820.0
5830.0
5840.0
5860.0
5880.0
5900.0
5920.0
5930.0
5950.0
5960.0
5980.0
5980.0
6000.0
6020.0
6030.0
6050.0
6070.0
6090.0
6110.0
6130.0
6150.0
6170.0
6190.0
6210.0
6230.0
6250.0
6260.0
6280.0
6290.0
6310.0
6330.0
6350.0
6370.0
6380.0
6400.0
6420.0
6440.0
6460.0
6480.0
6500.0
6520.0
6540.0
6560.0
6570.0
6590.0
6610.0
6630.0
6650.0
6670.0
6690.0
6700.0
6700.0
6720.0
6740.0
6760.0
6780.0
6800.0
6820.0
6810.0
6830.0
6850.0
6870.0
6890.0
6910.0
6930.0
6940.0
6960.0
6970.0
6990.0
7000.0
7020.0
7030.0
7050.0
7060.0
7080.0
7100.0
7120.0
7140.0
7160.0
7180.0
7200.0
7220.0
7240.0
7260.0
7280.0
7300.0
7320.0
7340.0
7360.0
7360.0
7380.0
7400.0
7420.0
7440.0
7450.0
7470.0
7490.0
7510.0
7530.0
7550.0
7570.0
7590.0
7600.0
7600.0
7620.0
7640.0
7660.0
7680.0
7700.0
7720.0
7740.0
7760.0
7760.0
7780.0
7800.0
7820.0
7830.0
7850.0
7870.0
7890.0
7900.0
7920.0
7940.0
7960.0
7980.0
7990.0
8010.0
8030.0
8050.0
8060.0
8080.0
8100.0
8110.0
8130.0
8140.0
8150.0
8170.0
8190.0
8210.0
8230.0
8240.0
8260.0
8280.0
8300.0
8320.0
8330.0
8350.0
8370.0
8390.0
8400.0
8410.0
8420.0
8440.0
8460.0
8480.0
8500.0
8520.0
8540.0
8560.0
8580.0
8600.0
8620.0
8630.0
8650.0
8670.0
8690.0
8710.0
8730.0
8750.0
8770.0
8770.0
8790.0
8810.0
8830.0
8850.0
8860.0
8870.0
8880.0
8900.0
8920.0
8940.0
8960.0
8970.0
8990.0
9000.0
9020.0
9040.0
9060.0
9060.0
9080.0
9090.0
9110.0
9120.0
9140.0
9160.0
9170.0
9190.0
9200.0
9220.0
9240.0
9260.0
9280.0
9300.0
9320.0
9340.0
9350.0
9370.0
9390.0
9410.0
9420.0
9440.0
9460.0
9480.0
9500.0
9520.0
9530.0
9550.0
9570.0
9590.0
9610.0
9630.0
9650.0
9670.0
9690.0
9710.0
9720.0
9740.0
9760.0
9760.0
9780.0
9800.0
9820.0
9830.0
9850.0
9850.0
9870.0
9890.0
9900.0
9920.0
9940.0
9950.0
9970.0
9990.0
10010.0
10030.0
10040.0
10060.0
10080.0
10100.0
10120.0
10130.0
10140.0
10160.0
10180.0
10200.0
10220.0
10240.0
10260.0
10280.0
10290.0
10310.0
10330.0
10350.0
10370.0
10390.0
10410.0
10430.0
10450.0
10460.0
10480.0
10490.0
10510.0
10530.0
10550.0
10570.0
10590.0
10610.0
10630.0
10630.0
10640.0
10660.0
10670.0
10690.0
10700.0
10710.0
10730.0
10750.0
10770.0
10790.0
10810.0
10820.0
10840.0
10860.0
10880.0
10900.0
10920.0
10940.0
10950.0
10970.0
10990.0
11010.0
11030.0
11050.0
11070.0
11090.0
11110.0
11130.0
11150.0
11170.0
11190.0
11200.0
11220.0
11240.0
11260.0
11280.0
11290.0
11300.0
11310.0
11310.0
11320.0
11340.0
11360.0
11380.0
11390.0
11410.0
11430.0
11450.0
11470.0
11490.0
11510.0
11530.0
11550.0
11570.0
11590.0
11610.0
11630.0
11650.0
11670.0
11690.0
11710.0
11730.0
11750.0
11770.0
11780.0
11790.0
11800.0
11820.0
11840.0
11850.0
11860.0
11880.0
11900.0
11920.0
11940.0
11940.0
11960.0
11970.0
11990.0
11980.0
12000.0
12020.0
12040.0
12060.0
12060.0
12080.0
12100.0
12120.0
12120.0
12140.0
12160.0
12180.0
12200.0
12220.0
12220.0
12240.0
12260.0
12280.0
12300.0
12320.0
12340.0
12360.0
12380.0
12400.0
12420.0
12440.0
12450.0
12470.0
12490.0
12510.0
12530.0
12550.0
12560.0
12580.0
12600.0
12620.0
12640.0
12650.0
12670.0
12680.0
12700.0
12720.0
12730.0
12750.0
12760.0
12780.0
12790.0
12810.0
12820.0
12840.0
12860.0
12880.0
12900.0
12920.0
12940.0
12960.0
12960.0
12970.0
12990.0
13000.0
13020.0
13040.0
13060.0
13080.0
13090.0
13110.0
13120.0
13140.0
13160.0
13180.0
13200.0
13220.0
13240.0
13250.0
13270.0
13270.0
13280.0
13300.0
13310.0
13320.0
13340.0
13360.0
13380.0
13400.0
13420.0
13440.0
13460.0
13480.0
13500.0
13500.0
13510.0
13510.0
13530.0
13550.0
13570.0
13590.0
13610.0
13630.0
13650.0
13670.0
13690.0
13710.0
13730.0
13750.0
13770.0
13790.0
13800.0
13820.0
13840.0
13860.0
13870.0
13890.0
13900.0
13910.0
13930.0
13950.0
13970.0
13990.0
14000.0
14020.0
14040.0
14060.0
14080.0
14090.0
14100.0
14110.0
14120.0
14140.0
14150.0
14170.0
14190.0
14200.0
14210.0
14230.0
14240.0
14250.0
14270.0
14290.0
14300.0
14320.0
14330.0
14340.0
14350.0
14360.0
14380.0
14390.0
14410.0
14430.0
14450.0
14470.0
14480.0
14490.0
14510.0
14520.0
14530.0
14550.0
14570.0
14590.0
14610.0
14630.0
14650.0
14670.0
14690.0
14710.0
14730.0
14750.0
14770.0
14790.0
14800.0
14810.0
14820.0
14840.0
14860.0
14880.0
14900.0
14920.0
14940.0
14960.0
14970.0
14990.0
15010.0
15030.0
15050.0
15070.0
15090.0
15110.0
15120.0
15140.0
15150.0
15170.0
15190.0
15200.0
15210.0
15230.0
15250.0
15270.0
15290.0
15310.0
15320.0
15340.0
15350.0
15370.0
15390.0
15410.0
15420.0
15440.0
15460.0
15460.0
15480.0
15500.0
15520.0
15540.0
15560.0
15570.0
15590.0
15600.0
15620.0
15640.0
15650.0
15670.0
15690.0
15710.0
15730.0
15750.0
15760.0
15780.0
15790.0
15800.0
15810.0
15830.0
15840.0
15860.0
15880.0
15890.0
15910.0
15930.0
15950.0
15970.0
15980.0
16000.0
16020.0
16040.0
16060.0
16080.0
16100.0
16120.0
16130.0
16150.0
16170.0
16190.0
16210.0
16230.0
16250.0
16270.0
16290.0
16310.0
16330.0
16350.0
16370.0
16390.0
16390.0
16410.0
16420.0
16440.0
16460.0
16470.0
16490.0
16510.0
16530.0
16550.0
16560.0
16570.0
16580.0
16600.0
16620.0
16630.0
16650.0
16660.0
16670.0
16680.0
16700.0
16700.0
16720.0
16740.0
16760.0
16780.0
16800.0
16820.0
16840.0
16860.0
16870.0
16890.0
16910.0
16930.0
16950.0
16970.0
16990.0
17010.0
17030.0
17040.0
17060.0
17080.0
17100.0
17110.0
17130.0
17150.0
17170.0
17190.0
17200.0
17210.0
17230.0
17240.0
17250.0
17270.0
17290.0
17310.0
17330.0
17350.0
17370.0
17390.0
17400.0
17420.0
17440.0
17460.0
17480.0
17500.0
17520.0
17540.0
17550.0
17570.0
17590.0
17610.0
17630.0
17650.0
17660.0
17670.0
17680.0
17700.0
17710.0
17710.0
17720.0
17740.0
17760.0
17780.0
17800.0
17810.0
17830.0
17850.0
17870.0
17890.0
17910.0
17930.0
17950.0
17970.0
17990.0
18010.0
18030.0
18050.0
18070.0
18080.0
18100.0
18120.0
18140.0
18160.0
18180.0
18200.0
18220.0
18230.0
18250.0
18270.0
18290.0
18310.0
18330.0
18340.0
18350.0
18370.0
18380.0
18400.0
18410.0
18410.0
18420.0
18440.0
18460.0
18480.0
18500.0
18520.0
18540.0
18560.0
18580.0
18600.0
18620.0
18640.0
18650.0
18670.0
18690.0
18710.0
18720.0
18730.0
18730.0
18740.0
18760.0
18770.0
18790.0
18810.0
18830.0
18840.0
18860.0
18880.0
18900.0
18920.0
18940.0
18960.0
18980.0
19000.0
19020.0
19040.0
19060.0
19080.0
19090.0
19110.0
19130.0
19150.0
19160.0
19170.0
19180.0
19200.0
19210.0
19230.0
19250.0
19270.0
