a = 0.5
g = 0.5
e = 0.5
random initial weights = true

-430.0
-530.0
-660.0
-740.0
-810.0
-980.0
-1040.0
-1030.0
-1030.0
-1040.0
-1140.0
-1190.0
-1190.0
-1200.0
-1180.0
-1200.0
-1190.0
-1180.0
-1180.0
-1170.0
-1160.0
-1140.0
-1130.0
-1110.0
-1130.0
-1140.0
-1120.0
-1150.0
-1160.0
-1160.0
-1150.0
-1170.0
-1180.0
-1200.0
-1200.0
-1230.0
-1300.0
-1310.0
-1360.0
-1360.0
-1380.0
-1430.0
-1420.0
-1440.0
-1450.0
-1430.0
-1450.0
-1450.0
-1440.0
-1430.0
-1440.0
-1420.0
-1420.0
-1450.0
-1440.0
-1440.0
-1480.0
-1480.0
-1470.0
-1520.0
-1520.0
-1530.0
-1540.0
-1520.0
-1510.0
-1520.0
-1540.0
-1550.0
-1590.0
-1650.0
-1660.0
-1650.0
-1630.0
-1630.0
-1650.0
-1640.0
-1660.0
-1680.0
-1680.0
-1670.0
-1700.0
-1680.0
-1700.0
-1690.0
-1680.0
-1690.0
-1680.0
-1680.0
-1710.0
-1690.0
-1740.0
-1740.0
-1740.0
-1750.0
-1740.0
-1770.0
-1760.0
-1800.0
-1780.0
-1760.0
-1790.0
-1800.0
-1800.0
-1790.0
-1820.0
-1800.0
-1810.0
-1820.0
-1880.0
-1940.0
-1930.0
-1960.0
-1940.0
-1940.0
-1920.0
-1930.0
-1950.0
-1960.0
-2010.0
-2020.0
-2030.0
-2020.0
-2020.0
-2020.0
-2020.0
-2000.0
-1990.0
-1980.0
-1980.0
-2000.0
-2010.0
-2000.0
-2000.0
-2000.0
-2000.0
-2010.0
-2040.0
-2040.0
-2040.0
-2020.0
-2030.0
-2050.0
-2040.0
-2090.0
-2090.0
-2080.0
-2130.0
-2130.0
-2130.0
-2140.0
-2130.0
-2120.0
-2120.0
-2130.0
-2130.0
-2140.0
-2140.0
-2180.0
-2180.0
-2190.0
-2180.0
-2210.0
-2190.0
-2180.0
-2170.0
-2160.0
-2160.0
-2180.0
-2160.0
-2150.0
-2140.0
-2120.0
-2130.0
-2150.0
-2150.0
-2140.0
-2190.0
-2190.0
-2220.0
-2240.0
-2240.0
-2250.0
-2250.0
-2240.0
-2230.0
-2250.0
-2310.0
-2300.0
-2320.0
-2360.0
-2350.0
-2380.0
-2360.0
-2370.0
-2350.0
-2360.0
-2380.0
-2390.0
-2380.0
-2410.0
-2390.0
-2380.0
-2400.0
-2440.0
-2430.0
-2440.0
-2420.0
-2430.0
-2430.0
-2440.0
-2460.0
-2440.0
-2440.0
-2420.0
-2410.0
-2420.0
-2400.0
-2380.0
-2400.0
-2380.0
-2430.0
-2430.0
-2440.0
-2450.0
-2450.0
-2450.0
-2500.0
-2500.0
-2490.0
-2500.0
-2500.0
-2500.0
-2510.0
-2500.0
-2510.0
-2510.0
-2570.0
-2560.0
-2540.0
-2550.0
-2590.0
-2600.0
-2600.0
-2610.0
-2590.0
-2580.0
-2590.0
-2590.0
-2600.0
-2590.0
-2600.0
-2590.0
-2580.0
-2570.0
-2570.0
-2550.0
-2530.0
-2530.0
-2510.0
-2510.0
-2510.0
-2510.0
-2510.0
-2510.0
-2490.0
-2520.0
-2560.0
-2560.0
-2540.0
-2630.0
-2620.0
-2620.0
-2660.0
-2680.0
-2670.0
-2710.0
-2710.0
-2710.0
-2700.0
-2700.0
-2680.0
-2720.0
-2710.0
-2730.0
-2730.0
-2750.0
-2770.0
-2770.0
-2780.0
-2770.0
-2780.0
-2760.0
-2770.0
-2760.0
-2770.0
-2780.0
-2770.0
-2760.0
-2750.0
-2790.0
-2800.0
-2810.0
-2800.0
-2790.0
-2810.0
-2840.0
-2860.0
-2840.0
-2840.0
-2850.0
-2850.0
-2840.0
-2830.0
-2830.0
-2830.0
-2840.0
-2850.0
-2830.0
-2820.0
-2800.0
-2800.0
-2820.0
-2840.0
-2840.0
-2820.0
-2810.0
-2790.0
-2790.0
-2840.0
-2850.0
-2840.0
-2890.0
-2890.0
-2890.0
-2910.0
-2920.0
-2910.0
-2920.0
-2920.0
-2930.0
-2930.0
-2920.0
-2930.0
-2910.0
-2900.0
-2910.0
-2920.0
-2910.0
-2890.0
-2870.0
-2860.0
-2860.0
-2850.0
-2910.0
-2900.0
-2910.0
-2910.0
-2920.0
-2920.0
-2940.0
-2940.0
-2930.0
-2910.0
-2950.0
-2940.0
-2940.0
-2940.0
-2930.0
-2930.0
-2930.0
-2930.0
-2930.0
-2940.0
-2990.0
-3010.0
-3030.0
-3030.0
-3030.0
-3020.0
-3000.0
-3020.0
-3030.0
-3070.0
-3070.0
-3060.0
-3040.0
-3050.0
-3030.0
-3050.0
-3040.0
-3030.0
-3050.0
-3060.0
-3100.0
-3090.0
-3100.0
-3080.0
-3090.0
-3100.0
-3100.0
-3090.0
-3090.0
-3100.0
-3130.0
-3130.0
-3160.0
-3140.0
-3140.0
-3140.0
-3160.0
-3140.0
-3150.0
-3140.0
-3210.0
-3200.0
-3210.0
-3250.0
-3230.0
-3220.0
-3210.0
-3190.0
-3180.0
-3200.0
-3200.0
-3200.0
-3190.0
-3200.0
-3220.0
-3230.0
-3230.0
-3230.0
-3220.0
-3210.0
-3220.0
-3270.0
-3270.0
-3270.0
-3330.0
-3330.0
-3320.0
-3300.0
-3290.0
-3280.0
-3270.0
-3250.0
-3270.0
-3250.0
-3230.0
-3230.0
-3250.0
-3280.0
-3270.0
-3250.0
-3250.0
-3250.0
-3260.0
-3260.0
-3280.0
-3270.0
-3300.0
-3280.0
-3340.0
-3360.0
-3370.0
-3360.0
-3350.0
-3330.0
-3330.0
-3330.0
-3310.0
-3320.0
-3370.0
-3370.0
-3410.0
-3410.0
-3400.0
-3410.0
-3430.0
-3440.0
-3440.0
-3440.0
-3480.0
-3470.0
-3540.0
-3540.0
-3520.0
-3580.0
-3570.0
-3590.0
-3590.0
-3590.0
-3590.0
-3580.0
-3590.0
-3590.0
-3590.0
-3620.0
-3600.0
-3640.0
-3710.0
-3720.0
-3700.0
-3710.0
-3740.0
-3750.0
-3730.0
-3740.0
-3730.0
-3720.0
-3740.0
-3740.0
-3740.0
-3750.0
-3740.0
-3730.0
-3730.0
-3720.0
-3710.0
-3700.0
-3700.0
-3720.0
-3700.0
-3680.0
-3700.0
-3710.0
-3730.0
-3740.0
-3730.0
-3710.0
-3720.0
-3710.0
-3740.0
-3730.0
-3730.0
-3770.0
-3760.0
-3740.0
-3730.0
-3740.0
-3760.0
-3750.0
-3760.0
-3760.0
-3820.0
-3830.0
-3820.0
-3830.0
-3860.0
-3870.0
-3910.0
-3900.0
-3900.0
-3890.0
-3880.0
-3890.0
-3890.0
-3930.0
-4000.0
-4010.0
-4010.0
-4010.0
-4020.0
-4050.0
-4030.0
-4040.0
-4030.0
-4070.0
-4080.0
-4090.0
-4090.0
-4090.0
-4110.0
-4110.0
-4110.0
-4110.0
-4110.0
-4090.0
-4080.0
-4070.0
-4070.0
-4100.0
-4130.0
-4150.0
-4130.0
-4110.0
-4100.0
-4100.0
-4090.0
-4120.0
-4140.0
-4150.0
-4140.0
-4140.0
-4130.0
-4200.0
-4190.0
-4190.0
-4180.0
-4170.0
-4170.0
-4150.0
-4140.0
-4130.0
-4140.0
-4180.0
-4200.0
-4220.0
-4210.0
-4240.0
-4340.0
-4330.0
-4320.0
-4320.0
-4380.0
-4430.0
-4440.0
-4460.0
-4450.0
-4490.0
-4490.0
-4480.0
-4510.0
-4510.0
-4500.0
-4510.0
-4510.0
-4490.0
-4480.0
-4500.0
-4500.0
-4490.0
-4510.0
-4540.0
-4530.0
-4540.0
-4520.0
-4510.0
-4510.0
-4510.0
-4580.0
-4590.0
-4640.0
-4650.0
-4630.0
-4690.0
-4680.0
-4710.0
-4720.0
-4710.0
-4690.0
-4770.0
-4770.0
-4750.0
-4760.0
-4760.0
-4750.0
-4750.0
-4740.0
-4770.0
-4780.0
-4820.0
-4830.0
-4830.0
-4810.0
-4790.0
-4780.0
-4780.0
-4800.0
-4790.0
-4780.0
-4790.0
-4790.0
-4790.0
-4820.0
-4820.0
-4810.0
-4820.0
-4870.0
-4870.0
-4870.0
-4880.0
-4890.0
-4900.0
-4920.0
-4930.0
-4920.0
-4910.0
-4960.0
-4960.0
-4960.0
-4960.0
-4960.0
-5000.0
-5000.0
-5030.0
-5240.0
-5220.0
-5270.0
-5290.0
-5300.0
-5340.0
-5350.0
-5340.0
-5360.0
-5400.0
-5400.0
-5440.0
-5420.0
-5400.0
-5420.0
-5410.0
-5410.0
-5390.0
-5380.0
-5380.0
-5370.0
-5400.0
-5450.0
-5430.0
-5460.0
-5450.0
-5440.0
-5440.0
-5460.0
-5490.0
-5500.0
-5480.0
-5460.0
-5450.0
-5490.0
-5470.0
-5480.0
-5490.0
-5480.0
-5480.0
-5480.0
-5500.0
-5500.0
-5490.0
-5500.0
-5500.0
-5510.0
-5490.0
-5490.0
-5500.0
-5540.0
-5540.0
-5570.0
-5570.0
-5570.0
-5550.0
-5590.0
-5580.0
-5580.0
-5590.0
-5570.0
-5580.0
-5620.0
-5630.0
-5630.0
-5710.0
-5730.0
-5730.0
-5710.0
-5720.0
-5740.0
-5740.0
-5780.0
-5780.0
-5800.0
-5790.0
-5790.0
-5780.0
-5780.0
-5780.0
-5760.0
-5770.0
-5780.0
-5820.0
-5800.0
-5800.0
-5800.0
-5800.0
-5800.0
-5780.0
-5780.0
-5790.0
-5800.0
-5780.0
-5770.0
-5790.0
-5800.0
-5780.0
-5780.0
-5780.0
-5760.0
-5750.0
-5750.0
-5740.0
-5730.0
-5760.0
-5760.0
-5800.0
-5790.0
-5810.0
-5830.0
-5840.0
-5820.0
-5830.0
-5830.0
-5830.0
-5830.0
-5830.0
-5840.0
-5830.0
-5870.0
-5900.0
-5900.0
-5930.0
-5940.0
-5950.0
-5960.0
-5990.0
-5970.0
-5970.0
-5980.0
-5990.0
-5980.0
-5960.0
-5950.0
-5940.0
-5950.0
-5960.0
-5960.0
-5960.0
-5960.0
-5950.0
-5970.0
-5990.0
-5990.0
-5990.0
-5970.0
-5980.0
-5980.0
-6000.0
-5990.0
-5990.0
-6030.0
-6010.0
-5990.0
-5990.0
-6000.0
-6010.0
-6010.0
-6030.0
-6010.0
-6000.0
-6020.0
-6020.0
-6040.0
-6040.0
-6060.0
-6120.0
-6180.0
-6260.0
-6250.0
-6250.0
-6260.0
-6290.0
-6310.0
-6310.0
-6330.0
-6330.0
-6330.0
-6390.0
-6420.0
-6420.0
-6410.0
-6400.0
-6390.0
-6410.0
-6410.0
-6410.0
-6420.0
-6440.0
-6440.0
-6450.0
-6440.0
-6450.0
-6430.0
-6430.0
-6420.0
-6410.0
-6400.0
-6390.0
-6410.0
-6390.0
-6370.0
-6360.0
-6370.0
-6380.0
-6380.0
-6360.0
-6370.0
-6400.0
-6400.0
-6470.0
-6510.0
-6510.0
-6500.0
-6560.0
-6540.0
-6540.0
-6540.0
-6560.0
-6580.0
-6560.0
-6540.0
-6540.0
-6600.0
-6590.0
-6580.0
-6590.0
-6610.0
-6610.0
-6610.0
-6610.0
-6600.0
-6580.0
-6610.0
-6600.0
-6620.0
-6620.0
-6610.0
-6650.0
-6640.0
-6650.0
-6650.0
-6650.0
-6650.0
-6640.0
-6640.0
-6630.0
-6610.0
-6590.0
-6590.0
-6620.0
-6660.0
-6660.0
-6650.0
-6690.0
-6740.0
-6730.0
-6750.0
-6750.0
-6730.0
-6710.0
-6710.0
-6760.0
-6750.0
-6770.0
-6780.0
-6790.0
-6770.0
-6770.0
-6780.0
-6800.0
-6790.0
-6810.0
-6820.0
-6840.0
-6860.0
-6850.0
-6850.0
-6890.0
-6870.0
-6850.0
-6860.0
-6910.0
-6930.0
-6930.0
-6910.0
-6900.0
-6900.0
-6890.0
-6890.0
-6880.0
-6870.0
-6860.0
-6860.0
-6870.0
-6860.0
-6850.0
-6860.0
-6870.0
-6910.0
-6910.0
-6920.0
-6910.0
-6900.0
-6920.0
-6920.0
-6940.0
-6930.0
-6980.0
-6970.0
-7000.0
-7010.0
-7050.0
-7030.0
-7020.0
-7010.0
-7040.0
-7090.0
-7100.0
-7090.0
-7090.0
-7100.0
-7080.0
-7090.0
-7120.0
-7130.0
-7190.0
-7220.0
-7260.0
-7240.0
-7250.0
-7250.0
-7250.0
-7260.0
-7260.0
-7250.0
-7240.0
-7240.0
-7240.0
-7230.0
-7220.0
-7220.0
-7280.0
-7280.0
-7300.0
-7350.0
-7340.0
-7340.0
-7330.0
-7330.0
-7320.0
-7300.0
-7280.0
-7270.0
-7290.0
-7300.0
-7320.0
-7330.0
-7330.0
-7310.0
-7310.0
-7330.0
-7370.0
-7370.0
-7350.0
-7390.0
-7370.0
-7390.0
-7420.0
-7450.0
-7450.0
-7450.0
-7430.0
-7450.0
-7430.0
-7410.0
-7400.0
-7390.0
-7390.0
-7390.0
-7400.0
-7400.0
-7380.0
-7390.0
-7400.0
-7420.0
-7410.0
-7390.0
-7370.0
-7380.0
-7370.0
-7410.0
-7390.0
-7390.0
-7420.0
-7410.0
-7440.0
-7420.0
-7420.0
-7410.0
-7390.0
-7460.0
-7450.0
-7460.0
-7440.0
-7450.0
-7430.0
-7420.0
-7420.0
-7410.0
-7400.0
-7450.0
-7430.0
-7440.0
-7470.0
-7470.0
-7460.0
-7450.0
-7440.0
-7440.0
-7470.0
-7480.0
-7520.0
-7530.0
-7510.0
-7560.0
-7570.0
-7560.0
-7540.0
-7560.0
-7550.0
-7550.0
-7580.0
-7630.0
-7630.0
-7630.0
-7650.0
-7640.0
-7640.0
-7620.0
-7610.0
-7610.0
-7600.0
-7600.0
-7600.0
-7630.0
-7620.0
-7620.0
-7630.0
-7640.0
-7620.0
-7600.0
-7630.0
-7610.0
-7610.0
-7610.0
-7620.0
-7610.0
-7620.0
-7610.0
-7640.0
-7660.0
-7670.0
-7690.0
-7710.0
-7710.0
-7690.0
-7710.0
-7720.0
-7720.0
-7710.0
-7740.0
-7730.0
-7730.0
-7720.0
-7730.0
-7760.0
-7750.0
-7770.0
-7760.0
-7760.0
-7740.0
-7740.0
-7760.0
-7760.0
-7770.0
-7750.0
-7750.0
-7770.0
-7790.0
-7770.0
-7770.0
-7760.0
-7790.0
-7800.0
-7840.0
-7840.0
-7840.0
-7840.0
-7840.0
-7830.0
-7840.0
-7880.0
-7890.0
-7900.0
-7880.0
-7860.0
-7850.0
-7850.0
-7840.0
-7820.0
-7820.0
-7830.0
-7830.0
-7840.0
-7830.0
-7880.0
-7870.0
-7890.0
-7950.0
-7970.0
-7950.0
-7960.0
-7970.0
-7980.0
-7970.0
-7970.0
-7960.0
-7940.0
-7950.0
-7930.0
-7920.0
-7910.0
-7900.0
-7900.0
-7910.0
-7930.0
-7910.0
-7920.0
-8000.0
-7980.0
-7980.0
-8010.0
-8000.0
-7990.0
-8000.0
-7980.0
-7980.0
-7980.0
-7960.0
-7970.0
-7970.0
-7970.0
-8000.0
-8010.0
-8020.0
-8040.0
-8050.0
-8080.0
-8090.0
-8120.0
-8130.0
-8120.0
-8120.0
-8200.0
-8200.0
-8190.0
-8190.0
-8170.0
-8210.0
-8220.0
-8200.0
-8190.0
-8180.0
-8200.0
-8200.0
-8180.0
-8180.0
-8170.0
-8160.0
-8170.0
-8160.0
-8160.0
-8160.0
-8170.0
-8200.0
-8200.0
-8180.0
-8230.0
-8230.0
-8230.0
-8230.0
-8250.0
-8250.0
-8240.0
-8270.0
-8270.0
-8260.0
-8250.0
-8240.0
-8220.0
-8210.0
-8220.0
-8210.0
-8210.0
-8200.0
-8220.0
-8210.0
-8220.0
-8220.0
-8210.0
-8230.0
-8220.0
-8210.0
-8190.0
-8190.0
-8180.0
-8170.0
-8160.0
-8170.0
-8170.0
-8210.0
-8200.0
-8210.0
-8230.0
-8230.0
-8220.0
-8200.0
-8200.0
-8180.0
-8210.0
-8200.0
-8190.0
-8200.0
-8190.0
-8200.0
-8200.0
-8210.0
-8200.0
-8190.0
-8230.0
-8250.0
-8290.0
-8300.0
-8290.0
-8300.0
-8280.0
-8280.0
-8260.0
-8260.0
-8270.0
-8260.0
-8280.0
-8290.0
-8280.0
-8270.0
-8260.0
-8280.0
-8310.0
-8320.0
-8360.0
-8340.0
-8340.0
-8340.0
-8320.0
-8330.0
-8320.0
-8340.0
-8350.0
-8350.0
-8350.0
-8360.0
-8350.0
-8350.0
-8350.0
-8370.0
-8380.0
-8380.0
-8380.0
-8380.0
-8380.0
-8420.0
-8400.0
-8440.0
-8430.0
-8470.0
-8450.0
-8440.0
-8430.0
-8410.0
-8420.0
-8450.0
-8440.0
-8490.0
-8500.0
-8500.0
-8490.0
-8510.0
-8500.0
-8500.0
-8490.0
-8480.0
-8480.0
-8500.0
-8510.0
-8500.0
-8510.0
-8570.0
-8570.0
-8560.0
-8580.0
-8580.0
-8570.0
-8550.0
-8600.0
-8630.0
-8640.0
-8660.0
-8670.0
-8680.0
-8670.0
-8650.0
-8640.0
-8640.0
-8620.0
-8640.0
-8630.0
-8610.0
-8600.0
-8630.0
-8620.0
-8620.0
-8700.0
-8700.0
-8710.0
-8710.0
-8720.0
-8740.0
-8730.0
-8730.0
-8760.0
-8760.0
-8750.0
-8750.0
-8750.0
-8750.0
-8790.0
-8770.0
-8810.0
-8800.0
-8800.0
-8780.0
-8830.0
-8850.0
-8830.0
-8820.0
-8820.0
-8820.0
-8870.0
-8850.0
-8850.0
-8840.0
-8870.0
-8880.0
-8860.0
-8840.0
-8830.0
-8850.0
-8840.0
-8840.0
-8870.0
-8850.0
-8850.0
-8850.0
-8840.0
-8870.0
-8850.0
-8870.0
-8900.0
-8910.0
-8920.0
-8920.0
-8900.0
-8920.0
-8920.0
-8930.0
-8930.0
-8970.0
-8990.0
-9010.0
-9010.0
-8990.0
-9000.0
-8980.0
-8970.0
-8990.0
-9010.0
-9000.0
-9010.0
-9020.0
-9040.0
-9050.0
-9030.0
-9060.0
