a = 0.2
g = 0.2
e = 0.5
random initial weights = true

-340.0
-400.0
-490.0
-660.0
-800.0
-810.0
-1010.0
-1200.0
-1220.0
-1240.0
-1430.0
-1470.0
-1660.0
-1700.0
-1690.0
-1770.0
-1830.0
-1880.0
-1910.0
-1910.0
-2000.0
-2010.0
-2010.0
-2080.0
-2320.0
-2390.0
-2380.0
-2450.0
-2450.0
-2480.0
-2560.0
-2610.0
-2660.0
-2650.0
-2660.0
-2660.0
-2680.0
-2700.0
-2720.0
-2740.0
-2770.0
-2820.0
-2810.0
-2840.0
-2850.0
-2870.0
-2850.0
-2830.0
-2850.0
-2850.0
-2840.0
-2840.0
-2850.0
-2830.0
-2830.0
-2860.0
-2840.0
-2830.0
-2820.0
-2820.0
-2820.0
-2840.0
-2840.0
-2850.0
-2850.0
-2890.0
-2910.0
-2900.0
-2920.0
-2920.0
-2900.0
-2950.0
-3010.0
-2990.0
-2970.0
-2990.0
-2990.0
-3030.0
-3080.0
-3060.0
-3090.0
-3110.0
-3150.0
-3130.0
-3130.0
-3150.0
-3140.0
-3140.0
-3130.0
-3150.0
-3140.0
-3150.0
-3140.0
-3130.0
-3110.0
-3090.0
-3090.0
-3110.0
-3140.0
-3130.0
-3140.0
-3130.0
-3120.0
-3120.0
-3110.0
-3270.0
-3260.0
-3260.0
-3260.0
-3260.0
-3280.0
-3280.0
-3280.0
-3310.0
-3320.0
-3300.0
-3290.0
-3280.0
-3270.0
-3280.0
-3280.0
-3280.0
-3260.0
-3280.0
-3360.0
-3370.0
-3390.0
-3380.0
-3390.0
-3390.0
-3380.0
-3430.0
-3410.0
-3410.0
-3390.0
-3380.0
-3370.0
-3380.0
-3360.0
-3350.0
-3340.0
-3380.0
-3370.0
-3440.0
-3440.0
-3430.0
-3420.0
-3410.0
-3410.0
-3420.0
-3430.0
-3420.0
-3430.0
-3420.0
-3400.0
-3380.0
-3370.0
-3360.0
-3360.0
-3370.0
-3380.0
-3400.0
-3410.0
-3480.0
-3470.0
-3450.0
-3480.0
-3500.0
-3500.0
-3490.0
-3480.0
-3460.0
-3510.0
-3500.0
-3560.0
-3570.0
-3580.0
-3580.0
-3580.0
-3590.0
-3600.0
-3640.0
-3640.0
-3700.0
-3700.0
-3700.0
-3700.0
-3680.0
-3680.0
-3680.0
-3660.0
-3660.0
-3640.0
-3650.0
-3640.0
-3630.0
-3650.0
-3640.0
-3640.0
-3650.0
-3650.0
-3670.0
-3680.0
-3680.0
-3710.0
-3750.0
-3750.0
-3760.0
-3750.0
-3730.0
-3710.0
-3720.0
-3710.0
-3690.0
-3690.0
-3730.0
-3770.0
-3760.0
-3760.0
-3750.0
-3760.0
-3750.0
-3740.0
-3730.0
-3720.0
-3710.0
-3700.0
-3680.0
-3680.0
-3660.0
-3710.0
-3730.0
-3750.0
-3760.0
-3820.0
-3830.0
-3850.0
-3830.0
-3820.0
-3820.0
-3830.0
-3890.0
-3920.0
-3980.0
-4000.0
-4000.0
-4010.0
-4020.0
-4010.0
-4010.0
-4000.0
-3990.0
-3990.0
-4020.0
-4030.0
-4030.0
-4030.0
-4050.0
-4080.0
-4070.0
-4050.0
-4040.0
-4100.0
-4090.0
-4100.0
-4080.0
-4080.0
-4080.0
-4070.0
-4070.0
-4070.0
-4110.0
-4180.0
-4170.0
-4160.0
-4200.0
-4190.0
-4260.0
-4270.0
-4280.0
-4270.0
-4280.0
-4280.0
-4330.0
-4320.0
-4330.0
-4310.0
-4300.0
-4300.0
-4330.0
-4320.0
-4360.0
-4360.0
-4350.0
-4360.0
-4380.0
-4370.0
-4350.0
-4330.0
-4340.0
-4370.0
-4380.0
-4450.0
-4500.0
-4510.0
-4510.0
-4520.0
-4520.0
-4510.0
-4540.0
-4550.0
-4590.0
-4670.0
-4660.0
-4660.0
-4640.0
-4680.0
-4680.0
-4680.0
-4720.0
-4740.0
-4740.0
-4760.0
-4780.0
-4770.0
-4760.0
-4740.0
-4740.0
-4750.0
-4750.0
-4730.0
-4710.0
-4780.0
-4790.0
-4790.0
-4800.0
-4810.0
-4810.0
-4800.0
-4830.0
-4860.0
-4850.0
-4840.0
-4860.0
-4890.0
-4940.0
-4950.0
-4960.0
-5050.0
-5030.0
-5020.0
-5030.0
-5020.0
-5010.0
-5010.0
-5000.0
-5020.0
-5020.0
-5060.0
-5060.0
-5100.0
-5090.0
-5080.0
-5060.0
-5040.0
-5040.0
-5050.0
-5090.0
-5120.0
-5120.0
-5120.0
-5110.0
-5200.0
-5180.0
-5160.0
-5180.0
-5200.0
-5200.0
-5200.0
-5220.0
-5220.0
-5250.0
-5270.0
-5270.0
-5300.0
-5330.0
-5330.0
-5370.0
-5360.0
-5360.0
-5360.0
-5380.0
-5380.0
-5360.0
-5360.0
-5360.0
-5390.0
-5390.0
-5380.0
-5380.0
-5410.0
-5420.0
-5420.0
-5410.0
-5390.0
-5450.0
-5450.0
-5450.0
-5470.0
-5490.0
-5490.0
-5500.0
-5490.0
-5480.0
-5500.0
-5520.0
-5540.0
-5530.0
-5530.0
-5510.0
-5520.0
-5510.0
-5490.0
-5470.0
-5510.0
-5500.0
-5510.0
-5530.0
-5520.0
-5560.0
-5550.0
-5530.0
-5530.0
-5540.0
-5520.0
-5520.0
-5520.0
-5500.0
-5560.0
-5550.0
-5540.0
-5540.0
-5550.0
-5540.0
-5530.0
-5540.0
-5550.0
-5560.0
-5570.0
-5560.0
-5560.0
-5570.0
-5590.0
-5600.0
-5610.0
-5610.0
-5630.0
-5630.0
-5630.0
-5620.0
-5610.0
-5640.0
-5650.0
-5690.0
-5720.0
-5710.0
-5710.0
-5700.0
-5730.0
-5730.0
-5720.0
-5720.0
-5720.0
-5740.0
-5720.0
-5740.0
-5730.0
-5760.0
-5740.0
-5740.0
-5760.0
-5770.0
-5800.0
-5830.0
-5850.0
-5850.0
-5840.0
-5840.0
-5820.0
-5810.0
-5850.0
-5860.0
-5860.0
-5880.0
-5900.0
-5900.0
-5910.0
-5910.0
-5890.0
-5890.0
-5880.0
-5880.0
-5870.0
-5890.0
-5910.0
-5910.0
-5910.0
-5900.0
-5920.0
-5920.0
-5960.0
-5940.0
-5930.0
-5950.0
-5960.0
-5960.0
-5960.0
-5980.0
-5980.0
-6000.0
-5990.0
-6000.0
-6000.0
-5980.0
-6010.0
-6040.0
-6040.0
-6030.0
-6050.0
-6080.0
-6080.0
-6080.0
-6080.0
-6060.0
-6040.0
-6020.0
-6010.0
-6000.0
-6010.0
-6000.0
-6010.0
-6020.0
-6020.0
-6020.0
-6040.0
-6050.0
-6090.0
-6100.0
-6120.0
-6130.0
-6120.0
-6160.0
-6150.0
-6130.0
-6110.0
-6100.0
-6090.0
-6090.0
-6120.0
-6150.0
-6150.0
-6140.0
-6160.0
-6190.0
-6190.0
-6220.0
-6210.0
-6220.0
-6220.0
-6240.0
-6220.0
-6200.0
-6230.0
-6240.0
-6300.0
-6300.0
-6320.0
-6330.0
-6330.0
-6380.0
-6410.0
-6410.0
-6390.0
-6400.0
-6410.0
-6470.0
-6450.0
-6440.0
-6430.0
-6430.0
-6440.0
-6450.0
-6440.0
-6430.0
-6440.0
-6470.0
-6470.0
-6470.0
-6480.0
-6470.0
-6530.0
-6510.0
-6510.0
-6500.0
-6490.0
-6570.0
-6580.0
-6560.0
-6590.0
-6600.0
-6600.0
-6610.0
-6610.0
-6610.0
-6600.0
-6630.0
-6640.0
-6650.0
-6660.0
-6660.0
-6640.0
-6650.0
-6640.0
-6640.0
-6640.0
-6640.0
-6650.0
-6660.0
-6640.0
-6620.0
-6600.0
-6600.0
-6590.0
-6590.0
-6590.0
-6590.0
-6580.0
-6660.0
-6670.0
-6680.0
-6660.0
-6670.0
-6690.0
-6690.0
-6680.0
-6680.0
-6700.0
-6700.0
-6720.0
-6720.0
-6720.0
-6700.0
-6690.0
-6690.0
-6670.0
-6670.0
-6650.0
-6640.0
-6620.0
-6620.0
-6620.0
-6630.0
-6610.0
-6610.0
-6660.0
-6650.0
-6680.0
-6710.0
-6720.0
-6720.0
-6770.0
-6760.0
-6760.0
-6740.0
-6760.0
-6760.0
-6840.0
-6830.0
-6850.0
-6860.0
-6860.0
-6900.0
-6900.0
-6920.0
-6960.0
-6960.0
-6940.0
-6950.0
-7020.0
-7000.0
-7000.0
-6980.0
-6990.0
-6990.0
-6970.0
-6960.0
-6970.0
-6970.0
-6990.0
-6980.0
-6980.0
-6970.0
-6950.0
-6960.0
-6960.0
-6940.0
-6950.0
-6960.0
-7020.0
-7040.0
-7030.0
-7030.0
-7020.0
-7010.0
-7010.0
-7010.0
-7030.0
-7050.0
-7090.0
-7090.0
-7120.0
-7110.0
-7100.0
-7130.0
-7150.0
-7180.0
-7170.0
-7150.0
-7170.0
-7170.0
-7200.0
-7210.0
-7210.0
-7220.0
-7210.0
-7210.0
-7200.0
-7230.0
-7230.0
-7240.0
-7230.0
-7250.0
-7260.0
-7280.0
-7260.0
-7250.0
-7270.0
-7280.0
-7290.0
-7300.0
-7290.0
-7280.0
-7300.0
-7280.0
-7290.0
-7290.0
-7290.0
-7310.0
-7370.0
-7350.0
-7340.0
-7350.0
-7380.0
-7370.0
-7420.0
-7430.0
-7420.0
-7400.0
-7390.0
-7420.0
-7430.0
-7430.0
-7480.0
-7490.0
-7520.0
-7520.0
-7500.0
-7490.0
-7500.0
-7520.0
-7520.0
-7510.0
-7510.0
-7520.0
-7580.0
-7560.0
-7540.0
-7530.0
-7520.0
-7510.0
-7510.0
-7510.0
-7520.0
-7510.0
-7500.0
-7530.0
-7580.0
-7570.0
-7570.0
-7600.0
-7580.0
-7560.0
-7550.0
-7560.0
-7540.0
-7530.0
-7540.0
-7530.0
-7550.0
-7540.0
-7560.0
-7560.0
-7550.0
-7540.0
-7540.0
-7610.0
-7680.0
-7660.0
-7660.0
-7730.0
-7740.0
-7770.0
-7760.0
-7830.0
-7860.0
-7870.0
-7910.0
-7910.0
-7900.0
-7910.0
-7890.0
-7920.0
-7920.0
-7900.0
-7910.0
-7910.0
-7960.0
-7970.0
-8010.0
-8010.0
-8030.0
-8030.0
-8040.0
-8110.0
-8100.0
-8110.0
-8120.0
-8130.0
-8120.0
-8130.0
-8140.0
-8130.0
-8160.0
-8170.0
-8230.0
-8220.0
-8260.0
-8240.0
-8230.0
-8240.0
-8230.0
-8250.0
-8250.0
-8250.0
-8300.0
-8340.0
-8320.0
-8330.0
-8330.0
-8320.0
-8330.0
-8340.0
-8340.0
-8400.0
-8430.0
-8430.0
-8450.0
-8430.0
-8480.0
-8490.0
-8480.0
-8490.0
-8480.0
-8490.0
-8470.0
-8470.0
-8470.0
-8510.0
-8560.0
-8550.0
-8570.0
-8570.0
-8560.0
-8560.0
-8560.0
-8590.0
-8590.0
-8610.0
-8610.0
-8610.0
-8610.0
-8640.0
-8650.0
-8640.0
-8640.0
-8640.0
-8650.0
-8680.0
-8690.0
-8710.0
-8730.0
-8730.0
-8770.0
-8790.0
-8770.0
-8800.0
-8820.0
-8800.0
-8780.0
-8780.0
-8780.0
-8770.0
-8810.0
-8810.0
-8800.0
-8790.0
-8790.0
-8810.0
-8810.0
-8890.0
-8940.0
-8940.0
-8920.0
-8920.0
-8950.0
-8950.0
-8970.0
-8960.0
-9000.0
-9020.0
-9050.0
-9040.0
-9060.0
-9050.0
-9060.0
-9060.0
-9040.0
-9050.0
-9060.0
-9080.0
-9080.0
-9090.0
-9090.0
-9080.0
-9090.0
-9080.0
-9120.0
-9110.0
-9120.0
-9170.0
-9160.0
-9150.0
-9140.0
-9130.0
-9110.0
-9110.0
-9090.0
-9110.0
-9190.0
-9180.0
-9180.0
-9190.0
-9220.0
-9220.0
-9240.0
-9220.0
-9230.0
-9240.0
-9290.0
-9290.0
-9270.0
-9290.0
-9320.0
-9320.0
-9340.0
-9330.0
-9340.0
-9370.0
-9360.0
-9430.0
-9450.0
-9460.0
-9450.0
-9440.0
-9440.0
-9490.0
-9520.0
-9600.0
-9580.0
-9560.0
-9570.0
-9580.0
-9580.0
-9560.0
-9550.0
-9540.0
-9560.0
-9550.0
-9560.0
-9560.0
-9560.0
-9570.0
-9580.0
-9610.0
-9630.0
-9610.0
-9620.0
-9600.0
-9590.0
-9580.0
-9580.0
-9580.0
-9570.0
-9610.0
-9610.0
-9630.0
-9660.0
-9660.0
-9640.0
-9620.0
-9650.0
-9670.0
-9780.0
-9780.0
-9870.0
-9870.0
-9880.0
-9860.0
-9840.0
-9830.0
-9830.0
-9840.0
-9850.0
-9860.0
-9840.0
-9820.0
-9830.0
-9860.0
-9860.0
-9860.0
-9840.0
-9850.0
-9850.0
-9830.0
-9820.0
-9810.0
-9830.0
-9810.0
-9840.0
-9850.0
-9850.0
-9840.0
-9850.0
-9850.0
-9830.0
-9810.0
-9790.0
-9790.0
-9800.0
-9780.0
-9770.0
-9750.0
-9750.0
-9770.0
-9760.0
-9740.0
-9740.0
-9790.0
-9820.0
-9810.0
-9800.0
-9850.0
-9860.0
-9850.0
-9850.0
-9870.0
-9880.0
-9960.0
-9960.0
-9950.0
-9940.0
-9980.0
-9960.0
-9980.0
-9990.0
-9990.0
-9990.0
-9990.0
-10020.0
-10060.0
-10070.0
-10050.0
-10080.0
-10080.0
-10060.0
-10070.0
-10080.0
-10060.0
-10070.0
-10080.0
-10090.0
-10100.0
-10120.0
-10150.0
-10150.0
-10190.0
-10180.0
-10220.0
-10220.0
-10200.0
-10190.0
-10180.0
-10180.0
-10210.0
-10190.0
-10170.0
-10180.0
-10190.0
-10240.0
-10270.0
-10260.0
-10270.0
-10260.0
-10290.0
-10300.0
-10290.0
-10280.0
-10310.0
-10340.0
-10340.0
-10350.0
-10380.0
-10460.0
-10470.0
-10450.0
-10460.0
-10450.0
-10430.0
-10470.0
-10490.0
-10530.0
-10530.0
-10580.0
-10620.0
-10610.0
-10620.0
-10630.0
-10630.0
-10660.0
-10640.0
-10630.0
-10620.0
-10640.0
-10670.0
-10670.0
-10660.0
-10660.0
-10640.0
-10630.0
-10620.0
-10620.0
-10610.0
-10600.0
-10620.0
-10600.0
-10630.0
-10640.0
-10650.0
-10650.0
-10660.0
-10660.0
-10660.0
-10700.0
-10700.0
-10770.0
-10770.0
-10780.0
-10760.0
-10780.0
-10810.0
-10810.0
-10870.0
-10890.0
-10880.0
-10880.0
-10870.0
-10920.0
-10900.0
-10910.0
-10890.0
-10920.0
-10950.0
-10940.0
-10950.0
-10940.0
-10930.0
-10930.0
-10910.0
-10920.0
-10920.0
-10910.0
-10950.0
-10950.0
-10960.0
-10970.0
-11010.0
-10990.0
-10980.0
-10980.0
-10960.0
-10950.0
-10930.0
-10940.0
-10950.0
-10950.0
-10950.0
-10970.0
-10960.0
-10950.0
-10960.0
-10960.0
-10980.0
-10990.0
-11040.0
-11040.0
-11020.0
-11040.0
-11050.0
-11070.0
-11050.0
-11040.0
-11020.0
-11000.0
-10990.0
-11000.0
-10990.0
-10970.0
-11060.0
-11050.0
-11120.0
-11120.0
-11120.0
-11110.0
-11120.0
-11160.0
-11150.0
-11150.0
-11190.0
-11170.0
-11190.0
-11180.0
-11200.0
-11230.0
-11240.0
-11240.0
-11250.0
-11250.0
-11270.0
-11300.0
-11300.0
-11320.0
-11340.0
-11330.0
-11310.0
-11320.0
-11330.0
-11340.0
-11390.0
-11380.0
-11380.0
-11390.0
-11410.0
-11400.0
-11400.0
-11380.0
-11390.0
-11380.0
-11370.0
-11350.0
-11360.0
-11340.0
-11340.0
-11330.0
-11320.0
-11330.0
-11350.0
-11370.0
-11360.0
-11350.0
-11350.0
-11350.0
-11380.0
-11380.0
-11390.0
-11440.0
-11420.0
-11450.0
-11470.0
-11460.0
-11470.0
-11480.0
-11470.0
-11500.0
-11540.0
-11520.0
-11560.0
-11550.0
-11570.0
-11600.0
-11590.0
-11580.0
-11620.0
-11620.0
-11630.0
-11640.0
-11630.0
-11610.0
-11620.0
-11610.0
-11600.0
-11610.0
-11620.0
-11630.0
-11650.0
-11660.0
-11670.0
-11660.0
-11660.0
-11640.0
-11650.0
-11660.0
-11640.0
-11630.0
-11630.0
-11610.0
-11610.0
-11610.0
-11630.0
-11650.0
-11680.0
-11700.0
-11690.0
-11720.0
-11750.0
-11760.0
-11740.0
-11720.0
-11700.0
-11710.0
-11710.0
-11700.0
-11680.0
-11700.0
-11710.0
-11710.0
-11700.0
-11680.0
-11770.0
-11760.0
-11760.0
-11760.0
-11740.0
-11770.0
-11800.0
-11800.0
-11780.0
-11790.0
-11790.0
-11790.0
-11790.0
-11770.0
-11770.0
-11770.0
-11790.0
-11770.0
-11800.0
-11840.0
-11860.0
-11860.0
-11850.0
-11840.0
-11820.0
-11880.0
-11900.0
-11890.0
-11910.0
-11930.0
-11910.0
-11910.0
-11940.0
-11930.0
-11910.0
-11900.0
-11890.0
-11880.0
-11900.0
-11900.0
-11940.0
-11940.0
-11960.0
-11950.0
-11940.0
-11940.0
-11920.0
-11930.0
-11960.0
-11950.0
-11980.0
-12000.0
-11990.0
-12020.0
-12050.0
-12040.0
-12040.0
-12030.0
-12040.0
-12060.0
-12090.0
-12090.0
-12090.0
-12070.0
-12070.0
-12070.0
-12080.0
-12090.0
-12100.0
-12090.0
-12110.0
-12120.0
-12140.0
-12120.0
-12100.0
-12110.0
-12090.0
-12090.0
-12120.0
-12110.0
-12140.0
-12170.0
-12160.0
-12170.0
-12170.0
-12160.0
-12170.0
-12160.0
-12150.0
-12160.0
-12150.0
-12160.0
-12170.0
-12200.0
-12180.0
-12180.0
-12260.0
-12260.0
-12270.0
-12290.0
-12290.0
-12280.0
-12270.0
-12250.0
-12240.0
-12250.0
-12260.0
-12310.0
-12300.0
-12290.0
-12300.0
-12310.0
-12330.0
-12330.0
-12360.0
-12380.0
-12420.0
-12440.0
-12460.0
-12460.0
-12470.0
-12470.0
-12480.0
-12540.0
-12550.0
-12530.0
-12530.0
-12620.0
-12610.0
-12590.0
-12590.0
-12610.0
-12610.0
