a = 0.5
g = 0.5
e = 0.1
random initial weights = true

-130.0
-150.0
-170.0
-200.0
-190.0
-220.0
-230.0
-290.0
-310.0
-310.0
-310.0
-310.0
-310.0
-300.0
-310.0
-300.0
-340.0
-330.0
-340.0
-360.0
-360.0
-370.0
-360.0
-370.0
-380.0
-370.0
-380.0
-380.0
-380.0
-380.0
-370.0
-370.0
-380.0
-370.0
-380.0
-370.0
-370.0
-360.0
-350.0
-340.0
-330.0
-330.0
-330.0
-310.0
-290.0
-270.0
-250.0
-230.0
-210.0
-210.0
-200.0
-180.0
-160.0
-140.0
-120.0
-100.0
-80.0
-60.0
-40.0
-30.0
-10.0
10.0
30.0
50.0
70.0
90.0
110.0
120.0
140.0
160.0
180.0
190.0
210.0
230.0
250.0
250.0
270.0
280.0
300.0
320.0
340.0
360.0
380.0
400.0
420.0
440.0
460.0
480.0
500.0
520.0
530.0
550.0
570.0
590.0
610.0
630.0
650.0
660.0
670.0
690.0
710.0
720.0
740.0
760.0
780.0
800.0
820.0
840.0
850.0
870.0
890.0
910.0
930.0
950.0
960.0
970.0
980.0
1000.0
1020.0
1040.0
1060.0
1080.0
1100.0
1120.0
1140.0
1150.0
1170.0
1190.0
1210.0
1230.0
1240.0
1260.0
1280.0
1300.0
1320.0
1340.0
1340.0
1360.0
1360.0
1380.0
1400.0
1420.0
1440.0
1460.0
1480.0
1500.0
1520.0
1530.0
1550.0
1570.0
1590.0
1590.0
1610.0
1630.0
1630.0
1650.0
1670.0
1680.0
1700.0
1720.0
1740.0
1760.0
1780.0
1790.0
1800.0
1820.0
1840.0
1860.0
1880.0
1890.0
1900.0
1920.0
1920.0
1940.0
1960.0
1980.0
2000.0
2020.0
2040.0
2060.0
2080.0
2100.0
2120.0
2140.0
2160.0
2180.0
2200.0
2220.0
2240.0
2250.0
2270.0
2290.0
2310.0
2320.0
2320.0
2340.0
2350.0
2360.0
2370.0
2380.0
2400.0
2420.0
2420.0
2440.0
2450.0
2460.0
2480.0
2490.0
2510.0
2530.0
2540.0
2560.0
2570.0
2590.0
2610.0
2600.0
2610.0
2630.0
2650.0
2660.0
2680.0
2700.0
2700.0
2710.0
2730.0
2740.0
2760.0
2780.0
2800.0
2820.0
2840.0
2860.0
2870.0
2880.0
2890.0
2910.0
2930.0
2950.0
2970.0
2990.0
3000.0
3020.0
3040.0
3050.0
3070.0
3090.0
3110.0
3120.0
3140.0
3160.0
3180.0
3190.0
3210.0
3230.0
3250.0
3260.0
3280.0
3290.0
3310.0
3330.0
3350.0
3350.0
3370.0
3380.0
3400.0
3420.0
3440.0
3460.0
3480.0
3500.0
3520.0
3530.0
3550.0
3570.0
3590.0
3610.0
3630.0
3650.0
3670.0
3690.0
3710.0
3730.0
3750.0
3760.0
3780.0
3800.0
3820.0
3840.0
3860.0
3880.0
3900.0
3910.0
3930.0
3940.0
3960.0
3980.0
4000.0
4020.0
4040.0
4060.0
4080.0
4100.0
4120.0
4140.0
4160.0
4170.0
4180.0
4190.0
4210.0
4230.0
4240.0
4260.0
4280.0
4290.0
4310.0
4330.0
4350.0
4370.0
4390.0
4410.0
4420.0
4440.0
4460.0
4480.0
4500.0
4520.0
4530.0
4550.0
4570.0
4590.0
4610.0
4630.0
4640.0
4660.0
4680.0
4680.0
4690.0
4710.0
4730.0
4750.0
4770.0
4770.0
4780.0
4780.0
4800.0
4810.0
4820.0
4840.0
4860.0
4880.0
4880.0
4900.0
4900.0
4920.0
4940.0
4960.0
4980.0
5000.0
5020.0
5030.0
5050.0
5040.0
5060.0
5080.0
5080.0
5100.0
5110.0
5120.0
5140.0
5160.0
5180.0
5190.0
5200.0
5210.0
5230.0
5250.0
5270.0
5290.0
5310.0
5320.0
5340.0
5360.0
5380.0
5400.0
5420.0
5440.0
5460.0
5480.0
5500.0
5520.0
5540.0
5560.0
5560.0
5570.0
5580.0
5600.0
5620.0
5640.0
5660.0
5680.0
5700.0
5710.0
5730.0
5750.0
5770.0
5790.0
5800.0
5810.0
5830.0
5850.0
5870.0
5890.0
5910.0
5930.0
5930.0
5940.0
5950.0
5970.0
5980.0
6000.0
6020.0
6000.0
6020.0
6040.0
6060.0
6080.0
6090.0
6110.0
6130.0
6150.0
6170.0
6170.0
6180.0
6200.0
6210.0
6230.0
6250.0
6270.0
6290.0
6310.0
6330.0
6350.0
6360.0
6380.0
6400.0
6420.0
6440.0
6460.0
6470.0
6490.0
6510.0
6520.0
6540.0
6560.0
6580.0
6600.0
6620.0
6620.0
6630.0
6650.0
6670.0
6690.0
6710.0
6730.0
6750.0
6770.0
6790.0
6810.0
6830.0
6850.0
6870.0
6890.0
6900.0
6920.0
6940.0
6950.0
6970.0
6990.0
7010.0
7030.0
7050.0
7070.0
7070.0
7080.0
7100.0
7120.0
7140.0
7150.0
7170.0
7180.0
7190.0
7210.0
7210.0
7220.0
7230.0
7250.0
7260.0
7280.0
7300.0
7320.0
7330.0
7330.0
7350.0
7370.0
7390.0
7410.0
7420.0
7440.0
7460.0
7470.0
7470.0
7480.0
7500.0
7520.0
7530.0
7530.0
7540.0
7560.0
7570.0
7580.0
7600.0
7620.0
7640.0
7660.0
7680.0
7700.0
7720.0
7710.0
7710.0
7730.0
7750.0
7770.0
7790.0
7810.0
7830.0
7840.0
7860.0
7880.0
7890.0
7910.0
7920.0
7940.0
7950.0
7970.0
7990.0
8010.0
8030.0
8050.0
8060.0
8080.0
8090.0
8110.0
8110.0
8120.0
8130.0
8140.0
8150.0
8160.0
8180.0
8200.0
8200.0
8220.0
8240.0
8260.0
8280.0
8300.0
8310.0
8300.0
8310.0
8330.0
8350.0
8370.0
8390.0
8410.0
8430.0
8440.0
8460.0
8470.0
8490.0
8510.0
8530.0
8550.0
8570.0
8580.0
8600.0
8610.0
8630.0
8640.0
8660.0
8660.0
8680.0
8700.0
8720.0
8740.0
8760.0
8770.0
8780.0
8800.0
8820.0
8840.0
8860.0
8870.0
8890.0
8910.0
8930.0
8950.0
8970.0
8980.0
9000.0
9010.0
9020.0
9030.0
9050.0
9070.0
9080.0
9100.0
9120.0
9140.0
9160.0
9180.0
9190.0
9210.0
9230.0
9250.0
9250.0
9250.0
9270.0
9290.0
9290.0
9300.0
9310.0
9330.0
9350.0
9370.0
9390.0
9410.0
9420.0
9430.0
9430.0
9440.0
9460.0
9470.0
9490.0
9490.0
9510.0
9520.0
9520.0
9530.0
9540.0
9540.0
9550.0
9570.0
9570.0
9590.0
9610.0
9620.0
9640.0
9660.0
9680.0
9690.0
9710.0
9720.0
9740.0
9750.0
9770.0
9790.0
9810.0
9830.0
9850.0
9860.0
9880.0
9890.0
9910.0
9930.0
9950.0
9970.0
9980.0
10000.0
10020.0
10040.0
10060.0
10080.0
10100.0
10120.0
10130.0
10150.0
10160.0
10170.0
10190.0
10210.0
10230.0
10250.0
10270.0
10290.0
10310.0
10330.0
10350.0
10360.0
10380.0
10400.0
10420.0
10430.0
10450.0
10470.0
10480.0
10490.0
10510.0
10530.0
10550.0
10570.0
10590.0
10610.0
10620.0
10640.0
10660.0
10680.0
10700.0
10710.0
10730.0
10740.0
10760.0
10780.0
10800.0
10820.0
10840.0
10860.0
10880.0
10900.0
10920.0
10930.0
10950.0
10970.0
10990.0
11000.0
11020.0
11040.0
11060.0
11070.0
11080.0
11100.0
11120.0
11140.0
11160.0
11170.0
11180.0
11200.0
11220.0
11240.0
11240.0
11260.0
11270.0
11280.0
11290.0
11300.0
11320.0
11340.0
11350.0
11370.0
11390.0
11410.0
11430.0
11450.0
11470.0
11490.0
11510.0
11530.0
11540.0
11560.0
11570.0
11590.0
11600.0
11620.0
11620.0
11640.0
11650.0
11660.0
11680.0
11700.0
11720.0
11730.0
11750.0
11770.0
11790.0
11810.0
11820.0
11840.0
11850.0
11870.0
11890.0
11900.0
11920.0
11940.0
11940.0
11950.0
11970.0
11990.0
12010.0
12020.0
12040.0
12060.0
12080.0
12090.0
12110.0
12130.0
12150.0
12170.0
12190.0
12210.0
12230.0
12240.0
12260.0
12280.0
12300.0
12320.0
12340.0
12360.0
12370.0
12390.0
12410.0
12430.0
12440.0
12440.0
12450.0
12470.0
12480.0
12500.0
12520.0
12530.0
12540.0
12550.0
12560.0
12580.0
12600.0
12620.0
12630.0
12640.0
12660.0
12680.0
12690.0
12710.0
12730.0
12750.0
12770.0
12790.0
12810.0
12820.0
12840.0
12860.0
12870.0
12890.0
12910.0
12930.0
12950.0
12970.0
12980.0
13000.0
13020.0
13040.0
13050.0
13070.0
13080.0
13090.0
13110.0
13120.0
13140.0
13160.0
13180.0
13200.0
13220.0
13230.0
13250.0
13270.0
13290.0
13300.0
13310.0
13330.0
13350.0
13360.0
13370.0
13390.0
13400.0
13420.0
13440.0
13450.0
13460.0
13480.0
13500.0
13510.0
13530.0
13550.0
13560.0
13580.0
13590.0
13610.0
13630.0
13650.0
13660.0
13680.0
13700.0
13720.0
13740.0
13760.0
13780.0
13800.0
13820.0
13840.0
13850.0
13870.0
13890.0
13900.0
13920.0
13930.0
13940.0
13960.0
13960.0
13980.0
13980.0
14000.0
14010.0
14030.0
14050.0
14060.0
14080.0
14080.0
14100.0
14120.0
14140.0
14160.0
14180.0
14200.0
14210.0
14220.0
14240.0
14260.0
14280.0
14300.0
14320.0
14340.0
14340.0
14360.0
14380.0
14390.0
14410.0
14430.0
14450.0
14470.0
14490.0
14500.0
14520.0
14540.0
14560.0
14580.0
14590.0
14610.0
14610.0
14630.0
14650.0
14660.0
14680.0
14700.0
14720.0
14740.0
14760.0
14780.0
14800.0
14810.0
14820.0
14840.0
14850.0
14870.0
14880.0
14900.0
14900.0
14910.0
14920.0
14940.0
14960.0
14980.0
15000.0
15020.0
15040.0
15060.0
15080.0
15090.0
15110.0
15130.0
15150.0
15170.0
15180.0
15190.0
15210.0
15230.0
15250.0
15260.0
15280.0
15290.0
15290.0
15300.0
15320.0
15340.0
15350.0
15370.0
15390.0
15410.0
15410.0
15410.0
15430.0
15450.0
15460.0
15480.0
15500.0
15510.0
15530.0
15550.0
15570.0
15590.0
15600.0
15600.0
15620.0
15640.0
15660.0
15680.0
15700.0
15720.0
15730.0
15740.0
15760.0
15770.0
15790.0
15810.0
15820.0
15830.0
15850.0
15870.0
15890.0
15910.0
15930.0
15950.0
15970.0
15970.0
15990.0
16010.0
16030.0
16030.0
16050.0
16070.0
16090.0
16110.0
16130.0
16150.0
16160.0
16180.0
16190.0
16210.0
16230.0
16250.0
16260.0
16270.0
16280.0
16300.0
16320.0
16340.0
16360.0
16380.0
16390.0
16390.0
16400.0
16400.0
16410.0
16420.0
16440.0
16460.0
16470.0
16490.0
16510.0
16530.0
16550.0
16570.0
16580.0
16600.0
16620.0
16640.0
16660.0
16670.0
16690.0
16700.0
16720.0
16740.0
16760.0
16780.0
16790.0
16810.0
16830.0
16850.0
16860.0
16870.0
16890.0
16910.0
16910.0
16910.0
16910.0
16930.0
16940.0
16960.0
16980.0
17000.0
17010.0
17030.0
17050.0
17070.0
17090.0
17110.0
17120.0
17140.0
17160.0
17170.0
17190.0
17210.0
17220.0
17240.0
17260.0
17280.0
17300.0
17320.0
17330.0
17350.0
17370.0
17390.0
17400.0
17420.0
17440.0
17460.0
17480.0
17500.0
17520.0
17540.0
17560.0
17570.0
17580.0
17590.0
17610.0
17630.0
17640.0
17660.0
17680.0
17690.0
17700.0
17710.0
17730.0
17750.0
17770.0
17790.0
17810.0
17830.0
17820.0
17840.0
17860.0
17880.0
17890.0
17900.0
17920.0
17940.0
17960.0
17970.0
17990.0
18000.0
18020.0
18030.0
18050.0
18070.0
18090.0
18110.0
18130.0
18150.0
18170.0
18180.0
18200.0
18210.0
18230.0
18250.0
18270.0
18290.0
18310.0
18330.0
18340.0
18360.0
18380.0
18400.0
18410.0
18430.0
18440.0
18440.0
18460.0
18470.0
18490.0
18510.0
18520.0
18540.0
18540.0
18550.0
18570.0
18590.0
18610.0
18630.0
18650.0
18660.0
18670.0
18680.0
18700.0
18710.0
18730.0
18740.0
18760.0
18780.0
18800.0
18820.0
18840.0
18860.0
18870.0
18890.0
18910.0
18930.0
18950.0
18960.0
18980.0
18980.0
18980.0
19000.0
19020.0
19040.0
19060.0
19080.0
19100.0
19100.0
19120.0
19140.0
19160.0
19170.0
19180.0
19200.0
19220.0
19240.0
19260.0
19280.0
19300.0
19310.0
19310.0
19330.0
19330.0
19350.0
19360.0
19380.0
19400.0
19420.0
19440.0
19460.0
19470.0
19460.0
19480.0
19500.0
19520.0
19540.0
19560.0
19580.0
19590.0
19610.0
19630.0
19650.0
19660.0
19670.0
19690.0
19710.0
19730.0
19740.0
19760.0
19780.0
19800.0
19810.0
19820.0
19830.0
19850.0
19870.0
19890.0
19910.0
19930.0
19940.0
19960.0
19980.0
20000.0
20020.0
20040.0
20060.0
20080.0
20100.0
20120.0
20140.0
20160.0
20160.0
20170.0
20190.0
20210.0
20230.0
20250.0
20270.0
20290.0
20310.0
20320.0
20340.0
20360.0
20370.0
20390.0
20400.0
20420.0
20440.0
20460.0
20480.0
20500.0
20520.0
20540.0
20540.0
20560.0
20580.0
20600.0
20620.0
20640.0
20650.0
20670.0
20690.0
20710.0
20730.0
20750.0
20770.0
20790.0
20810.0
20830.0
20850.0
20870.0
20890.0
20910.0
20930.0
20950.0
20960.0
20980.0
21000.0
21020.0
21030.0
21050.0
21070.0
21090.0
21110.0
21130.0
21150.0
21170.0
21190.0
21200.0
21220.0
21240.0
21260.0
21280.0
21300.0
21320.0
21340.0
21360.0
21380.0
21400.0
21420.0
21440.0
21460.0
21480.0
21490.0
21510.0
21530.0
21550.0
21570.0
21590.0
21610.0
21630.0
21650.0
21670.0
21690.0
21700.0
21720.0
21740.0
21740.0
21760.0
21780.0
21800.0
21820.0
21830.0
21850.0
21870.0
21890.0
21910.0
21920.0
21930.0
21950.0
21960.0
21980.0
22000.0
22020.0
22040.0
22060.0
22080.0
22100.0
22120.0
22130.0
22150.0
22170.0
22190.0
22210.0
22230.0
22250.0
22260.0
22280.0
22290.0
22310.0
22320.0
22340.0
22360.0
22370.0
22390.0
22410.0
22430.0
22440.0
22460.0
22480.0
22490.0
22510.0
22530.0
22550.0
22570.0
22590.0
22610.0
22620.0
22640.0
22660.0
22680.0
22700.0
22720.0
22740.0
22750.0
22770.0
22790.0
22810.0
22810.0
22830.0
22840.0
22860.0
22870.0
22890.0
22900.0
22920.0
22940.0
22950.0
22970.0
22990.0
23010.0
23030.0
23050.0
23070.0
23090.0
23110.0
23130.0
23140.0
23160.0
23180.0
23200.0
23220.0
23230.0
23240.0
23250.0
23260.0
23280.0
23290.0
23310.0
23330.0
23340.0
23360.0
23380.0
23400.0
23410.0
23420.0
23440.0
23460.0
23480.0
23490.0
23510.0
23530.0
23550.0
23560.0
23580.0
23600.0
23620.0
23640.0
23660.0
23680.0
23690.0
23710.0
23720.0
23730.0
