a = 0.5
g = 0.8
e = 0.1
random initial weights = false

-1110.0
-1380.0
-1660.0
-1750.0
-1950.0
-2180.0
-2210.0
-2200.0
-2180.0
-2240.0
-2220.0
-2210.0
-2220.0
-2330.0
-2340.0
-2360.0
-2360.0
-2350.0
-2340.0
-2320.0
-2300.0
-2330.0
-2310.0
-2300.0
-2280.0
-2260.0
-2240.0
-2230.0
-2210.0
-2190.0
-2170.0
-2150.0
-2130.0
-2110.0
-2090.0
-2070.0
-2060.0
-2040.0
-2020.0
-2000.0
-1980.0
-1960.0
-1940.0
-1920.0
-1900.0
-1880.0
-1860.0
-1850.0
-1830.0
-1810.0
-1790.0
-1770.0
-1750.0
-1730.0
-1710.0
-1690.0
-1670.0
-1660.0
-1650.0
-1630.0
-1610.0
-1590.0
-1580.0
-1560.0
-1540.0
-1520.0
-1500.0
-1480.0
-1460.0
-1440.0
-1420.0
-1400.0
-1380.0
-1360.0
-1340.0
-1320.0
-1300.0
-1290.0
-1270.0
-1250.0
-1230.0
-1210.0
-1200.0
-1180.0
-1160.0
-1140.0
-1120.0
-1100.0
-1080.0
-1060.0
-1040.0
-1020.0
-1010.0
-990.0
-980.0
-970.0
-960.0
-940.0
-920.0
-910.0
-890.0
-880.0
-860.0
-850.0
-830.0
-820.0
-800.0
-780.0
-760.0
-740.0
-720.0
-700.0
-680.0
-670.0
-650.0
-630.0
-610.0
-590.0
-570.0
-550.0
-530.0
-510.0
-490.0
-470.0
-450.0
-440.0
-420.0
-400.0
-380.0
-360.0
-340.0
-320.0
-310.0
-290.0
-270.0
-260.0
-240.0
-220.0
-200.0
-180.0
-160.0
-160.0
-140.0
-120.0
-100.0
-80.0
-60.0
-40.0
-20.0
0.0
20.0
40.0
60.0
80.0
100.0
120.0
140.0
160.0
180.0
200.0
210.0
220.0
240.0
260.0
260.0
280.0
300.0
320.0
340.0
360.0
380.0
400.0
420.0
440.0
450.0
470.0
490.0
510.0
530.0
550.0
570.0
590.0
610.0
630.0
650.0
670.0
680.0
700.0
720.0
740.0
760.0
780.0
800.0
820.0
840.0
860.0
880.0
900.0
920.0
940.0
950.0
960.0
980.0
1000.0
1020.0
1040.0
1060.0
1080.0
1100.0
1120.0
1140.0
1160.0
1180.0
1190.0
1210.0
1230.0
1250.0
1270.0
1290.0
1310.0
1330.0
1350.0
1370.0
1390.0
1400.0
1420.0
1440.0
1460.0
1480.0
1500.0
1520.0
1540.0
1560.0
1580.0
1600.0
1620.0
1630.0
1640.0
1660.0
1680.0
1700.0
1690.0
1710.0
1730.0
1750.0
1770.0
1790.0
1810.0
1830.0
1850.0
1870.0
1890.0
1910.0
1930.0
1950.0
1970.0
1990.0
2010.0
2030.0
2040.0
2060.0
2070.0
2090.0
2110.0
2130.0
2150.0
2170.0
2190.0
2210.0
2230.0
2250.0
2270.0
2290.0
2300.0
2320.0
2340.0
2360.0
2380.0
2400.0
2410.0
2430.0
2430.0
2450.0
2470.0
2490.0
2510.0
2530.0
2550.0
2570.0
2590.0
2610.0
2620.0
2640.0
2660.0
2680.0
2700.0
2720.0
2740.0
2760.0
2780.0
2800.0
2810.0
2830.0
2850.0
2870.0
2890.0
2910.0
2930.0
2950.0
2970.0
2990.0
3010.0
3030.0
3050.0
3070.0
3090.0
3110.0
3130.0
3150.0
3160.0
3180.0
3200.0
3220.0
3240.0
3260.0
3280.0
3290.0
3310.0
3330.0
3350.0
3370.0
3390.0
3400.0
3410.0
3430.0
3440.0
3460.0
3480.0
3490.0
3510.0
3530.0
3550.0
3570.0
3590.0
3610.0
3630.0
3650.0
3670.0
3690.0
3710.0
3720.0
3740.0
3760.0
3780.0
3800.0
3820.0
3840.0
3860.0
3880.0
3900.0
3920.0
3940.0
3960.0
3970.0
3990.0
4010.0
4030.0
4040.0
4060.0
4080.0
4100.0
4120.0
4140.0
4160.0
4180.0
4200.0
4220.0
4240.0
4260.0
4280.0
4300.0
4320.0
4340.0
4360.0
4380.0
4400.0
4420.0
4440.0
4460.0
4480.0
4500.0
4510.0
4520.0
4540.0
4560.0
4580.0
4590.0
4610.0
4630.0
4650.0
4670.0
4690.0
4710.0
4730.0
4750.0
4770.0
4780.0
4800.0
4810.0
4830.0
4850.0
4870.0
4890.0
4910.0
4930.0
4940.0
4960.0
4980.0
4990.0
5010.0
5030.0
5050.0
5070.0
5090.0
5110.0
5130.0
5150.0
5170.0
5190.0
5210.0
5230.0
5250.0
5270.0
5290.0
5310.0
5310.0
5330.0
5350.0
5370.0
5390.0
5410.0
5430.0
5450.0
5470.0
5490.0
5510.0
5530.0
5550.0
5570.0
5590.0
5610.0
5630.0
5650.0
5670.0
5690.0
5710.0
5730.0
5750.0
5760.0
5770.0
5790.0
5810.0
5830.0
5850.0
5870.0
5890.0
5910.0
5930.0
5950.0
5970.0
5990.0
6010.0
6030.0
6040.0
6060.0
6080.0
6100.0
6120.0
6140.0
6160.0
6180.0
6200.0
6210.0
6230.0
6250.0
6270.0
6290.0
6310.0
6330.0
6350.0
6360.0
6380.0
6400.0
6420.0
6440.0
6450.0
6470.0
6490.0
6510.0
6530.0
6540.0
6560.0
6580.0
6600.0
6620.0
6640.0
6660.0
6680.0
6700.0
6720.0
6740.0
6760.0
6780.0
6800.0
6820.0
6840.0
6860.0
6880.0
6900.0
6920.0
6940.0
6960.0
6980.0
6990.0
7000.0
7020.0
7040.0
7060.0
7080.0
7100.0
7120.0
7140.0
7160.0
7180.0
7200.0
7220.0
7230.0
7250.0
7270.0
7290.0
7310.0
7330.0
7350.0
7370.0
7390.0
7410.0
7430.0
7450.0
7470.0
7490.0
7510.0
7530.0
7550.0
7570.0
7590.0
7610.0
7630.0
7650.0
7670.0
7690.0
7710.0
7730.0
7740.0
7760.0
7780.0
7800.0
7820.0
7830.0
7850.0
7860.0
7880.0
7900.0
7920.0
7940.0
7960.0
7980.0
8000.0
8020.0
8040.0
8060.0
8080.0
8100.0
8120.0
8140.0
8150.0
8170.0
8180.0
8200.0
8220.0
8240.0
8260.0
8280.0
8300.0
8320.0
8340.0
8350.0
8360.0
8380.0
8400.0
8420.0
8440.0
8460.0
8480.0
8500.0
8520.0
8540.0
8560.0
8580.0
8600.0
8620.0
8640.0
8660.0
8680.0
8700.0
8720.0
8740.0
8760.0
8770.0
8790.0
8810.0
8830.0
8850.0
8860.0
8880.0
8900.0
8920.0
8930.0
8950.0
8970.0
8980.0
9000.0
9020.0
9040.0
9060.0
9080.0
9100.0
9120.0
9140.0
9160.0
9180.0
9200.0
9220.0
9240.0
9260.0
9280.0
9300.0
9310.0
9330.0
9350.0
9370.0
9390.0
9410.0
9430.0
9450.0
9470.0
9490.0
9510.0
9520.0
9530.0
9550.0
9570.0
9590.0
9610.0
9630.0
9650.0
9670.0
9690.0
9710.0
9730.0
9750.0
9770.0
9790.0
9810.0
9830.0
9840.0
9860.0
9880.0
9900.0
9920.0
9940.0
9960.0
9980.0
10000.0
10020.0
10040.0
10060.0
10080.0
10100.0
10120.0
10140.0
10160.0
10180.0
10200.0
10220.0
10240.0
10260.0
10280.0
10290.0
10300.0
10320.0
10340.0
10360.0
10380.0
10400.0
10420.0
10440.0
10460.0
10480.0
10500.0
10520.0
10540.0
10560.0
10580.0
10600.0
10620.0
10640.0
10660.0
10680.0
10690.0
10710.0
10730.0
10750.0
10770.0
10790.0
10810.0
10830.0
10850.0
10870.0
10890.0
10890.0
10910.0
10930.0
10950.0
10970.0
10990.0
11010.0
11020.0
11040.0
11060.0
11080.0
11090.0
11110.0
11130.0
11150.0
11170.0
11180.0
11200.0
11220.0
11230.0
11250.0
11260.0
11280.0
11300.0
11320.0
11340.0
11360.0
11380.0
11400.0
11420.0
11440.0
11460.0
11480.0
11500.0
11520.0
11540.0
11560.0
11580.0
11600.0
11610.0
11630.0
11640.0
11660.0
11680.0
11700.0
11720.0
11740.0
11760.0
11780.0
11800.0
11820.0
11840.0
11860.0
11880.0
11890.0
11900.0
11910.0
11930.0
11950.0
11970.0
11980.0
12000.0
12020.0
12040.0
12060.0
12070.0
12090.0
12110.0
12120.0
12140.0
12160.0
12180.0
12190.0
12210.0
12210.0
12230.0
12250.0
12270.0
12280.0
12300.0
12320.0
12340.0
12360.0
12380.0
12400.0
12420.0
12440.0
12460.0
12480.0
12490.0
12510.0
12530.0
12550.0
12570.0
12580.0
12600.0
12620.0
12630.0
12650.0
12670.0
12690.0
12710.0
12730.0
12740.0
12760.0
12780.0
12800.0
12820.0
12840.0
12860.0
12880.0
12890.0
12910.0
12910.0
12930.0
12950.0
12970.0
12990.0
13010.0
13030.0
13050.0
13070.0
13080.0
13100.0
13120.0
13140.0
13160.0
13180.0
13200.0
13220.0
13240.0
13260.0
13280.0
13300.0
13320.0
13340.0
13360.0
13370.0
13390.0
13410.0
13430.0
13450.0
13460.0
13480.0
13500.0
13520.0
13540.0
13560.0
13580.0
13600.0
13620.0
13640.0
13660.0
13680.0
13700.0
13720.0
13740.0
13760.0
13780.0
13800.0
13820.0
13840.0
13860.0
13880.0
13900.0
13920.0
13940.0
13960.0
13970.0
13990.0
14000.0
14010.0
14030.0
14050.0
14070.0
14090.0
14110.0
14130.0
14150.0
14170.0
14190.0
14210.0
14230.0
14250.0
14260.0
14280.0
14300.0
14320.0
14340.0
14360.0
14380.0
14400.0
14420.0
14440.0
14460.0
14480.0
14500.0
14520.0
14540.0
14560.0
14580.0
14600.0
14620.0
14640.0
14660.0
14670.0
14690.0
14710.0
14730.0
14750.0
14770.0
14780.0
14800.0
14820.0
14840.0
14860.0
14880.0
14900.0
14920.0
14940.0
14960.0
14980.0
15000.0
15020.0
15040.0
15060.0
15080.0
15100.0
15120.0
15140.0
15160.0
15180.0
15200.0
15220.0
15240.0
15240.0
15260.0
15280.0
15300.0
15320.0
15340.0
15360.0
15380.0
15400.0
15420.0
15430.0
15450.0
15470.0
15490.0
15510.0
15530.0
15550.0
15560.0
15580.0
15600.0
15620.0
15640.0
15660.0
15670.0
15690.0
15710.0
15730.0
15750.0
15770.0
15790.0
15810.0
15830.0
15850.0
15870.0
15890.0
15910.0
15930.0
15950.0
15970.0
15990.0
16010.0
16030.0
16050.0
16070.0
16090.0
16110.0
16130.0
16150.0
16170.0
16190.0
16210.0
16230.0
16250.0
16270.0
16290.0
16310.0
16330.0
16350.0
16370.0
16390.0
16410.0
16430.0
16440.0
16460.0
16480.0
16500.0
16520.0
16530.0
16540.0
16560.0
16580.0
16600.0
16610.0
16630.0
16650.0
16670.0
16690.0
16710.0
16730.0
16750.0
16770.0
16780.0
16800.0
16790.0
16810.0
16830.0
16850.0
16870.0
16890.0
16910.0
16930.0
16950.0
16970.0
16990.0
17010.0
17030.0
17050.0
17070.0
17090.0
17090.0
17110.0
17120.0
17140.0
17160.0
17180.0
17200.0
17220.0
17240.0
17250.0
17270.0
17290.0
17310.0
17330.0
17350.0
17370.0
17390.0
17400.0
17420.0
17440.0
17460.0
17480.0
17500.0
17520.0
17540.0
17560.0
17570.0
17590.0
17610.0
17630.0
17650.0
17670.0
17690.0
17710.0
17730.0
17750.0
17770.0
17790.0
17810.0
17830.0
17850.0
17870.0
17890.0
17910.0
17930.0
17950.0
17970.0
17990.0
18010.0
18030.0
18050.0
18070.0
18090.0
18100.0
18120.0
18140.0
18160.0
18180.0
18200.0
18220.0
18240.0
18260.0
18280.0
18300.0
18320.0
18340.0
18360.0
18380.0
18400.0
18420.0
18440.0
18460.0
18480.0
18500.0
18520.0
18540.0
18560.0
18580.0
18590.0
18610.0
18630.0
18640.0
18650.0
18670.0
18690.0
18710.0
18730.0
18750.0
18770.0
18790.0
18810.0
18820.0
18840.0
18860.0
18880.0
18900.0
18920.0
18940.0
18960.0
18980.0
19000.0
19020.0
19040.0
19050.0
19070.0
19090.0
19110.0
19130.0
19150.0
19170.0
19170.0
19190.0
19210.0
19230.0
19250.0
19270.0
19290.0
19310.0
19330.0
19350.0
19360.0
19380.0
19400.0
19420.0
19420.0
19440.0
19460.0
19480.0
19500.0
19520.0
19540.0
19560.0
19580.0
19600.0
19620.0
19640.0
19660.0
19680.0
19700.0
19720.0
19740.0
19760.0
19780.0
19800.0
19820.0
19840.0
19860.0
19870.0
19880.0
19890.0
19910.0
19930.0
19950.0
19960.0
19980.0
20000.0
20020.0
20030.0
20050.0
20070.0
20090.0
20100.0
20120.0
20140.0
20160.0
20180.0
20200.0
20220.0
20240.0
20260.0
20280.0
20300.0
20320.0
20340.0
20360.0
20380.0
20400.0
20420.0
20430.0
20450.0
20470.0
20490.0
20510.0
20530.0
20550.0
20560.0
20580.0
20600.0
20620.0
20640.0
20660.0
20680.0
20700.0
20720.0
20740.0
20760.0
20780.0
20790.0
20810.0
20830.0
20850.0
20860.0
20880.0
20900.0
20920.0
20940.0
20960.0
20980.0
21000.0
21020.0
21040.0
21060.0
21080.0
21100.0
21120.0
21140.0
21160.0
21170.0
21190.0
21210.0
21230.0
21250.0
21270.0
21290.0
21310.0
21330.0
21350.0
21360.0
21380.0
21390.0
21410.0
21430.0
21450.0
21470.0
21490.0
21510.0
21530.0
21550.0
21570.0
21590.0
21610.0
21620.0
21640.0
21660.0
21680.0
21700.0
21710.0
21730.0
21750.0
21770.0
21790.0
21810.0
21820.0
21830.0
21850.0
21870.0
21880.0
21900.0
21920.0
21940.0
21960.0
21980.0
22000.0
22020.0
22040.0
22060.0
22080.0
22100.0
22120.0
22130.0
22150.0
22170.0
22190.0
22210.0
22230.0
22240.0
22260.0
22280.0
22300.0
22320.0
22330.0
22350.0
22370.0
22380.0
22400.0
22420.0
22440.0
22460.0
22480.0
22500.0
22520.0
22540.0
22560.0
22580.0
22600.0
22620.0
22640.0
22660.0
22670.0
22690.0
22710.0
22730.0
22750.0
22770.0
22790.0
22810.0
22830.0
22850.0
22870.0
22890.0
22910.0
22930.0
22950.0
22970.0
22990.0
23000.0
23020.0
23040.0
23060.0
23080.0
23100.0
23120.0
23140.0
23150.0
23170.0
23190.0
23210.0
23210.0
23230.0
23250.0
23270.0
23280.0
23290.0
23310.0
23330.0
23340.0
23360.0
23380.0
23380.0
23400.0
23420.0
23430.0
23450.0
23470.0
23490.0
23510.0
23530.0
23550.0
23570.0
23590.0
23610.0
23630.0
23650.0
23670.0
23690.0
23710.0
23730.0
23750.0
23770.0
23790.0
23800.0
23790.0
23810.0
23810.0
23830.0
23850.0
23870.0
23890.0
23910.0
23930.0
23950.0
23970.0
23990.0
24010.0
24030.0
24050.0
24070.0
24090.0
24110.0
24130.0
24150.0
24170.0
24190.0
24200.0
24220.0
24240.0
24260.0
24280.0
24290.0
24310.0
24330.0
24350.0
24370.0
24390.0
24410.0
24430.0
24450.0
24460.0
24480.0
24500.0
24520.0
24540.0
24560.0
24580.0
24600.0
24620.0
24640.0
24660.0
24680.0
24700.0
24720.0
24740.0
24760.0
24780.0
24800.0
24810.0
24830.0
24850.0
24870.0
24890.0
24910.0
24920.0
24940.0
24960.0
24980.0
24990.0
25010.0
25030.0
25050.0
25070.0
25090.0
25110.0
25130.0
25150.0
25170.0
25190.0
25210.0
