a = 0.2
g = 0.2
e = 0.3
random initial weights = false

-1080.0
-1550.0
-1750.0
-1800.0
-1940.0
-2090.0
-2090.0
-2090.0
-2090.0
-2140.0
-2140.0
-2310.0
-2360.0
-2600.0
-2590.0
-2580.0
-2620.0
-2610.0
-2650.0
-2630.0
-2620.0
-2610.0
-2610.0
-2590.0
-2570.0
-2550.0
-2550.0
-2530.0
-2510.0
-2510.0
-2490.0
-2470.0
-2450.0
-2440.0
-2440.0
-2420.0
-2410.0
-2390.0
-2390.0
-2380.0
-2370.0
-2400.0
-2380.0
-2370.0
-2350.0
-2330.0
-2310.0
-2300.0
-2280.0
-2260.0
-2240.0
-2220.0
-2210.0
-2190.0
-2170.0
-2150.0
-2140.0
-2160.0
-2140.0
-2120.0
-2100.0
-2090.0
-2100.0
-2110.0
-2100.0
-2080.0
-2080.0
-2070.0
-2060.0
-2040.0
-2030.0
-2010.0
-1990.0
-1980.0
-1960.0
-1960.0
-1950.0
-1930.0
-1930.0
-1920.0
-1900.0
-1900.0
-1880.0
-1890.0
-1870.0
-1850.0
-1830.0
-1840.0
-1830.0
-1830.0
-1840.0
-1840.0
-1820.0
-1800.0
-1780.0
-1770.0
-1750.0
-1730.0
-1730.0
-1710.0
-1690.0
-1670.0
-1690.0
-1670.0
-1670.0
-1660.0
-1640.0
-1620.0
-1610.0
-1610.0
-1600.0
-1610.0
-1610.0
-1590.0
-1570.0
-1560.0
-1540.0
-1540.0
-1520.0
-1500.0
-1500.0
-1490.0
-1470.0
-1460.0
-1450.0
-1450.0
-1430.0
-1420.0
-1400.0
-1380.0
-1370.0
-1360.0
-1340.0
-1320.0
-1330.0
-1310.0
-1290.0
-1270.0
-1260.0
-1270.0
-1250.0
-1230.0
-1210.0
-1190.0
-1170.0
-1160.0
-1140.0
-1120.0
-1100.0
-1080.0
-1060.0
-1040.0
-1030.0
-1020.0
-1010.0
-1010.0
-990.0
-970.0
-950.0
-940.0
-940.0
-920.0
-900.0
-880.0
-860.0
-860.0
-850.0
-830.0
-810.0
-790.0
-770.0
-760.0
-740.0
-720.0
-700.0
-680.0
-660.0
-640.0
-620.0
-610.0
-590.0
-570.0
-550.0
-530.0
-510.0
-500.0
-480.0
-460.0
-440.0
-420.0
-410.0
-390.0
-370.0
-350.0
-340.0
-320.0
-320.0
-300.0
-290.0
-280.0
-280.0
-270.0
-270.0
-250.0
-240.0
-220.0
-230.0
-220.0
-210.0
-190.0
-170.0
-150.0
-130.0
-120.0
-100.0
-100.0
-100.0
-80.0
-60.0
-40.0
-20.0
0.0
20.0
30.0
50.0
60.0
60.0
80.0
100.0
120.0
140.0
140.0
150.0
170.0
190.0
190.0
170.0
190.0
210.0
230.0
230.0
240.0
250.0
270.0
290.0
300.0
310.0
320.0
340.0
360.0
370.0
390.0
390.0
410.0
430.0
450.0
460.0
480.0
500.0
510.0
530.0
550.0
560.0
580.0
600.0
610.0
630.0
640.0
660.0
660.0
680.0
670.0
690.0
710.0
730.0
750.0
770.0
790.0
800.0
820.0
840.0
850.0
870.0
890.0
910.0
930.0
940.0
950.0
970.0
980.0
990.0
1010.0
1020.0
1040.0
1060.0
1060.0
1080.0
1090.0
1110.0
1130.0
1140.0
1150.0
1160.0
1170.0
1170.0
1190.0
1210.0
1220.0
1230.0
1250.0
1270.0
1260.0
1280.0
1290.0
1290.0
1310.0
1330.0
1340.0
1350.0
1370.0
1380.0
1390.0
1410.0
1430.0
1440.0
1450.0
1470.0
1470.0
1490.0
1510.0
1530.0
1540.0
1560.0
1580.0
1590.0
1610.0
1620.0
1640.0
1660.0
1670.0
1650.0
1660.0
1670.0
1690.0
1710.0
1730.0
1720.0
1740.0
1750.0
1760.0
1770.0
1790.0
1800.0
1800.0
1820.0
1840.0
1860.0
1880.0
1900.0
1890.0
1890.0
1910.0
1900.0
1910.0
1930.0
1940.0
1960.0
1980.0
1990.0
2000.0
2020.0
2040.0
2040.0
2040.0
2060.0
2080.0
2100.0
2110.0
2110.0
2130.0
2150.0
2160.0
2180.0
2200.0
2210.0
2220.0
2220.0
2230.0
2250.0
2270.0
2280.0
2300.0
2320.0
2340.0
2350.0
2370.0
2390.0
2410.0
2430.0
2450.0
2470.0
2490.0
2510.0
2510.0
2520.0
2530.0
2540.0
2560.0
2570.0
2590.0
2600.0
2610.0
2620.0
2630.0
2640.0
2650.0
2670.0
2680.0
2700.0
2720.0
2740.0
2750.0
2750.0
2770.0
2790.0
2810.0
2830.0
2850.0
2870.0
2880.0
2890.0
2900.0
2920.0
2940.0
2960.0
2970.0
2980.0
3000.0
3020.0
3010.0
3020.0
3040.0
3050.0
3070.0
3080.0
3070.0
3080.0
3090.0
3110.0
3130.0
3150.0
3170.0
3190.0
3210.0
3230.0
3250.0
3270.0
3290.0
3290.0
3300.0
3310.0
3330.0
3340.0
3350.0
3360.0
3380.0
3400.0
3410.0
3420.0
3430.0
3430.0
3440.0
3430.0
3450.0
3470.0
3480.0
3500.0
3510.0
3530.0
3550.0
3570.0
3590.0
3610.0
3620.0
3630.0
3650.0
3660.0
3680.0
3690.0
3700.0
3720.0
3740.0
3750.0
3740.0
3760.0
3760.0
3780.0
3790.0
3810.0
3830.0
3840.0
3860.0
3870.0
3890.0
3900.0
3920.0
3930.0
3930.0
3940.0
3950.0
3970.0
3980.0
4000.0
4020.0
4040.0
4060.0
4080.0
4100.0
4120.0
4130.0
4150.0
4160.0
4180.0
4200.0
4210.0
4230.0
4250.0
4270.0
4290.0
4290.0
4310.0
4330.0
4350.0
4360.0
4380.0
4390.0
4410.0
4430.0
4450.0
4470.0
4490.0
4500.0
4510.0
4520.0
4520.0
4530.0
4550.0
4560.0
4580.0
4590.0
4610.0
4630.0
4650.0
4670.0
4690.0
4700.0
4720.0
4740.0
4750.0
4770.0
4790.0
4810.0
4830.0
4840.0
4860.0
4870.0
4880.0
4870.0
4890.0
4880.0
4900.0
4920.0
4940.0
4960.0
4980.0
5000.0
5020.0
5040.0
5060.0
5080.0
5090.0
5110.0
5120.0
5140.0
5160.0
5170.0
5180.0
5200.0
5210.0
5230.0
5250.0
5270.0
5290.0
5310.0
5320.0
5340.0
5360.0
5380.0
5400.0
5420.0
5440.0
5430.0
5430.0
5440.0
5460.0
5480.0
5490.0
5510.0
5530.0
5550.0
5550.0
5540.0
5560.0
5580.0
5590.0
5610.0
5630.0
5650.0
5670.0
5680.0
5700.0
5720.0
5740.0
5750.0
5770.0
5790.0
5800.0
5810.0
5810.0
5810.0
5830.0
5850.0
5870.0
5880.0
5900.0
5910.0
5920.0
5940.0
5960.0
5970.0
5990.0
6010.0
6030.0
6050.0
6070.0
6090.0
6100.0
6120.0
6130.0
6140.0
6160.0
6180.0
6200.0
6220.0
6240.0
6260.0
6280.0
6300.0
6320.0
6330.0
6350.0
6370.0
6380.0
6400.0
6420.0
6420.0
6440.0
6460.0
6470.0
6490.0
6500.0
6520.0
6540.0
6560.0
6580.0
6600.0
6610.0
6630.0
6650.0
6650.0
6670.0
6690.0
6710.0
6730.0
6740.0
6760.0
6770.0
6780.0
6800.0
6820.0
6840.0
6860.0
6880.0
6900.0
6920.0
6930.0
6950.0
6940.0
6960.0
6980.0
7000.0
7010.0
7010.0
7030.0
7050.0
7070.0
7080.0
7100.0
7120.0
7140.0
7160.0
7170.0
7190.0
7210.0
7220.0
7240.0
7260.0
7280.0
7290.0
7300.0
7320.0
7340.0
7360.0
7370.0
7370.0
7390.0
7410.0
7430.0
7450.0
7470.0
7480.0
7490.0
7510.0
7530.0
7550.0
7550.0
7570.0
7580.0
7590.0
7590.0
7600.0
7620.0
7640.0
7660.0
7670.0
7680.0
7700.0
7710.0
7730.0
7750.0
7750.0
7760.0
7780.0
7800.0
7820.0
7820.0
7840.0
7850.0
7870.0
7880.0
7900.0
7920.0
7910.0
7930.0
7920.0
7940.0
7950.0
7960.0
7980.0
7990.0
7990.0
8000.0
8020.0
8040.0
8060.0
8080.0
8100.0
8120.0
8140.0
8150.0
8170.0
8180.0
8200.0
8220.0
8240.0
8260.0
8270.0
8280.0
8280.0
8300.0
8320.0
8330.0
8340.0
8360.0
8380.0
8390.0
8380.0
8400.0
8420.0
8440.0
8440.0
8460.0
8470.0
8490.0
8510.0
8530.0
8550.0
8570.0
8590.0
8600.0
8620.0
8630.0
8640.0
8650.0
8660.0
8680.0
8690.0
8700.0
8720.0
8740.0
8760.0
8780.0
8790.0
8810.0
8830.0
8830.0
8850.0
8870.0
8870.0
8890.0
8910.0
8930.0
8950.0
8970.0
8980.0
9000.0
9020.0
9040.0
9060.0
9070.0
9090.0
9090.0
9110.0
9120.0
9130.0
9140.0
9160.0
9170.0
9190.0
9210.0
9230.0
9250.0
9270.0
9280.0
9300.0
9320.0
9340.0
9360.0
9360.0
9380.0
9390.0
9410.0
9430.0
9450.0
9460.0
9470.0
9470.0
9490.0
9510.0
9530.0
9550.0
9560.0
9580.0
9600.0
9620.0
9630.0
9650.0
9660.0
9670.0
9690.0
9700.0
9710.0
9730.0
9700.0
9720.0
9720.0
9740.0
9760.0
9780.0
9790.0
9810.0
9800.0
9820.0
9830.0
9850.0
9850.0
9860.0
9880.0
9900.0
9920.0
9940.0
9940.0
9950.0
9970.0
9970.0
9970.0
9970.0
9990.0
10010.0
10030.0
10050.0
10060.0
10080.0
10090.0
10090.0
10110.0
10130.0
10150.0
10170.0
10190.0
10210.0
10230.0
10250.0
10270.0
10290.0
10310.0
10330.0
10340.0
10360.0
10350.0
10350.0
10370.0
10370.0
10390.0
10410.0
10430.0
10440.0
10460.0
10480.0
10500.0
10520.0
10510.0
10530.0
10550.0
10570.0
10590.0
10610.0
10620.0
10640.0
10660.0
10670.0
10690.0
10710.0
10730.0
10750.0
10770.0
10780.0
10800.0
10820.0
10840.0
10860.0
10880.0
10890.0
10910.0
10930.0
10950.0
10960.0
10960.0
10970.0
10990.0
11010.0
11030.0
11050.0
11070.0
11080.0
11100.0
11120.0
11140.0
11150.0
11170.0
11180.0
11200.0
11200.0
11210.0
11220.0
11240.0
11250.0
11260.0
11270.0
11290.0
11300.0
11310.0
11330.0
11350.0
11370.0
11390.0
11380.0
11390.0
11390.0
11400.0
11400.0
11420.0
11430.0
11420.0
11440.0
11450.0
11460.0
11480.0
11500.0
11520.0
11530.0
11550.0
11530.0
11550.0
11570.0
11580.0
11600.0
11620.0
11630.0
11650.0
11670.0
11690.0
11710.0
11710.0
11700.0
11710.0
11720.0
11740.0
11760.0
11780.0
11780.0
11800.0
11820.0
11840.0
11860.0
11880.0
11900.0
11920.0
11930.0
11930.0
11950.0
11970.0
11990.0
12000.0
12010.0
12020.0
12040.0
12060.0
12080.0
12090.0
12110.0
12130.0
12130.0
12150.0
12170.0
12190.0
12210.0
12230.0
12250.0
12270.0
12290.0
12300.0
12310.0
12330.0
12340.0
12360.0
12380.0
12400.0
12420.0
12430.0
12430.0
12450.0
12470.0
12490.0
12510.0
12530.0
12540.0
12560.0
12570.0
12580.0
12600.0
12610.0
12630.0
12650.0
12670.0
12690.0
12710.0
12730.0
12730.0
12750.0
12770.0
12780.0
12800.0
12810.0
12820.0
12840.0
12860.0
12860.0
12870.0
12890.0
12900.0
12920.0
12930.0
12930.0
12950.0
12970.0
12990.0
13000.0
13010.0
13030.0
13050.0
13070.0
13090.0
13100.0
13120.0
13130.0
13150.0
13160.0
13180.0
13200.0
13210.0
13210.0
13230.0
13240.0
13250.0
13250.0
13250.0
13260.0
13280.0
13300.0
13320.0
13340.0
13340.0
13340.0
13350.0
13370.0
13390.0
13410.0
13430.0
13450.0
13470.0
13480.0
13490.0
13510.0
13530.0
13540.0
13560.0
13570.0
13580.0
13600.0
13620.0
13620.0
13620.0
13640.0
13660.0
13680.0
13680.0
13690.0
13700.0
13720.0
13740.0
13750.0
13770.0
13790.0
13800.0
13810.0
13820.0
13840.0
13830.0
13850.0
13870.0
13890.0
13890.0
13900.0
13910.0
13920.0
13920.0
13940.0
13960.0
13980.0
14000.0
14020.0
14010.0
14030.0
14000.0
14010.0
14020.0
14040.0
14040.0
14050.0
14060.0
14080.0
14100.0
14110.0
14130.0
14130.0
14150.0
14170.0
14190.0
14200.0
14210.0
14230.0
14240.0
14260.0
14260.0
14280.0
14300.0
14290.0
14270.0
14290.0
14310.0
14310.0
14330.0
14350.0
14370.0
14370.0
14390.0
14410.0
14430.0
14420.0
14440.0
14450.0
14440.0
14450.0
14470.0
14480.0
14500.0
14520.0
14540.0
14550.0
14560.0
14580.0
14600.0
14620.0
14640.0
14660.0
14680.0
14700.0
14690.0
14710.0
14730.0
14740.0
14740.0
14750.0
14770.0
14780.0
14800.0
14820.0
14830.0
14850.0
14870.0
14880.0
14870.0
14890.0
14910.0
14920.0
14940.0
14960.0
14980.0
15000.0
15020.0
15030.0
15050.0
15040.0
15050.0
15060.0
15080.0
15100.0
15090.0
15100.0
15120.0
15140.0
15140.0
15160.0
15170.0
15190.0
15200.0
15220.0
15240.0
15260.0
15280.0
15300.0
15300.0
15310.0
15330.0
15350.0
15370.0
15390.0
15370.0
15390.0
15410.0
15430.0
15450.0
15450.0
15460.0
15480.0
15490.0
15500.0
15520.0
15530.0
15540.0
15550.0
15560.0
15580.0
15590.0
15610.0
15630.0
15640.0
15640.0
15660.0
15670.0
15670.0
15680.0
15690.0
15710.0
15730.0
15750.0
15770.0
15780.0
15800.0
15820.0
15840.0
15850.0
15860.0
15880.0
15900.0
15910.0
15920.0
15930.0
15950.0
15970.0
15990.0
16000.0
16010.0
16030.0
16050.0
16060.0
16080.0
16090.0
16110.0
16130.0
16140.0
16150.0
16170.0
16180.0
16200.0
16220.0
16240.0
16250.0
16260.0
16280.0
16300.0
16320.0
16340.0
16360.0
16380.0
16400.0
16410.0
16430.0
16450.0
16470.0
16490.0
16510.0
16530.0
16530.0
16540.0
16550.0
16570.0
16590.0
16590.0
16610.0
16630.0
16650.0
16670.0
16690.0
16710.0
16720.0
16720.0
16730.0
16740.0
16750.0
16750.0
16770.0
16790.0
16800.0
16820.0
16840.0
16840.0
16860.0
16880.0
16890.0
16910.0
16930.0
16950.0
16950.0
16970.0
16990.0
17000.0
17020.0
17040.0
17050.0
17060.0
17080.0
17090.0
17110.0
17090.0
17100.0
17110.0
17130.0
17140.0
17160.0
17180.0
17190.0
17190.0
17210.0
17230.0
17240.0
17260.0
17260.0
17280.0
17280.0
17300.0
17320.0
17340.0
17360.0
17380.0
17390.0
17410.0
17430.0
17450.0
17470.0
17490.0
17510.0
17530.0
17550.0
17570.0
17580.0
17600.0
17610.0
17630.0
17650.0
17660.0
17680.0
17700.0
17720.0
17730.0
17750.0
17770.0
17790.0
17810.0
17810.0
17830.0
17830.0
17850.0
17870.0
17880.0
17880.0
17900.0
17920.0
17930.0
17950.0
17970.0
17990.0
18010.0
18020.0
18040.0
18060.0
18070.0
18090.0
18110.0
18120.0
18140.0
18160.0
18170.0
18190.0
18210.0
18230.0
18250.0
18270.0
18290.0
18290.0
18300.0
18320.0
18320.0
18330.0
18350.0
18350.0
18370.0
18390.0
18410.0
18410.0
18420.0
18430.0
18450.0
18460.0
18440.0
18440.0
18450.0
18470.0
18490.0
