a = 0.5
g = 0.2
e = 0.1
random initial weights = false

-530.0
-890.0
-950.0
-950.0
-1000.0
-1000.0
-1020.0
-1000.0
-990.0
-970.0
-950.0
-930.0
-930.0
-910.0
-900.0
-880.0
-870.0
-850.0
-850.0
-830.0
-810.0
-790.0
-770.0
-750.0
-730.0
-720.0
-700.0
-680.0
-670.0
-650.0
-640.0
-620.0
-600.0
-580.0
-560.0
-540.0
-530.0
-510.0
-490.0
-470.0
-450.0
-440.0
-420.0
-410.0
-390.0
-370.0
-350.0
-330.0
-310.0
-290.0
-270.0
-250.0
-230.0
-210.0
-190.0
-170.0
-150.0
-130.0
-110.0
-90.0
-70.0
-60.0
-40.0
-20.0
0.0
20.0
40.0
60.0
80.0
90.0
110.0
130.0
150.0
170.0
190.0
210.0
210.0
230.0
250.0
270.0
290.0
300.0
320.0
340.0
360.0
380.0
400.0
420.0
440.0
460.0
480.0
500.0
520.0
540.0
560.0
580.0
590.0
610.0
620.0
640.0
660.0
680.0
700.0
720.0
740.0
760.0
770.0
790.0
810.0
830.0
850.0
870.0
890.0
890.0
910.0
930.0
940.0
960.0
980.0
1000.0
1020.0
1040.0
1060.0
1080.0
1100.0
1120.0
1130.0
1150.0
1160.0
1180.0
1200.0
1220.0
1240.0
1250.0
1270.0
1290.0
1300.0
1320.0
1340.0
1360.0
1380.0
1390.0
1410.0
1420.0
1440.0
1460.0
1470.0
1490.0
1490.0
1510.0
1530.0
1550.0
1570.0
1590.0
1610.0
1620.0
1640.0
1650.0
1670.0
1680.0
1690.0
1710.0
1730.0
1750.0
1770.0
1780.0
1800.0
1810.0
1830.0
1850.0
1870.0
1890.0
1900.0
1920.0
1940.0
1960.0
1980.0
2000.0
2010.0
2030.0
2050.0
2070.0
2090.0
2100.0
2110.0
2130.0
2140.0
2160.0
2180.0
2190.0
2210.0
2230.0
2250.0
2270.0
2290.0
2310.0
2330.0
2340.0
2360.0
2370.0
2390.0
2410.0
2430.0
2440.0
2460.0
2480.0
2490.0
2510.0
2530.0
2550.0
2570.0
2590.0
2610.0
2630.0
2650.0
2640.0
2660.0
2680.0
2700.0
2710.0
2730.0
2750.0
2770.0
2780.0
2800.0
2800.0
2820.0
2840.0
2850.0
2860.0
2880.0
2900.0
2920.0
2940.0
2960.0
2980.0
3000.0
3020.0
3030.0
3050.0
3070.0
3090.0
3100.0
3120.0
3140.0
3160.0
3180.0
3190.0
3210.0
3230.0
3250.0
3270.0
3290.0
3310.0
3330.0
3340.0
3360.0
3380.0
3400.0
3410.0
3430.0
3450.0
3460.0
3480.0
3500.0
3490.0
3510.0
3530.0
3540.0
3560.0
3580.0
3600.0
3620.0
3630.0
3650.0
3670.0
3690.0
3700.0
3720.0
3730.0
3750.0
3770.0
3790.0
3810.0
3820.0
3840.0
3860.0
3880.0
3900.0
3920.0
3930.0
3950.0
3970.0
3990.0
4010.0
4030.0
4050.0
4070.0
4080.0
4100.0
4110.0
4120.0
4140.0
4160.0
4180.0
4200.0
4210.0
4230.0
4240.0
4250.0
4270.0
4290.0
4310.0
4330.0
4350.0
4360.0
4380.0
4400.0
4420.0
4440.0
4460.0
4480.0
4490.0
4510.0
4530.0
4550.0
4570.0
4590.0
4610.0
4620.0
4640.0
4660.0
4680.0
4700.0
4720.0
4740.0
4760.0
4780.0
4780.0
4800.0
4820.0
4840.0
4860.0
4870.0
4880.0
4900.0
4920.0
4930.0
4950.0
4960.0
4980.0
5000.0
5010.0
5030.0
5040.0
5060.0
5080.0
5100.0
5120.0
5140.0
5160.0
5180.0
5200.0
5210.0
5230.0
5240.0
5260.0
5280.0
5300.0
5320.0
5340.0
5350.0
5370.0
5390.0
5400.0
5420.0
5440.0
5460.0
5480.0
5490.0
5510.0
5530.0
5550.0
5570.0
5580.0
5580.0
5600.0
5620.0
5640.0
5660.0
5680.0
5700.0
5720.0
5740.0
5760.0
5780.0
5800.0
5810.0
5820.0
5840.0
5850.0
5860.0
5880.0
5900.0
5920.0
5940.0
5950.0
5970.0
5990.0
6000.0
6020.0
6040.0
6050.0
6070.0
6090.0
6110.0
6130.0
6150.0
6170.0
6190.0
6210.0
6230.0
6250.0
6270.0
6290.0
6300.0
6300.0
6320.0
6320.0
6330.0
6350.0
6370.0
6390.0
6410.0
6420.0
6430.0
6450.0
6450.0
6460.0
6470.0
6480.0
6500.0
6520.0
6540.0
6560.0
6580.0
6570.0
6590.0
6610.0
6630.0
6640.0
6660.0
6680.0
6690.0
6710.0
6720.0
6740.0
6760.0
6780.0
6800.0
6820.0
6830.0
6840.0
6860.0
6880.0
6900.0
6920.0
6940.0
6960.0
6980.0
6990.0
7010.0
7030.0
7040.0
7060.0
7080.0
7100.0
7120.0
7140.0
7160.0
7180.0
7200.0
7220.0
7240.0
7250.0
7260.0
7280.0
7300.0
7320.0
7340.0
7360.0
7380.0
7390.0
7410.0
7420.0
7440.0
7460.0
7480.0
7500.0
7520.0
7540.0
7560.0
7580.0
7600.0
7620.0
7630.0
7650.0
7670.0
7680.0
7700.0
7720.0
7740.0
7760.0
7770.0
7780.0
7800.0
7820.0
7840.0
7860.0
7880.0
7900.0
7920.0
7940.0
7950.0
7970.0
7970.0
7990.0
8000.0
8010.0
8030.0
8050.0
8070.0
8090.0
8100.0
8120.0
8130.0
8140.0
8160.0
8180.0
8200.0
8220.0
8240.0
8260.0
8270.0
8280.0
8300.0
8320.0
8340.0
8360.0
8380.0
8400.0
8420.0
8440.0
8460.0
8470.0
8490.0
8510.0
8530.0
8550.0
8570.0
8590.0
8610.0
8630.0
8650.0
8660.0
8680.0
8700.0
8710.0
8730.0
8750.0
8770.0
8790.0
8810.0
8820.0
8840.0
8860.0
8880.0
8900.0
8920.0
8940.0
8960.0
8980.0
9000.0
9010.0
9030.0
9050.0
9060.0
9080.0
9100.0
9110.0
9130.0
9150.0
9170.0
9190.0
9210.0
9230.0
9250.0
9270.0
9290.0
9310.0
9330.0
9350.0
9370.0
9390.0
9390.0
9410.0
9430.0
9440.0
9460.0
9480.0
9490.0
9510.0
9530.0
9550.0
9570.0
9580.0
9590.0
9610.0
9620.0
9640.0
9650.0
9670.0
9680.0
9700.0
9720.0
9730.0
9750.0
9770.0
9790.0
9810.0
9830.0
9840.0
9860.0
9880.0
9900.0
9920.0
9940.0
9960.0
9980.0
10000.0
10020.0
10040.0
10050.0
10070.0
10080.0
10100.0
10120.0
10140.0
10160.0
10180.0
10200.0
10220.0
10240.0
10260.0
10280.0
10300.0
10320.0
10340.0
10360.0
10380.0
10400.0
10420.0
10440.0
10460.0
10480.0
10500.0
10520.0
10540.0
10560.0
10580.0
10600.0
10620.0
10640.0
10660.0
10680.0
10690.0
10700.0
10720.0
10740.0
10760.0
10780.0
10800.0
10820.0
10840.0
10860.0
10880.0
10900.0
10910.0
10930.0
10940.0
10960.0
10980.0
11000.0
11010.0
11030.0
11030.0
11050.0
11050.0
11060.0
11060.0
11080.0
11100.0
11120.0
11140.0
11160.0
11180.0
11200.0
11220.0
11240.0
11250.0
11260.0
11280.0
11300.0
11310.0
11330.0
11340.0
11360.0
11380.0
11400.0
11410.0
11430.0
11450.0
11460.0
11480.0
11500.0
11520.0
11540.0
11560.0
11580.0
11600.0
11620.0
11640.0
11650.0
11670.0
11690.0
11710.0
11730.0
11750.0
11770.0
11780.0
11800.0
11820.0
11830.0
11850.0
11870.0
11890.0
11900.0
11920.0
11930.0
11940.0
11960.0
11970.0
11990.0
12010.0
12030.0
12040.0
12050.0
12070.0
12090.0
12110.0
12130.0
12150.0
12160.0
12170.0
12180.0
12190.0
12210.0
12230.0
12240.0
12250.0
12270.0
12290.0
12310.0
12330.0
12350.0
12370.0
12390.0
12410.0
12430.0
12450.0
12470.0
12490.0
12510.0
12530.0
12540.0
12560.0
12580.0
12600.0
12620.0
12640.0
12660.0
12670.0
12690.0
12710.0
12730.0
12750.0
12770.0
12780.0
12800.0
12820.0
12840.0
12860.0
12880.0
12900.0
12920.0
12940.0
12960.0
12980.0
13000.0
13020.0
13040.0
13050.0
13060.0
13080.0
13100.0
13120.0
13120.0
13140.0
13160.0
13180.0
13190.0
13190.0
13210.0
13220.0
13240.0
13260.0
13280.0
13300.0
13320.0
13330.0
13340.0
13360.0
13380.0
13400.0
13420.0
13440.0
13460.0
13480.0
13500.0
13520.0
13540.0
13560.0
13570.0
13590.0
13610.0
13630.0
13650.0
13670.0
13680.0
13680.0
13690.0
13710.0
13730.0
13750.0
13760.0
13780.0
13790.0
13810.0
13830.0
13840.0
13860.0
13880.0
13900.0
13920.0
13930.0
13950.0
13970.0
13990.0
14010.0
14030.0
14050.0
14070.0
14090.0
14100.0
14120.0
14140.0
14160.0
14180.0
14200.0
14220.0
14230.0
14250.0
14270.0
14290.0
14310.0
14320.0
14330.0
14350.0
14370.0
14390.0
14410.0
14430.0
14450.0
14470.0
14490.0
14510.0
14530.0
14550.0
14570.0
14590.0
14610.0
14630.0
14650.0
14670.0
14690.0
14710.0
14730.0
14750.0
14760.0
14780.0
14790.0
14810.0
14830.0
14850.0
14870.0
14890.0
14910.0
14930.0
14940.0
14960.0
14980.0
15000.0
15020.0
15020.0
15040.0
15060.0
15080.0
15100.0
15110.0
15130.0
15140.0
15160.0
15170.0
15190.0
15210.0
15230.0
15250.0
15270.0
15290.0
15310.0
15330.0
15350.0
15370.0
15390.0
15410.0
15430.0
15440.0
15460.0
15480.0
15500.0
15520.0
15540.0
15550.0
15560.0
15580.0
15600.0
15620.0
15640.0
15660.0
15670.0
15690.0
15700.0
15720.0
15740.0
15760.0
15780.0
15800.0
15820.0
15840.0
15860.0
15880.0
15890.0
15910.0
15930.0
15950.0
15970.0
15990.0
16010.0
16020.0
16040.0
16040.0
16060.0
16080.0
16100.0
16120.0
16130.0
16140.0
16160.0
16180.0
16200.0
16220.0
16230.0
16250.0
16270.0
16290.0
16300.0
16320.0
16340.0
16360.0
16380.0
16390.0
16410.0
16430.0
16450.0
16470.0
16490.0
16510.0
16530.0
16550.0
16570.0
16590.0
16610.0
16630.0
16650.0
16670.0
16680.0
16700.0
16720.0
16740.0
16760.0
16780.0
16800.0
16820.0
16820.0
16830.0
16850.0
16870.0
16890.0
16910.0
16930.0
16950.0
16970.0
16990.0
17000.0
17020.0
17040.0
17060.0
17080.0
17100.0
17120.0
17140.0
17160.0
17180.0
17190.0
17210.0
17230.0
17250.0
17270.0
17290.0
17310.0
17320.0
17340.0
17360.0
17380.0
17400.0
17420.0
17430.0
17440.0
17450.0
17460.0
17480.0
17500.0
17520.0
17530.0
17550.0
17560.0
17580.0
17590.0
17610.0
17630.0
17650.0
17670.0
17690.0
17710.0
17730.0
17750.0
17770.0
17790.0
17810.0
17830.0
17850.0
17860.0
17880.0
17880.0
17890.0
17900.0
17920.0
17940.0
17960.0
17980.0
18000.0
18020.0
18040.0
18060.0
18080.0
18090.0
18110.0
18130.0
18130.0
18150.0
18160.0
18180.0
18200.0
18220.0
18240.0
18260.0
18260.0
18280.0
18290.0
18310.0
18330.0
18350.0
18370.0
18390.0
18410.0
18430.0
18450.0
18470.0
18460.0
18480.0
18470.0
18490.0
18510.0
18520.0
18540.0
18550.0
18570.0
18580.0
18600.0
18620.0
18640.0
18660.0
18680.0
18700.0
18710.0
18730.0
18750.0
18760.0
18780.0
18800.0
18820.0
18840.0
18860.0
18880.0
18900.0
18920.0
18940.0
18960.0
18970.0
18990.0
19010.0
19020.0
19040.0
19060.0
19080.0
19100.0
19110.0
19130.0
19140.0
19160.0
19180.0
19190.0
19210.0
19230.0
19240.0
19260.0
19280.0
19290.0
19310.0
19330.0
19340.0
19360.0
19380.0
19390.0
19410.0
19420.0
19440.0
19460.0
19480.0
19490.0
19510.0
19530.0
19550.0
19570.0
19590.0
19610.0
19620.0
19640.0
19660.0
19680.0
19700.0
19720.0
19740.0
19760.0
19780.0
19800.0
19810.0
19820.0
19840.0
19860.0
19880.0
19880.0
19900.0
19920.0
19920.0
19940.0
19950.0
19970.0
19990.0
20010.0
20030.0
20050.0
20070.0
20090.0
20110.0
20130.0
20150.0
20170.0
20190.0
20210.0
20230.0
20250.0
20270.0
20290.0
20310.0
20330.0
20350.0
20370.0
20390.0
20410.0
20430.0
20450.0
20470.0
20490.0
20510.0
20530.0
20540.0
20550.0
20570.0
20590.0
20610.0
20630.0
20650.0
20670.0
20690.0
20710.0
20730.0
20750.0
20770.0
20780.0
20790.0
20810.0
20820.0
20840.0
20860.0
20860.0
20880.0
20900.0
20920.0
20940.0
20960.0
20980.0
20980.0
21000.0
21020.0
21040.0
21050.0
21070.0
21090.0
21110.0
21130.0
21150.0
21170.0
21190.0
21200.0
21220.0
21240.0
21230.0
21250.0
21270.0
21290.0
21300.0
21320.0
21340.0
21360.0
21380.0
21400.0
21420.0
21430.0
21450.0
21470.0
21480.0
21500.0
21520.0
21540.0
21560.0
21580.0
21600.0
21620.0
21640.0
21660.0
21680.0
21690.0
21710.0
21730.0
21750.0
21770.0
21790.0
21810.0
21830.0
21830.0
21850.0
21860.0
21880.0
21900.0
21910.0
21930.0
21950.0
21960.0
21980.0
22000.0
22020.0
22040.0
22060.0
22070.0
22090.0
22110.0
22130.0
22150.0
22170.0
22190.0
22210.0
22230.0
22250.0
22270.0
22280.0
22300.0
22320.0
22340.0
22360.0
22380.0
22400.0
22420.0
22440.0
22450.0
22470.0
22490.0
22510.0
22530.0
22550.0
22570.0
22590.0
22610.0
22630.0
22650.0
22670.0
22690.0
22700.0
22720.0
22740.0
22760.0
22780.0
22800.0
22820.0
22840.0
22860.0
22880.0
22900.0
22920.0
22930.0
22950.0
22970.0
22990.0
23010.0
23030.0
23050.0
23060.0
23080.0
23100.0
23110.0
23130.0
23150.0
23160.0
23180.0
23200.0
23210.0
23230.0
23250.0
23270.0
23280.0
23290.0
23310.0
23330.0
23340.0
23360.0
23380.0
23390.0
23410.0
23430.0
23450.0
23470.0
23490.0
23510.0
23520.0
23540.0
23560.0
23560.0
23580.0
23600.0
23610.0
23630.0
23650.0
23670.0
23690.0
23710.0
23730.0
23740.0
23750.0
23760.0
23780.0
23800.0
23820.0
23820.0
23840.0
23850.0
23870.0
23880.0
23900.0
23920.0
23940.0
23950.0
23960.0
23980.0
24000.0
24010.0
24010.0
24030.0
24040.0
24060.0
24080.0
24100.0
24120.0
24140.0
24160.0
24160.0
24180.0
24200.0
24210.0
24230.0
24250.0
24270.0
24290.0
24310.0
24330.0
24350.0
24350.0
24370.0
24390.0
24410.0
24430.0
24450.0
24470.0
24490.0
24510.0
24520.0
24520.0
24530.0
24540.0
24560.0
24580.0
24600.0
24620.0
24640.0
24660.0
24680.0
24700.0
24720.0
24740.0
24760.0
24780.0
24800.0
24820.0
24840.0
24860.0
24880.0
24890.0
24910.0
24930.0
24950.0
24970.0
24990.0
25010.0
25030.0
25050.0
25060.0
25080.0
25100.0
25120.0
25140.0
25160.0
