a = 0.5
g = 0.2
e = 0.1
random initial weights = false

-760.0
-890.0
-1060.0
-1060.0
-1140.0
-1140.0
-1150.0
-1170.0
-1160.0
-1140.0
-1160.0
-1140.0
-1150.0
-1150.0
-1140.0
-1130.0
-1120.0
-1100.0
-1110.0
-1090.0
-1070.0
-1050.0
-1040.0
-1020.0
-1000.0
-980.0
-960.0
-940.0
-920.0
-900.0
-880.0
-860.0
-840.0
-820.0
-800.0
-780.0
-760.0
-740.0
-730.0
-710.0
-690.0
-670.0
-650.0
-630.0
-620.0
-600.0
-580.0
-560.0
-540.0
-520.0
-500.0
-480.0
-470.0
-460.0
-450.0
-430.0
-410.0
-390.0
-370.0
-350.0
-330.0
-320.0
-300.0
-280.0
-260.0
-250.0
-230.0
-210.0
-190.0
-180.0
-160.0
-140.0
-130.0
-110.0
-100.0
-80.0
-60.0
-40.0
-20.0
0.0
20.0
40.0
60.0
80.0
100.0
110.0
130.0
110.0
120.0
140.0
160.0
180.0
200.0
220.0
240.0
260.0
280.0
300.0
320.0
340.0
360.0
380.0
400.0
420.0
440.0
460.0
480.0
490.0
510.0
530.0
550.0
560.0
580.0
590.0
610.0
630.0
650.0
660.0
680.0
690.0
710.0
730.0
750.0
770.0
790.0
810.0
830.0
850.0
870.0
890.0
910.0
930.0
950.0
970.0
990.0
1010.0
1030.0
1050.0
1070.0
1090.0
1110.0
1130.0
1150.0
1170.0
1180.0
1200.0
1220.0
1240.0
1260.0
1280.0
1300.0
1320.0
1340.0
1360.0
1380.0
1400.0
1420.0
1430.0
1450.0
1460.0
1480.0
1500.0
1520.0
1540.0
1560.0
1570.0
1590.0
1600.0
1620.0
1640.0
1650.0
1670.0
1690.0
1690.0
1710.0
1730.0
1750.0
1770.0
1790.0
1810.0
1830.0
1850.0
1870.0
1890.0
1910.0
1930.0
1950.0
1970.0
1980.0
2000.0
2020.0
2040.0
2060.0
2080.0
2100.0
2120.0
2140.0
2160.0
2180.0
2190.0
2210.0
2230.0
2250.0
2270.0
2290.0
2310.0
2330.0
2340.0
2360.0
2380.0
2400.0
2420.0
2440.0
2460.0
2470.0
2490.0
2510.0
2530.0
2540.0
2560.0
2580.0
2600.0
2620.0
2640.0
2660.0
2680.0
2700.0
2720.0
2740.0
2750.0
2770.0
2790.0
2810.0
2830.0
2850.0
2860.0
2870.0
2890.0
2910.0
2930.0
2950.0
2970.0
2980.0
3000.0
3020.0
3040.0
3060.0
3080.0
3100.0
3120.0
3140.0
3160.0
3180.0
3200.0
3220.0
3240.0
3250.0
3270.0
3290.0
3310.0
3330.0
3350.0
3370.0
3390.0
3410.0
3430.0
3450.0
3470.0
3490.0
3510.0
3530.0
3550.0
3570.0
3580.0
3600.0
3620.0
3640.0
3660.0
3680.0
3690.0
3710.0
3730.0
3750.0
3770.0
3790.0
3810.0
3830.0
3850.0
3870.0
3890.0
3910.0
3930.0
3950.0
3970.0
3990.0
4010.0
4030.0
4050.0
4070.0
4090.0
4100.0
4120.0
4140.0
4150.0
4160.0
4180.0
4200.0
4220.0
4240.0
4260.0
4280.0
4300.0
4320.0
4340.0
4360.0
4380.0
4400.0
4420.0
4440.0
4460.0
4470.0
4480.0
4500.0
4520.0
4540.0
4550.0
4560.0
4580.0
4600.0
4620.0
4640.0
4660.0
4680.0
4700.0
4720.0
4740.0
4750.0
4770.0
4780.0
4800.0
4820.0
4840.0
4860.0
4870.0
4890.0
4910.0
4930.0
4950.0
4970.0
4990.0
5010.0
5030.0
5050.0
5070.0
5090.0
5110.0
5130.0
5150.0
5170.0
5180.0
5200.0
5220.0
5230.0
5240.0
5260.0
5280.0
5300.0
5320.0
5340.0
5360.0
5380.0
5400.0
5410.0
5430.0
5450.0
5470.0
5490.0
5510.0
5530.0
5550.0
5570.0
5590.0
5610.0
5630.0
5650.0
5670.0
5690.0
5710.0
5730.0
5740.0
5760.0
5770.0
5790.0
5810.0
5830.0
5850.0
5870.0
5890.0
5910.0
5930.0
5950.0
5970.0
5990.0
6010.0
6030.0
6040.0
6060.0
6080.0
6100.0
6120.0
6140.0
6150.0
6170.0
6190.0
6200.0
6220.0
6230.0
6250.0
6250.0
6270.0
6290.0
6310.0
6330.0
6350.0
6370.0
6390.0
6410.0
6430.0
6450.0
6470.0
6490.0
6510.0
6530.0
6550.0
6570.0
6580.0
6600.0
6620.0
6640.0
6660.0
6680.0
6690.0
6710.0
6720.0
6740.0
6760.0
6770.0
6790.0
6810.0
6830.0
6850.0
6870.0
6890.0
6910.0
6930.0
6950.0
6970.0
6990.0
7010.0
7030.0
7050.0
7070.0
7090.0
7110.0
7130.0
7150.0
7170.0
7180.0
7200.0
7220.0
7240.0
7260.0
7280.0
7300.0
7320.0
7340.0
7360.0
7380.0
7400.0
7420.0
7440.0
7460.0
7480.0
7500.0
7520.0
7540.0
7560.0
7580.0
7600.0
7620.0
7640.0
7650.0
7670.0
7690.0
7710.0
7730.0
7750.0
7770.0
7780.0
7800.0
7810.0
7820.0
7840.0
7860.0
7880.0
7900.0
7920.0
7940.0
7960.0
7980.0
8000.0
8020.0
8040.0
8060.0
8080.0
8100.0
8120.0
8140.0
8160.0
8170.0
8190.0
8210.0
8230.0
8250.0
8260.0
8270.0
8290.0
8310.0
8330.0
8350.0
8370.0
8390.0
8410.0
8430.0
8450.0
8470.0
8480.0
8500.0
8520.0
8540.0
8560.0
8580.0
8600.0
8620.0
8640.0
8660.0
8680.0
8700.0
8720.0
8740.0
8760.0
8780.0
8800.0
8820.0
8840.0
8860.0
8880.0
8900.0
8920.0
8940.0
8960.0
8960.0
8980.0
9000.0
9020.0
9040.0
9050.0
9070.0
9090.0
9110.0
9130.0
9150.0
9170.0
9190.0
9210.0
9220.0
9230.0
9250.0
9270.0
9270.0
9290.0
9310.0
9330.0
9340.0
9360.0
9380.0
9400.0
9420.0
9440.0
9460.0
9470.0
9490.0
9510.0
9530.0
9540.0
9560.0
9580.0
9600.0
9610.0
9630.0
9640.0
9660.0
9670.0
9690.0
9710.0
9720.0
9740.0
9760.0
9770.0
9790.0
9810.0
9830.0
9850.0
9870.0
9890.0
9910.0
9920.0
9940.0
9960.0
9980.0
10000.0
10020.0
10040.0
10050.0
10060.0
10070.0
10090.0
10110.0
10130.0
10150.0
10160.0
10170.0
10190.0
10200.0
10220.0
10240.0
10260.0
10280.0
10300.0
10320.0
10340.0
10360.0
10380.0
10400.0
10420.0
10430.0
10450.0
10470.0
10490.0
10510.0
10530.0
10550.0
10570.0
10590.0
10610.0
10630.0
10650.0
10670.0
10690.0
10710.0
10730.0
10740.0
10760.0
10780.0
10790.0
10810.0
10830.0
10850.0
10870.0
10890.0
10910.0
10930.0
10940.0
10960.0
10980.0
11000.0
11020.0
11040.0
11060.0
11070.0
11090.0
11110.0
11130.0
11150.0
11170.0
11190.0
11210.0
11230.0
11250.0
11270.0
11290.0
11310.0
11320.0
11340.0
11360.0
11380.0
11400.0
11420.0
11440.0
11460.0
11480.0
11500.0
11520.0
11540.0
11560.0
11580.0
11600.0
11620.0
11640.0
11660.0
11680.0
11700.0
11720.0
11740.0
11750.0
11770.0
11790.0
11810.0
11830.0
11850.0
11870.0
11880.0
11900.0
11920.0
11940.0
11960.0
11980.0
12000.0
12020.0
12040.0
12050.0
12070.0
12090.0
12110.0
12130.0
12150.0
12170.0
12190.0
12210.0
12230.0
12250.0
12270.0
12290.0
12310.0
12330.0
12350.0
12370.0
12390.0
12410.0
12430.0
12450.0
12470.0
12480.0
12500.0
12510.0
12530.0
12550.0
12570.0
12590.0
12610.0
12610.0
12620.0
12640.0
12650.0
12670.0
12690.0
12710.0
12730.0
12750.0
12770.0
12790.0
12810.0
12830.0
12850.0
12870.0
12890.0
12910.0
12930.0
12950.0
12970.0
12990.0
13010.0
13030.0
13050.0
13070.0
13090.0
13110.0
13130.0
13140.0
13160.0
13180.0
13200.0
13220.0
13240.0
13260.0
13280.0
13300.0
13320.0
13330.0
13350.0
13370.0
13390.0
13410.0
13430.0
13450.0
13470.0
13490.0
13510.0
13530.0
13550.0
13570.0
13590.0
13610.0
13630.0
13650.0
13670.0
13690.0
13710.0
13730.0
13750.0
13770.0
13790.0
13810.0
13830.0
13850.0
13860.0
13870.0
13880.0
13900.0
13910.0
13930.0
13950.0
13970.0
13990.0
14010.0
14030.0
14050.0
14060.0
14080.0
14100.0
14110.0
14130.0
14150.0
14170.0
14190.0
14210.0
14230.0
14250.0
14270.0
14290.0
14310.0
14330.0
14350.0
14370.0
14390.0
14410.0
14430.0
14440.0
14460.0
14480.0
14500.0
14520.0
14540.0
14560.0
14580.0
14600.0
14620.0
14640.0
14660.0
14680.0
14700.0
14720.0
14740.0
14760.0
14780.0
14800.0
14820.0
14840.0
14860.0
14880.0
14900.0
14920.0
14930.0
14950.0
14970.0
14990.0
15010.0
15030.0
15050.0
15070.0
15090.0
15110.0
15130.0
15150.0
15170.0
15190.0
15210.0
15230.0
15250.0
15270.0
15290.0
15310.0
15320.0
15340.0
15350.0
15370.0
15370.0
15390.0
15410.0
15430.0
15450.0
15470.0
15490.0
15510.0
15530.0
15550.0
15570.0
15590.0
15610.0
15630.0
15650.0
15670.0
15690.0
15710.0
15730.0
15750.0
15770.0
15790.0
15810.0
15820.0
15840.0
15860.0
15880.0
15900.0
15910.0
15930.0
15950.0
15970.0
15990.0
16010.0
16030.0
16050.0
16070.0
16090.0
16110.0
16130.0
16150.0
16170.0
16180.0
16200.0
16220.0
16240.0
16260.0
16280.0
16300.0
16320.0
16340.0
16360.0
16380.0
16400.0
16420.0
16440.0
16460.0
16480.0
16500.0
16520.0
16540.0
16560.0
16580.0
16600.0
16620.0
16640.0
16660.0
16680.0
16700.0
16720.0
16720.0
16730.0
16750.0
16770.0
16790.0
16810.0
16830.0
16850.0
16870.0
16890.0
16910.0
16920.0
16940.0
16960.0
16980.0
16990.0
17010.0
17030.0
17050.0
17070.0
17080.0
17100.0
17110.0
17130.0
17150.0
17170.0
17190.0
17210.0
17230.0
17250.0
17270.0
17290.0
17310.0
17330.0
17350.0
17360.0
17370.0
17390.0
17400.0
17420.0
17440.0
17450.0
17470.0
17490.0
17510.0
17520.0
17540.0
17560.0
17580.0
17600.0
17600.0
17620.0
17640.0
17660.0
17680.0
17700.0
17720.0
17740.0
17760.0
17780.0
17800.0
17820.0
17840.0
17860.0
17880.0
17900.0
17920.0
17930.0
17950.0
17960.0
17980.0
18000.0
18020.0
18040.0
18060.0
18080.0
18100.0
18120.0
18140.0
18160.0
18180.0
18200.0
18210.0
18230.0
18250.0
18270.0
18290.0
18310.0
18330.0
18350.0
18350.0
18370.0
18390.0
18410.0
18430.0
18450.0
18450.0
18470.0
18490.0
18500.0
18520.0
18540.0
18560.0
18570.0
18580.0
18600.0
18620.0
18640.0
18660.0
18670.0
18690.0
18710.0
18730.0
18750.0
18770.0
18790.0
18810.0
18830.0
18850.0
18870.0
18880.0
18900.0
18920.0
18940.0
18960.0
18970.0
18990.0
19010.0
19030.0
19040.0
19060.0
19080.0
19100.0
19110.0
19130.0
19150.0
19170.0
19190.0
19210.0
19230.0
19250.0
19270.0
19290.0
19310.0
19330.0
19350.0
19370.0
19390.0
19410.0
19430.0
19450.0
19470.0
19490.0
19510.0
19520.0
19540.0
19560.0
19580.0
19600.0
19620.0
19640.0
19660.0
19680.0
19700.0
19720.0
19740.0
19760.0
19780.0
19790.0
19810.0
19830.0
19850.0
19870.0
19890.0
19910.0
19930.0
19950.0
19970.0
19980.0
20000.0
20020.0
20040.0
20060.0
20080.0
20100.0
20120.0
20130.0
20150.0
20170.0
20190.0
20210.0
20230.0
20250.0
20270.0
20290.0
20310.0
20330.0
20350.0
20370.0
20390.0
20410.0
20430.0
20450.0
20460.0
20480.0
20500.0
20520.0
20540.0
20560.0
20580.0
20600.0
20620.0
20640.0
20660.0
20680.0
20700.0
20720.0
20730.0
20750.0
20770.0
20790.0
20810.0
20830.0
20850.0
20870.0
20890.0
20900.0
20910.0
20930.0
20950.0
20970.0
20990.0
21010.0
21020.0
21040.0
21060.0
21080.0
21100.0
21120.0
21140.0
21160.0
21180.0
21200.0
21220.0
21240.0
21250.0
21270.0
21290.0
21310.0
21330.0
21350.0
21370.0
21390.0
21410.0
21420.0
21440.0
21460.0
21480.0
21500.0
21520.0
21540.0
21560.0
21580.0
21600.0
21610.0
21630.0
21640.0
21660.0
21680.0
21700.0
21720.0
21730.0
21750.0
21770.0
21790.0
21810.0
21830.0
21850.0
21870.0
21880.0
21900.0
21910.0
21920.0
21940.0
21960.0
21980.0
21990.0
22010.0
22030.0
22050.0
22070.0
22090.0
22110.0
22130.0
22150.0
22170.0
22190.0
22210.0
22220.0
22240.0
22260.0
22270.0
22290.0
22310.0
22330.0
22350.0
22370.0
22390.0
22410.0
22430.0
22450.0
22470.0
22490.0
22510.0
22530.0
22550.0
22570.0
22590.0
22610.0
22630.0
22650.0
22670.0
22690.0
22710.0
22730.0
22750.0
22770.0
22790.0
22810.0
22830.0
22850.0
22870.0
22890.0
22910.0
22930.0
22950.0
22970.0
22990.0
23010.0
23030.0
23050.0
23070.0
23090.0
23110.0
23130.0
23150.0
23170.0
23190.0
23210.0
23230.0
23250.0
23270.0
23290.0
23310.0
23330.0
23350.0
23370.0
23390.0
23410.0
23430.0
23440.0
23460.0
23480.0
23500.0
23520.0
23540.0
23560.0
23580.0
23600.0
23620.0
23640.0
23660.0
23680.0
23700.0
23720.0
23740.0
23760.0
23780.0
23800.0
23820.0
23830.0
23840.0
23860.0
23870.0
23890.0
23910.0
23930.0
23950.0
23970.0
23990.0
24010.0
24030.0
24040.0
24060.0
24070.0
24090.0
24100.0
24120.0
24140.0
24160.0
24180.0
24200.0
24210.0
24220.0
24230.0
24250.0
24270.0
24290.0
24310.0
24320.0
24330.0
24340.0
24360.0
24380.0
24400.0
24420.0
24440.0
24460.0
24480.0
24500.0
24520.0
24540.0
24560.0
24570.0
24590.0
24610.0
24630.0
24650.0
24670.0
24690.0
24700.0
24720.0
24740.0
24740.0
24750.0
24770.0
24790.0
24810.0
24830.0
24850.0
24870.0
24890.0
24910.0
24930.0
24950.0
24960.0
24980.0
25000.0
25020.0
25040.0
25060.0
25080.0
25100.0
25120.0
25140.0
25160.0
25180.0
25200.0
25220.0
25240.0
25260.0
25280.0
25300.0
25320.0
25340.0
25360.0
25380.0
25400.0
25420.0
25440.0
25460.0
25480.0
25500.0
25520.0
25540.0
25560.0
25570.0
25580.0
25600.0
25600.0
25620.0
25630.0
25630.0
25650.0
25660.0
25680.0
25700.0
25710.0
25730.0
25750.0
25770.0
25790.0
25810.0
25830.0
25850.0
25870.0
25890.0
25910.0
25930.0
25950.0
25970.0
25980.0
26000.0
26020.0
26040.0
26060.0
26080.0
26100.0
26120.0
26130.0
26150.0
26170.0
26190.0
26210.0
26230.0
26250.0
26270.0
26290.0
26310.0
26330.0
26350.0
26370.0
26390.0
26410.0
