a = 0.5
g = 0.2
e = 0.3
random initial weights = false

-570.0
-1330.0
-1800.0
-1970.0
-2060.0
-2110.0
-2440.0
-2450.0
-2530.0
-2540.0
-2680.0
-2660.0
-2690.0
-2720.0
-2720.0
-2720.0
-2710.0
-2710.0
-2810.0
-2830.0
-2870.0
-2930.0
-2940.0
-2920.0
-2920.0
-2930.0
-2940.0
-2920.0
-2900.0
-2880.0
-2860.0
-2850.0
-2830.0
-2820.0
-2830.0
-2830.0
-2810.0
-2800.0
-2780.0
-2780.0
-2780.0
-2770.0
-2750.0
-2750.0
-2740.0
-2720.0
-2700.0
-2710.0
-2690.0
-2690.0
-2680.0
-2660.0
-2640.0
-2620.0
-2600.0
-2600.0
-2580.0
-2560.0
-2540.0
-2520.0
-2500.0
-2500.0
-2480.0
-2460.0
-2460.0
-2440.0
-2420.0
-2410.0
-2390.0
-2380.0
-2370.0
-2350.0
-2350.0
-2330.0
-2330.0
-2320.0
-2300.0
-2290.0
-2270.0
-2250.0
-2230.0
-2220.0
-2210.0
-2200.0
-2180.0
-2160.0
-2140.0
-2120.0
-2100.0
-2090.0
-2090.0
-2070.0
-2050.0
-2040.0
-2020.0
-2000.0
-1980.0
-1960.0
-1940.0
-1930.0
-1910.0
-1900.0
-1880.0
-1860.0
-1850.0
-1830.0
-1810.0
-1790.0
-1770.0
-1760.0
-1740.0
-1720.0
-1720.0
-1700.0
-1700.0
-1690.0
-1670.0
-1650.0
-1650.0
-1630.0
-1640.0
-1620.0
-1610.0
-1590.0
-1600.0
-1610.0
-1590.0
-1580.0
-1560.0
-1550.0
-1530.0
-1520.0
-1520.0
-1510.0
-1510.0
-1500.0
-1490.0
-1470.0
-1460.0
-1450.0
-1440.0
-1420.0
-1400.0
-1380.0
-1370.0
-1350.0
-1330.0
-1310.0
-1290.0
-1270.0
-1250.0
-1240.0
-1230.0
-1210.0
-1200.0
-1180.0
-1180.0
-1160.0
-1140.0
-1140.0
-1120.0
-1120.0
-1110.0
-1140.0
-1120.0
-1100.0
-1080.0
-1060.0
-1040.0
-1030.0
-1020.0
-1000.0
-1010.0
-990.0
-970.0
-950.0
-940.0
-930.0
-910.0
-890.0
-900.0
-900.0
-890.0
-870.0
-860.0
-840.0
-850.0
-830.0
-820.0
-810.0
-790.0
-790.0
-820.0
-810.0
-810.0
-830.0
-820.0
-800.0
-780.0
-760.0
-750.0
-740.0
-740.0
-730.0
-710.0
-690.0
-680.0
-660.0
-650.0
-640.0
-620.0
-600.0
-580.0
-560.0
-560.0
-570.0
-550.0
-540.0
-520.0
-500.0
-480.0
-460.0
-440.0
-430.0
-420.0
-400.0
-400.0
-400.0
-380.0
-380.0
-370.0
-350.0
-330.0
-310.0
-290.0
-280.0
-260.0
-240.0
-220.0
-210.0
-190.0
-170.0
-150.0
-130.0
-120.0
-100.0
-80.0
-80.0
-60.0
-50.0
-40.0
-30.0
-10.0
10.0
30.0
50.0
70.0
90.0
110.0
120.0
140.0
140.0
150.0
170.0
190.0
210.0
230.0
250.0
270.0
280.0
300.0
310.0
310.0
300.0
310.0
320.0
340.0
330.0
330.0
350.0
370.0
390.0
400.0
390.0
400.0
420.0
420.0
440.0
430.0
450.0
470.0
490.0
510.0
520.0
520.0
520.0
530.0
550.0
570.0
590.0
610.0
610.0
620.0
630.0
640.0
660.0
680.0
700.0
710.0
730.0
750.0
770.0
780.0
790.0
810.0
820.0
840.0
860.0
870.0
880.0
900.0
920.0
940.0
960.0
970.0
960.0
970.0
970.0
990.0
1010.0
1020.0
1030.0
1040.0
1060.0
1080.0
1100.0
1110.0
1130.0
1140.0
1150.0
1160.0
1180.0
1200.0
1210.0
1220.0
1240.0
1240.0
1260.0
1280.0
1300.0
1320.0
1340.0
1340.0
1360.0
1380.0
1400.0
1410.0
1430.0
1430.0
1450.0
1470.0
1460.0
1480.0
1500.0
1520.0
1540.0
1520.0
1540.0
1560.0
1580.0
1600.0
1610.0
1630.0
1630.0
1650.0
1670.0
1680.0
1690.0
1700.0
1710.0
1720.0
1740.0
1760.0
1780.0
1800.0
1820.0
1830.0
1840.0
1850.0
1870.0
1890.0
1900.0
1920.0
1910.0
1920.0
1940.0
1960.0
1980.0
1990.0
2010.0
2020.0
2040.0
2040.0
2060.0
2070.0
2090.0
2110.0
2120.0
2140.0
2160.0
2180.0
2200.0
2210.0
2230.0
2250.0
2260.0
2260.0
2250.0
2270.0
2270.0
2280.0
2300.0
2320.0
2320.0
2340.0
2360.0
2370.0
2390.0
2410.0
2420.0
2440.0
2440.0
2450.0
2470.0
2490.0
2490.0
2510.0
2530.0
2550.0
2560.0
2570.0
2590.0
2610.0
2630.0
2640.0
2650.0
2670.0
2690.0
2690.0
2710.0
2710.0
2710.0
2730.0
2740.0
2760.0
2780.0
2780.0
2790.0
2800.0
2810.0
2830.0
2840.0
2850.0
2870.0
2890.0
2910.0
2930.0
2950.0
2970.0
2990.0
3000.0
3000.0
3020.0
3040.0
3060.0
3070.0
3090.0
3100.0
3120.0
3140.0
3140.0
3160.0
3180.0
3200.0
3200.0
3220.0
3230.0
3230.0
3250.0
3270.0
3290.0
3290.0
3310.0
3320.0
3320.0
3340.0
3360.0
3370.0
3370.0
3380.0
3380.0
3390.0
3400.0
3410.0
3420.0
3440.0
3460.0
3480.0
3500.0
3520.0
3540.0
3560.0
3580.0
3590.0
3610.0
3620.0
3620.0
3630.0
3650.0
3670.0
3690.0
3710.0
3720.0
3740.0
3750.0
3770.0
3790.0
3810.0
3820.0
3840.0
3860.0
3880.0
3890.0
3910.0
3930.0
3950.0
3970.0
3980.0
4000.0
4020.0
4030.0
4050.0
4050.0
4070.0
4080.0
4060.0
4080.0
4080.0
4100.0
4120.0
4140.0
4160.0
4150.0
4170.0
4190.0
4200.0
4210.0
4230.0
4250.0
4270.0
4290.0
4290.0
4300.0
4290.0
4310.0
4330.0
4340.0
4360.0
4380.0
4400.0
4420.0
4440.0
4460.0
4460.0
4470.0
4490.0
4490.0
4510.0
4490.0
4510.0
4530.0
4530.0
4550.0
4570.0
4590.0
4610.0
4630.0
4610.0
4630.0
4640.0
4660.0
4660.0
4680.0
4690.0
4700.0
4700.0
4690.0
4710.0
4730.0
4750.0
4750.0
4760.0
4780.0
4800.0
4820.0
4840.0
4860.0
4880.0
4900.0
4880.0
4900.0
4920.0
4930.0
4950.0
4970.0
4990.0
5010.0
5030.0
5030.0
5050.0
5060.0
5070.0
5080.0
5100.0
5120.0
5130.0
5150.0
5170.0
5180.0
5190.0
5210.0
5230.0
5230.0
5240.0
5250.0
5260.0
5270.0
5290.0
5300.0
5310.0
5310.0
5310.0
5330.0
5350.0
5370.0
5370.0
5360.0
5360.0
5360.0
5370.0
5390.0
5410.0
5430.0
5450.0
5470.0
5480.0
5460.0
5460.0
5470.0
5490.0
5490.0
5490.0
5500.0
5520.0
5540.0
5560.0
5570.0
5580.0
5590.0
5600.0
5620.0
5640.0
5660.0
5670.0
5690.0
5700.0
5720.0
5740.0
5760.0
5780.0
5800.0
5820.0
5820.0
5820.0
5840.0
5860.0
5870.0
5890.0
5910.0
5930.0
5950.0
5970.0
5990.0
6010.0
6020.0
6030.0
6040.0
6040.0
6060.0
6080.0
6090.0
6090.0
6110.0
6130.0
6150.0
6150.0
6160.0
6170.0
6180.0
6180.0
6200.0
6210.0
6230.0
6240.0
6260.0
6280.0
6290.0
6280.0
6300.0
6310.0
6320.0
6340.0
6360.0
6380.0
6380.0
6390.0
6400.0
6420.0
6410.0
6430.0
6450.0
6440.0
6460.0
6470.0
6490.0
6510.0
6530.0
6540.0
6520.0
6540.0
6560.0
6580.0
6600.0
6610.0
6630.0
6650.0
6670.0
6680.0
6700.0
6720.0
6700.0
6710.0
6710.0
6700.0
6720.0
6740.0
6760.0
6780.0
6800.0
6820.0
6830.0
6840.0
6850.0
6870.0
6890.0
6910.0
6920.0
6940.0
6950.0
6970.0
6970.0
6990.0
7000.0
6980.0
7000.0
7020.0
7040.0
7060.0
7080.0
7100.0
7100.0
7120.0
7140.0
7150.0
7160.0
7170.0
7170.0
7190.0
7180.0
7200.0
7200.0
7220.0
7240.0
7250.0
7260.0
7280.0
7300.0
7320.0
7340.0
7360.0
7380.0
7400.0
7410.0
7420.0
7430.0
7450.0
7450.0
7460.0
7480.0
7500.0
7510.0
7530.0
7540.0
7550.0
7570.0
7590.0
7570.0
7560.0
7580.0
7600.0
7620.0
7630.0
7640.0
7660.0
7670.0
7680.0
7700.0
7720.0
7740.0
7750.0
7770.0
7790.0
7810.0
7820.0
7840.0
7850.0
7860.0
7860.0
7880.0
7880.0
7890.0
7890.0
7910.0
7910.0
7930.0
7940.0
7960.0
7980.0
8000.0
8010.0
8020.0
8040.0
8060.0
8080.0
8080.0
8090.0
8110.0
8130.0
8150.0
8170.0
8190.0
8190.0
8210.0
8230.0
8240.0
8260.0
8270.0
8290.0
8300.0
8320.0
8330.0
8350.0
8370.0
8390.0
8410.0
8430.0
8440.0
8460.0
8470.0
8460.0
8480.0
8500.0
8520.0
8540.0
8550.0
8570.0
8590.0
8610.0
8620.0
8640.0
8660.0
8670.0
8690.0
8700.0
8720.0
8740.0
8750.0
8770.0
8780.0
8800.0
8820.0
8840.0
8860.0
8880.0
8900.0
8920.0
8940.0
8950.0
8970.0
8970.0
8980.0
8980.0
8980.0
8990.0
9000.0
8990.0
9010.0
9030.0
9050.0
9060.0
9070.0
9070.0
9080.0
9090.0
9100.0
9120.0
9130.0
9150.0
9170.0
9190.0
9200.0
9220.0
9230.0
9240.0
9260.0
9270.0
9280.0
9290.0
9310.0
9320.0
9340.0
9350.0
9370.0
9380.0
9390.0
9400.0
9420.0
9440.0
9460.0
9480.0
9500.0
9500.0
9490.0
9460.0
9470.0
9480.0
9490.0
9500.0
9520.0
9530.0
9540.0
9560.0
9580.0
9600.0
9600.0
9610.0
9620.0
9620.0
9620.0
9640.0
9660.0
9680.0
9700.0
9720.0
9730.0
9750.0
9760.0
9770.0
9790.0
9770.0
9790.0
9800.0
9820.0
9840.0
9860.0
9870.0
9870.0
9890.0
9900.0
9910.0
9910.0
9930.0
9950.0
9960.0
9980.0
10000.0
10020.0
10020.0
10010.0
10020.0
10030.0
10050.0
10070.0
10080.0
10090.0
10090.0
10110.0
10090.0
10110.0
10100.0
10110.0
10110.0
10110.0
10120.0
10140.0
10160.0
10170.0
10190.0
10210.0
10230.0
10240.0
10260.0
10280.0
10290.0
10310.0
10320.0
10340.0
10350.0
10370.0
10390.0
10410.0
10430.0
10440.0
10460.0
10480.0
10490.0
10480.0
10500.0
10510.0
10530.0
10540.0
10550.0
10570.0
10580.0
10600.0
10620.0
10610.0
10600.0
10590.0
10590.0
10600.0
10620.0
10640.0
10650.0
10660.0
10680.0
10700.0
10720.0
10740.0
10760.0
10780.0
10800.0
10800.0
10820.0
10840.0
10860.0
10870.0
10890.0
10880.0
10900.0
10910.0
10900.0
10920.0
10930.0
10940.0
10950.0
10960.0
10980.0
10990.0
11010.0
11020.0
11030.0
11050.0
11050.0
11070.0
11090.0
11110.0
11130.0
11140.0
11150.0
11160.0
11150.0
11160.0
11150.0
11150.0
11170.0
11180.0
11190.0
11210.0
11230.0
11230.0
11240.0
11240.0
11240.0
11260.0
11260.0
11280.0
11270.0
11290.0
11310.0
11310.0
11320.0
11340.0
11350.0
11360.0
11380.0
11400.0
11390.0
11410.0
11410.0
11410.0
11420.0
11420.0
11440.0
11460.0
11480.0
11500.0
11520.0
11540.0
11550.0
11570.0
11570.0
11590.0
11600.0
11620.0
11630.0
11640.0
11640.0
11640.0
11660.0
11670.0
11680.0
11700.0
11710.0
11730.0
11720.0
11730.0
11750.0
11770.0
11780.0
11790.0
11810.0
11800.0
11820.0
11790.0
11800.0
11800.0
11810.0
11830.0
11820.0
11820.0
11830.0
11840.0
11850.0
11860.0
11870.0
11880.0
11900.0
11900.0
11920.0
11940.0
11940.0
11960.0
11970.0
11990.0
12010.0
12030.0
12040.0
12050.0
12060.0
12070.0
12090.0
12110.0
12130.0
12100.0
12100.0
12090.0
12110.0
12120.0
12120.0
12140.0
12150.0
12160.0
12170.0
12190.0
12210.0
12200.0
12220.0
12240.0
12240.0
12260.0
12270.0
12270.0
12270.0
12290.0
12300.0
12320.0
12320.0
12340.0
12350.0
12360.0
12380.0
12380.0
12400.0
12410.0
12430.0
12440.0
12440.0
12460.0
12480.0
12490.0
12490.0
12510.0
12530.0
12550.0
12570.0
12580.0
12600.0
12620.0
12630.0
12630.0
12650.0
12650.0
12660.0
12660.0
12680.0
12660.0
12670.0
12690.0
12710.0
12720.0
12720.0
12740.0
12760.0
12770.0
12790.0
12800.0
12820.0
12830.0
12840.0
12860.0
12870.0
12890.0
12910.0
12930.0
12950.0
12960.0
12980.0
13000.0
13010.0
13020.0
13020.0
13020.0
13040.0
13050.0
13070.0
13090.0
13110.0
13130.0
13140.0
13160.0
13170.0
13180.0
13190.0
13210.0
13230.0
13230.0
13240.0
13260.0
13260.0
13280.0
13300.0
13320.0
13320.0
13330.0
13340.0
13360.0
13380.0
13390.0
13400.0
13410.0
13430.0
13450.0
13470.0
13490.0
13500.0
13520.0
13540.0
13540.0
13550.0
13550.0
13570.0
13590.0
13600.0
13610.0
13630.0
13650.0
13670.0
13680.0
13700.0
13720.0
13740.0
13760.0
13770.0
13780.0
13790.0
13800.0
13810.0
13830.0
13840.0
13860.0
13850.0
13860.0
13880.0
13890.0
13870.0
13870.0
13890.0
13910.0
13930.0
13940.0
13960.0
13980.0
13990.0
14000.0
14020.0
14040.0
14050.0
14070.0
14090.0
14110.0
14130.0
14130.0
14140.0
14160.0
14180.0
14200.0
14220.0
14240.0
14250.0
14270.0
14280.0
14300.0
14300.0
14320.0
14330.0
14350.0
14360.0
14370.0
14370.0
14360.0
14360.0
14360.0
14380.0
14400.0
14410.0
14420.0
14410.0
14410.0
14430.0
14430.0
14430.0
14450.0
14470.0
14480.0
14500.0
14500.0
14520.0
14500.0
14500.0
14500.0
14520.0
14540.0
14560.0
14580.0
14590.0
14600.0
14610.0
14630.0
14650.0
14670.0
14670.0
14680.0
14690.0
14700.0
14700.0
14710.0
14720.0
14740.0
14750.0
14770.0
14780.0
14790.0
14810.0
14830.0
14830.0
14820.0
14840.0
14850.0
14870.0
14880.0
14900.0
14920.0
14940.0
14960.0
14960.0
14970.0
14980.0
15000.0
15000.0
15020.0
15040.0
15060.0
15080.0
15100.0
15110.0
15130.0
15150.0
15170.0
15190.0
15210.0
15220.0
15240.0
15250.0
15270.0
15270.0
15290.0
15300.0
15320.0
15310.0
15330.0
15330.0
15350.0
15350.0
15350.0
15360.0
15370.0
15390.0
15390.0
15400.0
15400.0
15410.0
15420.0
15440.0
15450.0
15460.0
15480.0
15480.0
15500.0
15510.0
15530.0
15540.0
15550.0
15570.0
15590.0
15590.0
15610.0
15620.0
15630.0
15650.0
15660.0
15680.0
15690.0
15710.0
15700.0
15700.0
15720.0
15740.0
15760.0
15770.0
15780.0
15790.0
15800.0
15820.0
15830.0
15840.0
15830.0
15850.0
15860.0
15870.0
15870.0
15890.0
15910.0
15930.0
15950.0
15960.0
15980.0
15990.0
16000.0
16010.0
