a = 0.8
g = 0.2
e = 0.1
random initial weights = false

-150.0
-250.0
-530.0
-630.0
-690.0
-740.0
-830.0
-870.0
-910.0
-900.0
-920.0
-920.0
-900.0
-900.0
-890.0
-880.0
-870.0
-860.0
-860.0
-840.0
-820.0
-800.0
-780.0
-760.0
-740.0
-720.0
-700.0
-680.0
-670.0
-660.0
-640.0
-620.0
-610.0
-590.0
-570.0
-550.0
-530.0
-510.0
-500.0
-480.0
-460.0
-450.0
-430.0
-410.0
-390.0
-370.0
-350.0
-330.0
-310.0
-290.0
-270.0
-250.0
-230.0
-210.0
-200.0
-200.0
-180.0
-160.0
-140.0
-120.0
-100.0
-80.0
-60.0
-40.0
-20.0
0.0
20.0
40.0
60.0
80.0
100.0
120.0
140.0
160.0
180.0
200.0
220.0
240.0
260.0
280.0
300.0
320.0
340.0
360.0
380.0
400.0
420.0
440.0
460.0
480.0
500.0
520.0
540.0
560.0
580.0
600.0
620.0
640.0
650.0
670.0
690.0
700.0
720.0
740.0
760.0
770.0
790.0
810.0
830.0
850.0
870.0
890.0
900.0
910.0
930.0
950.0
970.0
990.0
1010.0
1030.0
1050.0
1070.0
1090.0
1110.0
1130.0
1150.0
1170.0
1190.0
1210.0
1230.0
1250.0
1260.0
1280.0
1300.0
1320.0
1340.0
1360.0
1380.0
1400.0
1420.0
1440.0
1460.0
1480.0
1500.0
1520.0
1540.0
1560.0
1580.0
1590.0
1600.0
1620.0
1640.0
1650.0
1660.0
1670.0
1690.0
1710.0
1730.0
1750.0
1770.0
1790.0
1810.0
1810.0
1820.0
1840.0
1860.0
1880.0
1900.0
1920.0
1940.0
1940.0
1960.0
1980.0
1860.0
1880.0
1900.0
1920.0
1940.0
1960.0
1980.0
2000.0
2000.0
2020.0
2040.0
2060.0
2080.0
2100.0
2120.0
2140.0
2150.0
2170.0
2190.0
2210.0
2230.0
2240.0
2250.0
2260.0
2280.0
2300.0
2310.0
2330.0
2350.0
2370.0
2390.0
2410.0
2430.0
2450.0
2470.0
2490.0
2510.0
2530.0
2550.0
2570.0
2590.0
2600.0
2620.0
2630.0
2650.0
2670.0
2690.0
2710.0
2730.0
2740.0
2760.0
2780.0
2800.0
2820.0
2840.0
2860.0
2880.0
2900.0
2920.0
2940.0
2960.0
2980.0
3000.0
3020.0
3040.0
3060.0
3080.0
3100.0
3120.0
3140.0
3160.0
3180.0
3200.0
3220.0
3240.0
3260.0
3280.0
3300.0
3320.0
3330.0
3350.0
3370.0
3390.0
3410.0
3430.0
3440.0
3450.0
3470.0
3480.0
3500.0
3510.0
3530.0
3550.0
3570.0
3590.0
3610.0
3630.0
3650.0
3670.0
3690.0
3710.0
3720.0
3740.0
3760.0
3770.0
3790.0
3810.0
3830.0
3850.0
3870.0
3880.0
3900.0
3920.0
3940.0
3960.0
3980.0
4000.0
4020.0
4040.0
4060.0
4080.0
4100.0
4120.0
4140.0
4160.0
4180.0
4200.0
4220.0
4240.0
4260.0
4280.0
4290.0
4310.0
4330.0
4350.0
4370.0
4390.0
4410.0
4430.0
4450.0
4460.0
4480.0
4500.0
4510.0
4530.0
4550.0
4560.0
4580.0
4600.0
4620.0
4640.0
4660.0
4680.0
4700.0
4720.0
4730.0
4750.0
4770.0
4780.0
4800.0
4820.0
4840.0
4860.0
4880.0
4900.0
4920.0
4940.0
4960.0
4980.0
5000.0
5020.0
5030.0
5050.0
5070.0
5090.0
5110.0
5120.0
5120.0
5140.0
5160.0
5180.0
5190.0
5210.0
5230.0
5250.0
5260.0
5270.0
5290.0
5300.0
5310.0
5330.0
5350.0
5360.0
5380.0
5400.0
5420.0
5440.0
5460.0
5480.0
5500.0
5510.0
5530.0
5550.0
5570.0
5590.0
5610.0
5630.0
5640.0
5660.0
5680.0
5700.0
5720.0
5740.0
5750.0
5770.0
5790.0
5810.0
5830.0
5850.0
5870.0
5890.0
5910.0
5930.0
5950.0
5970.0
5990.0
6010.0
6030.0
6050.0
6070.0
6090.0
6110.0
6130.0
6140.0
6160.0
6180.0
6200.0
6220.0
6240.0
6260.0
6280.0
6300.0
6310.0
6330.0
6350.0
6370.0
6390.0
6410.0
6430.0
6450.0
6470.0
6490.0
6510.0
6530.0
6550.0
6570.0
6590.0
6610.0
6630.0
6650.0
6670.0
6690.0
6710.0
6730.0
6750.0
6770.0
6790.0
6810.0
6830.0
6850.0
6870.0
6890.0
6910.0
6930.0
6940.0
6920.0
6940.0
6960.0
6980.0
7000.0
7010.0
7020.0
7040.0
7060.0
7070.0
7080.0
7100.0
7120.0
7140.0
7150.0
7170.0
7190.0
7210.0
7230.0
7250.0
7270.0
7290.0
7310.0
7330.0
7350.0
7370.0
7370.0
7390.0
7410.0
7430.0
7450.0
7470.0
7480.0
7500.0
7520.0
7540.0
7560.0
7570.0
7580.0
7600.0
7620.0
7640.0
7660.0
7670.0
7690.0
7710.0
7730.0
7750.0
7770.0
7790.0
7800.0
7820.0
7840.0
7860.0
7870.0
7890.0
7910.0
7930.0
7950.0
7960.0
7970.0
7990.0
8010.0
8030.0
8050.0
8070.0
8090.0
8110.0
8130.0
8150.0
8170.0
8180.0
8200.0
8220.0
8240.0
8260.0
8280.0
8300.0
8320.0
8340.0
8360.0
8380.0
8400.0
8420.0
8440.0
8460.0
8480.0
8500.0
8520.0
8540.0
8560.0
8570.0
8590.0
8610.0
8630.0
8650.0
8670.0
8690.0
8710.0
8730.0
8750.0
8770.0
8790.0
8810.0
8830.0
8850.0
8870.0
8890.0
8910.0
8920.0
8940.0
8960.0
8980.0
8980.0
9000.0
9010.0
9030.0
9050.0
9070.0
9090.0
9110.0
9130.0
9150.0
9170.0
9190.0
9210.0
9230.0
9250.0
9270.0
9290.0
9290.0
9300.0
9320.0
9320.0
9340.0
9360.0
9380.0
9400.0
9420.0
9440.0
9460.0
9480.0
9500.0
9520.0
9540.0
9560.0
9580.0
9600.0
9620.0
9640.0
9660.0
9680.0
9690.0
9710.0
9720.0
9740.0
9760.0
9780.0
9800.0
9820.0
9830.0
9850.0
9870.0
9890.0
9910.0
9930.0
9950.0
9970.0
9990.0
10010.0
10020.0
10040.0
10060.0
10080.0
10100.0
10120.0
10140.0
10160.0
10180.0
10200.0
10220.0
10240.0
10260.0
10280.0
10300.0
10320.0
10340.0
10350.0
10370.0
10390.0
10410.0
10430.0
10450.0
10470.0
10490.0
10510.0
10530.0
10540.0
10560.0
10570.0
10590.0
10610.0
10630.0
10650.0
10670.0
10690.0
10700.0
10720.0
10740.0
10740.0
10760.0
10780.0
10800.0
10810.0
10830.0
10850.0
10870.0
10880.0
10890.0
10910.0
10930.0
10950.0
10970.0
10990.0
11010.0
11030.0
11050.0
11070.0
11090.0
11100.0
11120.0
11140.0
11160.0
11180.0
11200.0
11220.0
11240.0
11260.0
11270.0
11290.0
11310.0
11330.0
11350.0
11370.0
11390.0
11410.0
11430.0
11450.0
11460.0
11480.0
11500.0
11520.0
11540.0
11560.0
11580.0
11590.0
11600.0
11620.0
11640.0
11660.0
11680.0
11700.0
11720.0
11730.0
11750.0
11770.0
11790.0
11810.0
11830.0
11850.0
11860.0
11860.0
11870.0
11890.0
11910.0
11930.0
11950.0
11970.0
11990.0
12010.0
12030.0
12050.0
12070.0
12090.0
12110.0
12120.0
12140.0
12160.0
12170.0
12190.0
12210.0
12230.0
12250.0
12270.0
12290.0
12310.0
12330.0
12350.0
12370.0
12390.0
12410.0
12430.0
12440.0
12460.0
12480.0
12500.0
12510.0
12530.0
12550.0
12560.0
12580.0
12590.0
12610.0
12630.0
12640.0
12660.0
12680.0
12700.0
12720.0
12740.0
12750.0
12760.0
12780.0
12800.0
12810.0
12830.0
12850.0
12870.0
12890.0
12910.0
12930.0
12940.0
12950.0
12970.0
12990.0
13000.0
13020.0
13040.0
13060.0
13070.0
13090.0
13110.0
13130.0
13150.0
13170.0
13190.0
13210.0
13220.0
13240.0
13250.0
13270.0
13280.0
13300.0
13320.0
13340.0
13360.0
13380.0
13400.0
13420.0
13430.0
13450.0
13470.0
13490.0
13510.0
13530.0
13550.0
13570.0
13590.0
13610.0
13620.0
13640.0
13660.0
13680.0
13690.0
13710.0
13730.0
13750.0
13770.0
13790.0
13810.0
13830.0
13850.0
13870.0
13890.0
13910.0
13930.0
13950.0
13970.0
13980.0
14000.0
14020.0
14040.0
14060.0
14080.0
14100.0
14120.0
14140.0
14160.0
14180.0
14200.0
14220.0
14240.0
14260.0
14280.0
14300.0
14320.0
14330.0
14350.0
14370.0
14390.0
14410.0
14430.0
14450.0
14470.0
14490.0
14500.0
14520.0
14540.0
14560.0
14580.0
14600.0
14620.0
14640.0
14650.0
14670.0
14690.0
14690.0
14710.0
14730.0
14750.0
14760.0
14780.0
14800.0
14820.0
14840.0
14860.0
14880.0
14900.0
14920.0
14930.0
14950.0
14970.0
14980.0
15000.0
15020.0
15040.0
15060.0
15070.0
15090.0
15110.0
15130.0
15150.0
15170.0
15190.0
15210.0
15230.0
15240.0
15260.0
15280.0
15300.0
15310.0
15330.0
15330.0
15350.0
15370.0
15390.0
15400.0
15420.0
15430.0
15450.0
15470.0
15490.0
15510.0
15530.0
15550.0
15570.0
15590.0
15610.0
15630.0
15650.0
15670.0
15690.0
15710.0
15730.0
15750.0
15760.0
15780.0
15800.0
15820.0
15830.0
15850.0
15870.0
15890.0
15910.0
15930.0
15950.0
15970.0
15990.0
16010.0
16030.0
16050.0
16070.0
16070.0
16090.0
16110.0
16120.0
16140.0
16150.0
16170.0
16190.0
16210.0
16230.0
16250.0
16270.0
16290.0
16310.0
16330.0
16350.0
16370.0
16390.0
16410.0
16420.0
16440.0
16460.0
16480.0
16490.0
16510.0
16530.0
16550.0
16570.0
16590.0
16610.0
16620.0
16640.0
16660.0
16680.0
16700.0
16720.0
16740.0
16760.0
16770.0
16790.0
16810.0
16830.0
16850.0
16870.0
16880.0
16890.0
16910.0
16930.0
16940.0
16950.0
16970.0
16990.0
17010.0
17030.0
17050.0
17070.0
17090.0
17110.0
17130.0
17150.0
17170.0
17190.0
17210.0
17230.0
17250.0
17270.0
17290.0
17310.0
17330.0
17350.0
17370.0
17390.0
17410.0
17430.0
17450.0
17470.0
17490.0
17510.0
17530.0
17550.0
17570.0
17590.0
17600.0
17620.0
17640.0
17660.0
17680.0
17700.0
17720.0
17740.0
17760.0
17780.0
17800.0
17820.0
17840.0
17860.0
17880.0
17890.0
17910.0
17930.0
17940.0
17960.0
17980.0
18000.0
18020.0
18040.0
18050.0
18070.0
18090.0
18110.0
18130.0
18140.0
18160.0
18160.0
18180.0
18190.0
18210.0
18230.0
18250.0
18270.0
18290.0
18310.0
18330.0
18350.0
18370.0
18390.0
18410.0
18430.0
18450.0
18470.0
18470.0
18490.0
18510.0
18530.0
18550.0
18570.0
18590.0
18610.0
18620.0
18630.0
18650.0
18660.0
18680.0
18690.0
18710.0
18730.0
18750.0
18770.0
18790.0
18810.0
18830.0
18850.0
18870.0
18890.0
18900.0
18920.0
18930.0
18950.0
18970.0
18990.0
19010.0
19030.0
19050.0
19060.0
19080.0
19100.0
19120.0
19140.0
19160.0
19180.0
19200.0
19220.0
19240.0
19260.0
19280.0
19300.0
19320.0
19340.0
19360.0
19380.0
19400.0
19420.0
19440.0
19460.0
19480.0
19500.0
19520.0
19540.0
19560.0
19580.0
19600.0
19620.0
19640.0
19660.0
19680.0
19700.0
19720.0
19730.0
19750.0
19770.0
19790.0
19790.0
19810.0
19830.0
19840.0
19850.0
19870.0
19890.0
19910.0
19920.0
19940.0
19960.0
19980.0
20000.0
20020.0
20040.0
20060.0
20060.0
20080.0
20100.0
20120.0
20140.0
20160.0
20180.0
20190.0
20210.0
20220.0
20240.0
20260.0
20280.0
20300.0
20310.0
20330.0
20340.0
20360.0
20380.0
20400.0
20420.0
20440.0
20460.0
20460.0
20480.0
20500.0
20520.0
20540.0
20560.0
20580.0
20590.0
20610.0
20630.0
20650.0
20670.0
20690.0
20710.0
20730.0
20750.0
20770.0
20790.0
20810.0
20830.0
20850.0
20870.0
20890.0
20910.0
20930.0
20950.0
20960.0
20980.0
21000.0
21020.0
21040.0
21060.0
21070.0
21090.0
21100.0
21120.0
21120.0
21140.0
21160.0
21180.0
21200.0
21210.0
21230.0
21250.0
21270.0
21290.0
21310.0
21330.0
21350.0
21370.0
21390.0
21410.0
21430.0
21450.0
21470.0
21480.0
21500.0
21520.0
21540.0
21560.0
21580.0
21600.0
21620.0
21640.0
21660.0
21680.0
21700.0
21720.0
21740.0
21760.0
21780.0
21790.0
21810.0
21830.0
21820.0
21840.0
21860.0
21880.0
21900.0
21910.0
21920.0
21940.0
21940.0
21960.0
21980.0
22000.0
22010.0
22020.0
22040.0
22050.0
22070.0
22090.0
22110.0
22130.0
22150.0
22170.0
22190.0
22200.0
22220.0
22240.0
22260.0
22280.0
22290.0
22310.0
22330.0
22350.0
22370.0
22390.0
22410.0
22420.0
22440.0
22450.0
22470.0
22470.0
22490.0
22510.0
22530.0
22550.0
22570.0
22590.0
22610.0
22630.0
22650.0
22670.0
22690.0
22710.0
22720.0
22730.0
22750.0
22760.0
22780.0
22790.0
22810.0
22830.0
22840.0
22860.0
22880.0
22900.0
22920.0
22940.0
22960.0
22980.0
23000.0
23010.0
23030.0
23050.0
23070.0
23090.0
23110.0
23130.0
23150.0
23170.0
23190.0
23210.0
23230.0
23250.0
23260.0
23280.0
23300.0
23310.0
23330.0
23350.0
23370.0
23390.0
23410.0
23430.0
23450.0
23470.0
23490.0
23510.0
23530.0
23550.0
23570.0
23590.0
23610.0
23630.0
23640.0
23660.0
23680.0
23700.0
23720.0
23740.0
23760.0
23770.0
23790.0
23800.0
23810.0
23830.0
23850.0
23870.0
23880.0
23900.0
23920.0
23940.0
23960.0
23970.0
23990.0
24010.0
24020.0
24040.0
24060.0
24080.0
24100.0
24120.0
24140.0
24150.0
24160.0
24180.0
24200.0
24200.0
24210.0
24230.0
24250.0
24270.0
24290.0
24310.0
24330.0
24350.0
24370.0
24390.0
24410.0
24430.0
24450.0
24470.0
24490.0
24510.0
24530.0
24550.0
24570.0
24590.0
24610.0
24630.0
24630.0
24640.0
24660.0
24680.0
24700.0
24720.0
24740.0
24760.0
24780.0
24800.0
24820.0
24840.0
24860.0
24880.0
24900.0
24920.0
24940.0
24960.0
24980.0
25000.0
25020.0
25040.0
25060.0
25070.0
25090.0
25110.0
25110.0
25130.0
25150.0
25170.0
25180.0
25200.0
25220.0
25240.0
25260.0
25280.0
25300.0
25320.0
25340.0
25360.0
25380.0
25400.0
25420.0
25440.0
25460.0
25480.0
25500.0
25520.0
25540.0
25560.0
25580.0
25600.0
25620.0
25640.0
25660.0
25680.0
25700.0
25720.0
25740.0
25760.0
25780.0
25800.0
25820.0
25840.0
25860.0
25870.0
25890.0
25910.0
25930.0
25950.0
25970.0
25990.0
26000.0
26020.0
26040.0
26060.0
26080.0
26100.0
