a = 0.8
g = 0.2
e = 0.1
random initial weights = false

-680.0
-1090.0
-1360.0
-1420.0
-1480.0
-1670.0
-1660.0
-1680.0
-1670.0
-1670.0
-1650.0
-1650.0
-1650.0
-1660.0
-1670.0
-1700.0
-1720.0
-1700.0
-1680.0
-1660.0
-1640.0
-1620.0
-1600.0
-1580.0
-1560.0
-1560.0
-1550.0
-1530.0
-1510.0
-1490.0
-1480.0
-1460.0
-1440.0
-1420.0
-1400.0
-1380.0
-1370.0
-1350.0
-1340.0
-1320.0
-1310.0
-1290.0
-1270.0
-1250.0
-1240.0
-1220.0
-1200.0
-1180.0
-1160.0
-1140.0
-1120.0
-1100.0
-1080.0
-1060.0
-1040.0
-1030.0
-1010.0
-990.0
-980.0
-960.0
-960.0
-940.0
-950.0
-930.0
-910.0
-890.0
-870.0
-850.0
-840.0
-830.0
-810.0
-790.0
-770.0
-750.0
-730.0
-710.0
-690.0
-670.0
-650.0
-630.0
-610.0
-590.0
-580.0
-560.0
-540.0
-530.0
-510.0
-500.0
-480.0
-460.0
-440.0
-420.0
-400.0
-380.0
-370.0
-350.0
-330.0
-330.0
-310.0
-290.0
-270.0
-250.0
-230.0
-210.0
-200.0
-180.0
-160.0
-150.0
-130.0
-110.0
-90.0
-70.0
-60.0
-40.0
-20.0
-10.0
10.0
30.0
40.0
60.0
80.0
100.0
110.0
130.0
150.0
160.0
180.0
200.0
220.0
230.0
250.0
270.0
290.0
310.0
330.0
350.0
370.0
390.0
410.0
420.0
440.0
440.0
460.0
480.0
500.0
520.0
540.0
560.0
580.0
600.0
620.0
640.0
660.0
680.0
700.0
720.0
740.0
750.0
770.0
790.0
810.0
830.0
850.0
870.0
890.0
910.0
930.0
950.0
970.0
990.0
1010.0
1030.0
1050.0
1060.0
1080.0
1100.0
1120.0
1140.0
1160.0
1180.0
1200.0
1220.0
1230.0
1250.0
1270.0
1290.0
1300.0
1320.0
1340.0
1360.0
1380.0
1400.0
1420.0
1440.0
1460.0
1470.0
1490.0
1510.0
1530.0
1550.0
1550.0
1570.0
1580.0
1590.0
1610.0
1630.0
1650.0
1660.0
1680.0
1700.0
1720.0
1740.0
1760.0
1780.0
1800.0
1820.0
1830.0
1850.0
1870.0
1890.0
1910.0
1930.0
1950.0
1970.0
1990.0
2010.0
2030.0
2050.0
2070.0
2090.0
2110.0
2120.0
2140.0
2160.0
2180.0
2200.0
2220.0
2220.0
2240.0
2260.0
2270.0
2280.0
2290.0
2310.0
2320.0
2340.0
2360.0
2380.0
2400.0
2420.0
2430.0
2450.0
2470.0
2480.0
2480.0
2500.0
2520.0
2540.0
2560.0
2580.0
2600.0
2620.0
2640.0
2660.0
2670.0
2690.0
2710.0
2730.0
2740.0
2760.0
2780.0
2790.0
2810.0
2830.0
2850.0
2870.0
2890.0
2900.0
2920.0
2940.0
2960.0
2980.0
3000.0
3020.0
3040.0
3060.0
3080.0
3100.0
3110.0
3130.0
3150.0
3170.0
3190.0
3210.0
3220.0
3240.0
3260.0
3280.0
3300.0
3320.0
3340.0
3360.0
3380.0
3390.0
3400.0
3400.0
3420.0
3430.0
3450.0
3470.0
3480.0
3500.0
3520.0
3540.0
3540.0
3560.0
3580.0
3600.0
3620.0
3630.0
3650.0
3670.0
3690.0
3700.0
3720.0
3740.0
3760.0
3780.0
3800.0
3810.0
3830.0
3840.0
3860.0
3880.0
3890.0
3910.0
3930.0
3950.0
3960.0
3960.0
3980.0
4000.0
4020.0
4040.0
4060.0
4080.0
4100.0
4120.0
4130.0
4150.0
4170.0
4190.0
4210.0
4210.0
4230.0
4250.0
4270.0
4290.0
4310.0
4330.0
4350.0
4350.0
4370.0
4380.0
4400.0
4410.0
4430.0
4450.0
4470.0
4490.0
4510.0
4530.0
4550.0
4570.0
4570.0
4590.0
4610.0
4620.0
4640.0
4660.0
4680.0
4700.0
4710.0
4730.0
4750.0
4760.0
4780.0
4800.0
4820.0
4840.0
4860.0
4880.0
4900.0
4910.0
4920.0
4930.0
4950.0
4960.0
4970.0
4980.0
5000.0
5010.0
5030.0
5050.0
5070.0
5090.0
5110.0
5120.0
5130.0
5150.0
5170.0
5190.0
5210.0
5230.0
5250.0
5270.0
5290.0
5300.0
5320.0
5330.0
5350.0
5370.0
5370.0
5390.0
5400.0
5410.0
5430.0
5440.0
5460.0
5480.0
5470.0
5490.0
5510.0
5520.0
5540.0
5560.0
5580.0
5600.0
5620.0
5640.0
5650.0
5670.0
5690.0
5710.0
5730.0
5750.0
5770.0
5790.0
5810.0
5830.0
5850.0
5860.0
5880.0
5900.0
5920.0
5940.0
5960.0
5980.0
6000.0
6010.0
6020.0
6040.0
6060.0
6080.0
6100.0
6120.0
6140.0
6150.0
6170.0
6190.0
6210.0
6230.0
6250.0
6260.0
6280.0
6300.0
6320.0
6340.0
6350.0
6370.0
6390.0
6410.0
6430.0
6450.0
6470.0
6490.0
6510.0
6530.0
6550.0
6570.0
6570.0
6590.0
6610.0
6630.0
6650.0
6670.0
6690.0
6710.0
6730.0
6730.0
6750.0
6760.0
6770.0
6790.0
6810.0
6830.0
6850.0
6870.0
6880.0
6900.0
6920.0
6940.0
6960.0
6980.0
7000.0
7020.0
7040.0
7060.0
7080.0
7100.0
7110.0
7120.0
7140.0
7160.0
7170.0
7180.0
7200.0
7220.0
7240.0
7260.0
7260.0
7270.0
7290.0
7310.0
7330.0
7340.0
7340.0
7360.0
7380.0
7390.0
7390.0
7400.0
7410.0
7430.0
7450.0
7470.0
7490.0
7510.0
7520.0
7540.0
7560.0
7580.0
7600.0
7620.0
7640.0
7660.0
7680.0
7690.0
7710.0
7730.0
7740.0
7760.0
7770.0
7770.0
7780.0
7800.0
7820.0
7840.0
7850.0
7870.0
7890.0
7910.0
7920.0
7940.0
7950.0
7970.0
7990.0
8000.0
8010.0
8030.0
8050.0
8060.0
8060.0
8080.0
8100.0
8120.0
8140.0
8160.0
8180.0
8200.0
8220.0
8240.0
8260.0
8280.0
8300.0
8310.0
8330.0
8350.0
8370.0
8390.0
8410.0
8420.0
8440.0
8460.0
8480.0
8500.0
8520.0
8530.0
8550.0
8570.0
8590.0
8610.0
8630.0
8650.0
8670.0
8690.0
8710.0
8720.0
8740.0
8760.0
8780.0
8800.0
8820.0
8840.0
8860.0
8880.0
8900.0
8920.0
8940.0
8960.0
8980.0
9000.0
9020.0
9030.0
9040.0
9050.0
9060.0
9080.0
9100.0
9120.0
9140.0
9160.0
9180.0
9200.0
9220.0
9240.0
9260.0
9280.0
9300.0
9320.0
9330.0
9350.0
9370.0
9390.0
9400.0
9420.0
9440.0
9460.0
9480.0
9500.0
9520.0
9540.0
9540.0
9550.0
9550.0
9560.0
9580.0
9600.0
9620.0
9630.0
9650.0
9670.0
9690.0
9710.0
9730.0
9730.0
9750.0
9770.0
9790.0
9810.0
9830.0
9840.0
9860.0
9870.0
9890.0
9900.0
9920.0
9940.0
9950.0
9970.0
9990.0
10010.0
10030.0
10050.0
10070.0
10090.0
10100.0
10120.0
10140.0
10160.0
10180.0
10190.0
10210.0
10220.0
10240.0
10260.0
10270.0
10290.0
10310.0
10330.0
10340.0
10360.0
10380.0
10400.0
10420.0
10440.0
10460.0
10480.0
10500.0
10520.0
10540.0
10560.0
10570.0
10590.0
10610.0
10630.0
10640.0
10660.0
10680.0
10700.0
10710.0
10720.0
10740.0
10760.0
10780.0
10800.0
10820.0
10840.0
10860.0
10880.0
10900.0
10920.0
10940.0
10960.0
10970.0
10990.0
11010.0
11030.0
11050.0
11070.0
11090.0
11110.0
11130.0
11150.0
11170.0
11180.0
11200.0
11220.0
11240.0
11260.0
11280.0
11290.0
11310.0
11330.0
11340.0
11360.0
11380.0
11400.0
11410.0
11430.0
11450.0
11470.0
11490.0
11510.0
11520.0
11530.0
11540.0
11560.0
11570.0
11590.0
11610.0
11630.0
11640.0
11660.0
11680.0
11690.0
11710.0
11730.0
11750.0
11760.0
11780.0
11800.0
11820.0
11830.0
11840.0
11850.0
11860.0
11880.0
11900.0
11920.0
11940.0
11960.0
11980.0
12000.0
12010.0
12030.0
12040.0
12060.0
12080.0
12100.0
12120.0
12130.0
12150.0
12170.0
12180.0
12200.0
12220.0
12240.0
12260.0
12280.0
12290.0
12300.0
12320.0
12340.0
12350.0
12360.0
12380.0
12390.0
12410.0
12430.0
12450.0
12470.0
12490.0
12510.0
12520.0
12540.0
12560.0
12580.0
12600.0
12610.0
12630.0
12650.0
12670.0
12680.0
12700.0
12720.0
12730.0
12750.0
12770.0
12790.0
12810.0
12820.0
12840.0
12860.0
12880.0
12900.0
12910.0
12930.0
12950.0
12970.0
12980.0
13000.0
13010.0
13030.0
13050.0
13070.0
13090.0
13110.0
13120.0
13140.0
13160.0
13180.0
13200.0
13210.0
13220.0
13230.0
13250.0
13270.0
13280.0
13300.0
13320.0
13330.0
13350.0
13370.0
13390.0
13410.0
13430.0
13440.0
13460.0
13480.0
13500.0
13520.0
13540.0
13560.0
13580.0
13600.0
13620.0
13640.0
13660.0
13680.0
13700.0
13720.0
13730.0
13750.0
13770.0
13790.0
13810.0
13830.0
13850.0
13870.0
13890.0
13910.0
13920.0
13930.0
13940.0
13960.0
13980.0
14000.0
14020.0
14040.0
14060.0
14080.0
14100.0
14120.0
14140.0
14160.0
14170.0
14190.0
14210.0
14200.0
14220.0
14230.0
14250.0
14240.0
14250.0
14270.0
14290.0
14310.0
14330.0
14350.0
14370.0
14380.0
14400.0
14420.0
14440.0
14460.0
14450.0
14470.0
14490.0
14510.0
14530.0
14550.0
14570.0
14590.0
14610.0
14620.0
14640.0
14660.0
14680.0
14700.0
14720.0
14730.0
14750.0
14760.0
14770.0
14790.0
14810.0
14830.0
14850.0
14870.0
14890.0
14910.0
14920.0
14940.0
14960.0
14980.0
15000.0
15020.0
15040.0
15060.0
15080.0
15100.0
15120.0
15140.0
15160.0
15180.0
15200.0
15220.0
15230.0
15250.0
15270.0
15290.0
15310.0
15330.0
15340.0
15360.0
15380.0
15400.0
15410.0
15420.0
15430.0
15450.0
15460.0
15480.0
15490.0
15500.0
15520.0
15540.0
15560.0
15580.0
15590.0
15610.0
15630.0
15650.0
15670.0
15690.0
15710.0
15730.0
15740.0
15760.0
15780.0
15800.0
15820.0
15840.0
15860.0
15880.0
15900.0
15920.0
15940.0
15960.0
15980.0
16000.0
16020.0
16040.0
16060.0
16080.0
16100.0
16110.0
16120.0
16140.0
16160.0
16180.0
16200.0
16220.0
16240.0
16260.0
16280.0
16300.0
16300.0
16320.0
16330.0
16350.0
16370.0
16390.0
16410.0
16430.0
16440.0
16460.0
16480.0
16490.0
16500.0
16520.0
16540.0
16550.0
16570.0
16570.0
16590.0
16610.0
16630.0
16650.0
16670.0
16690.0
16710.0
16730.0
16750.0
16770.0
16790.0
16810.0
16810.0
16830.0
16850.0
16870.0
16870.0
16880.0
16900.0
16910.0
16930.0
16940.0
16950.0
16970.0
16990.0
17000.0
17010.0
17030.0
17050.0
17070.0
17090.0
17110.0
17130.0
17150.0
17170.0
17190.0
17210.0
17220.0
17240.0
17260.0
17280.0
17300.0
17320.0
17340.0
17360.0
17380.0
17400.0
17420.0
17440.0
17450.0
17470.0
17490.0
17510.0
17530.0
17550.0
17570.0
17590.0
17600.0
17610.0
17630.0
17650.0
17670.0
17680.0
17700.0
17710.0
17730.0
17750.0
17770.0
17790.0
17810.0
17830.0
17840.0
17860.0
17880.0
17900.0
17920.0
17940.0
17960.0
17980.0
18000.0
18020.0
18040.0
18060.0
18080.0
18100.0
18120.0
18140.0
18160.0
18180.0
18200.0
18210.0
18230.0
18240.0
18260.0
18280.0
18290.0
18310.0
18330.0
18350.0
18370.0
18390.0
18400.0
18420.0
18430.0
18450.0
18470.0
18480.0
18500.0
18510.0
18530.0
18550.0
18570.0
18590.0
18610.0
18630.0
18650.0
18670.0
18690.0
18700.0
18710.0
18730.0
18750.0
18760.0
18780.0
18790.0
18810.0
18830.0
18850.0
18870.0
18890.0
18910.0
18930.0
18950.0
18970.0
18980.0
19000.0
19020.0
19030.0
19040.0
19060.0
19080.0
19100.0
19120.0
19140.0
19160.0
19180.0
19200.0
19210.0
19230.0
19250.0
19270.0
19290.0
19310.0
19330.0
19350.0
19350.0
19370.0
19390.0
19410.0
19430.0
19430.0
19440.0
19460.0
19470.0
19490.0
19490.0
19510.0
19530.0
19550.0
19550.0
19570.0
19590.0
19610.0
19630.0
19650.0
19670.0
19690.0
19710.0
19720.0
19740.0
19760.0
19780.0
19800.0
19810.0
19830.0
19850.0
19870.0
19890.0
19910.0
19930.0
19950.0
19970.0
19990.0
20010.0
20030.0
20050.0
20070.0
20090.0
20110.0
20130.0
20150.0
20170.0
20180.0
20200.0
20220.0
20240.0
20260.0
20270.0
20290.0
20310.0
20320.0
20330.0
20350.0
20370.0
20390.0
20410.0
20430.0
20450.0
20450.0
20470.0
20480.0
20500.0
20520.0
20540.0
20560.0
20580.0
20590.0
20610.0
20630.0
20650.0
20670.0
20680.0
20700.0
20710.0
20730.0
20740.0
20740.0
20760.0
20780.0
20800.0
20800.0
20820.0
20840.0
20850.0
20870.0
20890.0
20900.0
20920.0
20940.0
20960.0
20980.0
21000.0
21020.0
21010.0
21030.0
21050.0
21070.0
21090.0
21100.0
21120.0
21140.0
21160.0
21160.0
21170.0
21180.0
21200.0
21220.0
21240.0
21260.0
21280.0
21300.0
21320.0
21340.0
21360.0
21380.0
21400.0
21420.0
21440.0
21450.0
21470.0
21490.0
21510.0
21520.0
21530.0
21550.0
21560.0
21580.0
21600.0
21620.0
21640.0
21660.0
21680.0
21700.0
21720.0
21740.0
21760.0
21780.0
21800.0
21820.0
21840.0
21860.0
21880.0
21900.0
21920.0
21940.0
21960.0
21980.0
22000.0
22010.0
22030.0
22050.0
22070.0
22090.0
22100.0
22120.0
22140.0
22160.0
22180.0
22200.0
22220.0
22230.0
22250.0
22270.0
22290.0
22310.0
22330.0
22350.0
22370.0
22390.0
22410.0
22410.0
22430.0
22450.0
22470.0
22490.0
22510.0
22530.0
22550.0
22570.0
22590.0
22610.0
22630.0
22650.0
22670.0
22680.0
22700.0
22720.0
22740.0
22760.0
22780.0
22800.0
22820.0
22840.0
22860.0
22870.0
22880.0
22900.0
22910.0
22920.0
22940.0
22960.0
22980.0
23000.0
23010.0
23000.0
23020.0
23040.0
23050.0
23060.0
23070.0
23090.0
23110.0
23130.0
23140.0
23160.0
23180.0
23200.0
23210.0
23220.0
23240.0
23260.0
23280.0
23300.0
23320.0
23320.0
23340.0
23350.0
23370.0
23390.0
23410.0
23430.0
23450.0
23450.0
23470.0
23460.0
23480.0
23490.0
23510.0
23520.0
23530.0
23550.0
23570.0
23590.0
23610.0
23630.0
23650.0
23670.0
23680.0
23700.0
23720.0
23740.0
23760.0
23770.0
23770.0
23790.0
23810.0
23830.0
23850.0
23870.0
23890.0
23910.0
23930.0
23950.0
23970.0
23990.0
24010.0
24010.0
24030.0
24050.0
24060.0
24080.0
24100.0
24110.0
24130.0
