a = 0.8
g = 0.5
e = 0.5
random initial weights = false

-640.0
-980.0
-1750.0
-1850.0
-2130.0
-2210.0
-2890.0
-3140.0
-3310.0
-3420.0
-3580.0
-3590.0
-3810.0
-3920.0
-3970.0
-4040.0
-4070.0
-4090.0
-4070.0
-4150.0
-4170.0
-4190.0
-4190.0
-4200.0
-4210.0
-4200.0
-4200.0
-4190.0
-4180.0
-4170.0
-4200.0
-4180.0
-4200.0
-4180.0
-4180.0
-4170.0
-4290.0
-4330.0
-4330.0
-4320.0
-4330.0
-4360.0
-4340.0
-4340.0
-4350.0
-4340.0
-4340.0
-4350.0
-4350.0
-4390.0
-4380.0
-4420.0
-4440.0
-4440.0
-4430.0
-4450.0
-4470.0
-4470.0
-4450.0
-4490.0
-4500.0
-4480.0
-4490.0
-4470.0
-4460.0
-4450.0
-4470.0
-4450.0
-4490.0
-4560.0
-4590.0
-4580.0
-4580.0
-4590.0
-4570.0
-4590.0
-4570.0
-4570.0
-4600.0
-4620.0
-4620.0
-4630.0
-4610.0
-4610.0
-4610.0
-4600.0
-4620.0
-4660.0
-4660.0
-4690.0
-4690.0
-4700.0
-4720.0
-4740.0
-4730.0
-4710.0
-4690.0
-4680.0
-4690.0
-4750.0
-4750.0
-4740.0
-4730.0
-4710.0
-4700.0
-4690.0
-4670.0
-4650.0
-4630.0
-4660.0
-4640.0
-4640.0
-4690.0
-4680.0
-4690.0
-4670.0
-4670.0
-4670.0
-4650.0
-4670.0
-4660.0
-4650.0
-4630.0
-4650.0
-4670.0
-4680.0
-4660.0
-4640.0
-4630.0
-4620.0
-4640.0
-4660.0
-4650.0
-4660.0
-4660.0
-5080.0
-5080.0
-5060.0
-5040.0
-5020.0
-5010.0
-5000.0
-4990.0
-4980.0
-4960.0
-4940.0
-4920.0
-4950.0
-4960.0
-4960.0
-4950.0
-4950.0
-4980.0
-4990.0
-4980.0
-5070.0
-5050.0
-5060.0
-5070.0
-5060.0
-5060.0
-5070.0
-5060.0
-5050.0
-5040.0
-5080.0
-5080.0
-5080.0
-5060.0
-5070.0
-5050.0
-5030.0
-5020.0
-5020.0
-5000.0
-5060.0
-5110.0
-5110.0
-5110.0
-5090.0
-5070.0
-5070.0
-5100.0
-5110.0
-5090.0
-5110.0
-5110.0
-5100.0
-5100.0
-5090.0
-5090.0
-5100.0
-5090.0
-5080.0
-5070.0
-5060.0
-5040.0
-5060.0
-5060.0
-5040.0
-5040.0
-5030.0
-5060.0
-5050.0
-5090.0
-5080.0
-5100.0
-5120.0
-5110.0
-5110.0
-5090.0
-5070.0
-5100.0
-5100.0
-5110.0
-5140.0
-5140.0
-5120.0
-5120.0
-5110.0
-5090.0
-5090.0
-5090.0
-5120.0
-5110.0
-5100.0
-5100.0
-5100.0
-5140.0
-5120.0
-5100.0
-5100.0
-5080.0
-5080.0
-5060.0
-5110.0
-5110.0
-5110.0
-5130.0
-5140.0
-5140.0
-5140.0
-5140.0
-5150.0
-5180.0
-5180.0
-5240.0
-5220.0
-5260.0
-5310.0
-5300.0
-5310.0
-5330.0
-5350.0
-5390.0
-5410.0
-5400.0
-5440.0
-5430.0
-5430.0
-5440.0
-5430.0
-5420.0
-5400.0
-5400.0
-5420.0
-5420.0
-5460.0
-5440.0
-5420.0
-5430.0
-5420.0
-5440.0
-5500.0
-5500.0
-5520.0
-5540.0
-5550.0
-5580.0
-5580.0
-5560.0
-5580.0
-5600.0
-5590.0
-5580.0
-5590.0
-5570.0
-5580.0
-5610.0
-5600.0
-5620.0
-5610.0
-5590.0
-5570.0
-5610.0
-5630.0
-5620.0
-5610.0
-5600.0
-5580.0
-5600.0
-5600.0
-5580.0
-5580.0
-5560.0
-5590.0
-5590.0
-5570.0
-5570.0
-5580.0
-5590.0
-5640.0
-5640.0
-5710.0
-5700.0
-5720.0
-5710.0
-5760.0
-5790.0
-5820.0
-5810.0
-5820.0
-5810.0
-5850.0
-5860.0
-5850.0
-5860.0
-5880.0
-5880.0
-5890.0
-5880.0
-5870.0
-5850.0
-5860.0
-5900.0
-5910.0
-5930.0
-5910.0
-5890.0
-5910.0
-5890.0
-5870.0
-5900.0
-5940.0
-5930.0
-5950.0
-5950.0
-5960.0
-6000.0
-6040.0
-6050.0
-6040.0
-6030.0
-6010.0
-6010.0
-5990.0
-5980.0
-6030.0
-6050.0
-6060.0
-6050.0
-6040.0
-6040.0
-6040.0
-6040.0
-6030.0
-6030.0
-6030.0
-6010.0
-6000.0
-5990.0
-5980.0
-5980.0
-5970.0
-5960.0
-5970.0
-5990.0
-5980.0
-5970.0
-5960.0
-5940.0
-5930.0
-5920.0
-5900.0
-5880.0
-5870.0
-5860.0
-5910.0
-5960.0
-5940.0
-5940.0
-5960.0
-5960.0
-6010.0
-6000.0
-5990.0
-5970.0
-5970.0
-5960.0
-5980.0
-5980.0
-5990.0
-5990.0
-5980.0
-5970.0
-5950.0
-5940.0
-5920.0
-5950.0
-5990.0
-6010.0
-5990.0
-5990.0
-5970.0
-6000.0
-6020.0
-6010.0
-6030.0
-6030.0
-6010.0
-6100.0
-6080.0
-6120.0
-6120.0
-6160.0
-6160.0
-6170.0
-6170.0
-6180.0
-6200.0
-6200.0
-6200.0
-6190.0
-6210.0
-6230.0
-6260.0
-6300.0
-6290.0
-6320.0
-6300.0
-6320.0
-6340.0
-6320.0
-6320.0
-6330.0
-6340.0
-6340.0
-6330.0
-6380.0
-6390.0
-6420.0
-6440.0
-6430.0
-6430.0
-6440.0
-6420.0
-6430.0
-6420.0
-6450.0
-6430.0
-6420.0
-6400.0
-6420.0
-6410.0
-6390.0
-6400.0
-6400.0
-6400.0
-6380.0
-6400.0
-6380.0
-6380.0
-6380.0
-6380.0
-6370.0
-6390.0
-6410.0
-6410.0
-6410.0
-6400.0
-6440.0
-6420.0
-6430.0
-6420.0
-6450.0
-6430.0
-6420.0
-6410.0
-6390.0
-6390.0
-6420.0
-6430.0
-6440.0
-6440.0
-6470.0
-6470.0
-6510.0
-6550.0
-6560.0
-6580.0
-6580.0
-6620.0
-6640.0
-6660.0
-6660.0
-6650.0
-6640.0
-6640.0
-6640.0
-6640.0
-6670.0
-6670.0
-6690.0
-6690.0
-6710.0
-6730.0
-6720.0
-6770.0
-6780.0
-6850.0
-6840.0
-6840.0
-6850.0
-6830.0
-6850.0
-6840.0
-6830.0
-6840.0
-6890.0
-6910.0
-6890.0
-6870.0
-6850.0
-6840.0
-6880.0
-6870.0
-6880.0
-6880.0
-6870.0
-6850.0
-6860.0
-6860.0
-6890.0
-6890.0
-6890.0
-6900.0
-6890.0
-6940.0
-7030.0
-7030.0
-7040.0
-7050.0
-7030.0
-7020.0
-7030.0
-7040.0
-7020.0
-7030.0
-7020.0
-7010.0
-7000.0
-7060.0
-7090.0
-7100.0
-7130.0
-7120.0
-7120.0
-7140.0
-7150.0
-7170.0
-7170.0
-7230.0
-7210.0
-7190.0
-7200.0
-7210.0
-7230.0
-7250.0
-7280.0
-7280.0
-7260.0
-7300.0
-7300.0
-7300.0
-7330.0
-7320.0
-7330.0
-7320.0
-7330.0
-7340.0
-7350.0
-7390.0
-7400.0
-7390.0
-7390.0
-7370.0
-7350.0
-7370.0
-7370.0
-7400.0
-7420.0
-7440.0
-7440.0
-7430.0
-7430.0
-7430.0
-7410.0
-7400.0
-7390.0
-7400.0
-7400.0
-7380.0
-7380.0
-7380.0
-7410.0
-7450.0
-7480.0
-7510.0
-7510.0
-7540.0
-7530.0
-7550.0
-7560.0
-7560.0
-7580.0
-7570.0
-7580.0
-7580.0
-7600.0
-7620.0
-7660.0
-7650.0
-7680.0
-7670.0
-7660.0
-7650.0
-7640.0
-7680.0
-7670.0
-7690.0
-7700.0
-7730.0
-7720.0
-7750.0
-7740.0
-7730.0
-7730.0
-7720.0
-7710.0
-7750.0
-7730.0
-7710.0
-7730.0
-7740.0
-7730.0
-7720.0
-7720.0
-7750.0
-7750.0
-7760.0
-7750.0
-7770.0
-7750.0
-7790.0
-7800.0
-7830.0
-7820.0
-7810.0
-7870.0
-7860.0
-7860.0
-7850.0
-7890.0
-7920.0
-7930.0
-7940.0
-7960.0
-7960.0
-7970.0
-7990.0
-8000.0
-7980.0
-7980.0
-7980.0
-7980.0
-7990.0
-8000.0
-8020.0
-8060.0
-8040.0
-8020.0
-8040.0
-8040.0
-8080.0
-8130.0
-8120.0
-8160.0
-8160.0
-8150.0
-8170.0
-8160.0
-8170.0
-8150.0
-8140.0
-8130.0
-8130.0
-8110.0
-8100.0
-8130.0
-8120.0
-8110.0
-8140.0
-8120.0
-8150.0
-8140.0
-8180.0
-8180.0
-8160.0
-8150.0
-8130.0
-8120.0
-8120.0
-8120.0
-8110.0
-8090.0
-8070.0
-8090.0
-8080.0
-8060.0
-8080.0
-8070.0
-8070.0
-8050.0
-8050.0
-8080.0
-8070.0
-8070.0
-8090.0
-8090.0
-8080.0
-8070.0
-8070.0
-8070.0
-8050.0
-8030.0
-8040.0
-8040.0
-8060.0
-8050.0
-8110.0
-8140.0
-8120.0
-8120.0
-8140.0
-8140.0
-8160.0
-8170.0
-8200.0
-8180.0
-8190.0
-8170.0
-8170.0
-8170.0
-8180.0
-8160.0
-8170.0
-8160.0
-8180.0
-8170.0
-8160.0
-8210.0
-8210.0
-8190.0
-8170.0
-8220.0
-8230.0
-8220.0
-8270.0
-8270.0
-8280.0
-8270.0
-8270.0
-8270.0
-8330.0
-8310.0
-8350.0
-8350.0
-8340.0
-8330.0
-8340.0
-8340.0
-8360.0
-8360.0
-8360.0
-8340.0
-8320.0
-8330.0
-8310.0
-8300.0
-8310.0
-8310.0
-8330.0
-8330.0
-8340.0
-8340.0
-8340.0
-8360.0
-8350.0
-8360.0
-8340.0
-8360.0
-8380.0
-8370.0
-8390.0
-8380.0
-8410.0
-8400.0
-8400.0
-8400.0
-8410.0
-8440.0
-8440.0
-8460.0
-8450.0
-8490.0
-8500.0
-8520.0
-8520.0
-8510.0
-8500.0
-8500.0
-8510.0
-8490.0
-8490.0
-8470.0
-8470.0
-8480.0
-8490.0
-8480.0
-8500.0
-8480.0
-8480.0
-8470.0
-8480.0
-8490.0
-8470.0
-8530.0
-8560.0
-8550.0
-8550.0
-8530.0
-8540.0
-8530.0
-8520.0
-8520.0
-8500.0
-8520.0
-8520.0
-8520.0
-8530.0
-8540.0
-8550.0
-8530.0
-8520.0
-8500.0
-8490.0
-8480.0
-8510.0
-8520.0
-8520.0
-8530.0
-8540.0
-8550.0
-8550.0
-8540.0
-8550.0
-8530.0
-8530.0
-8580.0
-8580.0
-8590.0
-8590.0
-8580.0
-8570.0
-8630.0
-8640.0
-8630.0
-8620.0
-8600.0
-8610.0
-8640.0
-8620.0
-8650.0
-8640.0
-8650.0
-8650.0
-8640.0
-8650.0
-8630.0
-8670.0
-8650.0
-8730.0
-8730.0
-8720.0
-8720.0
-8720.0
-8740.0
-8720.0
-8710.0
-8700.0
-8720.0
-8710.0
-8740.0
-8760.0
-8740.0
-8720.0
-8700.0
-8680.0
-8720.0
-8720.0
-8720.0
-8700.0
-8710.0
-8700.0
-8740.0
-8740.0
-8770.0
-8770.0
-8790.0
-8800.0
-8800.0
-8840.0
-8820.0
-8800.0
-8800.0
-8790.0
-8790.0
-8820.0
-8810.0
-8830.0
-8830.0
-8850.0
-8850.0
-8890.0
-8880.0
-8910.0
-8900.0
-8940.0
-8920.0
-8910.0
-8900.0
-8930.0
-9020.0
-9010.0
-9050.0
-9080.0
-9080.0
-9090.0
-9090.0
-9110.0
-9160.0
-9160.0
-9140.0
-9140.0
-9170.0
-9170.0
-9150.0
-9130.0
-9120.0
-9130.0
-9120.0
-9100.0
-9080.0
-9070.0
-9080.0
-9080.0
-9060.0
-9050.0
-9060.0
-9080.0
-9100.0
-9140.0
-9160.0
-9150.0
-9150.0
-9170.0
-9160.0
-9150.0
-9130.0
-9120.0
-9110.0
-9110.0
-9120.0
-9110.0
-9120.0
-9100.0
-9090.0
-9110.0
-9130.0
-9110.0
-9140.0
-9130.0
-9130.0
-9130.0
-9140.0
-9150.0
-9200.0
-9210.0
-9250.0
-9240.0
-9250.0
-9230.0
-9220.0
-9220.0
-9200.0
-9210.0
-9210.0
-9190.0
-9190.0
-9190.0
-9210.0
-9230.0
-9230.0
-9240.0
-9240.0
-9260.0
-9250.0
-9270.0
-9290.0
-9270.0
-9250.0
-9240.0
-9250.0
-9240.0
-9260.0
-9240.0
-9240.0
-9250.0
-9260.0
-9240.0
-9240.0
-9250.0
-9260.0
-9250.0
-9270.0
-9270.0
-9260.0
-9280.0
-9280.0
-9290.0
-9360.0
-9360.0
-9390.0
-9390.0
-9390.0
-9380.0
-9360.0
-9370.0
-9370.0
-9360.0
-9360.0
-9380.0
-9390.0
-9440.0
-9490.0
-9510.0
-9490.0
-9490.0
-9510.0
-9520.0
-9520.0
-9500.0
-9530.0
-9550.0
-9560.0
-9570.0
-9600.0
-9600.0
-9590.0
-9600.0
-9610.0
-9600.0
-9640.0
-9650.0
-9690.0
-9680.0
-9680.0
-9680.0
-9670.0
-9660.0
-9640.0
-9670.0
-9690.0
-9680.0
-9660.0
-9670.0
-9660.0
-9670.0
-9680.0
-9710.0
-9700.0
-9700.0
-9720.0
-9700.0
-9720.0
-9740.0
-9760.0
-9780.0
-9790.0
-9780.0
-9780.0
-9800.0
-9800.0
-9800.0
-9820.0
-9820.0
-9870.0
-9920.0
-9900.0
-9900.0
-9910.0
-9910.0
-9900.0
-9880.0
-9870.0
-9900.0
-9910.0
-9900.0
-9890.0
-9880.0
-9870.0
-9890.0
-9900.0
-9890.0
-9910.0
-9910.0
-9900.0
-9900.0
-9930.0
-9920.0
-9990.0
-10030.0
-10050.0
-10050.0
-10040.0
-10040.0
-10040.0
-10040.0
-10030.0
-10020.0
-10030.0
-10020.0
-10010.0
-10000.0
-10010.0
-10000.0
-10010.0
-10030.0
-10030.0
-10060.0
-10050.0
-10070.0
-10050.0
-10040.0
-10060.0
-10050.0
-10050.0
-10070.0
-10060.0
-10040.0
-10030.0
-10030.0
-10070.0
-10050.0
-10080.0
-10100.0
-10090.0
-10110.0
-10100.0
-10120.0
-10110.0
-10110.0
-10090.0
-10120.0
-10100.0
-10080.0
-10090.0
-10080.0
-10090.0
-10080.0
-10070.0
-10090.0
-10070.0
-10080.0
-10080.0
-10070.0
-10080.0
-10070.0
-10080.0
-10120.0
-10110.0
-10090.0
-10070.0
-10080.0
-10080.0
-10090.0
-10090.0
-10100.0
-10120.0
-10100.0
-10100.0
-10100.0
-10080.0
-10090.0
-10070.0
-10070.0
-10060.0
-10060.0
-10050.0
-10040.0
-10040.0
-10030.0
-10020.0
-10010.0
-10000.0
-9990.0
-10010.0
-10020.0
-10020.0
-10000.0
-10020.0
-10010.0
-10010.0
-10010.0
-9990.0
-9970.0
-9970.0
-9980.0
-9960.0
-9960.0
-9960.0
-9940.0
-9940.0
-9940.0
-9970.0
-9990.0
-9970.0
-9980.0
-9970.0
-9960.0
-10000.0
-10010.0
-10000.0
-10000.0
-9990.0
-10010.0
-10030.0
-10020.0
-10020.0
-10040.0
-10040.0
-10020.0
-10010.0
-10010.0
-10000.0
-10040.0
-10060.0
-10060.0
-10100.0
-10100.0
-10100.0
-10090.0
-10080.0
-10070.0
-10060.0
-10060.0
-10070.0
-10090.0
-10080.0
-10080.0
-10110.0
-10110.0
-10140.0
-10130.0
-10110.0
-10140.0
-10130.0
-10120.0
-10120.0
-10130.0
-10130.0
-10140.0
-10130.0
-10160.0
-10170.0
-10180.0
-10170.0
-10160.0
-10160.0
-10160.0
-10140.0
-10140.0
-10120.0
-10180.0
-10180.0
-10160.0
-10150.0
-10150.0
-10140.0
-10150.0
-10130.0
-10130.0
-10150.0
-10140.0
-10160.0
-10150.0
-10130.0
-10170.0
-10160.0
-10160.0
-10140.0
-10130.0
-10140.0
-10220.0
-10210.0
-10230.0
-10250.0
-10250.0
-10250.0
-10240.0
-10230.0
-10230.0
-10210.0
-10200.0
-10200.0
-10230.0
-10240.0
-10270.0
-10270.0
-10260.0
-10250.0
-10230.0
-10220.0
-10200.0
-10230.0
-10220.0
-10290.0
-10330.0
-10320.0
-10310.0
-10330.0
-10320.0
-10350.0
-10350.0
-10330.0
-10330.0
-10340.0
-10380.0
-10450.0
-10440.0
-10450.0
-10440.0
-10440.0
-10440.0
-10440.0
-10480.0
-10480.0
-10500.0
-10530.0
-10530.0
-10520.0
-10500.0
-10500.0
-10550.0
-10540.0
-10530.0
-10520.0
-10530.0
-10520.0
-10520.0
-10510.0
-10500.0
-10510.0
-10530.0
-10580.0
-10580.0
-10580.0
-10620.0
-10620.0
-10600.0
-10630.0
-10630.0
-10650.0
-10680.0
-10700.0
-10690.0
-10710.0
-10720.0
-10750.0
-10750.0
-10730.0
-10740.0
-10790.0
-10790.0
-10790.0
-10810.0
-10800.0
-10780.0
-10770.0
-10760.0
-10770.0
-10790.0
-10810.0
-10820.0
-10820.0
-10820.0
-10870.0
-10850.0
-10850.0
-10840.0
-10830.0
-10840.0
-10840.0
-10870.0
-10860.0
-10850.0
-10860.0
-10850.0
-10870.0
-10900.0
-10920.0
-10910.0
-10920.0
-10920.0
-10910.0
-10900.0
-10880.0
-10890.0
-10880.0
-10900.0
-10930.0
-10950.0
-11020.0
-11050.0
-11040.0
-11040.0
-11060.0
-11060.0
-11080.0
-11100.0
-11080.0
-11080.0
-11070.0
-11050.0
-11060.0
-11060.0
-11090.0
-11080.0
-11080.0
-11080.0
-11060.0
-11040.0
-11040.0
-11020.0
-11010.0
-10990.0
-10990.0
-10980.0
-10960.0
-11000.0
-11010.0
-11000.0
-10980.0
-10970.0
-10970.0
-10970.0
-10980.0
-10990.0
-10980.0
-10990.0
-11020.0
-11020.0
-11030.0
-11040.0
-11040.0
-11080.0
-11090.0
-11080.0
-11090.0
-11120.0
-11120.0
-11150.0
-11140.0
-11170.0
-11150.0
-11150.0
-11150.0
-11160.0
-11250.0
-11240.0
