a = 0.8
g = 0.5
e = 0.3
random initial weights = false

-630.0
-730.0
-980.0
-1110.0
-1190.0
-1280.0
-1310.0
-1310.0
-1320.0
-1310.0
-1440.0
-1450.0
-1470.0
-1470.0
-1490.0
-1490.0
-1500.0
-1490.0
-1470.0
-1450.0
-1440.0
-1430.0
-1410.0
-1390.0
-1380.0
-1360.0
-1340.0
-1350.0
-1350.0
-1330.0
-1320.0
-1310.0
-1300.0
-1290.0
-1270.0
-1250.0
-1260.0
-1240.0
-1220.0
-1220.0
-1210.0
-1240.0
-1240.0
-1230.0
-1220.0
-1210.0
-1220.0
-1210.0
-1200.0
-1190.0
-1180.0
-1190.0
-1180.0
-1180.0
-1210.0
-1210.0
-1210.0
-1200.0
-1190.0
-1170.0
-1150.0
-1140.0
-1120.0
-1120.0
-1140.0
-1120.0
-1110.0
-1100.0
-1100.0
-1090.0
-1090.0
-1070.0
-1050.0
-1050.0
-1040.0
-1050.0
-1040.0
-1020.0
-1000.0
-1010.0
-1020.0
-1030.0
-1010.0
-1020.0
-1040.0
-1020.0
-1010.0
-990.0
-980.0
-970.0
-950.0
-930.0
-930.0
-940.0
-920.0
-900.0
-900.0
-880.0
-910.0
-900.0
-880.0
-860.0
-840.0
-830.0
-820.0
-810.0
-810.0
-790.0
-780.0
-760.0
-750.0
-730.0
-730.0
-720.0
-700.0
-680.0
-680.0
-660.0
-640.0
-630.0
-630.0
-610.0
-600.0
-580.0
-560.0
-540.0
-520.0
-520.0
-500.0
-490.0
-480.0
-470.0
-460.0
-460.0
-440.0
-420.0
-420.0
-400.0
-380.0
-360.0
-360.0
-350.0
-350.0
-350.0
-330.0
-320.0
-300.0
-290.0
-280.0
-270.0
-250.0
-240.0
-240.0
-230.0
-230.0
-210.0
-190.0
-170.0
-160.0
-140.0
-120.0
-120.0
-100.0
-80.0
-70.0
-50.0
-40.0
-30.0
-30.0
-10.0
10.0
30.0
-30.0
-10.0
-10.0
0.0
10.0
30.0
50.0
50.0
50.0
60.0
80.0
70.0
70.0
80.0
70.0
80.0
100.0
110.0
130.0
140.0
150.0
150.0
170.0
150.0
140.0
150.0
170.0
180.0
200.0
220.0
210.0
220.0
230.0
210.0
210.0
230.0
230.0
250.0
260.0
260.0
280.0
300.0
310.0
330.0
340.0
350.0
360.0
380.0
400.0
420.0
440.0
450.0
460.0
470.0
450.0
470.0
490.0
510.0
530.0
550.0
570.0
590.0
610.0
630.0
640.0
640.0
650.0
670.0
690.0
690.0
700.0
700.0
720.0
740.0
740.0
750.0
760.0
770.0
790.0
800.0
810.0
820.0
820.0
810.0
830.0
850.0
870.0
880.0
900.0
890.0
890.0
910.0
910.0
890.0
900.0
920.0
940.0
960.0
970.0
980.0
970.0
980.0
990.0
1000.0
990.0
1010.0
1030.0
1040.0
1050.0
1070.0
1080.0
1100.0
1100.0
1120.0
1140.0
1160.0
1180.0
1190.0
1190.0
1200.0
1210.0
1230.0
1230.0
1220.0
1230.0
1250.0
1260.0
1260.0
1270.0
1290.0
1310.0
1330.0
1340.0
1360.0
1370.0
1370.0
1390.0
1410.0
1430.0
1450.0
1470.0
1490.0
1510.0
1510.0
1530.0
1530.0
1550.0
1560.0
1580.0
1600.0
1610.0
1630.0
1640.0
1650.0
1670.0
1660.0
1680.0
1690.0
1680.0
1680.0
1670.0
1680.0
1700.0
1700.0
1720.0
1710.0
1720.0
1720.0
1730.0
1740.0
1750.0
1730.0
1730.0
1730.0
1750.0
1740.0
1730.0
1750.0
1760.0
1780.0
1790.0
1800.0
1760.0
1780.0
1780.0
1800.0
1820.0
1820.0
1840.0
1850.0
1870.0
1890.0
1880.0
1870.0
1880.0
1900.0
1920.0
1940.0
1940.0
1930.0
1950.0
1960.0
1970.0
1990.0
2010.0
2020.0
2040.0
2050.0
2070.0
2080.0
2090.0
2050.0
2070.0
2060.0
2080.0
2080.0
2080.0
2100.0
2110.0
2130.0
2140.0
2160.0
2170.0
2170.0
2170.0
2190.0
2210.0
2230.0
2250.0
2250.0
2270.0
2270.0
2270.0
2290.0
2300.0
2320.0
2340.0
2340.0
2350.0
2350.0
2370.0
2390.0
2370.0
2350.0
2360.0
2380.0
2390.0
2400.0
2400.0
2420.0
2440.0
2460.0
2460.0
2480.0
2500.0
2520.0
2540.0
2540.0
2540.0
2550.0
2560.0
2560.0
2560.0
2580.0
2590.0
2610.0
2610.0
2630.0
2650.0
2670.0
2690.0
2700.0
2720.0
2720.0
2710.0
2710.0
2720.0
2740.0
2750.0
2730.0
2730.0
2750.0
2770.0
2770.0
2790.0
2810.0
2820.0
2830.0
2850.0
2860.0
2870.0
2880.0
2890.0
2890.0
2910.0
2930.0
2930.0
2950.0
2970.0
2990.0
3000.0
3000.0
3010.0
3030.0
3050.0
3070.0
3090.0
3110.0
3130.0
3140.0
3160.0
3170.0
3180.0
3170.0
3180.0
3200.0
3220.0
3210.0
3210.0
3220.0
3240.0
3240.0
3260.0
3280.0
3290.0
3310.0
3280.0
3300.0
3320.0
3340.0
3360.0
3370.0
3370.0
3390.0
3390.0
3410.0
3430.0
3440.0
3460.0
3460.0
3470.0
3490.0
3510.0
3530.0
3550.0
3570.0
3590.0
3580.0
3580.0
3580.0
3590.0
3610.0
3610.0
3620.0
3630.0
3650.0
3670.0
3660.0
3670.0
3680.0
3690.0
3700.0
3710.0
3720.0
3730.0
3740.0
3740.0
3730.0
3740.0
3760.0
3780.0
3790.0
3810.0
3830.0
3830.0
3850.0
3870.0
3890.0
3900.0
3900.0
3900.0
3920.0
3930.0
3940.0
3960.0
3960.0
3970.0
3960.0
3960.0
3980.0
3970.0
3960.0
3980.0
4000.0
4010.0
4020.0
4030.0
4030.0
4040.0
4060.0
4030.0
4040.0
4060.0
4070.0
4080.0
4100.0
4110.0
4100.0
4110.0
4110.0
4120.0
4130.0
4150.0
4170.0
4190.0
4210.0
4230.0
4240.0
4240.0
4260.0
4280.0
4290.0
4300.0
4310.0
4300.0
4320.0
4330.0
4340.0
4360.0
4380.0
4400.0
4420.0
4430.0
4450.0
4460.0
4480.0
4500.0
4510.0
4520.0
4540.0
4540.0
4530.0
4550.0
4570.0
4590.0
4590.0
4590.0
4610.0
4610.0
4620.0
4640.0
4660.0
4670.0
4690.0
4700.0
4710.0
4720.0
4740.0
4730.0
4740.0
4760.0
4780.0
4800.0
4800.0
4820.0
4810.0
4810.0
4830.0
4840.0
4830.0
4850.0
4850.0
4870.0
4890.0
4900.0
4910.0
4920.0
4920.0
4940.0
4960.0
4980.0
4980.0
4980.0
4990.0
5010.0
5010.0
5020.0
5020.0
5020.0
5020.0
5020.0
5040.0
5060.0
5080.0
5100.0
5120.0
5130.0
5140.0
5140.0
5140.0
5160.0
5170.0
5180.0
5170.0
5190.0
5190.0
5210.0
5200.0
5220.0
5200.0
5200.0
5220.0
5240.0
5230.0
5240.0
5260.0
5260.0
5280.0
5300.0
5310.0
5320.0
5330.0
5330.0
5350.0
5370.0
5390.0
5410.0
5420.0
5430.0
5430.0
5440.0
5460.0
5440.0
5460.0
5450.0
5450.0
5460.0
5470.0
5480.0
5490.0
5510.0
5520.0
5540.0
5540.0
5560.0
5560.0
5560.0
5570.0
5580.0
5600.0
5620.0
5630.0
5640.0
5640.0
5660.0
5650.0
5660.0
5680.0
5700.0
5710.0
5710.0
5730.0
5740.0
5760.0
5770.0
5790.0
5790.0
5810.0
5830.0
5840.0
5790.0
5800.0
5820.0
5840.0
5850.0
5870.0
5870.0
5880.0
5880.0
5900.0
5910.0
5930.0
5950.0
5970.0
5970.0
5970.0
5980.0
6000.0
6010.0
6030.0
6050.0
6070.0
6080.0
6100.0
6110.0
6120.0
6110.0
6110.0
6120.0
6120.0
6110.0
6110.0
6130.0
6150.0
6150.0
6150.0
6150.0
6170.0
6190.0
6210.0
6220.0
6230.0
6230.0
6250.0
6270.0
6290.0
6310.0
6330.0
6290.0
6300.0
6310.0
6330.0
6350.0
6360.0
6380.0
6400.0
6380.0
6400.0
6420.0
6440.0
6440.0
6460.0
6480.0
6490.0
6510.0
6530.0
6550.0
6570.0
6590.0
6610.0
6630.0
6650.0
6640.0
6650.0
6660.0
6680.0
6660.0
6650.0
6660.0
6680.0
6690.0
6690.0
6670.0
6670.0
6690.0
6690.0
6690.0
6690.0
6710.0
6680.0
6700.0
6720.0
6730.0
6730.0
6750.0
6760.0
6780.0
6800.0
6800.0
6820.0
6840.0
6850.0
6840.0
6830.0
6840.0
6850.0
6840.0
6840.0
6850.0
6840.0
6860.0
6880.0
6900.0
6890.0
6910.0
6920.0
6930.0
6940.0
6950.0
6970.0
6970.0
6980.0
6990.0
7000.0
7010.0
7030.0
7040.0
7050.0
7070.0
7070.0
7080.0
7100.0
7120.0
7140.0
7160.0
7170.0
7190.0
7210.0
7210.0
7230.0
7230.0
7240.0
7240.0
7240.0
7260.0
7280.0
7300.0
7310.0
7330.0
7350.0
7350.0
7350.0
7350.0
7370.0
7370.0
7380.0
7390.0
7400.0
7410.0
7410.0
7410.0
7410.0
7420.0
7440.0
7450.0
7470.0
7470.0
7480.0
7490.0
7500.0
7520.0
7540.0
7550.0
7570.0
7570.0
7590.0
7580.0
7600.0
7610.0
7620.0
7620.0
7600.0
7600.0
7600.0
7620.0
7630.0
7610.0
7620.0
7640.0
7660.0
7680.0
7700.0
7720.0
7740.0
7740.0
7720.0
7700.0
7720.0
7700.0
7680.0
7690.0
7690.0
7700.0
7710.0
7690.0
7700.0
7710.0
7730.0
7730.0
7740.0
7750.0
7760.0
7780.0
7800.0
7810.0
7830.0
7820.0
7830.0
7850.0
7860.0
7860.0
7860.0
7880.0
7900.0
7910.0
7930.0
7940.0
7960.0
7980.0
7990.0
8000.0
8020.0
8030.0
8050.0
8030.0
8050.0
8060.0
8070.0
8070.0
8080.0
8100.0
8120.0
8130.0
8140.0
8150.0
8150.0
8170.0
8190.0
8210.0
8230.0
8230.0
8250.0
8270.0
8270.0
8250.0
8260.0
8280.0
8300.0
8320.0
8330.0
8350.0
8360.0
8370.0
8390.0
8390.0
8410.0
8430.0
8420.0
8430.0
8440.0
8450.0
8450.0
8470.0
8470.0
8490.0
8490.0
8500.0
8500.0
8520.0
8530.0
8550.0
8550.0
8570.0
8590.0
8600.0
8610.0
8580.0
8580.0
8590.0
8600.0
8610.0
8630.0
8640.0
8650.0
8670.0
8680.0
8660.0
8660.0
8660.0
8670.0
8690.0
8710.0
8730.0
8750.0
8770.0
8780.0
8780.0
8790.0
8790.0
8810.0
8810.0
8820.0
8840.0
8840.0
8860.0
8860.0
8880.0
8890.0
8900.0
8900.0
8910.0
8910.0
8900.0
8920.0
8940.0
8960.0
8980.0
8990.0
9010.0
9000.0
9010.0
9010.0
9030.0
9030.0
9050.0
9060.0
9060.0
9050.0
9070.0
9090.0
9110.0
9120.0
9140.0
9160.0
9170.0
9190.0
9210.0
9220.0
9220.0
9240.0
9260.0
9280.0
9300.0
9300.0
9310.0
9330.0
9340.0
9360.0
9370.0
9380.0
9400.0
9420.0
9400.0
9420.0
9440.0
9460.0
9460.0
9460.0
9460.0
9460.0
9480.0
9490.0
9500.0
9510.0
9510.0
9520.0
9540.0
9550.0
9550.0
9570.0
9580.0
9590.0
9600.0
9620.0
9640.0
9660.0
9650.0
9660.0
9680.0
9690.0
9700.0
9720.0
9740.0
9730.0
9750.0
9770.0
9770.0
9730.0
9730.0
9740.0
9750.0
9770.0
9790.0
9800.0
9780.0
9800.0
9820.0
9830.0
9830.0
9840.0
9850.0
9850.0
9860.0
9880.0
9870.0
9890.0
9910.0
9930.0
9950.0
9970.0
9980.0
9990.0
10010.0
10030.0
10050.0
10070.0
10070.0
10090.0
10110.0
10130.0
10140.0
10160.0
10180.0
10190.0
10210.0
10220.0
10240.0
10250.0
10240.0
10230.0
10250.0
10260.0
10260.0
10280.0
10300.0
10310.0
10330.0
10340.0
10340.0
10340.0
10360.0
10340.0
10360.0
10370.0
10350.0
10360.0
10380.0
10400.0
10420.0
10430.0
10430.0
10450.0
10460.0
10470.0
10480.0
10500.0
10510.0
10530.0
10530.0
10550.0
10570.0
10590.0
10610.0
10630.0
10640.0
10660.0
10670.0
10690.0
10700.0
10720.0
10720.0
10730.0
10740.0
10750.0
10770.0
10770.0
10760.0
10760.0
10770.0
10790.0
10800.0
10800.0
10820.0
10830.0
10830.0
10830.0
10830.0
10840.0
10850.0
10860.0
10880.0
10900.0
10910.0
10910.0
10920.0
10940.0
10960.0
10970.0
10990.0
11000.0
11010.0
10990.0
11010.0
11030.0
11040.0
11040.0
11060.0
11080.0
11100.0
11110.0
11130.0
11140.0
11150.0
11170.0
11190.0
11210.0
11230.0
11250.0
11260.0
11280.0
11300.0
11320.0
11330.0
11340.0
11350.0
11350.0
11370.0
11390.0
11400.0
11410.0
11410.0
11420.0
11440.0
11460.0
11480.0
11470.0
11480.0
11490.0
11500.0
11510.0
11510.0
11520.0
11500.0
11520.0
11520.0
11520.0
11540.0
11550.0
11570.0
11590.0
11610.0
11630.0
11640.0
11650.0
11640.0
11640.0
11660.0
11660.0
11680.0
11690.0
11710.0
11720.0
11710.0
11730.0
11740.0
11760.0
11780.0
11800.0
11810.0
11800.0
11800.0
11820.0
11840.0
11860.0
11880.0
11890.0
11910.0
11910.0
11900.0
11910.0
11930.0
11940.0
11940.0
11940.0
11940.0
11960.0
11960.0
11970.0
11970.0
11980.0
12000.0
12010.0
12020.0
12020.0
12040.0
12060.0
12070.0
12080.0
12090.0
12110.0
12120.0
12120.0
12130.0
12150.0
12170.0
12170.0
12170.0
12180.0
12180.0
12200.0
12210.0
12220.0
12230.0
12220.0
12240.0
12240.0
12250.0
12270.0
12290.0
12300.0
12320.0
12330.0
12340.0
12350.0
12370.0
12380.0
12400.0
12410.0
12430.0
12440.0
12460.0
12480.0
12480.0
12490.0
12500.0
12510.0
12520.0
12530.0
12540.0
12530.0
12540.0
12560.0
12580.0
12580.0
12570.0
12580.0
12600.0
12610.0
12610.0
12630.0
12650.0
12660.0
12660.0
12680.0
12670.0
12660.0
12660.0
12660.0
12670.0
12660.0
12680.0
12690.0
12710.0
12730.0
12750.0
12760.0
12770.0
12780.0
12800.0
12810.0
12810.0
12820.0
12830.0
12850.0
12860.0
12880.0
12890.0
12900.0
12920.0
12930.0
12940.0
12950.0
12970.0
12980.0
13000.0
13010.0
13000.0
13020.0
13030.0
13030.0
13050.0
13070.0
13070.0
13070.0
13070.0
13090.0
13110.0
13110.0
13110.0
13120.0
13140.0
13140.0
13150.0
13160.0
13180.0
13190.0
13210.0
13230.0
13230.0
13240.0
13260.0
13260.0
13270.0
13280.0
13300.0
13310.0
13320.0
13320.0
13320.0
13330.0
13340.0
13350.0
13370.0
13390.0
13400.0
13420.0
13420.0
13440.0
13450.0
13470.0
13480.0
13500.0
13510.0
13520.0
13540.0
13560.0
13560.0
13580.0
13600.0
13620.0
13630.0
13640.0
13660.0
13640.0
13660.0
13670.0
13690.0
13710.0
