a = 0.2
g = 0.5
e = 0.1
random initial weights = false

-790.0
-1190.0
-1530.0
-1580.0
-1570.0
-1590.0
-1580.0
-1620.0
-1610.0
-1630.0
-1610.0
-1590.0
-1620.0
-1600.0
-1600.0
-1590.0
-1570.0
-1550.0
-1530.0
-1510.0
-1490.0
-1470.0
-1450.0
-1430.0
-1410.0
-1390.0
-1370.0
-1350.0
-1340.0
-1320.0
-1320.0
-1300.0
-1280.0
-1270.0
-1250.0
-1230.0
-1220.0
-1200.0
-1190.0
-1170.0
-1160.0
-1140.0
-1120.0
-1100.0
-1080.0
-1070.0
-1050.0
-1050.0
-1030.0
-1010.0
-990.0
-970.0
-950.0
-930.0
-910.0
-890.0
-870.0
-850.0
-830.0
-810.0
-790.0
-790.0
-780.0
-770.0
-750.0
-730.0
-710.0
-690.0
-670.0
-650.0
-630.0
-610.0
-600.0
-590.0
-570.0
-550.0
-540.0
-520.0
-510.0
-490.0
-470.0
-460.0
-440.0
-420.0
-410.0
-390.0
-380.0
-370.0
-350.0
-340.0
-320.0
-310.0
-290.0
-270.0
-250.0
-240.0
-220.0
-200.0
-190.0
-170.0
-150.0
-130.0
-110.0
-90.0
-70.0
-50.0
-30.0
-10.0
-10.0
10.0
30.0
50.0
70.0
90.0
100.0
120.0
140.0
150.0
160.0
170.0
190.0
210.0
230.0
240.0
260.0
270.0
290.0
300.0
310.0
330.0
350.0
370.0
390.0
410.0
420.0
440.0
450.0
470.0
490.0
510.0
530.0
550.0
570.0
590.0
600.0
610.0
620.0
640.0
660.0
680.0
700.0
710.0
730.0
750.0
770.0
790.0
790.0
810.0
830.0
850.0
870.0
890.0
900.0
910.0
930.0
940.0
960.0
980.0
1000.0
1020.0
1030.0
1050.0
1060.0
1080.0
1100.0
1120.0
1130.0
1150.0
1160.0
1180.0
1190.0
1210.0
1230.0
1250.0
1270.0
1290.0
1310.0
1330.0
1350.0
1370.0
1380.0
1390.0
1410.0
1430.0
1450.0
1470.0
1490.0
1500.0
1520.0
1540.0
1550.0
1560.0
1570.0
1580.0
1600.0
1620.0
1630.0
1640.0
1650.0
1670.0
1690.0
1710.0
1730.0
1730.0
1750.0
1770.0
1790.0
1810.0
1830.0
1850.0
1870.0
1870.0
1880.0
1900.0
1920.0
1940.0
1960.0
1980.0
2000.0
2020.0
2040.0
2060.0
2070.0
2090.0
2110.0
2120.0
2140.0
2150.0
2160.0
2170.0
2180.0
2190.0
2200.0
2210.0
2230.0
2250.0
2270.0
2280.0
2300.0
2320.0
2340.0
2350.0
2370.0
2390.0
2410.0
2430.0
2450.0
2470.0
2480.0
2490.0
2500.0
2510.0
2530.0
2540.0
2560.0
2570.0
2590.0
2610.0
2630.0
2650.0
2670.0
2690.0
2710.0
2730.0
2750.0
2770.0
2790.0
2800.0
2820.0
2840.0
2860.0
2860.0
2880.0
2900.0
2920.0
2930.0
2950.0
2970.0
2980.0
2990.0
3010.0
3020.0
3040.0
3050.0
3070.0
3090.0
3100.0
3120.0
3140.0
3160.0
3180.0
3200.0
3220.0
3240.0
3260.0
3280.0
3290.0
3310.0
3330.0
3350.0
3370.0
3380.0
3400.0
3420.0
3440.0
3460.0
3480.0
3490.0
3500.0
3520.0
3540.0
3560.0
3580.0
3600.0
3620.0
3640.0
3660.0
3680.0
3700.0
3710.0
3730.0
3740.0
3760.0
3780.0
3800.0
3820.0
3840.0
3860.0
3870.0
3890.0
3910.0
3930.0
3950.0
3970.0
3980.0
4000.0
4010.0
4030.0
4040.0
4050.0
4070.0
4090.0
4110.0
4120.0
4140.0
4160.0
4170.0
4190.0
4210.0
4230.0
4250.0
4270.0
4280.0
4300.0
4320.0
4340.0
4360.0
4380.0
4400.0
4420.0
4440.0
4460.0
4480.0
4490.0
4510.0
4530.0
4550.0
4570.0
4590.0
4610.0
4620.0
4640.0
4660.0
4680.0
4700.0
4720.0
4730.0
4750.0
4770.0
4780.0
4800.0
4820.0
4840.0
4860.0
4880.0
4900.0
4920.0
4940.0
4960.0
4980.0
5000.0
5020.0
5040.0
5060.0
5080.0
5080.0
5100.0
5120.0
5140.0
5160.0
5180.0
5180.0
5200.0
5220.0
5240.0
5260.0
5270.0
5290.0
5310.0
5320.0
5340.0
5360.0
5360.0
5380.0
5400.0
5410.0
5430.0
5450.0
5470.0
5490.0
5510.0
5520.0
5540.0
5560.0
5580.0
5590.0
5610.0
5630.0
5650.0
5660.0
5670.0
5690.0
5710.0
5730.0
5750.0
5770.0
5790.0
5810.0
5830.0
5850.0
5870.0
5890.0
5900.0
5910.0
5920.0
5940.0
5960.0
5980.0
6000.0
6020.0
6040.0
6060.0
6070.0
6080.0
6100.0
6110.0
6130.0
6150.0
6160.0
6180.0
6200.0
6210.0
6230.0
6250.0
6260.0
6280.0
6290.0
6310.0
6330.0
6340.0
6360.0
6380.0
6390.0
6400.0
6410.0
6430.0
6440.0
6460.0
6480.0
6500.0
6520.0
6540.0
6560.0
6570.0
6590.0
6610.0
6630.0
6640.0
6660.0
6680.0
6700.0
6720.0
6740.0
6760.0
6780.0
6800.0
6810.0
6830.0
6850.0
6870.0
6890.0
6910.0
6930.0
6950.0
6970.0
6980.0
7000.0
7020.0
7040.0
7060.0
7080.0
7100.0
7120.0
7130.0
7150.0
7170.0
7190.0
7210.0
7230.0
7250.0
7270.0
7290.0
7310.0
7330.0
7350.0
7370.0
7380.0
7400.0
7420.0
7440.0
7450.0
7470.0
7480.0
7490.0
7510.0
7530.0
7550.0
7570.0
7590.0
7610.0
7630.0
7640.0
7660.0
7680.0
7700.0
7710.0
7720.0
7720.0
7740.0
7760.0
7780.0
7800.0
7820.0
7840.0
7850.0
7870.0
7880.0
7900.0
7920.0
7940.0
7950.0
7970.0
7990.0
8010.0
8030.0
8050.0
8070.0
8090.0
8110.0
8130.0
8150.0
8170.0
8180.0
8190.0
8210.0
8230.0
8240.0
8260.0
8280.0
8300.0
8320.0
8340.0
8360.0
8360.0
8380.0
8400.0
8420.0
8420.0
8440.0
8460.0
8480.0
8500.0
8510.0
8530.0
8550.0
8570.0
8590.0
8610.0
8630.0
8650.0
8670.0
8690.0
8710.0
8730.0
8750.0
8770.0
8790.0
8810.0
8820.0
8830.0
8850.0
8870.0
8870.0
8890.0
8910.0
8930.0
8950.0
8970.0
8990.0
9000.0
9010.0
9030.0
9050.0
9070.0
9090.0
9110.0
9130.0
9150.0
9170.0
9180.0
9200.0
9210.0
9230.0
9250.0
9260.0
9280.0
9300.0
9320.0
9330.0
9350.0
9370.0
9390.0
9410.0
9430.0
9450.0
9460.0
9480.0
9500.0
9520.0
9530.0
9550.0
9570.0
9590.0
9610.0
9610.0
9630.0
9650.0
9670.0
9690.0
9700.0
9720.0
9740.0
9760.0
9780.0
9800.0
9820.0
9840.0
9860.0
9880.0
9900.0
9920.0
9940.0
9960.0
9980.0
9990.0
10010.0
10030.0
10050.0
10070.0
10090.0
10110.0
10130.0
10140.0
10160.0
10180.0
10200.0
10220.0
10240.0
10250.0
10260.0
10280.0
10300.0
10310.0
10310.0
10330.0
10350.0
10370.0
10370.0
10390.0
10400.0
10420.0
10430.0
10450.0
10470.0
10490.0
10510.0
10530.0
10550.0
10570.0
10590.0
10600.0
10610.0
10630.0
10650.0
10670.0
10690.0
10710.0
10730.0
10750.0
10770.0
10790.0
10810.0
10810.0
10830.0
10850.0
10870.0
10890.0
10900.0
10920.0
10940.0
10960.0
10970.0
10990.0
11010.0
11030.0
11040.0
11050.0
11070.0
11090.0
11110.0
11130.0
11150.0
11170.0
11190.0
11200.0
11220.0
11240.0
11260.0
11280.0
11300.0
11320.0
11340.0
11360.0
11380.0
11400.0
11410.0
11430.0
11430.0
11440.0
11460.0
11480.0
11500.0
11520.0
11540.0
11560.0
11580.0
11590.0
11610.0
11630.0
11640.0
11660.0
11660.0
11680.0
11700.0
11720.0
11740.0
11760.0
11780.0
11800.0
11810.0
11830.0
11850.0
11870.0
11890.0
11910.0
11930.0
11940.0
11960.0
11980.0
12000.0
12020.0
12030.0
12050.0
12070.0
12090.0
12100.0
12110.0
12130.0
12150.0
12170.0
12190.0
12210.0
12230.0
12250.0
12270.0
12290.0
12310.0
12330.0
12340.0
12350.0
12360.0
12370.0
12390.0
12410.0
12430.0
12440.0
12460.0
12480.0
12480.0
12500.0
12520.0
12540.0
12560.0
12580.0
12600.0
12620.0
12640.0
12650.0
12670.0
12680.0
12700.0
12720.0
12740.0
12760.0
12780.0
12800.0
12810.0
12820.0
12840.0
12850.0
12870.0
12890.0
12910.0
12930.0
12950.0
12970.0
12980.0
13000.0
13020.0
13040.0
13060.0
13080.0
13100.0
13110.0
13130.0
13140.0
13160.0
13180.0
13200.0
13220.0
13240.0
13250.0
13270.0
13280.0
13300.0
13320.0
13340.0
13350.0
13370.0
13380.0
13400.0
13420.0
13440.0
13460.0
13480.0
13500.0
13520.0
13540.0
13560.0
13580.0
13600.0
13620.0
13640.0
13650.0
13670.0
13690.0
13710.0
13720.0
13740.0
13760.0
13780.0
13800.0
13810.0
13830.0
13850.0
13870.0
13890.0
13910.0
13930.0
13950.0
13970.0
13980.0
14000.0
14020.0
14040.0
14060.0
14080.0
14090.0
14110.0
14130.0
14140.0
14160.0
14180.0
14200.0
14220.0
14230.0
14250.0
14270.0
14290.0
14310.0
14330.0
14350.0
14350.0
14370.0
14390.0
14410.0
14430.0
14450.0
14460.0
14480.0
14500.0
14510.0
14520.0
14540.0
14560.0
14580.0
14600.0
14620.0
14640.0
14660.0
14680.0
14700.0
14720.0
14720.0
14740.0
14760.0
14780.0
14800.0
14820.0
14840.0
14840.0
14850.0
14870.0
14890.0
14910.0
14920.0
14940.0
14960.0
14980.0
15000.0
15020.0
15040.0
15040.0
15050.0
15070.0
15090.0
15110.0
15130.0
15140.0
15160.0
15180.0
15200.0
15220.0
15240.0
15260.0
15280.0
15300.0
15320.0
15340.0
15360.0
15380.0
15390.0
15410.0
15410.0
15430.0
15450.0
15470.0
15480.0
15500.0
15520.0
15540.0
15560.0
15580.0
15600.0
15620.0
15630.0
15650.0
15670.0
15680.0
15700.0
15710.0
15730.0
15750.0
15770.0
15790.0
15810.0
15830.0
15850.0
15870.0
15890.0
15900.0
15920.0
15940.0
15960.0
15980.0
15990.0
16010.0
16030.0
16040.0
16050.0
16060.0
16070.0
16070.0
16070.0
16090.0
16100.0
16120.0
16140.0
16160.0
16170.0
16190.0
16200.0
16220.0
16230.0
16250.0
16260.0
16270.0
16290.0
16300.0
16320.0
16340.0
16360.0
16380.0
16400.0
16420.0
16430.0
16450.0
16460.0
16480.0
16500.0
16500.0
16520.0
16530.0
16550.0
16570.0
16590.0
16600.0
16620.0
16640.0
16660.0
16680.0
16700.0
16720.0
16730.0
16750.0
16760.0
16780.0
16800.0
16820.0
16820.0
16840.0
16860.0
16880.0
16900.0
16920.0
16940.0
16960.0
16980.0
17000.0
17020.0
17040.0
17060.0
17070.0
17090.0
17110.0
17130.0
17150.0
17160.0
17180.0
17200.0
17220.0
17240.0
17260.0
17270.0
17280.0
17300.0
17310.0
17330.0
17350.0
17370.0
17390.0
17410.0
17430.0
17440.0
17460.0
17480.0
17500.0
17510.0
17520.0
17540.0
17550.0
17570.0
17590.0
17600.0
17620.0
17640.0
17660.0
17680.0
17700.0
17710.0
17720.0
17740.0
17760.0
17780.0
17800.0
17820.0
17840.0
17860.0
17870.0
17880.0
17900.0
17920.0
17940.0
17960.0
17980.0
17990.0
18010.0
18030.0
18050.0
18060.0
18080.0
18090.0
18100.0
18110.0
18120.0
18140.0
18160.0
18180.0
18200.0
18220.0
18240.0
18260.0
18280.0
18290.0
18310.0
18320.0
18340.0
18360.0
18380.0
18390.0
18410.0
18430.0
18450.0
18470.0
18490.0
18510.0
18530.0
18550.0
18570.0
18580.0
18600.0
18610.0
18600.0
18610.0
18630.0
18650.0
18670.0
18680.0
18700.0
18710.0
18730.0
18750.0
18770.0
18780.0
18790.0
18810.0
18830.0
18850.0
18860.0
18880.0
18900.0
18920.0
18940.0
18950.0
18970.0
18990.0
19000.0
19020.0
19040.0
19060.0
19080.0
19100.0
19120.0
19140.0
19150.0
19160.0
19180.0
19200.0
19220.0
19240.0
19260.0
19280.0
19300.0
19320.0
19340.0
19360.0
19380.0
19400.0
19420.0
19440.0
19460.0
19470.0
19490.0
19510.0
19520.0
19540.0
19560.0
19580.0
19600.0
19620.0
19640.0
19660.0
19680.0
19700.0
19720.0
19740.0
19760.0
19780.0
19800.0
19810.0
19820.0
19840.0
19850.0
19870.0
19890.0
19910.0
19930.0
19950.0
19970.0
19990.0
20000.0
20010.0
20030.0
20040.0
20060.0
20080.0
20100.0
20120.0
20140.0
20160.0
20160.0
20180.0
20200.0
20220.0
20240.0
20250.0
20270.0
20290.0
20310.0
20330.0
20350.0
20370.0
20390.0
20410.0
20430.0
20450.0
20470.0
20490.0
20510.0
20530.0
20550.0
20570.0
20580.0
20600.0
20620.0
20640.0
20660.0
20680.0
20690.0
20710.0
20730.0
20740.0
20760.0
20780.0
20790.0
20810.0
20830.0
20850.0
20870.0
20890.0
20910.0
20920.0
20930.0
20940.0
20950.0
20950.0
20960.0
20980.0
21000.0
21010.0
21030.0
21040.0
21060.0
21080.0
21100.0
21120.0
21130.0
21150.0
21170.0
21190.0
21210.0
21230.0
21250.0
21260.0
21280.0
21290.0
21310.0
21320.0
21340.0
21360.0
21380.0
21400.0
21420.0
21440.0
21460.0
21480.0
21500.0
21520.0
21540.0
21560.0
21580.0
21580.0
21600.0
21620.0
21640.0
21660.0
21670.0
21690.0
21690.0
21710.0
21730.0
21740.0
21760.0
21780.0
21790.0
21810.0
21820.0
21840.0
21850.0
21860.0
21880.0
21890.0
21910.0
21920.0
21940.0
21960.0
21980.0
22000.0
22010.0
22030.0
22050.0
22070.0
22090.0
22090.0
22110.0
22130.0
22150.0
22170.0
22190.0
22210.0
22230.0
22250.0
22270.0
22290.0
22310.0
22330.0
22350.0
22370.0
22390.0
22410.0
22430.0
22450.0
22470.0
22490.0
22510.0
22530.0
22550.0
22570.0
22590.0
22610.0
22630.0
22640.0
22660.0
22680.0
22700.0
22720.0
22740.0
22750.0
22770.0
22780.0
22800.0
22810.0
22820.0
22840.0
22860.0
22880.0
22900.0
22910.0
22930.0
22950.0
22970.0
22980.0
23000.0
23020.0
23040.0
23050.0
23070.0
23090.0
23110.0
23130.0
23150.0
23170.0
23190.0
23200.0
23220.0
23240.0
23260.0
23270.0
23280.0
23300.0
23320.0
23340.0
23350.0
23370.0
23380.0
23390.0
23410.0
23430.0
23450.0
23470.0
23490.0
23510.0
23520.0
23540.0
23560.0
23570.0
23580.0
23600.0
23620.0
23630.0
23650.0
23660.0
23680.0
23700.0
23720.0
23740.0
23760.0
23770.0
23770.0
23790.0
23810.0
23830.0
23850.0
23870.0
23890.0
23910.0
23930.0
23950.0
23970.0
23990.0
24010.0
24030.0
24050.0
24070.0
24090.0
24110.0
24120.0
24140.0
24160.0
24180.0
