a = 0.8
g = 0.8
e = 0.1
random initial weights = false

-940.0
-1090.0
-1120.0
-1520.0
-1500.0
-1500.0
-1670.0
-1760.0
-1750.0
-1730.0
-1730.0
-1710.0
-1720.0
-1700.0
-1690.0
-1680.0
-1660.0
-1650.0
-1630.0
-1620.0
-1600.0
-1580.0
-1570.0
-1550.0
-1530.0
-1510.0
-1490.0
-1470.0
-1450.0
-1430.0
-1410.0
-1390.0
-1370.0
-1350.0
-1330.0
-1310.0
-1290.0
-1270.0
-1250.0
-1230.0
-1210.0
-1190.0
-1170.0
-1150.0
-1130.0
-1120.0
-1100.0
-1080.0
-1060.0
-1040.0
-1020.0
-1000.0
-980.0
-970.0
-950.0
-930.0
-910.0
-910.0
-890.0
-870.0
-880.0
-860.0
-840.0
-820.0
-800.0
-780.0
-760.0
-740.0
-720.0
-700.0
-680.0
-660.0
-650.0
-630.0
-610.0
-590.0
-570.0
-550.0
-540.0
-520.0
-500.0
-480.0
-460.0
-440.0
-420.0
-400.0
-380.0
-360.0
-340.0
-320.0
-300.0
-280.0
-260.0
-240.0
-220.0
-200.0
-180.0
-160.0
-150.0
-130.0
-110.0
-90.0
-70.0
-60.0
-40.0
-20.0
0.0
20.0
40.0
60.0
80.0
100.0
120.0
130.0
150.0
170.0
190.0
210.0
230.0
250.0
260.0
270.0
290.0
310.0
330.0
350.0
370.0
370.0
390.0
410.0
430.0
440.0
460.0
480.0
490.0
510.0
530.0
550.0
570.0
590.0
610.0
630.0
650.0
670.0
690.0
710.0
720.0
740.0
760.0
780.0
800.0
810.0
830.0
850.0
870.0
890.0
910.0
930.0
950.0
960.0
980.0
1000.0
1020.0
1040.0
1060.0
1080.0
1100.0
1120.0
1140.0
1160.0
1180.0
1190.0
1210.0
1210.0
1230.0
1250.0
1270.0
1290.0
1310.0
1330.0
1350.0
1370.0
1390.0
1410.0
1420.0
1440.0
1460.0
1480.0
1500.0
1510.0
1530.0
1550.0
1570.0
1590.0
1610.0
1630.0
1650.0
1660.0
1680.0
1700.0
1720.0
1740.0
1750.0
1770.0
1790.0
1800.0
1820.0
1840.0
1860.0
1880.0
1900.0
1910.0
1930.0
1950.0
1970.0
1990.0
2010.0
2030.0
2050.0
2050.0
2060.0
2070.0
2080.0
2100.0
2120.0
2140.0
2160.0
2180.0
2190.0
2190.0
2210.0
2230.0
2240.0
2260.0
2260.0
2280.0
2300.0
2320.0
2340.0
2360.0
2380.0
2400.0
2420.0
2440.0
2460.0
2480.0
2490.0
2500.0
2520.0
2540.0
2560.0
2580.0
2600.0
2620.0
2640.0
2660.0
2680.0
2690.0
2710.0
2730.0
2740.0
2740.0
2760.0
2780.0
2800.0
2820.0
2840.0
2850.0
2870.0
2890.0
2900.0
2920.0
2940.0
2960.0
2980.0
3000.0
3020.0
3040.0
3060.0
3080.0
3100.0
3120.0
3140.0
3150.0
3170.0
3170.0
3190.0
3210.0
3230.0
3250.0
3270.0
3280.0
3300.0
3320.0
3340.0
3360.0
3380.0
3400.0
3420.0
3440.0
3460.0
3470.0
3490.0
3510.0
3530.0
3540.0
3560.0
3580.0
3600.0
3610.0
3630.0
3650.0
3670.0
3680.0
3690.0
3710.0
3730.0
3750.0
3770.0
3790.0
3810.0
3820.0
3840.0
3860.0
3880.0
3900.0
3910.0
3930.0
3950.0
3970.0
3990.0
4010.0
4030.0
4050.0
4070.0
4090.0
4100.0
4120.0
4140.0
4160.0
4180.0
4190.0
4210.0
4230.0
4250.0
4270.0
4290.0
4310.0
4320.0
4340.0
4360.0
4380.0
4390.0
4410.0
4430.0
4450.0
4470.0
4490.0
4500.0
4520.0
4540.0
4550.0
4570.0
4590.0
4610.0
4630.0
4650.0
4670.0
4690.0
4710.0
4720.0
4740.0
4760.0
4780.0
4790.0
4810.0
4830.0
4850.0
4860.0
4880.0
4900.0
4920.0
4940.0
4960.0
4980.0
5000.0
5020.0
5030.0
5050.0
5070.0
5090.0
5110.0
5130.0
5150.0
5170.0
5190.0
5210.0
5230.0
5240.0
5260.0
5280.0
5300.0
5320.0
5340.0
5360.0
5370.0
5390.0
5410.0
5430.0
5450.0
5470.0
5480.0
5500.0
5520.0
5540.0
5560.0
5580.0
5600.0
5620.0
5640.0
5660.0
5680.0
5700.0
5720.0
5740.0
5760.0
5780.0
5800.0
5820.0
5840.0
5860.0
5880.0
5900.0
5920.0
5940.0
5960.0
5980.0
6000.0
6020.0
6040.0
6060.0
6080.0
6100.0
6120.0
6140.0
6160.0
6180.0
6200.0
6220.0
6240.0
6260.0
6280.0
6300.0
6320.0
6340.0
6360.0
6380.0
6400.0
6420.0
6440.0
6460.0
6480.0
6490.0
6500.0
6520.0
6530.0
6550.0
6570.0
6580.0
6600.0
6610.0
6610.0
6630.0
6640.0
6660.0
6680.0
6690.0
6710.0
6730.0
6750.0
6770.0
6790.0
6800.0
6820.0
6830.0
6850.0
6870.0
6890.0
6900.0
6920.0
6940.0
6960.0
6980.0
7000.0
7020.0
7040.0
7060.0
7080.0
7090.0
7100.0
7120.0
7140.0
7160.0
7180.0
7200.0
7220.0
7240.0
7260.0
7280.0
7300.0
7320.0
7340.0
7360.0
7380.0
7400.0
7420.0
7440.0
7460.0
7460.0
7470.0
7490.0
7510.0
7520.0
7540.0
7560.0
7580.0
7600.0
7610.0
7630.0
7650.0
7670.0
7680.0
7700.0
7720.0
7740.0
7760.0
7780.0
7800.0
7810.0
7830.0
7850.0
7850.0
7870.0
7880.0
7900.0
7920.0
7940.0
7960.0
7980.0
8000.0
8020.0
8040.0
8060.0
8080.0
8090.0
8100.0
8110.0
8130.0
8150.0
8170.0
8190.0
8210.0
8230.0
8250.0
8270.0
8290.0
8310.0
8330.0
8340.0
8360.0
8380.0
8400.0
8420.0
8440.0
8450.0
8470.0
8490.0
8460.0
8480.0
8500.0
8520.0
8540.0
8560.0
8580.0
8590.0
8610.0
8620.0
8640.0
8660.0
8680.0
8700.0
8720.0
8740.0
8760.0
8780.0
8800.0
8820.0
8840.0
8860.0
8880.0
8900.0
8920.0
8940.0
8960.0
8980.0
9000.0
9020.0
9040.0
9060.0
9080.0
9100.0
9110.0
9130.0
9150.0
9160.0
9170.0
9190.0
9210.0
9230.0
9250.0
9270.0
9290.0
9310.0
9330.0
9350.0
9370.0
9390.0
9410.0
9430.0
9450.0
9470.0
9480.0
9490.0
9510.0
9530.0
9550.0
9570.0
9590.0
9610.0
9630.0
9650.0
9670.0
9690.0
9710.0
9720.0
9740.0
9760.0
9780.0
9800.0
9820.0
9830.0
9850.0
9860.0
9870.0
9880.0
9890.0
9910.0
9930.0
9950.0
9970.0
9990.0
10010.0
10030.0
10050.0
10070.0
10090.0
10110.0
10130.0
10150.0
10170.0
10190.0
10210.0
10230.0
10250.0
10270.0
10290.0
10310.0
10330.0
10340.0
10360.0
10380.0
10390.0
10410.0
10420.0
10440.0
10460.0
10460.0
10480.0
10500.0
10520.0
10540.0
10560.0
10580.0
10600.0
10620.0
10640.0
10660.0
10680.0
10700.0
10720.0
10740.0
10760.0
10780.0
10790.0
10800.0
10820.0
10840.0
10860.0
10880.0
10890.0
10910.0
10930.0
10950.0
10960.0
10980.0
11000.0
11020.0
11040.0
11060.0
11080.0
11100.0
11120.0
11130.0
11150.0
11170.0
11170.0
11190.0
11210.0
11230.0
11250.0
11270.0
11290.0
11310.0
11330.0
11350.0
11370.0
11390.0
11410.0
11430.0
11440.0
11460.0
11480.0
11500.0
11520.0
11540.0
11560.0
11570.0
11590.0
11610.0
11620.0
11640.0
11660.0
11680.0
11700.0
11720.0
11740.0
11760.0
11780.0
11800.0
11820.0
11840.0
11860.0
11880.0
11900.0
11920.0
11940.0
11960.0
11970.0
11990.0
12010.0
12030.0
12050.0
12070.0
12090.0
12110.0
12120.0
12140.0
12160.0
12180.0
12200.0
12220.0
12240.0
12260.0
12280.0
12300.0
12320.0
12340.0
12350.0
12370.0
12390.0
12410.0
12430.0
12450.0
12470.0
12480.0
12500.0
12520.0
12540.0
12560.0
12570.0
12590.0
12610.0
12630.0
12650.0
12670.0
12690.0
12690.0
12710.0
12730.0
12750.0
12760.0
12780.0
12800.0
12820.0
12840.0
12860.0
12870.0
12890.0
12910.0
12930.0
12950.0
12970.0
12990.0
13010.0
13030.0
13050.0
13070.0
13090.0
13110.0
13130.0
13150.0
13170.0
13190.0
13210.0
13230.0
13250.0
13270.0
13290.0
13310.0
13330.0
13350.0
13360.0
13380.0
13400.0
13420.0
13440.0
13460.0
13480.0
13500.0
13520.0
13540.0
13560.0
13580.0
13600.0
13620.0
13640.0
13660.0
13680.0
13700.0
13720.0
13740.0
13760.0
13770.0
13790.0
13810.0
13830.0
13840.0
13860.0
13880.0
13900.0
13920.0
13940.0
13950.0
13970.0
13990.0
14010.0
14030.0
14050.0
14070.0
14090.0
14110.0
14130.0
14150.0
14170.0
14190.0
14210.0
14230.0
14250.0
14270.0
14290.0
14310.0
14330.0
14350.0
14360.0
14380.0
14400.0
14420.0
14440.0
14460.0
14480.0
14500.0
14520.0
14540.0
14560.0
14580.0
14600.0
14620.0
14640.0
14660.0
14680.0
14700.0
14720.0
14740.0
14760.0
14780.0
14800.0
14820.0
14840.0
14860.0
14870.0
14890.0
14910.0
14930.0
14950.0
14960.0
14980.0
15000.0
15020.0
15040.0
15060.0
15080.0
15080.0
15100.0
15120.0
15140.0
15160.0
15180.0
15200.0
15220.0
15240.0
15260.0
15270.0
15290.0
15310.0
15330.0
15350.0
15370.0
15390.0
15410.0
15430.0
15450.0
15450.0
15470.0
15490.0
15500.0
15520.0
15540.0
15560.0
15580.0
15600.0
15620.0
15640.0
15660.0
15680.0
15700.0
15720.0
15740.0
15760.0
15780.0
15800.0
15810.0
15830.0
15850.0
15870.0
15890.0
15910.0
15930.0
15950.0
15970.0
15990.0
16010.0
16030.0
16050.0
16070.0
16090.0
16110.0
16130.0
16140.0
16150.0
16170.0
16190.0
16210.0
16230.0
16250.0
16270.0
16290.0
16310.0
16330.0
16350.0
16370.0
16390.0
16400.0
16420.0
16440.0
16460.0
16480.0
16500.0
16520.0
16530.0
16550.0
16570.0
16590.0
16610.0
16630.0
16650.0
16670.0
16680.0
16700.0
16710.0
16730.0
16750.0
16770.0
16790.0
16810.0
16830.0
16850.0
16870.0
16890.0
16910.0
16930.0
16950.0
16970.0
16990.0
17010.0
17030.0
17050.0
17070.0
17090.0
17110.0
17130.0
17150.0
17170.0
17190.0
17210.0
17230.0
17250.0
17270.0
17290.0
17310.0
17330.0
17350.0
17370.0
17390.0
17410.0
17430.0
17450.0
17470.0
17490.0
17510.0
17510.0
17530.0
17550.0
17570.0
17590.0
17610.0
17630.0
17650.0
17670.0
17690.0
17710.0
17730.0
17750.0
17770.0
17790.0
17810.0
17820.0
17840.0
17860.0
17880.0
17900.0
17920.0
17940.0
17950.0
17960.0
17980.0
18000.0
18020.0
18040.0
18060.0
18080.0
18100.0
18120.0
18130.0
18150.0
18170.0
18190.0
18210.0
18230.0
18230.0
18250.0
18270.0
18290.0
18310.0
18330.0
18350.0
18370.0
18390.0
18400.0
18420.0
18440.0
18460.0
18480.0
18500.0
18520.0
18540.0
18560.0
18580.0
18600.0
18620.0
18640.0
18660.0
18680.0
18700.0
18720.0
18740.0
18760.0
18780.0
18800.0
18820.0
18830.0
18850.0
18870.0
18890.0
18910.0
18930.0
18950.0
18970.0
18990.0
19000.0
19020.0
19040.0
19060.0
19080.0
19090.0
19110.0
19130.0
19140.0
19160.0
19180.0
19200.0
19220.0
19240.0
19260.0
19280.0
19300.0
19320.0
19340.0
19360.0
19380.0
19400.0
19420.0
19440.0
19460.0
19480.0
19490.0
19510.0
19530.0
19550.0
19570.0
19590.0
19610.0
19630.0
19650.0
19670.0
19690.0
19700.0
19720.0
19740.0
19750.0
19770.0
19790.0
19810.0
19830.0
19850.0
19870.0
19890.0
19910.0
19930.0
19950.0
19970.0
19990.0
20000.0
20020.0
20040.0
20060.0
20080.0
20100.0
20120.0
20140.0
20150.0
20170.0
20180.0
20200.0
20220.0
20240.0
20260.0
20280.0
20300.0
20320.0
20330.0
20350.0
20370.0
20390.0
20410.0
20430.0
20450.0
20470.0
20490.0
20510.0
20530.0
20540.0
20560.0
20580.0
20590.0
20610.0
20630.0
20650.0
20670.0
20690.0
20700.0
20720.0
20740.0
20760.0
20780.0
20800.0
20820.0
20840.0
20860.0
20880.0
20890.0
20900.0
20920.0
20940.0
20960.0
20980.0
21000.0
21020.0
21030.0
21050.0
21070.0
21090.0
21110.0
21130.0
21150.0
21170.0
21190.0
21200.0
21220.0
21240.0
21260.0
21280.0
21290.0
21310.0
21330.0
21340.0
21360.0
21380.0
21400.0
21420.0
21440.0
21460.0
21470.0
21490.0
21510.0
21530.0
21550.0
21570.0
21580.0
21590.0
21600.0
21620.0
21640.0
21660.0
21680.0
21700.0
21720.0
21740.0
21760.0
21780.0
21800.0
21820.0
21840.0
21860.0
21880.0
21890.0
21910.0
21930.0
21950.0
21970.0
21990.0
22010.0
22030.0
22050.0
22070.0
22090.0
22110.0
22130.0
22140.0
22150.0
22170.0
22180.0
22200.0
22210.0
22230.0
22240.0
22260.0
22280.0
22300.0
22320.0
22340.0
22350.0
22360.0
22380.0
22400.0
22420.0
22430.0
22450.0
22470.0
22480.0
22490.0
22500.0
22520.0
22540.0
22560.0
22580.0
22600.0
22620.0
22640.0
22660.0
22680.0
22700.0
22720.0
22740.0
22760.0
22780.0
22800.0
22820.0
22830.0
22850.0
22870.0
22890.0
22910.0
22930.0
22950.0
22970.0
22990.0
23010.0
23030.0
23050.0
23070.0
23090.0
23110.0
23130.0
23150.0
23170.0
23190.0
23210.0
23230.0
23250.0
23270.0
23290.0
23310.0
23330.0
23350.0
23370.0
23390.0
23400.0
23420.0
23430.0
23450.0
23470.0
23490.0
23510.0
23530.0
23550.0
23570.0
23590.0
23610.0
23630.0
23640.0
23660.0
23680.0
23700.0
23710.0
23730.0
23750.0
23770.0
23790.0
23810.0
23820.0
23840.0
23860.0
23880.0
23890.0
23910.0
23930.0
23950.0
23970.0
23990.0
24010.0
24030.0
24050.0
24070.0
24090.0
24110.0
24130.0
24150.0
24160.0
24180.0
24200.0
24220.0
24230.0
24240.0
24260.0
24270.0
24290.0
24310.0
24330.0
24350.0
24370.0
24380.0
24400.0
24420.0
24440.0
24460.0
24480.0
24500.0
24520.0
24530.0
24550.0
24570.0
24590.0
24610.0
24630.0
24640.0
24660.0
24680.0
24700.0
24720.0
24740.0
24760.0
24780.0
24800.0
24820.0
24840.0
24860.0
24880.0
24900.0
24920.0
24940.0
24960.0
24980.0
25000.0
25020.0
25040.0
25060.0
25080.0
25100.0
25120.0
25140.0
25160.0
25180.0
25200.0
25220.0
25240.0
25260.0
25280.0
25300.0
25320.0
25340.0
25360.0
25380.0
25400.0
25420.0
25440.0
25460.0
25480.0
25500.0
25510.0
25520.0
25530.0
25530.0
25550.0
25560.0
25580.0
25590.0
25610.0
25630.0
25650.0
25670.0
