a = 0.2
g = 0.2
e = 0.1
random initial weights = false

-460.0
-670.0
-710.0
-710.0
-690.0
-740.0
-750.0
-750.0
-750.0
-740.0
-750.0
-740.0
-750.0
-750.0
-730.0
-710.0
-690.0
-670.0
-650.0
-630.0
-610.0
-590.0
-570.0
-550.0
-540.0
-520.0
-510.0
-490.0
-480.0
-460.0
-440.0
-420.0
-400.0
-380.0
-360.0
-340.0
-320.0
-300.0
-280.0
-260.0
-240.0
-230.0
-220.0
-200.0
-180.0
-170.0
-150.0
-130.0
-110.0
-90.0
-80.0
-60.0
-40.0
-20.0
0.0
10.0
30.0
50.0
70.0
90.0
110.0
130.0
150.0
170.0
180.0
200.0
220.0
230.0
250.0
270.0
280.0
300.0
320.0
330.0
350.0
360.0
380.0
400.0
420.0
440.0
460.0
480.0
500.0
520.0
530.0
550.0
570.0
590.0
600.0
620.0
640.0
650.0
670.0
690.0
710.0
730.0
750.0
770.0
780.0
800.0
820.0
840.0
860.0
870.0
890.0
890.0
900.0
910.0
930.0
950.0
970.0
990.0
1010.0
1030.0
1050.0
1070.0
1090.0
1110.0
1120.0
1140.0
1160.0
1170.0
1190.0
1200.0
1220.0
1230.0
1240.0
1260.0
1280.0
1300.0
1320.0
1340.0
1360.0
1380.0
1400.0
1420.0
1430.0
1450.0
1470.0
1490.0
1510.0
1530.0
1550.0
1570.0
1590.0
1600.0
1620.0
1640.0
1660.0
1680.0
1700.0
1710.0
1730.0
1750.0
1770.0
1790.0
1810.0
1830.0
1850.0
1870.0
1890.0
1890.0
1910.0
1930.0
1950.0
1970.0
1980.0
2000.0
2020.0
2040.0
2050.0
2070.0
2090.0
2110.0
2130.0
2150.0
2170.0
2190.0
2200.0
2220.0
2210.0
2230.0
2250.0
2270.0
2290.0
2300.0
2320.0
2340.0
2360.0
2380.0
2400.0
2410.0
2420.0
2430.0
2450.0
2470.0
2490.0
2510.0
2520.0
2520.0
2530.0
2540.0
2560.0
2580.0
2600.0
2610.0
2620.0
2640.0
2660.0
2680.0
2700.0
2720.0
2740.0
2760.0
2780.0
2780.0
2800.0
2820.0
2840.0
2860.0
2880.0
2900.0
2920.0
2930.0
2950.0
2970.0
2980.0
3000.0
3020.0
3040.0
3060.0
3080.0
3090.0
3110.0
3130.0
3120.0
3140.0
3160.0
3180.0
3200.0
3220.0
3240.0
3260.0
3270.0
3290.0
3290.0
3300.0
3320.0
3340.0
3360.0
3380.0
3400.0
3410.0
3410.0
3430.0
3450.0
3470.0
3490.0
3510.0
3530.0
3540.0
3560.0
3580.0
3590.0
3610.0
3630.0
3650.0
3670.0
3690.0
3710.0
3730.0
3750.0
3770.0
3790.0
3810.0
3820.0
3840.0
3860.0
3880.0
3880.0
3890.0
3910.0
3930.0
3950.0
3970.0
3990.0
4010.0
4010.0
4020.0
4040.0
4060.0
4080.0
4100.0
4110.0
4130.0
4150.0
4170.0
4180.0
4200.0
4220.0
4230.0
4250.0
4270.0
4290.0
4310.0
4330.0
4350.0
4370.0
4380.0
4400.0
4420.0
4440.0
4450.0
4470.0
4480.0
4500.0
4520.0
4540.0
4560.0
4570.0
4590.0
4600.0
4620.0
4640.0
4650.0
4670.0
4690.0
4710.0
4730.0
4750.0
4760.0
4780.0
4800.0
4810.0
4830.0
4850.0
4870.0
4890.0
4900.0
4910.0
4930.0
4950.0
4970.0
4980.0
5000.0
5020.0
5040.0
5060.0
5080.0
5100.0
5120.0
5140.0
5160.0
5180.0
5200.0
5220.0
5240.0
5260.0
5280.0
5300.0
5320.0
5330.0
5350.0
5370.0
5390.0
5410.0
5430.0
5450.0
5470.0
5490.0
5500.0
5520.0
5540.0
5550.0
5570.0
5590.0
5610.0
5630.0
5650.0
5670.0
5690.0
5710.0
5730.0
5740.0
5760.0
5780.0
5800.0
5820.0
5840.0
5860.0
5880.0
5900.0
5920.0
5940.0
5960.0
5980.0
6000.0
6020.0
6040.0
6050.0
6070.0
6090.0
6110.0
6130.0
6150.0
6150.0
6170.0
6190.0
6210.0
6230.0
6250.0
6270.0
6290.0
6310.0
6330.0
6350.0
6370.0
6390.0
6410.0
6430.0
6450.0
6460.0
6480.0
6500.0
6520.0
6540.0
6560.0
6580.0
6590.0
6610.0
6630.0
6650.0
6670.0
6690.0
6710.0
6720.0
6730.0
6750.0
6770.0
6790.0
6810.0
6820.0
6840.0
6860.0
6880.0
6900.0
6920.0
6940.0
6960.0
6980.0
7000.0
7020.0
7040.0
7060.0
7070.0
7090.0
7100.0
7110.0
7130.0
7150.0
7170.0
7190.0
7210.0
7230.0
7250.0
7270.0
7280.0
7300.0
7310.0
7330.0
7340.0
7360.0
7370.0
7390.0
7410.0
7430.0
7450.0
7470.0
7470.0
7490.0
7510.0
7530.0
7540.0
7550.0
7570.0
7580.0
7600.0
7610.0
7630.0
7640.0
7650.0
7660.0
7680.0
7670.0
7690.0
7700.0
7710.0
7730.0
7750.0
7770.0
7780.0
7800.0
7820.0
7840.0
7860.0
7870.0
7890.0
7910.0
7930.0
7950.0
7960.0
7980.0
8000.0
8020.0
8040.0
8060.0
8080.0
8100.0
8110.0
8130.0
8140.0
8160.0
8150.0
8160.0
8170.0
8180.0
8190.0
8200.0
8220.0
8240.0
8260.0
8280.0
8290.0
8310.0
8330.0
8330.0
8350.0
8360.0
8370.0
8390.0
8410.0
8430.0
8450.0
8470.0
8490.0
8510.0
8530.0
8550.0
8570.0
8590.0
8610.0
8620.0
8630.0
8650.0
8670.0
8690.0
8710.0
8730.0
8750.0
8770.0
8790.0
8810.0
8830.0
8850.0
8870.0
8890.0
8910.0
8930.0
8950.0
8970.0
8990.0
9000.0
9010.0
9030.0
9050.0
9070.0
9090.0
9110.0
9130.0
9150.0
9150.0
9170.0
9190.0
9200.0
9220.0
9240.0
9260.0
9280.0
9300.0
9320.0
9340.0
9340.0
9360.0
9370.0
9390.0
9410.0
9420.0
9440.0
9460.0
9480.0
9500.0
9520.0
9540.0
9560.0
9580.0
9590.0
9600.0
9620.0
9640.0
9660.0
9680.0
9700.0
9720.0
9740.0
9760.0
9780.0
9790.0
9800.0
9820.0
9840.0
9850.0
9860.0
9880.0
9900.0
9920.0
9940.0
9940.0
9960.0
9980.0
10000.0
10020.0
10040.0
10060.0
10080.0
10100.0
10120.0
10140.0
10160.0
10180.0
10200.0
10210.0
10220.0
10240.0
10250.0
10270.0
10290.0
10310.0
10330.0
10350.0
10360.0
10380.0
10390.0
10410.0
10430.0
10450.0
10460.0
10480.0
10500.0
10520.0
10540.0
10560.0
10580.0
10600.0
10620.0
10640.0
10640.0
10660.0
10680.0
10700.0
10720.0
10740.0
10760.0
10780.0
10800.0
10820.0
10840.0
10850.0
10870.0
10890.0
10910.0
10930.0
10950.0
10970.0
10980.0
11000.0
11010.0
11030.0
11050.0
11070.0
11090.0
11110.0
11130.0
11140.0
11160.0
11180.0
11200.0
11220.0
11240.0
11250.0
11270.0
11280.0
11300.0
11310.0
11330.0
11350.0
11370.0
11390.0
11410.0
11430.0
11450.0
11470.0
11490.0
11500.0
11510.0
11530.0
11550.0
11570.0
11580.0
11600.0
11620.0
11630.0
11650.0
11670.0
11680.0
11700.0
11720.0
11730.0
11740.0
11760.0
11780.0
11800.0
11820.0
11840.0
11850.0
11870.0
11890.0
11910.0
11930.0
11940.0
11950.0
11970.0
11990.0
12010.0
12030.0
12040.0
12060.0
12080.0
12100.0
12120.0
12140.0
12160.0
12180.0
12200.0
12220.0
12240.0
12260.0
12280.0
12300.0
12320.0
12340.0
12350.0
12370.0
12390.0
12400.0
12420.0
12430.0
12450.0
12470.0
12490.0
12500.0
12520.0
12530.0
12550.0
12570.0
12590.0
12600.0
12620.0
12640.0
12660.0
12680.0
12690.0
12710.0
12720.0
12730.0
12750.0
12770.0
12790.0
12800.0
12810.0
12830.0
12850.0
12870.0
12890.0
12900.0
12920.0
12940.0
12960.0
12980.0
13000.0
13020.0
13040.0
13050.0
13070.0
13090.0
13110.0
13130.0
13150.0
13170.0
13180.0
13200.0
13220.0
13240.0
13260.0
13280.0
13300.0
13320.0
13330.0
13350.0
13360.0
13380.0
13400.0
13410.0
13430.0
13440.0
13440.0
13450.0
13460.0
13480.0
13500.0
13520.0
13540.0
13560.0
13580.0
13600.0
13620.0
13640.0
13660.0
13680.0
13690.0
13710.0
13710.0
13720.0
13740.0
13760.0
13780.0
13800.0
13820.0
13840.0
13850.0
13870.0
13890.0
13910.0
13930.0
13950.0
13970.0
13990.0
14010.0
14030.0
14050.0
14070.0
14090.0
14110.0
14130.0
14150.0
14170.0
14190.0
14210.0
14230.0
14240.0
14260.0
14280.0
14300.0
14310.0
14330.0
14330.0
14350.0
14370.0
14390.0
14390.0
14410.0
14420.0
14440.0
14460.0
14480.0
14490.0
14510.0
14530.0
14550.0
14570.0
14590.0
14610.0
14620.0
14640.0
14640.0
14650.0
14670.0
14690.0
14710.0
14720.0
14740.0
14760.0
14780.0
14800.0
14810.0
14830.0
14850.0
14870.0
14890.0
14910.0
14890.0
14910.0
14930.0
14930.0
14950.0
14970.0
14980.0
14990.0
15010.0
15020.0
15020.0
15040.0
15060.0
15080.0
15100.0
15110.0
15130.0
15140.0
15160.0
15170.0
15190.0
15210.0
15230.0
15250.0
15270.0
15290.0
15310.0
15330.0
15350.0
15370.0
15390.0
15400.0
15410.0
15430.0
15450.0
15470.0
15490.0
15510.0
15530.0
15530.0
15550.0
15570.0
15590.0
15600.0
15620.0
15640.0
15660.0
15680.0
15700.0
15720.0
15740.0
15760.0
15780.0
15800.0
15810.0
15800.0
15810.0
15830.0
15850.0
15870.0
15890.0
15910.0
15930.0
15950.0
15970.0
15990.0
16010.0
16030.0
16050.0
16070.0
16070.0
16090.0
16110.0
16130.0
16150.0
16170.0
16190.0
16210.0
16220.0
16230.0
16250.0
16260.0
16270.0
16280.0
16300.0
16320.0
16330.0
16350.0
16360.0
16380.0
16400.0
16420.0
16430.0
16450.0
16470.0
16490.0
16490.0
16510.0
16530.0
16530.0
16540.0
16550.0
16570.0
16590.0
16610.0
16630.0
16650.0
16670.0
16690.0
16700.0
16720.0
16730.0
16750.0
16770.0
16790.0
16810.0
16830.0
16850.0
16870.0
16890.0
16900.0
16920.0
16940.0
16960.0
16980.0
17000.0
17020.0
17030.0
17050.0
17050.0
17070.0
17090.0
17110.0
17130.0
17150.0
17160.0
17180.0
17200.0
17220.0
17240.0
17250.0
17270.0
17290.0
17300.0
17320.0
17340.0
17360.0
17370.0
17390.0
17410.0
17430.0
17450.0
17460.0
17480.0
17490.0
17510.0
17530.0
17550.0
17570.0
17570.0
17590.0
17610.0
17630.0
17650.0
17670.0
17690.0
17710.0
17730.0
17740.0
17750.0
17770.0
17790.0
17810.0
17820.0
17840.0
17860.0
17870.0
17880.0
17900.0
17920.0
17940.0
17960.0
17980.0
18000.0
18020.0
18040.0
18060.0
18080.0
18100.0
18120.0
18140.0
18160.0
18180.0
18190.0
18210.0
18230.0
18240.0
18250.0
18270.0
18290.0
18310.0
18330.0
18350.0
18370.0
18390.0
18410.0
18430.0
18450.0
18470.0
18490.0
18500.0
18520.0
18540.0
18560.0
18570.0
18590.0
18610.0
18620.0
18630.0
18650.0
18670.0
18690.0
18710.0
18730.0
18750.0
18770.0
18780.0
18800.0
18820.0
18840.0
18860.0
18880.0
18900.0
18920.0
18920.0
18940.0
18950.0
18970.0
18990.0
19000.0
19020.0
19040.0
19060.0
19070.0
19090.0
19110.0
19120.0
19140.0
19160.0
19180.0
19200.0
19220.0
19240.0
19260.0
19270.0
19290.0
19300.0
19310.0
19330.0
19350.0
19370.0
19390.0
19410.0
19430.0
19450.0
19470.0
19490.0
19510.0
19530.0
19550.0
19570.0
19590.0
19610.0
19630.0
19650.0
19670.0
19690.0
19710.0
19730.0
19730.0
19750.0
19770.0
19790.0
19810.0
19830.0
19840.0
19860.0
19880.0
19900.0
19920.0
19930.0
19950.0
19970.0
19990.0
20000.0
20020.0
20040.0
20060.0
20080.0
20090.0
20110.0
20130.0
20150.0
20170.0
20190.0
20200.0
20220.0
20240.0
20260.0
20280.0
20300.0
20320.0
20340.0
20360.0
20360.0
20380.0
20390.0
20390.0
20410.0
20430.0
20450.0
20470.0
20490.0
20490.0
20510.0
20530.0
20550.0
20570.0
20590.0
20610.0
20630.0
20650.0
20670.0
20690.0
20700.0
20720.0
20740.0
20750.0
20770.0
20790.0
20810.0
20830.0
20850.0
20870.0
20890.0
20910.0
20930.0
20950.0
20960.0
20970.0
20990.0
21010.0
21030.0
21050.0
21070.0
21090.0
21110.0
21130.0
21150.0
21170.0
21180.0
21200.0
21210.0
21220.0
21240.0
21260.0
21280.0
21300.0
21310.0
21330.0
21350.0
21370.0
21390.0
21410.0
21430.0
21450.0
21470.0
21480.0
21500.0
21520.0
21540.0
21560.0
21570.0
21590.0
21610.0
21620.0
21640.0
21660.0
21670.0
21690.0
21700.0
21720.0
21740.0
21760.0
21780.0
21800.0
21820.0
21840.0
21860.0
21880.0
21900.0
21920.0
21920.0
21940.0
21960.0
21980.0
22000.0
22010.0
22030.0
22040.0
22060.0
22080.0
22100.0
22110.0
22130.0
22150.0
22150.0
22160.0
22180.0
22200.0
22220.0
22240.0
22260.0
22280.0
22300.0
22320.0
22340.0
22360.0
22380.0
22400.0
22410.0
22430.0
22450.0
22470.0
22490.0
22510.0
22530.0
22550.0
22570.0
22590.0
22610.0
22630.0
22650.0
22670.0
22690.0
22700.0
22710.0
22720.0
22740.0
22750.0
22770.0
22790.0
22810.0
22830.0
22850.0
22870.0
22890.0
22910.0
22930.0
22950.0
22970.0
22990.0
23010.0
23030.0
23050.0
23070.0
23090.0
23110.0
23120.0
23140.0
23140.0
23160.0
23170.0
23190.0
23210.0
23230.0
23250.0
23270.0
23290.0
23310.0
23330.0
23350.0
23360.0
23380.0
23400.0
23410.0
23430.0
23450.0
23470.0
23490.0
23510.0
23530.0
23550.0
23570.0
23590.0
23610.0
23630.0
23650.0
23670.0
23690.0
23710.0
23720.0
23730.0
23750.0
23770.0
23790.0
23810.0
23830.0
23850.0
23860.0
23880.0
23890.0
23910.0
23930.0
23950.0
23970.0
23990.0
24010.0
24030.0
24050.0
24060.0
24070.0
24070.0
24090.0
24110.0
24130.0
24150.0
24170.0
24190.0
24210.0
24210.0
24230.0
24250.0
24240.0
24260.0
24280.0
24280.0
24300.0
24320.0
24340.0
24360.0
24380.0
24400.0
24420.0
24420.0
24440.0
24430.0
24450.0
24460.0
24480.0
24500.0
24520.0
24540.0
24550.0
24560.0
24580.0
24590.0
24600.0
24620.0
24640.0
24650.0
24670.0
24690.0
24710.0
24730.0
24740.0
24760.0
24780.0
24800.0
24820.0
24820.0
24840.0
24860.0
24880.0
24900.0
24920.0
24940.0
24960.0
24980.0
24980.0
25000.0
25010.0
25030.0
25040.0
25050.0
25060.0
25080.0
25100.0
25120.0
25140.0
25160.0
