a = 0.5
g = 0.8
e = 0.3
random initial weights = false

-1350.0
-1550.0
-1660.0
-1770.0
-2070.0
-2180.0
-2300.0
-2340.0
-2600.0
-2750.0
-2900.0
-2920.0
-2940.0
-2950.0
-2930.0
-2910.0
-2890.0
-2880.0
-2860.0
-2850.0
-2840.0
-2820.0
-2810.0
-2800.0
-2800.0
-2780.0
-2770.0
-2750.0
-2730.0
-2730.0
-2740.0
-2720.0
-2700.0
-2690.0
-2670.0
-2650.0
-2630.0
-2610.0
-2590.0
-2570.0
-2560.0
-2550.0
-2530.0
-2520.0
-2510.0
-2510.0
-2490.0
-2480.0
-2460.0
-2440.0
-2430.0
-2410.0
-2390.0
-2400.0
-2380.0
-2370.0
-2350.0
-2330.0
-2310.0
-2340.0
-2320.0
-2300.0
-2300.0
-2290.0
-2280.0
-2260.0
-2250.0
-2250.0
-2240.0
-2220.0
-2200.0
-2180.0
-2160.0
-2150.0
-2140.0
-2120.0
-2110.0
-2110.0
-2090.0
-2080.0
-2060.0
-2040.0
-2020.0
-2000.0
-1990.0
-1970.0
-1950.0
-1930.0
-1920.0
-1910.0
-1890.0
-1870.0
-1860.0
-1840.0
-1820.0
-1830.0
-1810.0
-1790.0
-1780.0
-1780.0
-1770.0
-1760.0
-1750.0
-1730.0
-1710.0
-1720.0
-1700.0
-1700.0
-1680.0
-1660.0
-1640.0
-1620.0
-1600.0
-1590.0
-1570.0
-1560.0
-1540.0
-1520.0
-1500.0
-1480.0
-1470.0
-1450.0
-1450.0
-1450.0
-1450.0
-1430.0
-1410.0
-1390.0
-1370.0
-1350.0
-1330.0
-1310.0
-1290.0
-1270.0
-1280.0
-1270.0
-1250.0
-1230.0
-1220.0
-1200.0
-1180.0
-1180.0
-1160.0
-1140.0
-1130.0
-1110.0
-1090.0
-1090.0
-1070.0
-1050.0
-1030.0
-1020.0
-1000.0
-990.0
-970.0
-950.0
-930.0
-920.0
-910.0
-890.0
-870.0
-850.0
-830.0
-810.0
-800.0
-790.0
-770.0
-760.0
-740.0
-730.0
-730.0
-720.0
-710.0
-690.0
-690.0
-680.0
-660.0
-640.0
-620.0
-600.0
-580.0
-570.0
-550.0
-540.0
-520.0
-510.0
-500.0
-480.0
-460.0
-440.0
-420.0
-420.0
-400.0
-380.0
-360.0
-340.0
-320.0
-300.0
-280.0
-270.0
-290.0
-270.0
-250.0
-230.0
-210.0
-190.0
-180.0
-160.0
-150.0
-150.0
-130.0
-120.0
-100.0
-80.0
-60.0
-40.0
-30.0
-10.0
-10.0
10.0
30.0
30.0
50.0
60.0
50.0
70.0
90.0
110.0
130.0
150.0
170.0
160.0
170.0
190.0
210.0
230.0
240.0
260.0
280.0
300.0
320.0
310.0
310.0
330.0
330.0
350.0
370.0
390.0
410.0
420.0
430.0
430.0
450.0
450.0
450.0
470.0
480.0
490.0
500.0
520.0
540.0
550.0
560.0
570.0
570.0
590.0
610.0
610.0
630.0
650.0
670.0
670.0
690.0
710.0
730.0
750.0
770.0
790.0
810.0
830.0
850.0
870.0
890.0
910.0
930.0
940.0
940.0
950.0
960.0
970.0
990.0
1010.0
1030.0
1050.0
1070.0
1090.0
1090.0
1110.0
1130.0
1150.0
1160.0
1170.0
1190.0
1210.0
1230.0
1250.0
1230.0
1240.0
1260.0
1280.0
1290.0
1300.0
1320.0
1340.0
1360.0
1360.0
1370.0
1390.0
1390.0
1380.0
1390.0
1410.0
1420.0
1440.0
1440.0
1460.0
1480.0
1500.0
1520.0
1540.0
1560.0
1580.0
1570.0
1580.0
1600.0
1620.0
1640.0
1650.0
1670.0
1690.0
1700.0
1720.0
1740.0
1740.0
1750.0
1750.0
1770.0
1760.0
1780.0
1790.0
1810.0
1830.0
1850.0
1870.0
1890.0
1900.0
1920.0
1930.0
1940.0
1950.0
1970.0
1990.0
2010.0
2030.0
2040.0
2060.0
2070.0
2090.0
2110.0
2130.0
2120.0
2130.0
2150.0
2160.0
2180.0
2200.0
2220.0
2230.0
2240.0
2260.0
2270.0
2290.0
2310.0
2330.0
2340.0
2350.0
2370.0
2390.0
2400.0
2400.0
2410.0
2430.0
2450.0
2470.0
2480.0
2500.0
2520.0
2520.0
2540.0
2550.0
2570.0
2570.0
2590.0
2610.0
2620.0
2640.0
2650.0
2670.0
2690.0
2710.0
2730.0
2750.0
2770.0
2790.0
2810.0
2820.0
2830.0
2850.0
2870.0
2890.0
2900.0
2910.0
2930.0
2950.0
2970.0
2990.0
3010.0
3030.0
3040.0
3060.0
3080.0
3080.0
3100.0
3120.0
3140.0
3130.0
3150.0
3160.0
3180.0
3200.0
3220.0
3230.0
3250.0
3260.0
3280.0
3300.0
3320.0
3340.0
3360.0
3380.0
3390.0
3410.0
3410.0
3430.0
3450.0
3470.0
3490.0
3500.0
3510.0
3530.0
3550.0
3570.0
3590.0
3590.0
3610.0
3630.0
3630.0
3650.0
3670.0
3680.0
3700.0
3720.0
3730.0
3750.0
3770.0
3780.0
3800.0
3820.0
3840.0
3850.0
3860.0
3860.0
3880.0
3900.0
3900.0
3920.0
3940.0
3950.0
3970.0
3980.0
4000.0
4010.0
4030.0
4050.0
4060.0
4080.0
4080.0
4070.0
4080.0
4100.0
4110.0
4120.0
4130.0
4130.0
4150.0
4160.0
4180.0
4200.0
4220.0
4230.0
4250.0
4270.0
4290.0
4310.0
4330.0
4340.0
4340.0
4360.0
4360.0
4380.0
4380.0
4400.0
4420.0
4410.0
4430.0
4440.0
4460.0
4470.0
4490.0
4510.0
4530.0
4550.0
4560.0
4580.0
4590.0
4610.0
4620.0
4640.0
4660.0
4670.0
4680.0
4700.0
4720.0
4740.0
4760.0
4760.0
4760.0
4770.0
4780.0
4800.0
4820.0
4840.0
4860.0
4880.0
4900.0
4920.0
4940.0
4960.0
4970.0
4980.0
5000.0
5020.0
5040.0
5060.0
5080.0
5100.0
5120.0
5140.0
5160.0
5180.0
5200.0
5210.0
5220.0
5240.0
5260.0
5280.0
5280.0
5290.0
5310.0
5330.0
5340.0
5350.0
5370.0
5380.0
5390.0
5400.0
5410.0
5430.0
5420.0
5440.0
5460.0
5480.0
5500.0
5520.0
5540.0
5550.0
5570.0
5590.0
5590.0
5610.0
5610.0
5630.0
5640.0
5650.0
5670.0
5690.0
5710.0
5730.0
5740.0
5730.0
5740.0
5760.0
5780.0
5780.0
5800.0
5820.0
5840.0
5860.0
5880.0
5900.0
5900.0
5920.0
5940.0
5960.0
5980.0
6000.0
6020.0
6040.0
6030.0
6050.0
6050.0
6070.0
6090.0
6110.0
6120.0
6140.0
6160.0
6180.0
6200.0
6220.0
6240.0
6260.0
6250.0
6270.0
6280.0
6300.0
6310.0
6330.0
6350.0
6360.0
6380.0
6370.0
6380.0
6400.0
6410.0
6430.0
6430.0
6450.0
6470.0
6480.0
6480.0
6490.0
6510.0
6530.0
6550.0
6570.0
6590.0
6610.0
6630.0
6640.0
6650.0
6670.0
6680.0
6690.0
6690.0
6710.0
6720.0
6710.0
6730.0
6740.0
6760.0
6780.0
6800.0
6810.0
6830.0
6850.0
6870.0
6880.0
6860.0
6880.0
6900.0
6910.0
6930.0
6950.0
6970.0
6990.0
6980.0
6980.0
7000.0
7020.0
7030.0
7050.0
7070.0
7090.0
7100.0
7110.0
7130.0
7150.0
7160.0
7180.0
7200.0
7210.0
7220.0
7230.0
7240.0
7250.0
7270.0
7280.0
7300.0
7320.0
7340.0
7340.0
7350.0
7360.0
7370.0
7390.0
7410.0
7430.0
7450.0
7450.0
7470.0
7490.0
7500.0
7500.0
7520.0
7510.0
7530.0
7550.0
7560.0
7570.0
7590.0
7600.0
7610.0
7630.0
7630.0
7640.0
7660.0
7680.0
7700.0
7720.0
7730.0
7730.0
7750.0
7760.0
7770.0
7780.0
7800.0
7820.0
7840.0
7860.0
7860.0
7880.0
7890.0
7900.0
7910.0
7920.0
7930.0
7950.0
7970.0
7990.0
8000.0
8020.0
8040.0
8050.0
8070.0
8090.0
8110.0
8130.0
8140.0
8160.0
8170.0
8190.0
8210.0
8220.0
8240.0
8260.0
8270.0
8290.0
8300.0
8310.0
8330.0
8350.0
8360.0
8380.0
8390.0
8400.0
8410.0
8430.0
8450.0
8460.0
8480.0
8500.0
8520.0
8530.0
8550.0
8570.0
8590.0
8600.0
8620.0
8630.0
8620.0
8630.0
8650.0
8670.0
8690.0
8700.0
8720.0
8720.0
8740.0
8760.0
8770.0
8790.0
8810.0
8830.0
8830.0
8840.0
8850.0
8850.0
8870.0
8880.0
8880.0
8900.0
8920.0
8940.0
8960.0
8980.0
8990.0
9010.0
9030.0
9050.0
9060.0
9080.0
9090.0
9110.0
9130.0
9140.0
9160.0
9160.0
9160.0
9180.0
9180.0
9190.0
9210.0
9230.0
9230.0
9230.0
9250.0
9260.0
9280.0
9290.0
9310.0
9330.0
9340.0
9340.0
9350.0
9370.0
9370.0
9370.0
9390.0
9410.0
9430.0
9450.0
9470.0
9490.0
9510.0
9520.0
9540.0
9560.0
9560.0
9580.0
9570.0
9590.0
9610.0
9630.0
9650.0
9660.0
9680.0
9700.0
9720.0
9720.0
9740.0
9760.0
9760.0
9770.0
9790.0
9810.0
9830.0
9840.0
9840.0
9860.0
9880.0
9890.0
9890.0
9910.0
9930.0
9950.0
9970.0
9980.0
10000.0
10000.0
10020.0
10040.0
10060.0
10070.0
10070.0
10090.0
10100.0
10120.0
10140.0
10160.0
10170.0
10180.0
10200.0
10210.0
10220.0
10240.0
10260.0
10240.0
10260.0
10280.0
10300.0
10310.0
10310.0
10330.0
10350.0
10350.0
10370.0
10390.0
10410.0
10420.0
10430.0
10450.0
10470.0
10480.0
10490.0
10510.0
10520.0
10540.0
10560.0
10560.0
10580.0
10590.0
10610.0
10630.0
10630.0
10650.0
10660.0
10680.0
10700.0
10720.0
10740.0
10730.0
10750.0
10760.0
10770.0
10790.0
10780.0
10800.0
10820.0
10820.0
10840.0
10860.0
10880.0
10880.0
10900.0
10920.0
10940.0
10960.0
10980.0
11000.0
11020.0
11040.0
11060.0
11080.0
11090.0
11100.0
11120.0
11130.0
11150.0
11160.0
11160.0
11170.0
11190.0
11200.0
11220.0
11240.0
11250.0
11270.0
11290.0
11280.0
11300.0
11320.0
11340.0
11350.0
11350.0
11370.0
11390.0
11400.0
11420.0
11440.0
11460.0
11470.0
11490.0
11510.0
11520.0
11540.0
11560.0
11580.0
11590.0
11600.0
11620.0
11640.0
11660.0
11660.0
11680.0
11680.0
11700.0
11720.0
11740.0
11760.0
11780.0
11800.0
11800.0
11810.0
11830.0
11840.0
11860.0
11880.0
11890.0
11910.0
11920.0
11940.0
11960.0
11980.0
11990.0
11990.0
12000.0
12020.0
12040.0
12050.0
12060.0
12070.0
12090.0
12110.0
12130.0
12150.0
12150.0
12170.0
12180.0
12200.0
12220.0
12230.0
12250.0
12260.0
12280.0
12270.0
12280.0
12260.0
12280.0
12300.0
12320.0
12330.0
12350.0
12370.0
12390.0
12410.0
12430.0
12450.0
12470.0
12490.0
12500.0
12520.0
12530.0
12550.0
12570.0
12590.0
12610.0
12630.0
12640.0
12650.0
12670.0
12680.0
12700.0
12710.0
12730.0
12750.0
12770.0
12790.0
12810.0
12830.0
12840.0
12860.0
12880.0
12890.0
12910.0
12920.0
12940.0
12950.0
12960.0
12980.0
13000.0
13020.0
13030.0
13030.0
13050.0
13060.0
13070.0
13080.0
13100.0
13120.0
13130.0
13150.0
13160.0
13180.0
13170.0
13190.0
13210.0
13220.0
13230.0
13240.0
13260.0
13260.0
13280.0
13300.0
13320.0
13340.0
13360.0
13360.0
13380.0
13400.0
13410.0
13420.0
13440.0
13450.0
13470.0
13490.0
13490.0
13510.0
13530.0
13550.0
13560.0
13580.0
13590.0
13580.0
13600.0
13620.0
13640.0
13660.0
13680.0
13700.0
13720.0
13730.0
13750.0
13760.0
13780.0
13800.0
13820.0
13840.0
13850.0
13870.0
13890.0
13910.0
13930.0
13950.0
13950.0
13970.0
13990.0
13990.0
14010.0
14030.0
14050.0
14070.0
14070.0
14090.0
14100.0
14120.0
14140.0
14160.0
14180.0
14190.0
14210.0
14230.0
14250.0
14260.0
14280.0
14300.0
14320.0
14330.0
14350.0
14370.0
14390.0
14390.0
14410.0
14430.0
14450.0
14470.0
14480.0
14500.0
14520.0
14530.0
14550.0
14570.0
14590.0
14600.0
14620.0
14640.0
14660.0
14680.0
14700.0
14720.0
14710.0
14730.0
14750.0
14760.0
14780.0
14800.0
14820.0
14810.0
14830.0
14840.0
14860.0
14880.0
14890.0
14910.0
14920.0
14940.0
14960.0
14980.0
14990.0
15010.0
15030.0
15020.0
15040.0
15050.0
15060.0
15060.0
15060.0
15060.0
15070.0
15080.0
15100.0
15120.0
15140.0
15160.0
15180.0
15200.0
15220.0
15220.0
15240.0
15260.0
15270.0
15290.0
15310.0
15330.0
15340.0
15360.0
15380.0
15400.0
15410.0
15410.0
15430.0
15450.0
15460.0
15480.0
15490.0
15490.0
15500.0
15520.0
15540.0
15560.0
15570.0
15590.0
15610.0
15600.0
15610.0
15620.0
15640.0
15660.0
15670.0
15690.0
15710.0
15730.0
15740.0
15760.0
15770.0
15770.0
15770.0
15770.0
15790.0
15810.0
15810.0
15830.0
15820.0
15840.0
15850.0
15850.0
15870.0
15880.0
15890.0
15910.0
15920.0
15940.0
15950.0
15970.0
15990.0
15990.0
16010.0
16020.0
16030.0
16050.0
16070.0
16090.0
16110.0
16130.0
16150.0
16170.0
16190.0
16210.0
16220.0
16230.0
16250.0
16260.0
16280.0
16290.0
16310.0
16300.0
16320.0
16340.0
16360.0
16370.0
16390.0
16400.0
16410.0
16420.0
16440.0
16460.0
16460.0
16480.0
16500.0
16520.0
16540.0
16560.0
16570.0
16590.0
16610.0
16630.0
16630.0
16640.0
16660.0
16680.0
16700.0
16710.0
16710.0
16710.0
16720.0
16740.0
16760.0
16760.0
16780.0
16790.0
16810.0
16830.0
16850.0
16860.0
16880.0
16880.0
16890.0
16890.0
16910.0
16930.0
16950.0
16960.0
16980.0
16990.0
17000.0
17010.0
17020.0
17000.0
17020.0
17040.0
17060.0
17080.0
17090.0
17110.0
17130.0
17150.0
17170.0
17190.0
17210.0
17210.0
17230.0
17250.0
17270.0
17290.0
17310.0
17320.0
17340.0
17350.0
17370.0
17380.0
17400.0
17420.0
17430.0
17430.0
17450.0
17470.0
17470.0
17490.0
17510.0
17530.0
17550.0
17570.0
17580.0
17600.0
17590.0
17610.0
17630.0
17650.0
17660.0
17650.0
17670.0
17690.0
17700.0
17720.0
17710.0
17730.0
17730.0
17750.0
17770.0
17790.0
17810.0
17830.0
17850.0
17870.0
17860.0
17870.0
17880.0
17900.0
17920.0
17940.0
17960.0
17980.0
18000.0
18000.0
18020.0
18040.0
18050.0
18060.0
18080.0
18100.0
18110.0
18130.0
18150.0
18170.0
18180.0
18200.0
18200.0
18220.0
18230.0
18250.0
18250.0
18270.0
18290.0
18310.0
18330.0
18350.0
18370.0
18390.0
18400.0
18420.0
18420.0
18440.0
18460.0
18470.0
18490.0
18510.0
18530.0
18550.0
18550.0
18550.0
18550.0
18570.0
18560.0
18570.0
18580.0
18600.0
18620.0
18640.0
18660.0
18670.0
