a = 0.8
g = 0.2
e = 0.1
random initial weights = false

-370.0
-950.0
-1110.0
-1470.0
-1580.0
-1590.0
-1590.0
-1730.0
-1830.0
-1910.0
-1970.0
-2000.0
-2020.0
-2010.0
-1990.0
-2070.0
-2060.0
-2070.0
-2190.0
-2220.0
-2250.0
-2240.0
-2230.0
-2250.0
-2230.0
-2220.0
-2230.0
-2220.0
-2200.0
-2180.0
-2160.0
-2140.0
-2120.0
-2100.0
-2080.0
-2060.0
-2040.0
-2020.0
-2000.0
-1980.0
-1960.0
-1940.0
-1920.0
-1900.0
-1880.0
-1860.0
-1840.0
-1820.0
-1800.0
-1790.0
-1770.0
-1750.0
-1730.0
-1710.0
-1690.0
-1670.0
-1650.0
-1630.0
-1610.0
-1590.0
-1580.0
-1560.0
-1560.0
-1540.0
-1520.0
-1500.0
-1480.0
-1460.0
-1440.0
-1420.0
-1400.0
-1380.0
-1360.0
-1340.0
-1320.0
-1300.0
-1280.0
-1260.0
-1250.0
-1230.0
-1210.0
-1190.0
-1170.0
-1150.0
-1140.0
-1120.0
-1100.0
-1080.0
-1060.0
-1040.0
-1020.0
-1010.0
-990.0
-970.0
-950.0
-930.0
-910.0
-900.0
-890.0
-870.0
-850.0
-840.0
-820.0
-800.0
-780.0
-760.0
-740.0
-720.0
-700.0
-690.0
-670.0
-650.0
-630.0
-610.0
-600.0
-580.0
-560.0
-540.0
-520.0
-500.0
-480.0
-460.0
-440.0
-420.0
-400.0
-380.0
-360.0
-360.0
-340.0
-320.0
-300.0
-280.0
-260.0
-240.0
-230.0
-210.0
-200.0
-180.0
-170.0
-170.0
-150.0
-130.0
-110.0
-90.0
-70.0
-50.0
-30.0
-10.0
0.0
10.0
30.0
40.0
60.0
70.0
90.0
110.0
130.0
150.0
170.0
190.0
210.0
230.0
250.0
260.0
270.0
280.0
290.0
300.0
320.0
330.0
350.0
370.0
390.0
410.0
430.0
450.0
470.0
490.0
510.0
530.0
530.0
550.0
570.0
580.0
600.0
620.0
630.0
650.0
670.0
690.0
690.0
710.0
730.0
750.0
770.0
790.0
800.0
810.0
830.0
850.0
870.0
880.0
900.0
920.0
940.0
950.0
970.0
990.0
1010.0
1030.0
1050.0
1070.0
1090.0
1110.0
1130.0
1140.0
1160.0
1180.0
1200.0
1220.0
1240.0
1260.0
1280.0
1300.0
1310.0
1330.0
1330.0
1350.0
1370.0
1390.0
1410.0
1420.0
1440.0
1460.0
1480.0
1500.0
1520.0
1540.0
1560.0
1580.0
1590.0
1610.0
1630.0
1650.0
1670.0
1690.0
1710.0
1730.0
1750.0
1770.0
1790.0
1800.0
1820.0
1840.0
1860.0
1870.0
1890.0
1910.0
1930.0
1950.0
1960.0
1980.0
2000.0
2020.0
2040.0
2060.0
2080.0
2100.0
2120.0
2130.0
2150.0
2170.0
2190.0
2210.0
2220.0
2230.0
2250.0
2270.0
2280.0
2300.0
2310.0
2330.0
2350.0
2370.0
2390.0
2410.0
2420.0
2420.0
2430.0
2450.0
2470.0
2490.0
2510.0
2520.0
2540.0
2560.0
2580.0
2600.0
2610.0
2630.0
2650.0
2660.0
2680.0
2700.0
2720.0
2740.0
2760.0
2780.0
2800.0
2820.0
2840.0
2860.0
2880.0
2900.0
2920.0
2940.0
2960.0
2970.0
2980.0
2990.0
3010.0
3030.0
3050.0
3060.0
3080.0
3100.0
3120.0
3140.0
3160.0
3180.0
3200.0
3220.0
3230.0
3250.0
3270.0
3290.0
3310.0
3320.0
3340.0
3350.0
3370.0
3390.0
3410.0
3430.0
3440.0
3460.0
3480.0
3500.0
3510.0
3530.0
3550.0
3570.0
3590.0
3590.0
3610.0
3630.0
3640.0
3660.0
3680.0
3700.0
3720.0
3740.0
3760.0
3780.0
3800.0
3820.0
3840.0
3860.0
3870.0
3890.0
3910.0
3930.0
3950.0
3970.0
3990.0
4010.0
4030.0
4050.0
4070.0
4090.0
4110.0
4130.0
4150.0
4170.0
4190.0
4210.0
4230.0
4250.0
4250.0
4270.0
4290.0
4310.0
4320.0
4340.0
4350.0
4360.0
4380.0
4400.0
4420.0
4440.0
4460.0
4470.0
4490.0
4500.0
4510.0
4530.0
4540.0
4550.0
4570.0
4590.0
4610.0
4620.0
4640.0
4660.0
4680.0
4700.0
4710.0
4730.0
4750.0
4760.0
4770.0
4790.0
4810.0
4820.0
4840.0
4860.0
4880.0
4900.0
4920.0
4940.0
4960.0
4980.0
5000.0
5020.0
5040.0
5060.0
5080.0
5090.0
5110.0
5130.0
5150.0
5170.0
5190.0
5210.0
5230.0
5250.0
5260.0
5280.0
5300.0
5320.0
5340.0
5360.0
5370.0
5390.0
5400.0
5410.0
5430.0
5450.0
5460.0
5480.0
5500.0
5520.0
5530.0
5550.0
5570.0
5590.0
5610.0
5630.0
5630.0
5650.0
5660.0
5680.0
5700.0
5720.0
5730.0
5740.0
5760.0
5780.0
5790.0
5810.0
5830.0
5850.0
5870.0
5880.0
5900.0
5920.0
5940.0
5960.0
5980.0
6000.0
6020.0
6040.0
6060.0
6080.0
6100.0
6120.0
6140.0
6160.0
6180.0
6200.0
6220.0
6240.0
6260.0
6280.0
6300.0
6320.0
6340.0
6360.0
6370.0
6390.0
6410.0
6420.0
6440.0
6460.0
6480.0
6500.0
6520.0
6540.0
6550.0
6570.0
6590.0
6610.0
6630.0
6650.0
6670.0
6690.0
6710.0
6730.0
6750.0
6770.0
6780.0
6800.0
6820.0
6840.0
6860.0
6880.0
6900.0
6910.0
6930.0
6950.0
6970.0
6990.0
7000.0
7020.0
7040.0
7060.0
7080.0
7100.0
7120.0
7140.0
7140.0
7160.0
7170.0
7190.0
7210.0
7220.0
7240.0
7260.0
7280.0
7300.0
7310.0
7330.0
7350.0
7370.0
7390.0
7410.0
7420.0
7440.0
7460.0
7480.0
7500.0
7520.0
7540.0
7550.0
7560.0
7580.0
7590.0
7610.0
7620.0
7640.0
7660.0
7680.0
7700.0
7720.0
7730.0
7750.0
7770.0
7790.0
7810.0
7820.0
7830.0
7850.0
7870.0
7890.0
7910.0
7930.0
7950.0
7970.0
7980.0
7990.0
8010.0
8030.0
8050.0
8070.0
8090.0
8110.0
8130.0
8150.0
8170.0
8190.0
8210.0
8230.0
8250.0
8270.0
8280.0
8290.0
8310.0
8330.0
8340.0
8360.0
8380.0
8390.0
8410.0
8420.0
8440.0
8460.0
8480.0
8500.0
8520.0
8540.0
8550.0
8570.0
8590.0
8610.0
8620.0
8640.0
8660.0
8680.0
8700.0
8710.0
8730.0
8750.0
8770.0
8780.0
8790.0
8810.0
8820.0
8840.0
8860.0
8880.0
8900.0
8920.0
8940.0
8960.0
8980.0
9000.0
9010.0
9020.0
9040.0
9060.0
9070.0
9090.0
9110.0
9130.0
9140.0
9160.0
9170.0
9190.0
9210.0
9230.0
9240.0
9260.0
9270.0
9260.0
9280.0
9300.0
9320.0
9340.0
9350.0
9360.0
9380.0
9400.0
9420.0
9440.0
9450.0
9470.0
9490.0
9510.0
9530.0
9550.0
9570.0
9590.0
9610.0
9630.0
9650.0
9670.0
9690.0
9710.0
9730.0
9750.0
9770.0
9790.0
9810.0
9820.0
9840.0
9850.0
9870.0
9890.0
9910.0
9930.0
9950.0
9970.0
9990.0
10000.0
10020.0
10040.0
10060.0
10080.0
10100.0
10120.0
10130.0
10150.0
10170.0
10190.0
10210.0
10230.0
10250.0
10270.0
10290.0
10300.0
10320.0
10340.0
10360.0
10380.0
10400.0
10420.0
10440.0
10450.0
10470.0
10490.0
10510.0
10530.0
10550.0
10570.0
10590.0
10610.0
10630.0
10650.0
10670.0
10690.0
10710.0
10730.0
10750.0
10770.0
10790.0
10800.0
10820.0
10840.0
10860.0
10870.0
10890.0
10910.0
10920.0
10940.0
10960.0
10980.0
10990.0
11000.0
11020.0
11040.0
11060.0
11080.0
11100.0
11120.0
11140.0
11160.0
11180.0
11200.0
11210.0
11230.0
11240.0
11260.0
11280.0
11280.0
11290.0
11310.0
11330.0
11350.0
11370.0
11380.0
11400.0
11420.0
11440.0
11450.0
11470.0
11490.0
11510.0
11520.0
11540.0
11560.0
11570.0
11590.0
11610.0
11630.0
11650.0
11660.0
11670.0
11690.0
11710.0
11720.0
11740.0
11760.0
11780.0
11800.0
11820.0
11820.0
11840.0
11860.0
11880.0
11900.0
11920.0
11940.0
11960.0
11980.0
12000.0
12020.0
12040.0
12060.0
12080.0
12100.0
12120.0
12140.0
12160.0
12180.0
12200.0
12220.0
12240.0
12260.0
12280.0
12290.0
12310.0
12330.0
12350.0
12370.0
12380.0
12400.0
12420.0
12430.0
12450.0
12470.0
12490.0
12500.0
12520.0
12540.0
12560.0
12580.0
12600.0
12620.0
12640.0
12660.0
12680.0
12700.0
12720.0
12710.0
12730.0
12750.0
12760.0
12780.0
12800.0
12820.0
12840.0
12860.0
12880.0
12900.0
12910.0
12930.0
12950.0
12970.0
12990.0
13010.0
13030.0
13050.0
13070.0
13090.0
13110.0
13130.0
13150.0
13170.0
13190.0
13210.0
13230.0
13250.0
13270.0
13290.0
13310.0
13330.0
13350.0
13370.0
13390.0
13410.0
13430.0
13450.0
13470.0
13490.0
13510.0
13530.0
13550.0
13570.0
13570.0
13590.0
13610.0
13630.0
13650.0
13670.0
13690.0
13710.0
13730.0
13750.0
13770.0
13790.0
13800.0
13820.0
13840.0
13860.0
13880.0
13890.0
13910.0
13930.0
13950.0
13970.0
13990.0
14010.0
14030.0
14050.0
14070.0
14080.0
14100.0
14120.0
14130.0
14150.0
14170.0
14190.0
14210.0
14230.0
14250.0
14270.0
14280.0
14300.0
14320.0
14340.0
14360.0
14380.0
14390.0
14410.0
14430.0
14450.0
14470.0
14490.0
14510.0
14530.0
14550.0
14570.0
14590.0
14580.0
14600.0
14610.0
14630.0
14650.0
14670.0
14680.0
14700.0
14720.0
14740.0
14760.0
14780.0
14800.0
14810.0
14830.0
14850.0
14870.0
14860.0
14880.0
14900.0
14920.0
14940.0
14960.0
14980.0
15000.0
15020.0
15040.0
15060.0
15080.0
15100.0
15120.0
15130.0
15150.0
15170.0
15190.0
15210.0
15220.0
15240.0
15260.0
15280.0
15300.0
15320.0
15320.0
15340.0
15360.0
15380.0
15400.0
15410.0
15430.0
15450.0
15460.0
15480.0
15490.0
15510.0
15530.0
15540.0
15560.0
15580.0
15600.0
15610.0
15630.0
15650.0
15670.0
15680.0
15700.0
15720.0
15730.0
15750.0
15770.0
15790.0
15810.0
15830.0
15840.0
15860.0
15870.0
15890.0
15910.0
15930.0
15950.0
15960.0
15970.0
15990.0
15990.0
16010.0
16030.0
16050.0
16070.0
16080.0
16100.0
16120.0
16120.0
16140.0
16150.0
16170.0
16180.0
16190.0
16210.0
16230.0
16250.0
16270.0
16280.0
16300.0
16320.0
16340.0
16350.0
16370.0
16390.0
16400.0
16410.0
16430.0
16450.0
16470.0
16490.0
16500.0
16520.0
16540.0
16560.0
16580.0
16600.0
16610.0
16630.0
16650.0
16670.0
16690.0
16710.0
16730.0
16750.0
16770.0
16770.0
16790.0
16810.0
16830.0
16850.0
16860.0
16880.0
16900.0
16920.0
16940.0
16960.0
16980.0
17000.0
17020.0
17030.0
17050.0
17070.0
17070.0
17090.0
17110.0
17130.0
17150.0
17170.0
17190.0
17210.0
17230.0
17250.0
17270.0
17290.0
17310.0
17330.0
17350.0
17370.0
17370.0
17390.0
17410.0
17430.0
17450.0
17470.0
17490.0
17510.0
17530.0
17550.0
17570.0
17580.0
17600.0
17620.0
17640.0
17660.0
17670.0
17690.0
17710.0
17730.0
17750.0
17760.0
17780.0
17800.0
17820.0
17840.0
17860.0
17880.0
17900.0
17920.0
17940.0
17960.0
17980.0
17990.0
18000.0
18020.0
18040.0
18050.0
18070.0
18090.0
18110.0
18130.0
18150.0
18170.0
18190.0
18210.0
18220.0
18240.0
18250.0
18270.0
18270.0
18290.0
18310.0
18330.0
18350.0
18370.0
18390.0
18410.0
18430.0
18440.0
18450.0
18460.0
18480.0
18500.0
18520.0
18530.0
18540.0
18560.0
18580.0
18600.0
18620.0
18640.0
18660.0
18680.0
18700.0
18710.0
18730.0
18750.0
18770.0
18790.0
18810.0
18820.0
18830.0
18850.0
18870.0
18890.0
18910.0
18930.0
18950.0
18970.0
18990.0
19010.0
19020.0
19040.0
19060.0
19080.0
19090.0
19100.0
19120.0
19140.0
19150.0
19170.0
19190.0
19210.0
19230.0
19250.0
19270.0
19290.0
19310.0
19310.0
19330.0
19350.0
19370.0
19390.0
19410.0
19430.0
19450.0
19470.0
19480.0
19490.0
19500.0
19520.0
19520.0
19540.0
19560.0
19580.0
19600.0
19620.0
19640.0
19650.0
19670.0
19690.0
19700.0
19720.0
19740.0
19750.0
19770.0
19790.0
19810.0
19830.0
19850.0
19870.0
19890.0
19910.0
19930.0
19950.0
19970.0
19990.0
20010.0
20030.0
20040.0
20060.0
20080.0
20100.0
20110.0
20120.0
20140.0
20160.0
20180.0
20200.0
20220.0
20240.0
20260.0
20280.0
20300.0
20320.0
20340.0
20360.0
20380.0
20400.0
20420.0
20440.0
20460.0
20480.0
20490.0
20510.0
20530.0
20550.0
20570.0
20590.0
20600.0
20620.0
20640.0
20660.0
20680.0
20700.0
20720.0
20740.0
20760.0
20780.0
20800.0
20810.0
20830.0
20840.0
20860.0
20880.0
20890.0
20910.0
20920.0
20940.0
20930.0
20940.0
20960.0
20980.0
21000.0
21020.0
21040.0
21060.0
21070.0
21090.0
21110.0
21120.0
21140.0
21160.0
21170.0
21180.0
21200.0
21220.0
21240.0
21260.0
21270.0
21290.0
21310.0
21330.0
21350.0
21370.0
21390.0
21410.0
21430.0
21440.0
21450.0
21470.0
21490.0
21510.0
21530.0
21550.0
21570.0
21580.0
21600.0
21620.0
21640.0
21660.0
21680.0
21700.0
21720.0
21740.0
21760.0
21780.0
21800.0
21820.0
21840.0
21860.0
21880.0
21900.0
21920.0
21940.0
21960.0
21980.0
22000.0
22020.0
22040.0
22050.0
22060.0
22080.0
22100.0
22120.0
22140.0
22150.0
22170.0
22190.0
22210.0
22230.0
22250.0
22270.0
22290.0
22310.0
22330.0
22350.0
22370.0
22390.0
22410.0
22430.0
22450.0
22470.0
22470.0
22490.0
22510.0
22530.0
22540.0
22560.0
22570.0
22590.0
22610.0
22630.0
22650.0
22670.0
22690.0
22700.0
22720.0
22740.0
22750.0
22770.0
22790.0
22810.0
22830.0
22850.0
22860.0
22880.0
22890.0
22910.0
22920.0
22940.0
22950.0
22970.0
22990.0
23010.0
23020.0
23040.0
23060.0
23070.0
23070.0
23090.0
23110.0
23130.0
23150.0
23170.0
23190.0
23210.0
23230.0
23240.0
23260.0
23280.0
23290.0
23310.0
23330.0
23350.0
23370.0
23390.0
23410.0
23420.0
23440.0
23460.0
23480.0
23500.0
23520.0
23540.0
23560.0
23580.0
23600.0
23620.0
23640.0
23660.0
23680.0
23700.0
23710.0
23730.0
23750.0
23770.0
23790.0
23810.0
23830.0
23850.0
23870.0
23890.0
23910.0
23920.0
23930.0
23950.0
23970.0
23980.0
24000.0
24020.0
24040.0
24060.0
24080.0
24090.0
