a = 0.8
g = 0.8
e = 0.5
random initial weights = false

-900.0
-1030.0
-1180.0
-1490.0
-1530.0
-1850.0
-1950.0
-2130.0
-2200.0
-2270.0
-2370.0
-2400.0
-2470.0
-2460.0
-2470.0
-2450.0
-2490.0
-2540.0
-2550.0
-2570.0
-2610.0
-2590.0
-2590.0
-2600.0
-2580.0
-2620.0
-2660.0
-2650.0
-2630.0
-2620.0
-2620.0
-2620.0
-2630.0
-2660.0
-2650.0
-2660.0
-2690.0
-2710.0
-2730.0
-2770.0
-2790.0
-2790.0
-2790.0
-2810.0
-2800.0
-2790.0
-2800.0
-2820.0
-2830.0
-2820.0
-2830.0
-2830.0
-2840.0
-2840.0
-2870.0
-2910.0
-2910.0
-2890.0
-2890.0
-2900.0
-2910.0
-2900.0
-2900.0
-2890.0
-2890.0
-2870.0
-2900.0
-2880.0
-2880.0
-2900.0
-2880.0
-2870.0
-2860.0
-2850.0
-2870.0
-2860.0
-2890.0
-2920.0
-2940.0
-2930.0
-2920.0
-2910.0
-2890.0
-2930.0
-2920.0
-2940.0
-2940.0
-2940.0
-2960.0
-2990.0
-3000.0
-3000.0
-2990.0
-2980.0
-3000.0
-3000.0
-3010.0
-2990.0
-2970.0
-3060.0
-3080.0
-3080.0
-3090.0
-3090.0
-3090.0
-3070.0
-3070.0
-3070.0
-3060.0
-3070.0
-3050.0
-3070.0
-3060.0
-3070.0
-3110.0
-3100.0
-3110.0
-3110.0
-3110.0
-3100.0
-3090.0
-3120.0
-3180.0
-3160.0
-3150.0
-3130.0
-3140.0
-3150.0
-3150.0
-3140.0
-3150.0
-3160.0
-3160.0
-3150.0
-3170.0
-3150.0
-3160.0
-3230.0
-3210.0
-3280.0
-3270.0
-3260.0
-3250.0
-3230.0
-3300.0
-3300.0
-3310.0
-3340.0
-3340.0
-3360.0
-3370.0
-3350.0
-3370.0
-3370.0
-3380.0
-3370.0
-3360.0
-3350.0
-3390.0
-3380.0
-3380.0
-3360.0
-3340.0
-3330.0
-3370.0
-3370.0
-3370.0
-3360.0
-3370.0
-3380.0
-3380.0
-3390.0
-3370.0
-3390.0
-3430.0
-3410.0
-3400.0
-3400.0
-3390.0
-3390.0
-3370.0
-3370.0
-3370.0
-3350.0
-3360.0
-3350.0
-3360.0
-3380.0
-3390.0
-3370.0
-3380.0
-3370.0
-3360.0
-3340.0
-3350.0
-3340.0
-3340.0
-3380.0
-3360.0
-3350.0
-3350.0
-3330.0
-3360.0
-3420.0
-3470.0
-3450.0
-3430.0
-3410.0
-3420.0
-3440.0
-3420.0
-3410.0
-3400.0
-3410.0
-3390.0
-3380.0
-3360.0
-3370.0
-3370.0
-3390.0
-3390.0
-3450.0
-3450.0
-3460.0
-3450.0
-3440.0
-3460.0
-3450.0
-3450.0
-3480.0
-3470.0
-3480.0
-3490.0
-3490.0
-3520.0
-3560.0
-3540.0
-3570.0
-3560.0
-3560.0
-3550.0
-3540.0
-3570.0
-3590.0
-3610.0
-3620.0
-3650.0
-3680.0
-3700.0
-3750.0
-3750.0
-3790.0
-3810.0
-3840.0
-3840.0
-3820.0
-3860.0
-3860.0
-3880.0
-3900.0
-3890.0
-3880.0
-3890.0
-3890.0
-3900.0
-3910.0
-3890.0
-3930.0
-3940.0
-3940.0
-3950.0
-3960.0
-3960.0
-4030.0
-4040.0
-4030.0
-4030.0
-4060.0
-4050.0
-4030.0
-4030.0
-4020.0
-4020.0
-4020.0
-4030.0
-4020.0
-4030.0
-4020.0
-4030.0
-4040.0
-4100.0
-4120.0
-4120.0
-4120.0
-4150.0
-4150.0
-4180.0
-4200.0
-4200.0
-4230.0
-4220.0
-4270.0
-4280.0
-4280.0
-4270.0
-4270.0
-4290.0
-4280.0
-4280.0
-4310.0
-4400.0
-4420.0
-4430.0
-4410.0
-4400.0
-4450.0
-4440.0
-4440.0
-4420.0
-4430.0
-4470.0
-4480.0
-4470.0
-4480.0
-4460.0
-4490.0
-4490.0
-4490.0
-4500.0
-4500.0
-4540.0
-4530.0
-4560.0
-4560.0
-4570.0
-4630.0
-4630.0
-4690.0
-4670.0
-4670.0
-4660.0
-4650.0
-4630.0
-4610.0
-4600.0
-4670.0
-4660.0
-4650.0
-4700.0
-4680.0
-4670.0
-4660.0
-4650.0
-4640.0
-4650.0
-4680.0
-4670.0
-4670.0
-4650.0
-4640.0
-4630.0
-4620.0
-4630.0
-4630.0
-4630.0
-4630.0
-4620.0
-4650.0
-4630.0
-4610.0
-4650.0
-4650.0
-4650.0
-4640.0
-4650.0
-4640.0
-4650.0
-4660.0
-4650.0
-4660.0
-4660.0
-4680.0
-4690.0
-4670.0
-4670.0
-4690.0
-4710.0
-4700.0
-4720.0
-4710.0
-4740.0
-4730.0
-4760.0
-4770.0
-4780.0
-4770.0
-4790.0
-4860.0
-4870.0
-4860.0
-4850.0
-4850.0
-4840.0
-4860.0
-4840.0
-4860.0
-4840.0
-4820.0
-4800.0
-4790.0
-4810.0
-4790.0
-4790.0
-4780.0
-4780.0
-4770.0
-4750.0
-4730.0
-4770.0
-4750.0
-4780.0
-4770.0
-4750.0
-4730.0
-4720.0
-4720.0
-4730.0
-4730.0
-4710.0
-4720.0
-4710.0
-4700.0
-4680.0
-4660.0
-4680.0
-4680.0
-4680.0
-4680.0
-4660.0
-4690.0
-4680.0
-4670.0
-4670.0
-4710.0
-4720.0
-4700.0
-4730.0
-4740.0
-4750.0
-4760.0
-4760.0
-4810.0
-4800.0
-4780.0
-4800.0
-4780.0
-4760.0
-4740.0
-4730.0
-4740.0
-4740.0
-4810.0
-4830.0
-4830.0
-4830.0
-4850.0
-4850.0
-4870.0
-4880.0
-4860.0
-4870.0
-4870.0
-4870.0
-4880.0
-4880.0
-4890.0
-4890.0
-4900.0
-4900.0
-4930.0
-4920.0
-4920.0
-4930.0
-4960.0
-4960.0
-4950.0
-4960.0
-4980.0
-4980.0
-5010.0
-5060.0
-5040.0
-5050.0
-5030.0
-5050.0
-5060.0
-5070.0
-5070.0
-5070.0
-5050.0
-5040.0
-5070.0
-5050.0
-5030.0
-5090.0
-5110.0
-5110.0
-5110.0
-5120.0
-5110.0
-5120.0
-5160.0
-5180.0
-5190.0
-5180.0
-5170.0
-5160.0
-5180.0
-5180.0
-5170.0
-5170.0
-5150.0
-5170.0
-5170.0
-5170.0
-5190.0
-5170.0
-5170.0
-5160.0
-5210.0
-5210.0
-5230.0
-5210.0
-5200.0
-5230.0
-5210.0
-5230.0
-5230.0
-5270.0
-5250.0
-5240.0
-5270.0
-5350.0
-5370.0
-5350.0
-5330.0
-5330.0
-5310.0
-5330.0
-5320.0
-5300.0
-5310.0
-5330.0
-5330.0
-5320.0
-5320.0
-5340.0
-5340.0
-5330.0
-5330.0
-5340.0
-5320.0
-5320.0
-5310.0
-5320.0
-5310.0
-5310.0
-5310.0
-5310.0
-5340.0
-5360.0
-5340.0
-5400.0
-5420.0
-5460.0
-5480.0
-5470.0
-5480.0
-5500.0
-5530.0
-5520.0
-5500.0
-5510.0
-5540.0
-5580.0
-5590.0
-5590.0
-5610.0
-5590.0
-5570.0
-5580.0
-5600.0
-5590.0
-5570.0
-5560.0
-5550.0
-5580.0
-5590.0
-5610.0
-5600.0
-5600.0
-5610.0
-5600.0
-5580.0
-5600.0
-5590.0
-5610.0
-5630.0
-5630.0
-5650.0
-5650.0
-5670.0
-5660.0
-5670.0
-5670.0
-5650.0
-5670.0
-5680.0
-5670.0
-5670.0
-5660.0
-5700.0
-5700.0
-5680.0
-5690.0
-5700.0
-5730.0
-5730.0
-5740.0
-5800.0
-5810.0
-5850.0
-5870.0
-5900.0
-5910.0
-5900.0
-5910.0
-5920.0
-5910.0
-5890.0
-5950.0
-5980.0
-5970.0
-5970.0
-5990.0
-5980.0
-6010.0
-6020.0
-6020.0
-6030.0
-6040.0
-6020.0
-6020.0
-6000.0
-6020.0
-6000.0
-6010.0
-6020.0
-6020.0
-6020.0
-6040.0
-6070.0
-6090.0
-6080.0
-6130.0
-6150.0
-6140.0
-6130.0
-6130.0
-6150.0
-6150.0
-6140.0
-6140.0
-6160.0
-6160.0
-6180.0
-6210.0
-6210.0
-6240.0
-6240.0
-6260.0
-6240.0
-6240.0
-6220.0
-6200.0
-6210.0
-6250.0
-6250.0
-6260.0
-6270.0
-6280.0
-6280.0
-6260.0
-6280.0
-6280.0
-6270.0
-6260.0
-6270.0
-6260.0
-6260.0
-6260.0
-6240.0
-6260.0
-6250.0
-6250.0
-6330.0
-6310.0
-6290.0
-6280.0
-6260.0
-6270.0
-6290.0
-6280.0
-6280.0
-6290.0
-6320.0
-6310.0
-6340.0
-6360.0
-6360.0
-6360.0
-6370.0
-6410.0
-6400.0
-6390.0
-6380.0
-6380.0
-6370.0
-6360.0
-6380.0
-6420.0
-6410.0
-6410.0
-6410.0
-6420.0
-6420.0
-6430.0
-6440.0
-6450.0
-6440.0
-6430.0
-6490.0
-6520.0
-6510.0
-6500.0
-6520.0
-6500.0
-6510.0
-6500.0
-6490.0
-6480.0
-6470.0
-6450.0
-6460.0
-6480.0
-6480.0
-6490.0
-6500.0
-6480.0
-6500.0
-6490.0
-6480.0
-6470.0
-6470.0
-6470.0
-6470.0
-6450.0
-6440.0
-6440.0
-6480.0
-6480.0
-6490.0
-6480.0
-6480.0
-6510.0
-6560.0
-6540.0
-6530.0
-6530.0
-6520.0
-6510.0
-6530.0
-6510.0
-6510.0
-6500.0
-6490.0
-6480.0
-6460.0
-6470.0
-6450.0
-6470.0
-6460.0
-6460.0
-6450.0
-6440.0
-6460.0
-6440.0
-6420.0
-6410.0
-6440.0
-6430.0
-6410.0
-6400.0
-6390.0
-6390.0
-6380.0
-6360.0
-6380.0
-6400.0
-6420.0
-6420.0
-6420.0
-6410.0
-6420.0
-6400.0
-6420.0
-6420.0
-6430.0
-6430.0
-6450.0
-6470.0
-6480.0
-6480.0
-6470.0
-6500.0
-6500.0
-6510.0
-6560.0
-6540.0
-6520.0
-6540.0
-6580.0
-6620.0
-6600.0
-6610.0
-6620.0
-6600.0
-6650.0
-6670.0
-6670.0
-6690.0
-6740.0
-6740.0
-6760.0
-6770.0
-6760.0
-6760.0
-6750.0
-6750.0
-6760.0
-6750.0
-6740.0
-6740.0
-6750.0
-6790.0
-6790.0
-6780.0
-6770.0
-6760.0
-6770.0
-6770.0
-6840.0
-6890.0
-6890.0
-6900.0
-6880.0
-6870.0
-6890.0
-6870.0
-6860.0
-6850.0
-6880.0
-6900.0
-6900.0
-6890.0
-6900.0
-6900.0
-6910.0
-6910.0
-6890.0
-6920.0
-6920.0
-6960.0
-6970.0
-6990.0
-6980.0
-6990.0
-6970.0
-6980.0
-7000.0
-7000.0
-7000.0
-6990.0
-6980.0
-6990.0
-6980.0
-6980.0
-6970.0
-6980.0
-7010.0
-7020.0
-7040.0
-7070.0
-7090.0
-7090.0
-7090.0
-7080.0
-7160.0
-7170.0
-7200.0
-7210.0
-7200.0
-7200.0
-7240.0
-7220.0
-7200.0
-7200.0
-7200.0
-7230.0
-7260.0
-7260.0
-7240.0
-7260.0
-7290.0
-7280.0
-7270.0
-7340.0
-7350.0
-7360.0
-7350.0
-7410.0
-7400.0
-7390.0
-7380.0
-7400.0
-7390.0
-7390.0
-7380.0
-7370.0
-7370.0
-7360.0
-7360.0
-7380.0
-7370.0
-7360.0
-7350.0
-7370.0
-7360.0
-7380.0
-7410.0
-7400.0
-7470.0
-7480.0
-7480.0
-7470.0
-7500.0
-7500.0
-7480.0
-7490.0
-7500.0
-7490.0
-7470.0
-7480.0
-7520.0
-7510.0
-7510.0
-7500.0
-7500.0
-7530.0
-7530.0
-7520.0
-7520.0
-7520.0
-7560.0
-7580.0
-7570.0
-7570.0
-7570.0
-7570.0
-7580.0
-7570.0
-7570.0
-7570.0
-7550.0
-7530.0
-7520.0
-7580.0
-7610.0
-7620.0
-7610.0
-7610.0
-7640.0
-7640.0
-7650.0
-7640.0
-7670.0
-7660.0
-7650.0
-7630.0
-7620.0
-7600.0
-7620.0
-7620.0
-7650.0
-7630.0
-7610.0
-7650.0
-7640.0
-7660.0
-7670.0
-7690.0
-7670.0
-7680.0
-7690.0
-7720.0
-7710.0
-7700.0
-7710.0
-7710.0
-7730.0
-7750.0
-7770.0
-7770.0
-7760.0
-7750.0
-7770.0
-7760.0
-7790.0
-7800.0
-7790.0
-7800.0
-7790.0
-7830.0
-7840.0
-7830.0
-7840.0
-7840.0
-7870.0
-7880.0
-7860.0
-7890.0
-7890.0
-7890.0
-7900.0
-7920.0
-7900.0
-7980.0
-7970.0
-7970.0
-7970.0
-8000.0
-7990.0
-7980.0
-8010.0
-8020.0
-8000.0
-8000.0
-8030.0
-8080.0
-8060.0
-8050.0
-8050.0
-8040.0
-8050.0
-8030.0
-8080.0
-8080.0
-8060.0
-8060.0
-8050.0
-8080.0
-8080.0
-8070.0
-8080.0
-8070.0
-8060.0
-8060.0
-8040.0
-8050.0
-8070.0
-8080.0
-8080.0
-8110.0
-8090.0
-8070.0
-8090.0
-8100.0
-8080.0
-8070.0
-8060.0
-8050.0
-8040.0
-8040.0
-8060.0
-8070.0
-8120.0
-8110.0
-8090.0
-8070.0
-8070.0
-8080.0
-8100.0
-8180.0
-8180.0
-8220.0
-8250.0
-8250.0
-8270.0
-8340.0
-8340.0
-8340.0
-8330.0
-8340.0
-8350.0
-8330.0
-8340.0
-8350.0
-8360.0
-8360.0
-8360.0
-8400.0
-8410.0
-8400.0
-8480.0
-8490.0
-8470.0
-8450.0
-8500.0
-8510.0
-8510.0
-8490.0
-8510.0
-8510.0
-8510.0
-8520.0
-8520.0
-8530.0
-8520.0
-8520.0
-8540.0
-8520.0
-8560.0
-8560.0
-8540.0
-8520.0
-8500.0
-8510.0
-8490.0
-8530.0
-8520.0
-8530.0
-8520.0
-8530.0
-8530.0
-8530.0
-8580.0
-8600.0
-8590.0
-8600.0
-8610.0
-8590.0
-8620.0
-8650.0
-8650.0
-8640.0
-8650.0
-8670.0
-8650.0
-8640.0
-8640.0
-8630.0
-8620.0
-8640.0
-8620.0
-8620.0
-8670.0
-8700.0
-8770.0
-8780.0
-8830.0
-8810.0
-8830.0
-8860.0
-8840.0
-8850.0
-8860.0
-8890.0
-8880.0
-8890.0
-8890.0
-8890.0
-8900.0
-8900.0
-8900.0
-8880.0
-8860.0
-8840.0
-8840.0
-8870.0
-8860.0
-8840.0
-8840.0
-8830.0
-8830.0
-8850.0
-8850.0
-8840.0
-8880.0
-8860.0
-8870.0
-8890.0
-8910.0
-8900.0
-8890.0
-8880.0
-8860.0
-8850.0
-8830.0
-8850.0
-8840.0
-8850.0
-8850.0
-8840.0
-8860.0
-8880.0
-8880.0
-8880.0
-8860.0
-8870.0
-8880.0
-8870.0
-8860.0
-8870.0
-8870.0
-8860.0
-8860.0
-8900.0
-8910.0
-8950.0
-8960.0
-8950.0
-8990.0
-9000.0
-9050.0
-9050.0
-9070.0
-9080.0
-9130.0
-9140.0
-9120.0
-9100.0
-9130.0
-9140.0
-9150.0
-9170.0
-9170.0
-9190.0
-9180.0
-9170.0
-9180.0
-9190.0
-9190.0
-9220.0
-9240.0
-9230.0
-9250.0
-9240.0
-9270.0
-9320.0
-9300.0
-9300.0
-9320.0
-9390.0
-9410.0
-9440.0
-9440.0
-9520.0
-9510.0
-9500.0
-9480.0
-9460.0
-9450.0
-9440.0
-9450.0
-9440.0
-9470.0
-9470.0
-9470.0
-9500.0
-9490.0
-9500.0
-9520.0
-9530.0
-9520.0
-9510.0
-9500.0
-9500.0
-9500.0
-9510.0
-9510.0
-9550.0
-9550.0
-9550.0
-9570.0
-9570.0
-9570.0
-9630.0
-9610.0
-9610.0
-9600.0
-9610.0
-9620.0
-9650.0
-9680.0
-9730.0
-9710.0
-9750.0
-9830.0
-9820.0
-9850.0
-9860.0
-9880.0
-9860.0
-9870.0
-9870.0
-9850.0
-9850.0
-9830.0
-9840.0
-9830.0
-9810.0
-9800.0
-9800.0
-9790.0
-9800.0
-9800.0
-9840.0
-9840.0
-9830.0
-9850.0
-9890.0
-9920.0
-9910.0
-9890.0
-9890.0
-9950.0
-9950.0
-9990.0
-9980.0
-9990.0
-10040.0
-10080.0
-10090.0
-10100.0
-10160.0
-10170.0
-10210.0
-10220.0
-10230.0
-10210.0
-10200.0
-10190.0
-10180.0
-10160.0
-10140.0
-10130.0
-10140.0
-10140.0
-10170.0
-10160.0
-10140.0
-10150.0
-10130.0
-10130.0
-10120.0
-10100.0
-10080.0
-10070.0
-10050.0
-10090.0
-10100.0
-10080.0
-10120.0
-10170.0
-10170.0
-10150.0
-10150.0
-10170.0
-10160.0
-10180.0
-10170.0
-10180.0
-10170.0
-10160.0
-10170.0
-10220.0
-10240.0
-10220.0
-10200.0
-10190.0
-10200.0
-10220.0
-10220.0
-10210.0
-10200.0
-10180.0
-10160.0
-10220.0
-10220.0
-10220.0
-10260.0
-10250.0
-10270.0
-10290.0
-10280.0
-10270.0
-10280.0
-10270.0
-10250.0
-10240.0
-10230.0
-10230.0
-10230.0
-10230.0
-10240.0
-10240.0
-10250.0
-10230.0
-10220.0
-10200.0
-10190.0
-10180.0
-10160.0
-10160.0
-10180.0
-10190.0
-10200.0
-10190.0
-10200.0
-10180.0
-10180.0
-10240.0
-10240.0
-10240.0
-10270.0
-10290.0
-10290.0
-10290.0
-10280.0
-10280.0
-10270.0
-10290.0
-10290.0
-10320.0
-10310.0
-10290.0
-10290.0
-10290.0
-10290.0
-10290.0
-10280.0
-10270.0
-10300.0
-10300.0
-10300.0
-10340.0
-10320.0
-10430.0
-10440.0
-10430.0
-10490.0
-10490.0
-10490.0
-10500.0
-10490.0
-10510.0
-10520.0
-10520.0
-10520.0
-10530.0
-10510.0
-10520.0
-10550.0
-10610.0
-10630.0
-10650.0
-10630.0
-10640.0
-10650.0
-10630.0
-10640.0
-10670.0
-10670.0
-10680.0
-10660.0
-10660.0
-10650.0
-10650.0
-10630.0
-10620.0
