a = 0.5
g = 0.5
e = 0.1
random initial weights = false

-480.0
-520.0
-520.0
-590.0
-580.0
-590.0
-580.0
-580.0
-600.0
-580.0
-560.0
-550.0
-530.0
-510.0
-500.0
-480.0
-460.0
-440.0
-430.0
-410.0
-390.0
-370.0
-350.0
-330.0
-310.0
-290.0
-270.0
-250.0
-230.0
-220.0
-200.0
-190.0
-170.0
-150.0
-130.0
-120.0
-110.0
-90.0
-80.0
-60.0
-40.0
-20.0
-10.0
10.0
20.0
40.0
60.0
80.0
100.0
110.0
130.0
150.0
170.0
180.0
190.0
210.0
230.0
250.0
260.0
280.0
290.0
310.0
330.0
350.0
370.0
390.0
410.0
420.0
420.0
440.0
460.0
470.0
480.0
490.0
510.0
530.0
540.0
560.0
580.0
600.0
620.0
640.0
660.0
680.0
700.0
720.0
740.0
760.0
780.0
780.0
790.0
810.0
830.0
840.0
860.0
880.0
900.0
910.0
930.0
950.0
970.0
960.0
980.0
1000.0
1020.0
1040.0
1040.0
1060.0
1080.0
1090.0
1100.0
1120.0
1130.0
1150.0
1170.0
1190.0
1210.0
1230.0
1250.0
1270.0
1290.0
1310.0
1330.0
1350.0
1350.0
1370.0
1390.0
1410.0
1430.0
1440.0
1460.0
1480.0
1500.0
1520.0
1540.0
1560.0
1580.0
1600.0
1620.0
1640.0
1660.0
1680.0
1700.0
1720.0
1730.0
1750.0
1760.0
1780.0
1800.0
1820.0
1840.0
1820.0
1830.0
1850.0
1870.0
1890.0
1910.0
1920.0
1940.0
1960.0
1980.0
1990.0
2010.0
2020.0
2040.0
2060.0
2080.0
2100.0
2120.0
2140.0
2150.0
2170.0
2190.0
2210.0
2230.0
2250.0
2270.0
2290.0
2310.0
2330.0
2340.0
2360.0
2380.0
2400.0
2420.0
2440.0
2450.0
2450.0
2470.0
2480.0
2500.0
2510.0
2530.0
2550.0
2570.0
2590.0
2580.0
2600.0
2620.0
2640.0
2660.0
2670.0
2690.0
2710.0
2730.0
2750.0
2770.0
2790.0
2810.0
2830.0
2850.0
2870.0
2890.0
2910.0
2930.0
2950.0
2960.0
2970.0
2990.0
3000.0
3020.0
3040.0
3060.0
3080.0
3100.0
3120.0
3140.0
3160.0
3180.0
3190.0
3210.0
3230.0
3230.0
3240.0
3260.0
3280.0
3300.0
3320.0
3340.0
3360.0
3380.0
3400.0
3410.0
3420.0
3430.0
3440.0
3460.0
3480.0
3500.0
3520.0
3540.0
3560.0
3580.0
3600.0
3620.0
3640.0
3650.0
3670.0
3690.0
3710.0
3720.0
3740.0
3750.0
3770.0
3790.0
3810.0
3830.0
3850.0
3870.0
3890.0
3900.0
3920.0
3930.0
3950.0
3970.0
3990.0
4000.0
4020.0
4040.0
4060.0
4080.0
4100.0
4120.0
4140.0
4160.0
4160.0
4180.0
4190.0
4210.0
4220.0
4240.0
4260.0
4280.0
4300.0
4320.0
4330.0
4350.0
4370.0
4390.0
4410.0
4430.0
4450.0
4460.0
4480.0
4490.0
4500.0
4520.0
4540.0
4550.0
4550.0
4560.0
4570.0
4590.0
4610.0
4630.0
4650.0
4660.0
4680.0
4700.0
4720.0
4740.0
4760.0
4780.0
4800.0
4820.0
4840.0
4860.0
4880.0
4890.0
4910.0
4930.0
4950.0
4970.0
4990.0
5010.0
5030.0
5050.0
5070.0
5080.0
5090.0
5110.0
5130.0
5150.0
5170.0
5180.0
5180.0
5190.0
5210.0
5230.0
5230.0
5240.0
5250.0
5270.0
5280.0
5300.0
5310.0
5330.0
5340.0
5360.0
5380.0
5400.0
5420.0
5430.0
5440.0
5460.0
5460.0
5480.0
5500.0
5510.0
5530.0
5540.0
5560.0
5580.0
5600.0
5620.0
5630.0
5640.0
5660.0
5680.0
5700.0
5720.0
5740.0
5760.0
5780.0
5800.0
5820.0
5840.0
5860.0
5880.0
5900.0
5900.0
5920.0
5940.0
5960.0
5960.0
5980.0
5980.0
6000.0
5980.0
6000.0
6010.0
6020.0
6040.0
6050.0
6070.0
6090.0
6100.0
6120.0
6130.0
6150.0
6160.0
6180.0
6200.0
6210.0
6230.0
6250.0
6270.0
6280.0
6290.0
6290.0
6300.0
6320.0
6330.0
6340.0
6360.0
6370.0
6390.0
6410.0
6430.0
6450.0
6460.0
6480.0
6500.0
6510.0
6510.0
6530.0
6550.0
6560.0
6580.0
6600.0
6620.0
6630.0
6650.0
6670.0
6690.0
6700.0
6720.0
6740.0
6750.0
6750.0
6770.0
6780.0
6790.0
6810.0
6830.0
6850.0
6870.0
6890.0
6910.0
6930.0
6950.0
6970.0
6990.0
7010.0
7030.0
7050.0
7070.0
7090.0
7110.0
7130.0
7150.0
7170.0
7170.0
7190.0
7200.0
7220.0
7240.0
7260.0
7260.0
7270.0
7290.0
7310.0
7330.0
7350.0
7360.0
7380.0
7380.0
7400.0
7420.0
7440.0
7460.0
7480.0
7500.0
7520.0
7540.0
7560.0
7570.0
7590.0
7600.0
7620.0
7640.0
7660.0
7680.0
7700.0
7710.0
7730.0
7740.0
7740.0
7750.0
7770.0
7780.0
7800.0
7820.0
7840.0
7850.0
7870.0
7890.0
7910.0
7920.0
7930.0
7950.0
7960.0
7960.0
7980.0
8000.0
8020.0
8040.0
8060.0
8080.0
8100.0
8120.0
8130.0
8150.0
8150.0
8160.0
8160.0
8170.0
8190.0
8210.0
8230.0
8240.0
8260.0
8260.0
8280.0
8300.0
8320.0
8340.0
8360.0
8380.0
8400.0
8420.0
8440.0
8450.0
8470.0
8480.0
8500.0
8520.0
8530.0
8550.0
8560.0
8580.0
8600.0
8620.0
8630.0
8640.0
8660.0
8680.0
8680.0
8690.0
8700.0
8710.0
8730.0
8750.0
8770.0
8790.0
8810.0
8830.0
8840.0
8860.0
8870.0
8890.0
8910.0
8930.0
8950.0
8970.0
8990.0
9010.0
9030.0
9030.0
9050.0
9070.0
9090.0
9110.0
9130.0
9150.0
9170.0
9190.0
9210.0
9230.0
9250.0
9260.0
9270.0
9290.0
9300.0
9320.0
9330.0
9350.0
9250.0
9270.0
9290.0
9310.0
9320.0
9330.0
9350.0
9370.0
9390.0
9380.0
9390.0
9410.0
9430.0
9450.0
9460.0
9480.0
9500.0
9520.0
9540.0
9560.0
9580.0
9600.0
9610.0
9620.0
9640.0
9660.0
9680.0
9700.0
9720.0
9740.0
9760.0
9780.0
9800.0
9820.0
9840.0
9860.0
9880.0
9900.0
9920.0
9940.0
9960.0
9970.0
9990.0
10010.0
10030.0
10050.0
10070.0
10080.0
10100.0
10120.0
10140.0
10160.0
10180.0
10200.0
10220.0
10240.0
10260.0
10270.0
10290.0
10310.0
10330.0
10350.0
10370.0
10380.0
10400.0
10400.0
10420.0
10440.0
10460.0
10480.0
10500.0
10520.0
10540.0
10560.0
10580.0
10590.0
10600.0
10620.0
10640.0
10660.0
10680.0
10700.0
10720.0
10740.0
10760.0
10780.0
10800.0
10820.0
10830.0
10840.0
10850.0
10870.0
10890.0
10890.0
10910.0
10930.0
10940.0
10960.0
10980.0
11000.0
11020.0
11040.0
11060.0
11080.0
11100.0
11120.0
11140.0
11160.0
11180.0
11190.0
11210.0
11230.0
11250.0
11270.0
11290.0
11300.0
11320.0
11340.0
11360.0
11370.0
11380.0
11400.0
11410.0
11430.0
11450.0
11470.0
11480.0
11500.0
11520.0
11540.0
11550.0
11570.0
11590.0
11610.0
11620.0
11640.0
11660.0
11680.0
11680.0
11690.0
11700.0
11720.0
11740.0
11760.0
11780.0
11800.0
11820.0
11840.0
11860.0
11880.0
11900.0
11920.0
11940.0
11960.0
11970.0
11990.0
12010.0
12030.0
12050.0
12070.0
12090.0
12110.0
12130.0
12150.0
12170.0
12190.0
12200.0
12220.0
12240.0
12230.0
12250.0
12260.0
12280.0
12300.0
12320.0
12330.0
12350.0
12370.0
12380.0
12400.0
12420.0
12440.0
12460.0
12470.0
12490.0
12510.0
12520.0
12540.0
12560.0
12570.0
12590.0
12600.0
12620.0
12640.0
12660.0
12670.0
12690.0
12710.0
12720.0
12730.0
12750.0
12770.0
12790.0
12810.0
12830.0
12830.0
12850.0
12870.0
12870.0
12880.0
12900.0
12910.0
12920.0
12930.0
12950.0
12970.0
12990.0
13010.0
13030.0
13050.0
13070.0
13080.0
13100.0
13120.0
13140.0
13160.0
13180.0
13190.0
13210.0
13230.0
13250.0
13260.0
13270.0
13290.0
13300.0
13320.0
13320.0
13340.0
13350.0
13370.0
13390.0
13410.0
13420.0
13410.0
13430.0
13450.0
13470.0
13490.0
13500.0
13520.0
13530.0
13550.0
13560.0
13580.0
13590.0
13610.0
13630.0
13650.0
13670.0
13680.0
13700.0
13720.0
13740.0
13760.0
13780.0
13800.0
13820.0
13830.0
13840.0
13860.0
13880.0
13880.0
13890.0
13910.0
13930.0
13950.0
13970.0
13990.0
14010.0
14020.0
14040.0
14060.0
14070.0
14090.0
14110.0
14130.0
14140.0
14160.0
14180.0
14200.0
14220.0
14240.0
14260.0
14280.0
14300.0
14320.0
14340.0
14360.0
14370.0
14370.0
14390.0
14400.0
14410.0
14420.0
14440.0
14460.0
14480.0
14490.0
14510.0
14520.0
14520.0
14540.0
14560.0
14570.0
14590.0
14610.0
14620.0
14630.0
14650.0
14670.0
14670.0
14690.0
14700.0
14720.0
14740.0
14760.0
14770.0
14780.0
14780.0
14800.0
14820.0
14830.0
14840.0
14860.0
14880.0
14900.0
14920.0
14930.0
14950.0
14970.0
14990.0
15010.0
15020.0
15030.0
15040.0
15060.0
15080.0
15100.0
15120.0
15140.0
15150.0
15170.0
15190.0
15210.0
15230.0
15240.0
15260.0
15280.0
15300.0
15320.0
15340.0
15360.0
15380.0
15400.0
15420.0
15440.0
15460.0
15480.0
15500.0
15520.0
15530.0
15550.0
15560.0
15580.0
15600.0
15620.0
15640.0
15650.0
15670.0
15690.0
15710.0
15730.0
15750.0
15770.0
15790.0
15810.0
15830.0
15850.0
15860.0
15870.0
15890.0
15910.0
15930.0
15950.0
15970.0
15990.0
15990.0
16010.0
16030.0
16050.0
16060.0
16080.0
16090.0
16110.0
16130.0
16150.0
16170.0
16190.0
16210.0
16220.0
16240.0
16240.0
16260.0
16280.0
16300.0
16320.0
16330.0
16350.0
16370.0
16390.0
16410.0
16430.0
16440.0
16460.0
16480.0
16500.0
16510.0
16530.0
16550.0
16570.0
16580.0
16600.0
16620.0
16630.0
16630.0
16650.0
16670.0
16690.0
16710.0
16730.0
16750.0
16770.0
16790.0
16810.0
16830.0
16850.0
16870.0
16880.0
16900.0
16920.0
16940.0
16960.0
16980.0
17000.0
17020.0
17030.0
17030.0
17050.0
17070.0
17090.0
17110.0
17130.0
17150.0
17170.0
17180.0
17200.0
17220.0
17240.0
17250.0
17270.0
17280.0
17300.0
17320.0
17340.0
17360.0
17350.0
17370.0
17380.0
17400.0
17410.0
17430.0
17450.0
17470.0
17490.0
17510.0
17530.0
17550.0
17570.0
17570.0
17590.0
17610.0
17630.0
17650.0
17670.0
17670.0
17690.0
17710.0
17730.0
17750.0
17770.0
17780.0
17800.0
17820.0
17840.0
17860.0
17870.0
17890.0
17910.0
17930.0
17950.0
17970.0
17980.0
18000.0
18020.0
18040.0
18060.0
18080.0
18100.0
18120.0
18130.0
18140.0
18160.0
18170.0
18190.0
18200.0
18220.0
18240.0
18260.0
18270.0
18290.0
18310.0
18320.0
18340.0
18360.0
18380.0
18400.0
18410.0
18410.0
18430.0
18450.0
18470.0
18490.0
18510.0
18530.0
18550.0
18570.0
18590.0
18610.0
18630.0
18650.0
18670.0
18690.0
18710.0
18730.0
18750.0
18770.0
18780.0
18800.0
18820.0
18840.0
18860.0
18870.0
18890.0
18910.0
18930.0
18950.0
18970.0
18990.0
19010.0
19030.0
19050.0
19070.0
19090.0
19110.0
19130.0
19150.0
19160.0
19170.0
19180.0
19200.0
19220.0
19240.0
19260.0
19280.0
19300.0
19320.0
19330.0
19340.0
19360.0
19380.0
19400.0
19420.0
19440.0
19460.0
19480.0
19500.0
19510.0
19530.0
19550.0
19570.0
19590.0
19610.0
19630.0
19650.0
19670.0
19680.0
19690.0
19710.0
19720.0
19740.0
19760.0
19770.0
19790.0
19810.0
19830.0
19850.0
19870.0
19880.0
19900.0
19910.0
19920.0
19940.0
19960.0
19960.0
19980.0
20000.0
20020.0
20040.0
20050.0
20070.0
20070.0
20090.0
20110.0
20120.0
20140.0
20160.0
20180.0
20200.0
20220.0
20240.0
20260.0
20280.0
20300.0
20320.0
20340.0
20360.0
20370.0
20390.0
20410.0
20430.0
20450.0
20470.0
20490.0
20500.0
20520.0
20520.0
20540.0
20560.0
20580.0
20600.0
20620.0
20640.0
20660.0
20660.0
20680.0
20700.0
20720.0
20740.0
20760.0
20780.0
20790.0
20810.0
20830.0
20830.0
20850.0
20860.0
20880.0
20900.0
20920.0
20930.0
20950.0
20970.0
20990.0
21010.0
21030.0
21050.0
21070.0
21080.0
21090.0
21110.0
21130.0
21150.0
21160.0
21160.0
21180.0
21200.0
21220.0
21220.0
21230.0
21250.0
21260.0
21260.0
21280.0
21290.0
21310.0
21330.0
21350.0
21360.0
21380.0
21400.0
21420.0
21440.0
21460.0
21480.0
21500.0
21520.0
21540.0
21560.0
21550.0
21560.0
21570.0
21590.0
21610.0
21630.0
21650.0
21670.0
21690.0
21690.0
21710.0
21720.0
21740.0
21760.0
21780.0
21800.0
21820.0
21840.0
21850.0
21860.0
21880.0
21890.0
21910.0
21930.0
21940.0
21950.0
21970.0
21980.0
22000.0
22020.0
22030.0
22050.0
22070.0
22090.0
22110.0
22130.0
22150.0
22170.0
22190.0
22210.0
22230.0
22250.0
22270.0
22290.0
22310.0
22330.0
22340.0
22350.0
22370.0
22390.0
22410.0
22420.0
22440.0
22460.0
22480.0
22480.0
22500.0
22520.0
22540.0
22560.0
22580.0
22600.0
22620.0
22640.0
22660.0
22680.0
22700.0
22720.0
22740.0
22760.0
22780.0
22800.0
22820.0
22840.0
22860.0
22880.0
22900.0
22920.0
22940.0
22950.0
22970.0
22990.0
23010.0
23030.0
23050.0
23070.0
23060.0
23080.0
23100.0
23120.0
23140.0
23160.0
23180.0
23200.0
23220.0
23240.0
23260.0
23280.0
23300.0
23320.0
23320.0
23340.0
23360.0
23360.0
23380.0
23400.0
23420.0
23440.0
23460.0
23480.0
23490.0
23510.0
23530.0
23550.0
23570.0
23590.0
23610.0
23630.0
23650.0
23670.0
23690.0
23710.0
23730.0
23740.0
23760.0
23780.0
23800.0
23820.0
23840.0
23860.0
23870.0
23890.0
23910.0
23930.0
23950.0
23970.0
23990.0
24010.0
24030.0
24050.0
24060.0
24080.0
24100.0
24120.0
24140.0
24160.0
24170.0
24190.0
24210.0
24210.0
24230.0
24250.0
24260.0
24280.0
24300.0
24320.0
24340.0
24360.0
24370.0
24390.0
24400.0
24420.0
24430.0
24450.0
24460.0
24480.0
24500.0
24520.0
24540.0
24560.0
24580.0
24600.0
24620.0
24640.0
24660.0
