a = 0.2
g = 0.5
e = 0.1
random initial weights = false

-1160.0
-1420.0
-1840.0
-2400.0
-2460.0
-2510.0
-2570.0
-2610.0
-2610.0
-2620.0
-2600.0
-2630.0
-2650.0
-2630.0
-2640.0
-2680.0
-2680.0
-2720.0
-2730.0
-2730.0
-2720.0
-2730.0
-2710.0
-2700.0
-2690.0
-2680.0
-2660.0
-2640.0
-2620.0
-2600.0
-2580.0
-2560.0
-2540.0
-2520.0
-2510.0
-2490.0
-2470.0
-2450.0
-2430.0
-2410.0
-2400.0
-2380.0
-2360.0
-2350.0
-2340.0
-2320.0
-2310.0
-2290.0
-2270.0
-2250.0
-2230.0
-2210.0
-2190.0
-2170.0
-2150.0
-2130.0
-2110.0
-2090.0
-2070.0
-2060.0
-2050.0
-2030.0
-2010.0
-1990.0
-1970.0
-1960.0
-1960.0
-1940.0
-1920.0
-1910.0
-1900.0
-1890.0
-1870.0
-1850.0
-1830.0
-1810.0
-1800.0
-1780.0
-1770.0
-1760.0
-1760.0
-1750.0
-1730.0
-1720.0
-1700.0
-1690.0
-1670.0
-1660.0
-1650.0
-1640.0
-1620.0
-1600.0
-1590.0
-1570.0
-1550.0
-1530.0
-1520.0
-1500.0
-1480.0
-1460.0
-1440.0
-1420.0
-1410.0
-1390.0
-1370.0
-1350.0
-1330.0
-1310.0
-1290.0
-1270.0
-1250.0
-1230.0
-1210.0
-1190.0
-1170.0
-1170.0
-1160.0
-1140.0
-1120.0
-1100.0
-1080.0
-1060.0
-1040.0
-1030.0
-1010.0
-990.0
-980.0
-960.0
-940.0
-930.0
-920.0
-900.0
-880.0
-870.0
-860.0
-860.0
-840.0
-820.0
-800.0
-780.0
-760.0
-740.0
-720.0
-700.0
-680.0
-670.0
-650.0
-640.0
-620.0
-600.0
-580.0
-570.0
-550.0
-530.0
-510.0
-490.0
-470.0
-470.0
-460.0
-440.0
-420.0
-400.0
-390.0
-370.0
-350.0
-330.0
-310.0
-290.0
-270.0
-260.0
-260.0
-240.0
-220.0
-200.0
-190.0
-170.0
-150.0
-130.0
-110.0
-100.0
-80.0
-60.0
-40.0
-20.0
0.0
20.0
40.0
60.0
70.0
90.0
110.0
130.0
150.0
170.0
190.0
210.0
230.0
240.0
260.0
280.0
300.0
320.0
340.0
350.0
370.0
390.0
400.0
420.0
440.0
460.0
480.0
490.0
510.0
530.0
550.0
570.0
590.0
610.0
630.0
650.0
670.0
690.0
710.0
730.0
750.0
770.0
790.0
810.0
830.0
850.0
870.0
890.0
910.0
920.0
940.0
960.0
980.0
1000.0
1010.0
1030.0
1040.0
1060.0
1080.0
1100.0
1120.0
1140.0
1160.0
1180.0
1200.0
1220.0
1240.0
1260.0
1280.0
1300.0
1320.0
1340.0
1360.0
1380.0
1400.0
1420.0
1440.0
1450.0
1470.0
1490.0
1510.0
1530.0
1550.0
1570.0
1590.0
1610.0
1630.0
1650.0
1670.0
1680.0
1700.0
1720.0
1730.0
1750.0
1770.0
1790.0
1810.0
1830.0
1850.0
1870.0
1890.0
1910.0
1930.0
1950.0
1970.0
1990.0
2010.0
2030.0
2040.0
2050.0
2070.0
2090.0
2110.0
2130.0
2150.0
2170.0
2180.0
2200.0
2220.0
2240.0
2260.0
2270.0
2290.0
2310.0
2330.0
2350.0
2370.0
2390.0
2400.0
2420.0
2440.0
2460.0
2480.0
2500.0
2520.0
2540.0
2560.0
2580.0
2600.0
2620.0
2640.0
2660.0
2680.0
2700.0
2720.0
2730.0
2750.0
2770.0
2780.0
2800.0
2820.0
2840.0
2860.0
2880.0
2900.0
2920.0
2940.0
2960.0
2980.0
3000.0
3020.0
3040.0
3060.0
3080.0
3100.0
3120.0
3130.0
3140.0
3160.0
3180.0
3200.0
3220.0
3240.0
3260.0
3270.0
3290.0
3300.0
3320.0
3340.0
3360.0
3380.0
3400.0
3420.0
3440.0
3460.0
3480.0
3500.0
3520.0
3540.0
3560.0
3570.0
3590.0
3610.0
3630.0
3650.0
3670.0
3690.0
3710.0
3730.0
3750.0
3770.0
3790.0
3810.0
3820.0
3840.0
3860.0
3880.0
3890.0
3910.0
3930.0
3950.0
3970.0
3980.0
4000.0
4020.0
4040.0
4060.0
4080.0
4100.0
4120.0
4140.0
4160.0
4180.0
4200.0
4220.0
4240.0
4250.0
4260.0
4280.0
4300.0
4320.0
4340.0
4360.0
4380.0
4400.0
4420.0
4430.0
4450.0
4470.0
4490.0
4510.0
4530.0
4550.0
4570.0
4590.0
4610.0
4630.0
4650.0
4670.0
4690.0
4710.0
4730.0
4750.0
4770.0
4790.0
4810.0
4830.0
4850.0
4870.0
4890.0
4910.0
4930.0
4950.0
4960.0
4980.0
5000.0
5020.0
5040.0
5050.0
5070.0
5090.0
5110.0
5130.0
5150.0
5170.0
5190.0
5210.0
5230.0
5250.0
5270.0
5290.0
5310.0
5330.0
5350.0
5370.0
5390.0
5410.0
5430.0
5440.0
5450.0
5470.0
5490.0
5500.0
5520.0
5540.0
5560.0
5570.0
5590.0
5610.0
5630.0
5640.0
5660.0
5680.0
5700.0
5720.0
5740.0
5760.0
5780.0
5800.0
5820.0
5840.0
5860.0
5880.0
5890.0
5910.0
5930.0
5950.0
5970.0
5990.0
6010.0
6030.0
6040.0
6060.0
6070.0
6080.0
6100.0
6120.0
6140.0
6160.0
6180.0
6200.0
6220.0
6240.0
6260.0
6280.0
6300.0
6320.0
6330.0
6350.0
6370.0
6390.0
6410.0
6410.0
6420.0
6440.0
6460.0
6480.0
6500.0
6520.0
6540.0
6560.0
6580.0
6600.0
6620.0
6640.0
6650.0
6670.0
6690.0
6710.0
6730.0
6750.0
6770.0
6790.0
6790.0
6810.0
6830.0
6850.0
6870.0
6890.0
6910.0
6930.0
6950.0
6970.0
6980.0
7000.0
7020.0
7040.0
7060.0
7080.0
7100.0
7120.0
7140.0
7160.0
7160.0
7170.0
7190.0
7210.0
7230.0
7250.0
7270.0
7290.0
7310.0
7330.0
7350.0
7370.0
7390.0
7410.0
7420.0
7440.0
7460.0
7470.0
7490.0
7510.0
7530.0
7550.0
7570.0
7590.0
7610.0
7630.0
7650.0
7670.0
7670.0
7690.0
7710.0
7730.0
7750.0
7760.0
7780.0
7800.0
7820.0
7840.0
7860.0
7870.0
7890.0
7910.0
7930.0
7950.0
7970.0
7970.0
7990.0
8010.0
8030.0
8050.0
8070.0
8090.0
8110.0
8130.0
8150.0
8170.0
8190.0
8210.0
8220.0
8240.0
8260.0
8280.0
8300.0
8320.0
8340.0
8360.0
8380.0
8400.0
8410.0
8430.0
8450.0
8470.0
8490.0
8510.0
8530.0
8540.0
8560.0
8580.0
8600.0
8620.0
8640.0
8660.0
8680.0
8690.0
8710.0
8730.0
8750.0
8770.0
8790.0
8810.0
8820.0
8840.0
8840.0
8850.0
8870.0
8890.0
8910.0
8930.0
8950.0
8970.0
8980.0
9000.0
9020.0
9040.0
9060.0
9080.0
9100.0
9120.0
9140.0
9150.0
9170.0
9190.0
9200.0
9220.0
9240.0
9240.0
9260.0
9270.0
9290.0
9310.0
9330.0
9350.0
9370.0
9390.0
9410.0
9430.0
9450.0
9470.0
9490.0
9510.0
9530.0
9550.0
9570.0
9590.0
9610.0
9630.0
9650.0
9660.0
9680.0
9700.0
9720.0
9730.0
9740.0
9760.0
9780.0
9790.0
9810.0
9830.0
9850.0
9870.0
9890.0
9910.0
9930.0
9950.0
9960.0
9980.0
10000.0
10020.0
10040.0
10060.0
10080.0
10100.0
10120.0
10140.0
10160.0
10170.0
10190.0
10210.0
10230.0
10250.0
10270.0
10290.0
10310.0
10330.0
10350.0
10370.0
10370.0
10390.0
10410.0
10410.0
10420.0
10440.0
10460.0
10480.0
10500.0
10520.0
10540.0
10560.0
10570.0
10590.0
10610.0
10630.0
10650.0
10670.0
10690.0
10700.0
10710.0
10730.0
10750.0
10770.0
10780.0
10800.0
10820.0
10840.0
10860.0
10880.0
10900.0
10920.0
10940.0
10960.0
10980.0
11000.0
11010.0
11030.0
11040.0
11060.0
11080.0
11100.0
11120.0
11140.0
11150.0
11170.0
11190.0
11210.0
11230.0
11250.0
11270.0
11290.0
11310.0
11330.0
11350.0
11370.0
11390.0
11410.0
11430.0
11440.0
11460.0
11470.0
11490.0
11510.0
11530.0
11540.0
11560.0
11580.0
11600.0
11610.0
11630.0
11650.0
11670.0
11690.0
11710.0
11730.0
11750.0
11770.0
11780.0
11800.0
11820.0
11840.0
11860.0
11880.0
11900.0
11920.0
11940.0
11960.0
11980.0
12000.0
12020.0
12030.0
12050.0
12070.0
12080.0
12100.0
12120.0
12140.0
12160.0
12180.0
12200.0
12220.0
12240.0
12260.0
12280.0
12290.0
12310.0
12320.0
12340.0
12350.0
12370.0
12370.0
12390.0
12410.0
12430.0
12450.0
12470.0
12490.0
12510.0
12530.0
12550.0
12570.0
12590.0
12600.0
12620.0
12640.0
12660.0
12680.0
12700.0
12710.0
12730.0
12750.0
12770.0
12790.0
12810.0
12830.0
12850.0
12860.0
12880.0
12900.0
12920.0
12940.0
12960.0
12980.0
13000.0
13020.0
13040.0
13060.0
13080.0
13100.0
13120.0
13140.0
13150.0
13170.0
13190.0
13210.0
13230.0
13250.0
13270.0
13290.0
13310.0
13330.0
13340.0
13360.0
13380.0
13400.0
13420.0
13440.0
13460.0
13480.0
13500.0
13520.0
13520.0
13540.0
13560.0
13580.0
13600.0
13620.0
13640.0
13660.0
13680.0
13700.0
13710.0
13730.0
13750.0
13770.0
13790.0
13800.0
13810.0
13830.0
13850.0
13870.0
13890.0
13910.0
13930.0
13950.0
13970.0
13970.0
13990.0
14010.0
14030.0
14050.0
14060.0
14080.0
14100.0
14120.0
14130.0
14150.0
14170.0
14180.0
14200.0
14220.0
14230.0
14250.0
14270.0
14290.0
14300.0
14320.0
14330.0
14350.0
14360.0
14380.0
14400.0
14420.0
14440.0
14460.0
14480.0
14500.0
14500.0
14520.0
14540.0
14550.0
14570.0
14590.0
14600.0
14610.0
14630.0
14640.0
14660.0
14680.0
14700.0
14720.0
14740.0
14760.0
14760.0
14780.0
14800.0
14820.0
14840.0
14860.0
14880.0
14900.0
14920.0
14940.0
14940.0
14960.0
14980.0
15000.0
15020.0
15040.0
15050.0
15060.0
15070.0
15090.0
15110.0
15130.0
15150.0
15170.0
15190.0
15210.0
15230.0
15250.0
15270.0
15280.0
15290.0
15310.0
15330.0
15350.0
15370.0
15390.0
15410.0
15430.0
15440.0
15460.0
15480.0
15500.0
15520.0
15540.0
15560.0
15580.0
15600.0
15620.0
15640.0
15660.0
15680.0
15700.0
15720.0
15740.0
15760.0
15780.0
15800.0
15820.0
15830.0
15850.0
15870.0
15890.0
15910.0
15930.0
15950.0
15970.0
15990.0
16010.0
16020.0
16040.0
16060.0
16080.0
16100.0
16120.0
16140.0
16160.0
16180.0
16200.0
16220.0
16240.0
16260.0
16270.0
16290.0
16310.0
16330.0
16350.0
16370.0
16390.0
16410.0
16420.0
16440.0
16460.0
16480.0
16500.0
16520.0
16540.0
16560.0
16580.0
16600.0
16610.0
16630.0
16650.0
16670.0
16690.0
16710.0
16730.0
16750.0
16770.0
16790.0
16810.0
16830.0
16850.0
16870.0
16890.0
16910.0
16930.0
16950.0
16970.0
16990.0
17010.0
17030.0
17050.0
17070.0
17090.0
17110.0
17130.0
17150.0
17160.0
17180.0
17200.0
17220.0
17240.0
17260.0
17280.0
17300.0
17320.0
17340.0
17360.0
17380.0
17400.0
17420.0
17440.0
17460.0
17480.0
17500.0
17520.0
17530.0
17550.0
17570.0
17590.0
17610.0
17630.0
17650.0
17670.0
17690.0
17710.0
17730.0
17740.0
17760.0
17780.0
17790.0
17800.0
17820.0
17840.0
17860.0
17870.0
17890.0
17910.0
17930.0
17950.0
17970.0
17990.0
18010.0
18030.0
18050.0
18060.0
18080.0
18090.0
18110.0
18130.0
18140.0
18160.0
18180.0
18200.0
18220.0
18240.0
18260.0
18280.0
18300.0
18320.0
18340.0
18360.0
18370.0
18390.0
18410.0
18420.0
18430.0
18450.0
18470.0
18490.0
18510.0
18530.0
18550.0
18570.0
18590.0
18610.0
18630.0
18650.0
18660.0
18680.0
18700.0
18720.0
18740.0
18760.0
18780.0
18800.0
18820.0
18840.0
18860.0
18880.0
18900.0
18920.0
18940.0
18960.0
18980.0
19000.0
19020.0
19040.0
19060.0
19080.0
19100.0
19120.0
19140.0
19160.0
19180.0
19200.0
19220.0
19240.0
19260.0
19280.0
19300.0
19320.0
19340.0
19360.0
19380.0
19390.0
19400.0
19420.0
19440.0
19460.0
19480.0
19500.0
19520.0
19540.0
19560.0
19580.0
19590.0
19610.0
19620.0
19640.0
19660.0
19680.0
19700.0
19720.0
19740.0
19760.0
19780.0
19800.0
19820.0
19840.0
19860.0
19880.0
19900.0
19920.0
19940.0
19950.0
19970.0
19990.0
20010.0
20020.0
20040.0
20060.0
20080.0
20100.0
20120.0
20140.0
20160.0
20180.0
20200.0
20220.0
20240.0
20260.0
20280.0
20300.0
20320.0
20340.0
20360.0
20380.0
20400.0
20420.0
20440.0
20460.0
20480.0
20500.0
20520.0
20540.0
20560.0
20580.0
20600.0
20620.0
20630.0
20650.0
20670.0
20690.0
20700.0
20700.0
20720.0
20740.0
20760.0
20780.0
20800.0
20810.0
20830.0
20850.0
20860.0
20880.0
20900.0
20920.0
20940.0
20960.0
20980.0
21000.0
21020.0
21040.0
21060.0
21070.0
21090.0
21110.0
21120.0
21140.0
21160.0
21180.0
21180.0
21200.0
21220.0
21240.0
21260.0
21280.0
21300.0
21320.0
21340.0
21360.0
21380.0
21400.0
21420.0
21440.0
21460.0
21470.0
21490.0
21510.0
21530.0
21540.0
21560.0
21580.0
21600.0
21610.0
21630.0
21650.0
21670.0
21690.0
21700.0
21720.0
21730.0
21750.0
21770.0
21790.0
21810.0
21830.0
21850.0
21870.0
21890.0
21910.0
21930.0
21950.0
21970.0
21980.0
22000.0
22020.0
22040.0
22060.0
22080.0
22100.0
22120.0
22140.0
22150.0
22170.0
22190.0
22210.0
22230.0
22250.0
22270.0
22290.0
22310.0
22330.0
22350.0
22370.0
22390.0
22410.0
22430.0
22450.0
22460.0
22480.0
22500.0
22520.0
22540.0
22560.0
22580.0
22590.0
22600.0
22620.0
22640.0
22660.0
22680.0
22700.0
22720.0
22740.0
22760.0
22780.0
22800.0
22820.0
22840.0
22860.0
22880.0
22900.0
22920.0
22940.0
22960.0
22980.0
23000.0
23010.0
23030.0
23050.0
23070.0
23090.0
23110.0
23130.0
23150.0
23170.0
23190.0
23210.0
23230.0
23250.0
23270.0
23280.0
23300.0
23320.0
23340.0
23360.0
23380.0
23400.0
23420.0
23440.0
23450.0
23470.0
23490.0
23510.0
23530.0
23540.0
23560.0
23580.0
23600.0
23620.0
23640.0
23660.0
23680.0
23700.0
23720.0
23740.0
23760.0
23780.0
23800.0
23820.0
23840.0
23860.0
23880.0
23890.0
23910.0
23930.0
23950.0
23970.0
23990.0
24010.0
24030.0
24050.0
24070.0
24090.0
24110.0
24130.0
24150.0
24170.0
24190.0
24210.0
24230.0
24250.0
24260.0
24280.0
24290.0
24310.0
24330.0
24350.0
24370.0
24390.0
24410.0
