a = 0.5
g = 0.8
e = 0.1
random initial weights = false

-1600.0
-1850.0
-2120.0
-2270.0
-2360.0
-2400.0
-2380.0
-2390.0
-2380.0
-2380.0
-2390.0
-2370.0
-2350.0
-2330.0
-2320.0
-2300.0
-2280.0
-2260.0
-2250.0
-2230.0
-2210.0
-2190.0
-2170.0
-2150.0
-2130.0
-2110.0
-2100.0
-2080.0
-2060.0
-2060.0
-2040.0
-2020.0
-2000.0
-1980.0
-1960.0
-1940.0
-1920.0
-1910.0
-1890.0
-1870.0
-1860.0
-1840.0
-1820.0
-1800.0
-1790.0
-1770.0
-1760.0
-1750.0
-1860.0
-1840.0
-1820.0
-1800.0
-1780.0
-1760.0
-1740.0
-1720.0
-1700.0
-1680.0
-1660.0
-1640.0
-1620.0
-1600.0
-1590.0
-1570.0
-1560.0
-1540.0
-1520.0
-1510.0
-1490.0
-1470.0
-1450.0
-1430.0
-1410.0
-1390.0
-1390.0
-1370.0
-1350.0
-1330.0
-1310.0
-1290.0
-1270.0
-1250.0
-1230.0
-1210.0
-1200.0
-1180.0
-1160.0
-1140.0
-1120.0
-1110.0
-1090.0
-1070.0
-1050.0
-1040.0
-1020.0
-1000.0
-980.0
-960.0
-940.0
-920.0
-900.0
-880.0
-860.0
-840.0
-830.0
-810.0
-800.0
-780.0
-760.0
-740.0
-740.0
-720.0
-700.0
-680.0
-660.0
-640.0
-620.0
-600.0
-580.0
-560.0
-570.0
-560.0
-550.0
-530.0
-510.0
-490.0
-470.0
-450.0
-430.0
-410.0
-390.0
-380.0
-360.0
-340.0
-320.0
-300.0
-280.0
-260.0
-240.0
-220.0
-200.0
-180.0
-160.0
-140.0
-120.0
-100.0
-80.0
-70.0
-50.0
-30.0
-10.0
10.0
30.0
50.0
70.0
90.0
110.0
130.0
150.0
170.0
190.0
210.0
230.0
250.0
270.0
290.0
310.0
330.0
350.0
370.0
390.0
400.0
410.0
420.0
440.0
460.0
480.0
500.0
520.0
540.0
560.0
580.0
590.0
610.0
620.0
640.0
660.0
680.0
690.0
700.0
720.0
740.0
760.0
780.0
800.0
820.0
840.0
860.0
880.0
900.0
900.0
920.0
940.0
950.0
970.0
980.0
1000.0
1020.0
1040.0
1060.0
1080.0
1100.0
1120.0
1140.0
1160.0
1180.0
1200.0
1220.0
1230.0
1250.0
1250.0
1270.0
1290.0
1310.0
1330.0
1350.0
1360.0
1380.0
1400.0
1420.0
1430.0
1440.0
1460.0
1470.0
1490.0
1510.0
1520.0
1540.0
1550.0
1570.0
1590.0
1610.0
1630.0
1650.0
1670.0
1690.0
1710.0
1730.0
1750.0
1760.0
1780.0
1800.0
1820.0
1840.0
1860.0
1880.0
1900.0
1920.0
1940.0
1960.0
1980.0
2000.0
2020.0
2020.0
2040.0
2060.0
2080.0
2100.0
2120.0
2130.0
2150.0
2170.0
2190.0
2210.0
2220.0
2240.0
2260.0
2280.0
2290.0
2310.0
2330.0
2350.0
2360.0
2380.0
2400.0
2420.0
2440.0
2460.0
2480.0
2500.0
2520.0
2540.0
2560.0
2570.0
2590.0
2600.0
2620.0
2640.0
2660.0
2670.0
2690.0
2700.0
2710.0
2730.0
2740.0
2760.0
2780.0
2800.0
2820.0
2830.0
2850.0
2870.0
2880.0
2890.0
2910.0
2930.0
2950.0
2970.0
2980.0
3000.0
3020.0
3030.0
3050.0
3070.0
3090.0
3100.0
3120.0
3140.0
3160.0
3180.0
3190.0
3200.0
3210.0
3220.0
3240.0
3260.0
3280.0
3300.0
3310.0
3320.0
3330.0
3350.0
3360.0
3380.0
3400.0
3420.0
3430.0
3430.0
3450.0
3470.0
3490.0
3510.0
3530.0
3550.0
3570.0
3590.0
3610.0
3630.0
3640.0
3660.0
3680.0
3690.0
3700.0
3720.0
3740.0
3760.0
3780.0
3800.0
3820.0
3830.0
3850.0
3870.0
3890.0
3910.0
3930.0
3950.0
3960.0
3970.0
3990.0
4010.0
4030.0
4040.0
4050.0
4070.0
4090.0
4100.0
4110.0
4110.0
4130.0
4140.0
4160.0
4180.0
4200.0
4210.0
4230.0
4250.0
4270.0
4290.0
4310.0
4330.0
4350.0
4370.0
4390.0
4410.0
4420.0
4440.0
4460.0
4480.0
4500.0
4520.0
4540.0
4560.0
4570.0
4580.0
4600.0
4620.0
4640.0
4660.0
4680.0
4700.0
4710.0
4710.0
4730.0
4750.0
4770.0
4790.0
4810.0
4830.0
4850.0
4850.0
4870.0
4870.0
4880.0
4900.0
4920.0
4940.0
4960.0
4980.0
5000.0
5010.0
5030.0
5050.0
5070.0
5080.0
5100.0
5120.0
5130.0
5150.0
5160.0
5180.0
5200.0
5220.0
5240.0
5260.0
5280.0
5290.0
5300.0
5320.0
5330.0
5350.0
5370.0
5390.0
5410.0
5430.0
5440.0
5460.0
5480.0
5500.0
5510.0
5530.0
5540.0
5540.0
5560.0
5580.0
5590.0
5610.0
5630.0
5640.0
5640.0
5660.0
5680.0
5690.0
5710.0
5730.0
5750.0
5770.0
5790.0
5810.0
5830.0
5840.0
5850.0
5870.0
5890.0
5890.0
5910.0
5930.0
5950.0
5960.0
5980.0
6000.0
6020.0
6040.0
6060.0
6080.0
6100.0
6120.0
6140.0
6160.0
6180.0
6200.0
6220.0
6230.0
6240.0
6260.0
6270.0
6280.0
6290.0
6310.0
6330.0
6350.0
6360.0
6380.0
6390.0
6410.0
6430.0
6450.0
6470.0
6480.0
6480.0
6500.0
6510.0
6520.0
6530.0
6550.0
6570.0
6590.0
6610.0
6630.0
6630.0
6650.0
6670.0
6690.0
6710.0
6730.0
6750.0
6770.0
6790.0
6810.0
6830.0
6850.0
6870.0
6890.0
6890.0
6910.0
6930.0
6950.0
6970.0
6990.0
7010.0
7030.0
7050.0
7060.0
7080.0
7100.0
7120.0
7140.0
7160.0
7170.0
7190.0
7210.0
7220.0
7240.0
7260.0
7280.0
7300.0
7320.0
7340.0
7360.0
7370.0
7390.0
7410.0
7420.0
7440.0
7460.0
7480.0
7500.0
7520.0
7530.0
7550.0
7570.0
7590.0
7610.0
7630.0
7640.0
7660.0
7680.0
7700.0
7720.0
7740.0
7760.0
7780.0
7800.0
7820.0
7840.0
7860.0
7870.0
7890.0
7900.0
7920.0
7940.0
7960.0
7980.0
7990.0
8000.0
8020.0
8040.0
8050.0
8070.0
8080.0
8100.0
8120.0
8140.0
8160.0
8180.0
8200.0
8210.0
8230.0
8250.0
8270.0
8290.0
8310.0
8330.0
8340.0
8350.0
8370.0
8390.0
8410.0
8420.0
8440.0
8460.0
8480.0
8500.0
8520.0
8540.0
8530.0
8550.0
8570.0
8590.0
8610.0
8620.0
8640.0
8660.0
8680.0
8700.0
8720.0
8740.0
8760.0
8780.0
8800.0
8820.0
8840.0
8850.0
8870.0
8890.0
8910.0
8930.0
8950.0
8970.0
8990.0
9010.0
9030.0
9050.0
9070.0
9080.0
9100.0
9120.0
9130.0
9150.0
9170.0
9180.0
9200.0
9210.0
9230.0
9250.0
9260.0
9270.0
9290.0
9310.0
9330.0
9350.0
9370.0
9390.0
9410.0
9430.0
9450.0
9470.0
9490.0
9510.0
9530.0
9550.0
9570.0
9590.0
9610.0
9630.0
9640.0
9660.0
9680.0
9700.0
9720.0
9730.0
9750.0
9760.0
9780.0
9800.0
9820.0
9840.0
9860.0
9870.0
9890.0
9910.0
9930.0
9950.0
9970.0
9990.0
10010.0
10030.0
10050.0
10060.0
10070.0
10090.0
10110.0
10110.0
10130.0
10150.0
10160.0
10180.0
10200.0
10220.0
10240.0
10260.0
10280.0
10290.0
10310.0
10330.0
10340.0
10360.0
10370.0
10380.0
10400.0
10420.0
10440.0
10460.0
10480.0
10500.0
10520.0
10540.0
10540.0
10560.0
10580.0
10600.0
10620.0
10620.0
10640.0
10660.0
10670.0
10690.0
10710.0
10700.0
10710.0
10720.0
10740.0
10750.0
10770.0
10790.0
10810.0
10830.0
10850.0
10860.0
10880.0
10900.0
10920.0
10940.0
10960.0
10980.0
11000.0
11020.0
11040.0
11060.0
11070.0
11090.0
11110.0
11130.0
11150.0
11160.0
11180.0
11200.0
11220.0
11240.0
11260.0
11270.0
11290.0
11310.0
11330.0
11340.0
11360.0
11370.0
11390.0
11400.0
11420.0
11430.0
11450.0
11470.0
11490.0
11500.0
11520.0
11530.0
11550.0
11570.0
11590.0
11610.0
11630.0
11640.0
11650.0
11670.0
11680.0
11700.0
11720.0
11740.0
11760.0
11780.0
11800.0
11820.0
11840.0
11860.0
11880.0
11880.0
11900.0
11920.0
11940.0
11960.0
11980.0
12000.0
12020.0
12020.0
12040.0
12060.0
12070.0
12090.0
12110.0
12120.0
12130.0
12140.0
12160.0
12180.0
12200.0
12210.0
12230.0
12250.0
12270.0
12290.0
12310.0
12330.0
12350.0
12370.0
12390.0
12410.0
12430.0
12450.0
12470.0
12470.0
12490.0
12510.0
12530.0
12550.0
12570.0
12590.0
12600.0
12620.0
12640.0
12660.0
12680.0
12680.0
12700.0
12720.0
12740.0
12760.0
12780.0
12800.0
12820.0
12840.0
12860.0
12870.0
12890.0
12910.0
12930.0
12950.0
12970.0
12990.0
13010.0
13030.0
13050.0
13070.0
13090.0
13100.0
13120.0
13140.0
13150.0
13170.0
13190.0
13210.0
13220.0
13240.0
13250.0
13270.0
13280.0
13300.0
13320.0
13330.0
13350.0
13370.0
13390.0
13410.0
13430.0
13450.0
13460.0
13480.0
13500.0
13520.0
13540.0
13550.0
13560.0
13580.0
13600.0
13620.0
13640.0
13660.0
13680.0
13690.0
13710.0
13720.0
13740.0
13760.0
13770.0
13790.0
13810.0
13830.0
13850.0
13870.0
13890.0
13910.0
13920.0
13940.0
13960.0
13970.0
13990.0
14010.0
14030.0
14050.0
14060.0
14080.0
14100.0
14120.0
14140.0
14140.0
14160.0
14170.0
14190.0
14210.0
14230.0
14250.0
14260.0
14280.0
14300.0
14320.0
14340.0
14360.0
14380.0
14400.0
14400.0
14410.0
14430.0
14440.0
14460.0
14480.0
14490.0
14510.0
14530.0
14550.0
14550.0
14570.0
14590.0
14610.0
14610.0
14630.0
14640.0
14650.0
14670.0
14690.0
14710.0
14730.0
14750.0
14770.0
14790.0
14800.0
14820.0
14840.0
14860.0
14880.0
14900.0
14920.0
14940.0
14960.0
14980.0
15000.0
15020.0
15030.0
15050.0
15070.0
15090.0
15100.0
15120.0
15130.0
15150.0
15170.0
15190.0
15210.0
15230.0
15250.0
15270.0
15290.0
15310.0
15320.0
15330.0
15350.0
15370.0
15390.0
15410.0
15430.0
15450.0
15470.0
15490.0
15510.0
15530.0
15550.0
15570.0
15580.0
15600.0
15620.0
15640.0
15660.0
15680.0
15700.0
15700.0
15710.0
15730.0
15750.0
15770.0
15790.0
15810.0
15830.0
15850.0
15870.0
15890.0
15910.0
15930.0
15950.0
15970.0
15990.0
16010.0
16030.0
16040.0
16060.0
16080.0
16100.0
16120.0
16140.0
16160.0
16170.0
16190.0
16210.0
16230.0
16250.0
16270.0
16290.0
16310.0
16330.0
16340.0
16360.0
16380.0
16400.0
16420.0
16440.0
16440.0
16460.0
16480.0
16500.0
16520.0
16520.0
16540.0
16560.0
16580.0
16600.0
16620.0
16640.0
16650.0
16670.0
16690.0
16710.0
16730.0
16750.0
16770.0
16790.0
16810.0
16820.0
16840.0
16860.0
16880.0
16890.0
16910.0
16930.0
16950.0
16970.0
16980.0
17000.0
17010.0
17030.0
17050.0
17070.0
17080.0
17100.0
17120.0
17140.0
17160.0
17180.0
17200.0
17220.0
17230.0
17250.0
17270.0
17290.0
17310.0
17320.0
17340.0
17360.0
17380.0
17400.0
17400.0
17420.0
17440.0
17460.0
17480.0
17490.0
17510.0
17530.0
17540.0
17560.0
17580.0
17600.0
17620.0
17640.0
17640.0
17660.0
17680.0
17700.0
17720.0
17740.0
17750.0
17770.0
17790.0
17800.0
17820.0
17840.0
17850.0
17870.0
17880.0
17900.0
17910.0
17930.0
17950.0
17970.0
17980.0
17990.0
17990.0
18010.0
18030.0
18050.0
18070.0
18070.0
18090.0
18110.0
18120.0
18140.0
18150.0
18160.0
18170.0
18180.0
18200.0
18220.0
18230.0
18250.0
18270.0
18290.0
18310.0
18320.0
18340.0
18360.0
18380.0
18400.0
18420.0
18440.0
18460.0
18470.0
18490.0
18510.0
18530.0
18550.0
18570.0
18590.0
18610.0
18630.0
18650.0
18650.0
18670.0
18690.0
18710.0
18710.0
18730.0
18750.0
18770.0
18790.0
18810.0
18830.0
18850.0
18870.0
18890.0
18900.0
18920.0
18940.0
18960.0
18980.0
18990.0
19010.0
19020.0
19030.0
19050.0
19070.0
19090.0
19110.0
19130.0
19150.0
19170.0
19190.0
19210.0
19230.0
19240.0
19260.0
19270.0
19290.0
19310.0
19320.0
19340.0
19350.0
19360.0
19380.0
19400.0
19420.0
19440.0
19440.0
19460.0
19460.0
19480.0
19500.0
19520.0
19540.0
19560.0
19580.0
19600.0
19620.0
19640.0
19660.0
19680.0
19700.0
19720.0
19740.0
19760.0
19780.0
19790.0
19810.0
19830.0
19850.0
19860.0
19870.0
19890.0
19900.0
19910.0
19930.0
19950.0
19970.0
19990.0
20000.0
20020.0
20030.0
20050.0
20070.0
20090.0
20110.0
20130.0
20150.0
20170.0
20190.0
20200.0
20220.0
20240.0
20260.0
20280.0
20280.0
20300.0
20320.0
20340.0
20360.0
20380.0
20400.0
20420.0
20430.0
20450.0
20470.0
20480.0
20490.0
20510.0
20530.0
20550.0
20570.0
20590.0
20610.0
20630.0
20650.0
20670.0
20690.0
20710.0
20730.0
20740.0
20750.0
20770.0
20790.0
20800.0
20820.0
20840.0
20860.0
20880.0
20900.0
20920.0
20940.0
20950.0
20970.0
20990.0
21010.0
21020.0
21030.0
21050.0
21070.0
21090.0
21110.0
21130.0
21150.0
21160.0
21170.0
21190.0
21210.0
21230.0
21250.0
21270.0
21290.0
21310.0
21330.0
21350.0
21370.0
21390.0
21410.0
21430.0
21440.0
21460.0
21480.0
21490.0
21500.0
21510.0
21530.0
21530.0
21550.0
21560.0
21580.0
21590.0
21610.0
21630.0
21650.0
21660.0
21680.0
21700.0
21710.0
21730.0
21750.0
21770.0
21790.0
21810.0
21830.0
21850.0
21860.0
21880.0
21900.0
21920.0
21940.0
21950.0
21970.0
21990.0
22010.0
22030.0
22050.0
22070.0
22090.0
22100.0
22120.0
22140.0
22160.0
22170.0
22190.0
22200.0
22190.0
22210.0
22230.0
22250.0
22270.0
22290.0
22300.0
22320.0
22340.0
22360.0
22370.0
22390.0
22400.0
22410.0
22430.0
22450.0
22470.0
22480.0
22500.0
22520.0
22540.0
22560.0
22570.0
22590.0
22600.0
22620.0
22640.0
22660.0
22680.0
22700.0
22720.0
22720.0
22730.0
22750.0
22770.0
22790.0
22810.0
22830.0
22850.0
22870.0
22890.0
22900.0
22920.0
22940.0
22960.0
22980.0
23000.0
23020.0
23040.0
23060.0
23080.0
23100.0
23120.0
23140.0
23150.0
23170.0
23190.0
23190.0
23210.0
23220.0
23240.0
23260.0
23270.0
23280.0
23300.0
23320.0
23330.0
23350.0
23370.0
23390.0
23410.0
23430.0
23450.0
23470.0
23480.0
