a = 0.2
g = 0.2
e = 0.5
random initial weights = false

-520.0
-610.0
-840.0
-1110.0
-1460.0
-1680.0
-1770.0
-1790.0
-1770.0
-1790.0
-1820.0
-1810.0
-1840.0
-1840.0
-1840.0
-1860.0
-1910.0
-1890.0
-1880.0
-1880.0
-1890.0
-1910.0
-1910.0
-1920.0
-1950.0
-1930.0
-1950.0
-1940.0
-2010.0
-2030.0
-2020.0
-2010.0
-1990.0
-2030.0
-2020.0
-2050.0
-2050.0
-2080.0
-2070.0
-2120.0
-2110.0
-2110.0
-2110.0
-2110.0
-2100.0
-2110.0
-2100.0
-2100.0
-2080.0
-2080.0
-2090.0
-2090.0
-2070.0
-2060.0
-2090.0
-2080.0
-2060.0
-2040.0
-2020.0
-2020.0
-2060.0
-2100.0
-2110.0
-2100.0
-2090.0
-2130.0
-2160.0
-2150.0
-2160.0
-2150.0
-2140.0
-2130.0
-2140.0
-2140.0
-2200.0
-2210.0
-2210.0
-2220.0
-2220.0
-2210.0
-2200.0
-2230.0
-2210.0
-2210.0
-2200.0
-2210.0
-2200.0
-2180.0
-2160.0
-2180.0
-2200.0
-2190.0
-2200.0
-2230.0
-2240.0
-2230.0
-2230.0
-2220.0
-2200.0
-2230.0
-2240.0
-2240.0
-2240.0
-2230.0
-2230.0
-2220.0
-2220.0
-2210.0
-2210.0
-2190.0
-2200.0
-2210.0
-2190.0
-2250.0
-2260.0
-2260.0
-2250.0
-2280.0
-2280.0
-2320.0
-2310.0
-2330.0
-2360.0
-2350.0
-2350.0
-2380.0
-2430.0
-2410.0
-2400.0
-2410.0
-2430.0
-2480.0
-2510.0
-2520.0
-2520.0
-2560.0
-2570.0
-2560.0
-2560.0
-2570.0
-2600.0
-2610.0
-2600.0
-2620.0
-2640.0
-2630.0
-2620.0
-2600.0
-2590.0
-2620.0
-2630.0
-2640.0
-2630.0
-2610.0
-2590.0
-2590.0
-2610.0
-2620.0
-2640.0
-2640.0
-2630.0
-2610.0
-2590.0
-2600.0
-2590.0
-2580.0
-2590.0
-2590.0
-2590.0
-2580.0
-2570.0
-2560.0
-2550.0
-2550.0
-2560.0
-2550.0
-2560.0
-2580.0
-2560.0
-2560.0
-2570.0
-2560.0
-2570.0
-2550.0
-2540.0
-2550.0
-2550.0
-2570.0
-2570.0
-2570.0
-2580.0
-2570.0
-2640.0
-2680.0
-2690.0
-2680.0
-2720.0
-2730.0
-2750.0
-2770.0
-2790.0
-2790.0
-2800.0
-2790.0
-2770.0
-2760.0
-2760.0
-2760.0
-2750.0
-2760.0
-2770.0
-2770.0
-2760.0
-2740.0
-2750.0
-2740.0
-2740.0
-2740.0
-2740.0
-2740.0
-2720.0
-2720.0
-2730.0
-2720.0
-2730.0
-2720.0
-2710.0
-2690.0
-2670.0
-2690.0
-2680.0
-2680.0
-2700.0
-2690.0
-2730.0
-2720.0
-2730.0
-2710.0
-2740.0
-2730.0
-2730.0
-2710.0
-2690.0
-2690.0
-2680.0
-2700.0
-2710.0
-2700.0
-2720.0
-2730.0
-2720.0
-2710.0
-2700.0
-2780.0
-2800.0
-2800.0
-2780.0
-2790.0
-2790.0
-2800.0
-2830.0
-2860.0
-2860.0
-2860.0
-2860.0
-2850.0
-2860.0
-2890.0
-2880.0
-2880.0
-2950.0
-2960.0
-2950.0
-2960.0
-2940.0
-2950.0
-2960.0
-2940.0
-2940.0
-2980.0
-2960.0
-2960.0
-2960.0
-2940.0
-2970.0
-2950.0
-2940.0
-2960.0
-2940.0
-2990.0
-2990.0
-2970.0
-2990.0
-3010.0
-3050.0
-3060.0
-3050.0
-3060.0
-3050.0
-3070.0
-3080.0
-3080.0
-3070.0
-3050.0
-3040.0
-3050.0
-3040.0
-3090.0
-3080.0
-3080.0
-3090.0
-3110.0
-3140.0
-3130.0
-3130.0
-3120.0
-3150.0
-3130.0
-3120.0
-3120.0
-3120.0
-3120.0
-3110.0
-3110.0
-3090.0
-3080.0
-3120.0
-3110.0
-3140.0
-3120.0
-3110.0
-3110.0
-3090.0
-3080.0
-3090.0
-3110.0
-3100.0
-3100.0
-3100.0
-3090.0
-3100.0
-3140.0
-3130.0
-3130.0
-3110.0
-3110.0
-3110.0
-3110.0
-3150.0
-3150.0
-3170.0
-3170.0
-3160.0
-3160.0
-3140.0
-3140.0
-3130.0
-3120.0
-3120.0
-3100.0
-3080.0
-3100.0
-3090.0
-3070.0
-3050.0
-3050.0
-3060.0
-3040.0
-3020.0
-3020.0
-3060.0
-3100.0
-3100.0
-3090.0
-3070.0
-3100.0
-3100.0
-3080.0
-3070.0
-3090.0
-3090.0
-3080.0
-3100.0
-3100.0
-3100.0
-3110.0
-3100.0
-3110.0
-3140.0
-3140.0
-3300.0
-3390.0
-3390.0
-3400.0
-3390.0
-3420.0
-3420.0
-3420.0
-3420.0
-3430.0
-3410.0
-3390.0
-3410.0
-3440.0
-3450.0
-3450.0
-3440.0
-3440.0
-3480.0
-3470.0
-3490.0
-3490.0
-3480.0
-3470.0
-3460.0
-3470.0
-3460.0
-3480.0
-3460.0
-3460.0
-3480.0
-3470.0
-3470.0
-3470.0
-3510.0
-3500.0
-3540.0
-3550.0
-3540.0
-3550.0
-3540.0
-3550.0
-3530.0
-3530.0
-3540.0
-3530.0
-3540.0
-3540.0
-3540.0
-3610.0
-3640.0
-3650.0
-3680.0
-3660.0
-3690.0
-3680.0
-3690.0
-3680.0
-3720.0
-3730.0
-3730.0
-3760.0
-3740.0
-3730.0
-3720.0
-3750.0
-3740.0
-3750.0
-3730.0
-3730.0
-3730.0
-3740.0
-3760.0
-3770.0
-3760.0
-3770.0
-3780.0
-3790.0
-3790.0
-3830.0
-3810.0
-3840.0
-3850.0
-3830.0
-3820.0
-3810.0
-3850.0
-3830.0
-3830.0
-3820.0
-3810.0
-3840.0
-3830.0
-3820.0
-3840.0
-3820.0
-3810.0
-3790.0
-3810.0
-3850.0
-3840.0
-3830.0
-3860.0
-3880.0
-3910.0
-3890.0
-3870.0
-3890.0
-3880.0
-3920.0
-3920.0
-3910.0
-3900.0
-3880.0
-3870.0
-3910.0
-3910.0
-3940.0
-3950.0
-3990.0
-3980.0
-3990.0
-3980.0
-4020.0
-4010.0
-4010.0
-4020.0
-4010.0
-4010.0
-4020.0
-4010.0
-4040.0
-4050.0
-4080.0
-4110.0
-4140.0
-4150.0
-4150.0
-4150.0
-4150.0
-4180.0
-4250.0
-4230.0
-4260.0
-4300.0
-4290.0
-4290.0
-4310.0
-4310.0
-4300.0
-4290.0
-4270.0
-4280.0
-4300.0
-4320.0
-4300.0
-4290.0
-4320.0
-4310.0
-4330.0
-4320.0
-4300.0
-4300.0
-4290.0
-4270.0
-4290.0
-4270.0
-4270.0
-4280.0
-4280.0
-4290.0
-4320.0
-4340.0
-4340.0
-4330.0
-4310.0
-4330.0
-4380.0
-4410.0
-4420.0
-4410.0
-4390.0
-4390.0
-4370.0
-4360.0
-4360.0
-4340.0
-4350.0
-4360.0
-4390.0
-4420.0
-4450.0
-4450.0
-4440.0
-4520.0
-4570.0
-4580.0
-4580.0
-4570.0
-4580.0
-4570.0
-4560.0
-4620.0
-4620.0
-4630.0
-4640.0
-4660.0
-4650.0
-4650.0
-4650.0
-4710.0
-4720.0
-4780.0
-4810.0
-4810.0
-4830.0
-4830.0
-4830.0
-4840.0
-4850.0
-4830.0
-4860.0
-4850.0
-4850.0
-4860.0
-4850.0
-4860.0
-4860.0
-4900.0
-4890.0
-4920.0
-4910.0
-4890.0
-4890.0
-4900.0
-4890.0
-4910.0
-4900.0
-4900.0
-4920.0
-4900.0
-4930.0
-4930.0
-4940.0
-4970.0
-4980.0
-4970.0
-4960.0
-4960.0
-4950.0
-4960.0
-4940.0
-4930.0
-4910.0
-4910.0
-4930.0
-4930.0
-4940.0
-4930.0
-4950.0
-4940.0
-4990.0
-4970.0
-4990.0
-5050.0
-5080.0
-5070.0
-5080.0
-5090.0
-5090.0
-5080.0
-5090.0
-5130.0
-5160.0
-5160.0
-5170.0
-5170.0
-5190.0
-5210.0
-5250.0
-5240.0
-5230.0
-5240.0
-5330.0
-5320.0
-5330.0
-5310.0
-5320.0
-5300.0
-5300.0
-5290.0
-5300.0
-5330.0
-5310.0
-5310.0
-5310.0
-5330.0
-5310.0
-5320.0
-5340.0
-5330.0
-5370.0
-5370.0
-5400.0
-5400.0
-5400.0
-5380.0
-5380.0
-5390.0
-5380.0
-5410.0
-5420.0
-5440.0
-5430.0
-5430.0
-5410.0
-5390.0
-5380.0
-5410.0
-5400.0
-5440.0
-5430.0
-5410.0
-5420.0
-5400.0
-5390.0
-5370.0
-5420.0
-5440.0
-5450.0
-5450.0
-5440.0
-5500.0
-5490.0
-5570.0
-5590.0
-5590.0
-5580.0
-5580.0
-5580.0
-5560.0
-5570.0
-5590.0
-5580.0
-5600.0
-5640.0
-5650.0
-5630.0
-5630.0
-5620.0
-5640.0
-5620.0
-5610.0
-5600.0
-5600.0
-5590.0
-5590.0
-5590.0
-5580.0
-5640.0
-5640.0
-5620.0
-5640.0
-5630.0
-5620.0
-5660.0
-5650.0
-5640.0
-5650.0
-5670.0
-5670.0
-5680.0
-5690.0
-5680.0
-5660.0
-5650.0
-5630.0
-5620.0
-5620.0
-5640.0
-5630.0
-5620.0
-5600.0
-5590.0
-5640.0
-5630.0
-5650.0
-5630.0
-5620.0
-5630.0
-5610.0
-5610.0
-5610.0
-5600.0
-5600.0
-5680.0
-5690.0
-5690.0
-5680.0
-5710.0
-5710.0
-5690.0
-5720.0
-5760.0
-5770.0
-5770.0
-5770.0
-5790.0
-5770.0
-5760.0
-5750.0
-5740.0
-5720.0
-5720.0
-5770.0
-5800.0
-5790.0
-5800.0
-5840.0
-5850.0
-5860.0
-5840.0
-5840.0
-5870.0
-5880.0
-5880.0
-5880.0
-5910.0
-5900.0
-5890.0
-5930.0
-5950.0
-5950.0
-5930.0
-5930.0
-5930.0
-5940.0
-5930.0
-5920.0
-5930.0
-5910.0
-5890.0
-5890.0
-5920.0
-5920.0
-5940.0
-5940.0
-5960.0
-6010.0
-6040.0
-6080.0
-6070.0
-6070.0
-6060.0
-6060.0
-6060.0
-6060.0
-6090.0
-6070.0
-6060.0
-6080.0
-6110.0
-6110.0
-6100.0
-6080.0
-6060.0
-6050.0
-6060.0
-6100.0
-6140.0
-6140.0
-6150.0
-6140.0
-6140.0
-6130.0
-6140.0
-6140.0
-6120.0
-6110.0
-6110.0
-6100.0
-6090.0
-6080.0
-6070.0
-6060.0
-6060.0
-6080.0
-6090.0
-6090.0
-6070.0
-6080.0
-6080.0
-6070.0
-6060.0
-6060.0
-6050.0
-6090.0
-6100.0
-6120.0
-6140.0
-6170.0
-6170.0
-6220.0
-6280.0
-6280.0
-6280.0
-6260.0
-6260.0
-6260.0
-6260.0
-6250.0
-6240.0
-6230.0
-6230.0
-6230.0
-6230.0
-6220.0
-6210.0
-6190.0
-6230.0
-6250.0
-6240.0
-6270.0
-6250.0
-6280.0
-6270.0
-6340.0
-6330.0
-6320.0
-6310.0
-6310.0
-6300.0
-6330.0
-6360.0
-6400.0
-6400.0
-6420.0
-6400.0
-6410.0
-6410.0
-6390.0
-6390.0
-6380.0
-6380.0
-6370.0
-6380.0
-6360.0
-6350.0
-6350.0
-6340.0
-6340.0
-6320.0
-6310.0
-6300.0
-6300.0
-6290.0
-6300.0
-6370.0
-6350.0
-6340.0
-6340.0
-6420.0
-6470.0
-6460.0
-6440.0
-6430.0
-6410.0
-6410.0
-6430.0
-6460.0
-6470.0
-6460.0
-6450.0
-6490.0
-6520.0
-6510.0
-6530.0
-6520.0
-6560.0
-6590.0
-6570.0
-6570.0
-6550.0
-6540.0
-6540.0
-6550.0
-6570.0
-6570.0
-6560.0
-6550.0
-6590.0
-6580.0
-6570.0
-6570.0
-6580.0
-6580.0
-6560.0
-6540.0
-6560.0
-6630.0
-6650.0
-6700.0
-6700.0
-6720.0
-6710.0
-6760.0
-6760.0
-6740.0
-6780.0
-6790.0
-6780.0
-6770.0
-6760.0
-6800.0
-6800.0
-6810.0
-6810.0
-6810.0
-6800.0
-6790.0
-6770.0
-6780.0
-6800.0
-6790.0
-6790.0
-6790.0
-6780.0
-6780.0
-6790.0
-6870.0
-6870.0
-6860.0
-6860.0
-6850.0
-6850.0
-6840.0
-6870.0
-6850.0
-6890.0
-6890.0
-6890.0
-6920.0
-6910.0
-6910.0
-6920.0
-6910.0
-6900.0
-6890.0
-6880.0
-6870.0
-6850.0
-6890.0
-6890.0
-6900.0
-6910.0
-6920.0
-6900.0
-6880.0
-6890.0
-6920.0
-6940.0
-6950.0
-6990.0
-7020.0
-7010.0
-7030.0
-7020.0
-7030.0
-7020.0
-7030.0
-7040.0
-7030.0
-7020.0
-7000.0
-7000.0
-7000.0
-6990.0
-6990.0
-6980.0
-6990.0
-6970.0
-6960.0
-6960.0
-6960.0
-6950.0
-6960.0
-6950.0
-6940.0
-6950.0
-6930.0
-6910.0
-6930.0
-6930.0
-6920.0
-7000.0
-6980.0
-6960.0
-6970.0
-6970.0
-6960.0
-6980.0
-6980.0
-6960.0
-6990.0
-6990.0
-7020.0
-7030.0
-7010.0
-7020.0
-7070.0
-7100.0
-7110.0
-7100.0
-7110.0
-7130.0
-7150.0
-7130.0
-7140.0
-7140.0
-7140.0
-7190.0
-7190.0
-7210.0
-7200.0
-7210.0
-7230.0
-7240.0
-7250.0
-7240.0
-7240.0
-7230.0
-7220.0
-7240.0
-7230.0
-7230.0
-7220.0
-7230.0
-7240.0
-7290.0
-7280.0
-7280.0
-7260.0
-7240.0
-7220.0
-7220.0
-7280.0
-7270.0
-7270.0
-7260.0
-7240.0
-7220.0
-7210.0
-7190.0
-7170.0
-7190.0
-7190.0
-7200.0
-7210.0
-7230.0
-7260.0
-7250.0
-7230.0
-7260.0
-7270.0
-7310.0
-7320.0
-7320.0
-7320.0
-7330.0
-7330.0
-7310.0
-7290.0
-7280.0
-7280.0
-7330.0
-7310.0
-7300.0
-7320.0
-7320.0
-7320.0
-7310.0
-7290.0
-7290.0
-7280.0
-7270.0
-7290.0
-7280.0
-7290.0
-7280.0
-7330.0
-7320.0
-7350.0
-7370.0
-7360.0
-7380.0
-7370.0
-7360.0
-7380.0
-7420.0
-7400.0
-7430.0
-7410.0
-7390.0
-7390.0
-7370.0
-7350.0
-7350.0
-7340.0
-7340.0
-7330.0
-7360.0
-7350.0
-7350.0
-7370.0
-7420.0
-7410.0
-7410.0
-7400.0
-7410.0
-7410.0
-7420.0
-7410.0
-7400.0
-7390.0
-7390.0
-7400.0
-7420.0
-7420.0
-7430.0
-7470.0
-7490.0
-7470.0
-7510.0
-7500.0
-7490.0
-7480.0
-7500.0
-7530.0
-7540.0
-7540.0
-7530.0
-7600.0
-7580.0
-7650.0
-7650.0
-7660.0
-7640.0
-7620.0
-7640.0
-7620.0
-7600.0
-7590.0
-7590.0
-7590.0
-7570.0
-7560.0
-7550.0
-7550.0
-7550.0
-7540.0
-7560.0
-7570.0
-7560.0
-7560.0
-7550.0
-7550.0
-7560.0
-7560.0
-7570.0
-7560.0
-7600.0
-7610.0
-7600.0
-7620.0
-7610.0
-7610.0
-7640.0
-7620.0
-7650.0
-7670.0
-7670.0
-7660.0
-7670.0
-7680.0
-7700.0
-7700.0
-7770.0
-7790.0
-7790.0
-7840.0
-7860.0
-7840.0
-7920.0
-7900.0
-7990.0
-8060.0
-8070.0
-8090.0
-8090.0
-8100.0
-8100.0
-8140.0
-8140.0
-8130.0
-8140.0
-8130.0
-8110.0
-8110.0
-8120.0
-8110.0
-8110.0
-8090.0
-8080.0
-8080.0
-8080.0
-8060.0
-8090.0
-8090.0
-8080.0
-8100.0
-8100.0
-8130.0
-8160.0
-8150.0
-8180.0
-8160.0
-8160.0
-8170.0
-8170.0
-8180.0
-8180.0
-8170.0
-8200.0
-8290.0
-8290.0
-8280.0
-8270.0
-8250.0
-8280.0
-8300.0
-8300.0
-8320.0
-8330.0
-8340.0
-8340.0
-8360.0
-8340.0
-8330.0
-8330.0
-8320.0
-8340.0
-8350.0
-8430.0
-8430.0
-8440.0
-8450.0
-8460.0
-8460.0
-8460.0
-8510.0
-8510.0
-8500.0
-8500.0
-8480.0
-8470.0
-8570.0
-8550.0
-8540.0
-8660.0
-8660.0
-8640.0
-8680.0
-8670.0
-8680.0
-8660.0
-8660.0
-8670.0
-8670.0
-8670.0
-8660.0
-8650.0
-8640.0
-8670.0
-8690.0
-8680.0
-8710.0
-8690.0
-8680.0
-8680.0
-8670.0
-8670.0
-8660.0
-8670.0
-8690.0
-8710.0
-8710.0
-8700.0
-8690.0
-8730.0
-8750.0
-8770.0
-8800.0
-8810.0
-8830.0
-8810.0
-8820.0
-8820.0
-8900.0
-8880.0
-8890.0
-8900.0
-8900.0
-8880.0
-8870.0
-8920.0
-8910.0
-8890.0
-8890.0
-8930.0
-8930.0
-8940.0
-8930.0
-8930.0
-8940.0
-8920.0
-8930.0
-8930.0
-8940.0
-8940.0
-8930.0
-8940.0
-8950.0
-8960.0
-8970.0
-8950.0
-8940.0
-8920.0
-8950.0
-8970.0
-8960.0
-9010.0
-9020.0
-9030.0
-9060.0
-9060.0
-9150.0
-9150.0
-9180.0
-9190.0
-9180.0
-9170.0
-9190.0
-9170.0
-9190.0
-9200.0
-9210.0
-9190.0
-9180.0
-9190.0
-9210.0
-9220.0
-9210.0
-9240.0
-9240.0
-9240.0
-9220.0
-9200.0
-9200.0
-9260.0
-9250.0
-9270.0
-9260.0
-9260.0
-9280.0
-9270.0
-9260.0
-9260.0
-9240.0
-9290.0
-9300.0
-9300.0
-9320.0
-9330.0
-9330.0
-9330.0
-9330.0
-9360.0
-9400.0
-9400.0
-9420.0
-9420.0
-9410.0
-9430.0
-9420.0
-9460.0
-9460.0
-9440.0
-9420.0
-9420.0
-9440.0
-9440.0
-9420.0
-9430.0
-9420.0
-9450.0
-9470.0
-9520.0
-9540.0
-9540.0
-9540.0
