a = 0.5
g = 0.2
e = 0.1
random initial weights = false

-480.0
-770.0
-950.0
-1170.0
-1170.0
-1150.0
-1190.0
-1300.0
-1370.0
-1380.0
-1370.0
-1370.0
-1390.0
-1380.0
-1360.0
-1370.0
-1350.0
-1330.0
-1310.0
-1290.0
-1280.0
-1290.0
-1290.0
-1270.0
-1250.0
-1250.0
-1230.0
-1210.0
-1190.0
-1180.0
-1170.0
-1150.0
-1130.0
-1110.0
-1090.0
-1070.0
-1050.0
-1030.0
-1010.0
-990.0
-980.0
-960.0
-950.0
-950.0
-930.0
-910.0
-890.0
-870.0
-860.0
-840.0
-830.0
-810.0
-790.0
-780.0
-760.0
-740.0
-720.0
-700.0
-680.0
-660.0
-640.0
-620.0
-600.0
-580.0
-560.0
-540.0
-530.0
-510.0
-490.0
-470.0
-460.0
-440.0
-420.0
-400.0
-380.0
-360.0
-340.0
-320.0
-310.0
-290.0
-270.0
-250.0
-230.0
-210.0
-190.0
-170.0
-150.0
-130.0
-110.0
-90.0
-70.0
-50.0
-40.0
-20.0
0.0
20.0
40.0
60.0
80.0
100.0
120.0
140.0
150.0
170.0
190.0
210.0
230.0
250.0
270.0
290.0
310.0
330.0
350.0
370.0
390.0
410.0
430.0
450.0
470.0
490.0
510.0
530.0
550.0
570.0
590.0
610.0
630.0
650.0
670.0
690.0
710.0
720.0
740.0
760.0
780.0
790.0
810.0
830.0
850.0
870.0
880.0
900.0
920.0
940.0
960.0
980.0
1000.0
1020.0
1030.0
1030.0
1040.0
1060.0
1050.0
1070.0
1090.0
1100.0
1120.0
1140.0
1160.0
1180.0
1200.0
1220.0
1240.0
1260.0
1280.0
1300.0
1320.0
1330.0
1340.0
1360.0
1380.0
1400.0
1420.0
1440.0
1460.0
1480.0
1500.0
1520.0
1540.0
1560.0
1580.0
1600.0
1620.0
1630.0
1650.0
1670.0
1690.0
1710.0
1730.0
1750.0
1770.0
1790.0
1810.0
1830.0
1850.0
1870.0
1890.0
1910.0
1930.0
1950.0
1970.0
1990.0
2010.0
2030.0
2040.0
2060.0
2080.0
2100.0
2120.0
2140.0
2160.0
2180.0
2200.0
2220.0
2240.0
2260.0
2280.0
2300.0
2320.0
2340.0
2360.0
2380.0
2400.0
2420.0
2440.0
2460.0
2480.0
2500.0
2520.0
2530.0
2550.0
2560.0
2580.0
2600.0
2620.0
2640.0
2660.0
2680.0
2700.0
2720.0
2740.0
2760.0
2780.0
2800.0
2820.0
2840.0
2860.0
2880.0
2900.0
2920.0
2940.0
2960.0
2980.0
3000.0
3020.0
3030.0
3050.0
3070.0
3090.0
3110.0
3130.0
3140.0
3150.0
3170.0
3190.0
3210.0
3230.0
3240.0
3260.0
3280.0
3300.0
3320.0
3340.0
3360.0
3380.0
3400.0
3420.0
3440.0
3460.0
3480.0
3500.0
3520.0
3540.0
3560.0
3580.0
3600.0
3620.0
3640.0
3660.0
3680.0
3690.0
3710.0
3730.0
3750.0
3770.0
3790.0
3810.0
3830.0
3850.0
3870.0
3890.0
3910.0
3930.0
3950.0
3970.0
3990.0
4010.0
4030.0
4050.0
4070.0
4090.0
4110.0
4130.0
4150.0
4170.0
4190.0
4210.0
4230.0
4250.0
4270.0
4290.0
4310.0
4330.0
4350.0
4370.0
4390.0
4400.0
4420.0
4440.0
4460.0
4480.0
4500.0
4520.0
4540.0
4560.0
4580.0
4600.0
4620.0
4640.0
4660.0
4680.0
4700.0
4720.0
4740.0
4760.0
4780.0
4800.0
4820.0
4840.0
4860.0
4880.0
4890.0
4910.0
4930.0
4950.0
4970.0
4990.0
5010.0
5030.0
5050.0
5070.0
5080.0
5100.0
5120.0
5140.0
5160.0
5170.0
5190.0
5210.0
5220.0
5240.0
5260.0
5280.0
5300.0
5320.0
5340.0
5360.0
5380.0
5400.0
5420.0
5440.0
5460.0
5480.0
5500.0
5520.0
5540.0
5560.0
5580.0
5600.0
5610.0
5630.0
5650.0
5670.0
5690.0
5710.0
5730.0
5750.0
5770.0
5790.0
5810.0
5830.0
5840.0
5860.0
5880.0
5900.0
5920.0
5940.0
5960.0
5980.0
6000.0
6020.0
6040.0
5960.0
5980.0
6000.0
6020.0
6040.0
6060.0
6080.0
6100.0
6120.0
6140.0
6160.0
6180.0
6200.0
6220.0
6230.0
6240.0
6260.0
6280.0
6300.0
6320.0
6340.0
6360.0
6380.0
6400.0
6420.0
6440.0
6460.0
6480.0
6500.0
6520.0
6540.0
6560.0
6580.0
6600.0
6620.0
6640.0
6660.0
6680.0
6700.0
6720.0
6740.0
6760.0
6780.0
6800.0
6820.0
6840.0
6860.0
6880.0
6900.0
6920.0
6940.0
6960.0
6980.0
7000.0
7020.0
7040.0
7060.0
7080.0
7100.0
7120.0
7140.0
7160.0
7180.0
7190.0
7210.0
7230.0
7250.0
7270.0
7290.0
7310.0
7330.0
7350.0
7370.0
7390.0
7410.0
7430.0
7450.0
7470.0
7490.0
7500.0
7520.0
7540.0
7560.0
7580.0
7600.0
7620.0
7640.0
7660.0
7680.0
7700.0
7720.0
7740.0
7760.0
7780.0
7790.0
7810.0
7820.0
7840.0
7860.0
7880.0
7900.0
7910.0
7930.0
7950.0
7970.0
7970.0
7990.0
8010.0
8030.0
8050.0
8070.0
8090.0
8110.0
8130.0
8130.0
8150.0
8170.0
8190.0
8210.0
8230.0
8250.0
8270.0
8290.0
8310.0
8330.0
8350.0
8370.0
8390.0
8410.0
8430.0
8450.0
8460.0
8480.0
8500.0
8520.0
8540.0
8560.0
8570.0
8590.0
8610.0
8630.0
8650.0
8670.0
8690.0
8710.0
8730.0
8750.0
8770.0
8790.0
8810.0
8830.0
8850.0
8870.0
8890.0
8910.0
8930.0
8950.0
8970.0
8990.0
9010.0
9030.0
9050.0
9070.0
9090.0
9110.0
9130.0
9120.0
9140.0
9160.0
9180.0
9190.0
9210.0
9230.0
9250.0
9270.0
9290.0
9310.0
9330.0
9350.0
9370.0
9390.0
9410.0
9430.0
9450.0
9470.0
9490.0
9510.0
9520.0
9540.0
9560.0
9580.0
9600.0
9620.0
9640.0
9660.0
9680.0
9700.0
9720.0
9740.0
9760.0
9780.0
9800.0
9820.0
9840.0
9860.0
9880.0
9900.0
9920.0
9940.0
9960.0
9980.0
10000.0
10020.0
10040.0
10060.0
10080.0
10100.0
10120.0
10140.0
10160.0
10170.0
10190.0
10210.0
10230.0
10250.0
10270.0
10290.0
10310.0
10330.0
10350.0
10370.0
10390.0
10410.0
10420.0
10440.0
10460.0
10480.0
10500.0
10510.0
10530.0
10550.0
10570.0
10590.0
10610.0
10630.0
10650.0
10670.0
10690.0
10710.0
10730.0
10750.0
10770.0
10790.0
10800.0
10820.0
10840.0
10860.0
10880.0
10900.0
10920.0
10940.0
10960.0
10980.0
11000.0
11020.0
11040.0
11040.0
11060.0
11080.0
11100.0
11120.0
11140.0
11160.0
11180.0
11200.0
11220.0
11240.0
11260.0
11270.0
11280.0
11300.0
11320.0
11340.0
11360.0
11380.0
11400.0
11420.0
11440.0
11460.0
11470.0
11490.0
11510.0
11530.0
11550.0
11560.0
11580.0
11600.0
11610.0
11630.0
11650.0
11670.0
11690.0
11710.0
11730.0
11750.0
11770.0
11780.0
11800.0
11820.0
11840.0
11860.0
11880.0
11900.0
11920.0
11940.0
11960.0
11970.0
11990.0
12010.0
12030.0
12050.0
12070.0
12090.0
12100.0
12120.0
12140.0
12160.0
12170.0
12190.0
12210.0
12230.0
12240.0
12260.0
12280.0
12300.0
12320.0
12340.0
12360.0
12380.0
12400.0
12420.0
12440.0
12460.0
12480.0
12500.0
12520.0
12540.0
12550.0
12570.0
12590.0
12610.0
12630.0
12650.0
12670.0
12690.0
12710.0
12730.0
12750.0
12770.0
12790.0
12810.0
12830.0
12850.0
12870.0
12890.0
12900.0
12920.0
12940.0
12960.0
12980.0
12990.0
13010.0
13030.0
13050.0
13060.0
13080.0
13100.0
13120.0
13140.0
13160.0
13180.0
13200.0
13220.0
13240.0
13260.0
13280.0
13300.0
13320.0
13340.0
13360.0
13380.0
13400.0
13420.0
13440.0
13460.0
13480.0
13500.0
13520.0
13540.0
13560.0
13580.0
13600.0
13620.0
13640.0
13660.0
13680.0
13690.0
13710.0
13730.0
13750.0
13770.0
13790.0
13810.0
13830.0
13850.0
13870.0
13880.0
13900.0
13920.0
13940.0
13960.0
13980.0
14000.0
14020.0
14040.0
14060.0
14080.0
14100.0
14120.0
14130.0
14150.0
14170.0
14190.0
14210.0
14230.0
14250.0
14270.0
14280.0
14290.0
14310.0
14330.0
14350.0
14370.0
14380.0
14400.0
14420.0
14440.0
14460.0
14480.0
14500.0
14510.0
14530.0
14550.0
14570.0
14590.0
14610.0
14630.0
14650.0
14670.0
14690.0
14710.0
14730.0
14750.0
14750.0
14770.0
14790.0
14810.0
14830.0
14840.0
14860.0
14880.0
14900.0
14920.0
14940.0
14960.0
14980.0
15000.0
15020.0
15040.0
15060.0
15080.0
15090.0
15110.0
15130.0
15150.0
15170.0
15190.0
15210.0
15230.0
15250.0
15270.0
15290.0
15310.0
15330.0
15350.0
15370.0
15390.0
15410.0
15420.0
15440.0
15460.0
15480.0
15500.0
15520.0
15540.0
15560.0
15580.0
15590.0
15610.0
15630.0
15640.0
15660.0
15680.0
15700.0
15720.0
15730.0
15740.0
15760.0
15780.0
15800.0
15820.0
15840.0
15860.0
15880.0
15900.0
15910.0
15930.0
15950.0
15970.0
15990.0
16010.0
16030.0
16050.0
16070.0
16090.0
16110.0
16130.0
16150.0
16170.0
16190.0
16210.0
16230.0
16250.0
16270.0
16290.0
16310.0
16330.0
16350.0
16370.0
16390.0
16410.0
16430.0
16450.0
16470.0
16490.0
16510.0
16530.0
16550.0
16560.0
16580.0
16600.0
16620.0
16640.0
16660.0
16680.0
16700.0
16720.0
16740.0
16760.0
16780.0
16800.0
16820.0
16840.0
16860.0
16880.0
16900.0
16920.0
16940.0
16960.0
16980.0
17000.0
17020.0
17040.0
17050.0
17070.0
17090.0
17110.0
17130.0
17140.0
17160.0
17180.0
17200.0
17220.0
17240.0
17260.0
17280.0
17300.0
17320.0
17330.0
17350.0
17370.0
17390.0
17410.0
17430.0
17450.0
17470.0
17490.0
17510.0
17530.0
17550.0
17570.0
17590.0
17610.0
17630.0
17650.0
17670.0
17690.0
17690.0
17700.0
17710.0
17730.0
17750.0
17770.0
17790.0
17810.0
17830.0
17850.0
17870.0
17890.0
17910.0
17930.0
17950.0
17970.0
17990.0
17990.0
18010.0
18030.0
18050.0
18070.0
18090.0
18110.0
18120.0
18140.0
18160.0
18180.0
18200.0
18220.0
18240.0
18260.0
18280.0
18300.0
18310.0
18330.0
18350.0
18370.0
18390.0
18410.0
18430.0
18450.0
18470.0
18490.0
18500.0
18520.0
18540.0
18550.0
18570.0
18590.0
18610.0
18630.0
18650.0
18670.0
18690.0
18710.0
18730.0
18750.0
18770.0
18790.0
18810.0
18830.0
18850.0
18870.0
18890.0
18910.0
18930.0
18950.0
18970.0
18990.0
19010.0
19030.0
19050.0
19070.0
19090.0
19110.0
19130.0
19150.0
19170.0
19190.0
19210.0
19220.0
19240.0
19260.0
19280.0
19290.0
19310.0
19330.0
19350.0
19370.0
19390.0
19410.0
19430.0
19450.0
19470.0
19490.0
19510.0
19520.0
19530.0
19550.0
19570.0
19590.0
19610.0
19620.0
19640.0
19660.0
19680.0
19700.0
19710.0
19730.0
19750.0
19770.0
19790.0
19810.0
19830.0
19840.0
19850.0
19870.0
19890.0
19910.0
19930.0
19950.0
19970.0
19990.0
20010.0
20020.0
20040.0
20060.0
20080.0
20100.0
20110.0
20130.0
20150.0
20160.0
20180.0
20200.0
20220.0
20240.0
20260.0
20280.0
20300.0
20310.0
20330.0
20350.0
20370.0
20390.0
20410.0
20430.0
20450.0
20470.0
20490.0
20510.0
20530.0
20550.0
20570.0
20590.0
20610.0
20630.0
20650.0
20660.0
20680.0
20700.0
20720.0
20740.0
20760.0
20780.0
20800.0
20810.0
20830.0
20850.0
20870.0
20890.0
20910.0
20930.0
20950.0
20960.0
20980.0
21000.0
21020.0
21040.0
21060.0
21080.0
21100.0
21120.0
21140.0
21160.0
21180.0
21200.0
21220.0
21240.0
21260.0
21280.0
21300.0
21320.0
21340.0
21360.0
21370.0
21390.0
21410.0
21430.0
21450.0
21470.0
21490.0
21510.0
21530.0
21550.0
21570.0
21590.0
21610.0
21630.0
21650.0
21670.0
21690.0
21710.0
21730.0
21750.0
21770.0
21790.0
21810.0
21830.0
21850.0
21870.0
21880.0
21900.0
21920.0
21940.0
21960.0
21980.0
22000.0
22020.0
22040.0
22060.0
22080.0
22100.0
22120.0
22140.0
22160.0
22180.0
22200.0
22220.0
22240.0
22260.0
22280.0
22300.0
22320.0
22340.0
22360.0
22380.0
22400.0
22420.0
22440.0
22460.0
22480.0
22500.0
22520.0
22540.0
22560.0
22580.0
22600.0
22620.0
22630.0
22650.0
22670.0
22690.0
22710.0
22730.0
22750.0
22770.0
22790.0
22810.0
22820.0
22840.0
22860.0
22870.0
22890.0
22910.0
22930.0
22950.0
22970.0
22990.0
23010.0
23030.0
23050.0
23070.0
23090.0
23110.0
23130.0
23150.0
23170.0
23190.0
23210.0
23230.0
23250.0
23270.0
23290.0
23310.0
23330.0
23350.0
23370.0
23390.0
23410.0
23430.0
23450.0
23460.0
23480.0
23500.0
23520.0
23540.0
23560.0
23580.0
23600.0
23620.0
23640.0
23660.0
23680.0
23700.0
23710.0
23730.0
23740.0
23760.0
23780.0
23800.0
23820.0
23840.0
23860.0
23870.0
23890.0
23910.0
23930.0
23950.0
23970.0
23990.0
24010.0
24030.0
24050.0
24070.0
24090.0
24110.0
24130.0
24150.0
24160.0
24180.0
24200.0
24220.0
24240.0
24260.0
24280.0
24300.0
24320.0
24330.0
24350.0
24370.0
24380.0
24400.0
24420.0
24410.0
24430.0
24450.0
24460.0
24480.0
24500.0
24520.0
24540.0
24560.0
24580.0
24600.0
24620.0
24620.0
24640.0
24660.0
24670.0
24690.0
24710.0
24730.0
24750.0
24760.0
24780.0
24800.0
24820.0
24840.0
24850.0
24870.0
24890.0
24910.0
24930.0
24950.0
24970.0
24990.0
25010.0
25030.0
25050.0
25070.0
25090.0
25110.0
25110.0
25130.0
25150.0
25170.0
25190.0
25210.0
25230.0
25250.0
25270.0
25290.0
25310.0
25330.0
25350.0
25370.0
25390.0
25410.0
25430.0
25450.0
25470.0
25490.0
25510.0
25530.0
25550.0
25570.0
25580.0
25600.0
25620.0
25640.0
25660.0
25680.0
25700.0
25720.0
25730.0
25750.0
25770.0
25790.0
25810.0
25830.0
25850.0
25870.0
25890.0
25910.0
25930.0
25950.0
25950.0
25970.0
25990.0
26010.0
26020.0
26040.0
26050.0
26070.0
26090.0
26110.0
26120.0
26140.0
26150.0
26170.0
26190.0
26210.0
26230.0
26250.0
26270.0
26290.0
26310.0
26330.0
26350.0
26370.0
26390.0
26410.0
26430.0
26440.0
26460.0
26480.0
26500.0
26520.0
26540.0
