a = 0.8
g = 0.5
e = 0.5
random initial weights = false

-350.0
-1040.0
-1310.0
-1750.0
-2030.0
-2770.0
-2900.0
-3010.0
-3250.0
-3340.0
-3420.0
-3630.0
-3840.0
-3920.0
-4150.0
-4210.0
-4280.0
-4350.0
-4330.0
-4320.0
-4310.0
-4360.0
-4420.0
-4430.0
-4570.0
-4590.0
-4590.0
-4590.0
-4750.0
-4790.0
-4790.0
-4790.0
-4770.0
-4770.0
-4770.0
-4790.0
-4770.0
-4810.0
-4810.0
-4800.0
-4790.0
-4770.0
-4770.0
-4750.0
-4730.0
-4710.0
-4730.0
-4730.0
-4750.0
-4740.0
-4750.0
-4750.0
-4780.0
-4760.0
-4780.0
-4760.0
-4800.0
-4780.0
-4760.0
-4750.0
-4760.0
-4750.0
-4750.0
-4750.0
-4780.0
-4770.0
-4800.0
-4800.0
-4780.0
-4780.0
-4790.0
-4820.0
-4820.0
-4800.0
-4780.0
-4760.0
-4740.0
-4740.0
-4730.0
-4740.0
-4740.0
-4740.0
-4720.0
-4710.0
-4720.0
-4750.0
-4780.0
-4780.0
-4760.0
-4750.0
-4750.0
-4770.0
-4750.0
-4810.0
-4800.0
-4800.0
-4800.0
-4810.0
-4810.0
-4840.0
-4890.0
-4900.0
-4880.0
-4860.0
-4840.0
-4820.0
-4800.0
-4820.0
-4820.0
-4800.0
-4780.0
-4770.0
-4760.0
-4740.0
-4760.0
-4790.0
-4780.0
-4770.0
-4760.0
-4750.0
-4740.0
-4730.0
-4710.0
-4700.0
-4690.0
-4680.0
-4670.0
-4720.0
-4710.0
-4700.0
-4720.0
-4700.0
-4710.0
-4740.0
-4720.0
-4710.0
-4690.0
-4700.0
-4680.0
-4680.0
-4660.0
-4640.0
-4620.0
-4600.0
-4590.0
-4610.0
-4600.0
-4610.0
-4590.0
-4570.0
-4560.0
-4560.0
-4560.0
-4570.0
-4550.0
-4560.0
-4550.0
-4530.0
-4590.0
-4580.0
-4630.0
-4640.0
-4620.0
-4600.0
-4610.0
-4600.0
-4580.0
-4570.0
-4570.0
-4560.0
-4570.0
-4560.0
-4570.0
-4580.0
-4560.0
-4610.0
-4600.0
-4590.0
-4600.0
-4580.0
-4570.0
-4560.0
-4580.0
-4580.0
-4560.0
-4540.0
-4530.0
-4520.0
-4530.0
-4530.0
-4530.0
-4510.0
-4490.0
-4480.0
-4460.0
-4450.0
-4440.0
-4440.0
-4450.0
-4500.0
-4490.0
-4530.0
-4520.0
-4500.0
-4500.0
-4510.0
-4500.0
-4480.0
-4470.0
-4520.0
-4530.0
-4520.0
-4500.0
-4500.0
-4500.0
-4490.0
-4490.0
-4520.0
-4530.0
-4530.0
-4520.0
-4540.0
-4540.0
-4540.0
-4550.0
-4560.0
-4540.0
-4540.0
-4530.0
-4520.0
-4510.0
-4490.0
-4480.0
-4460.0
-4440.0
-4430.0
-4420.0
-4420.0
-4440.0
-4450.0
-4440.0
-4420.0
-4410.0
-4390.0
-4380.0
-4380.0
-4390.0
-4380.0
-4360.0
-4450.0
-4430.0
-4430.0
-4440.0
-4420.0
-4420.0
-4420.0
-4400.0
-4400.0
-4380.0
-4380.0
-4360.0
-4360.0
-4370.0
-4360.0
-4370.0
-4350.0
-4340.0
-4330.0
-4310.0
-4350.0
-4350.0
-4330.0
-4350.0
-4360.0
-4370.0
-4380.0
-4380.0
-4360.0
-4380.0
-4360.0
-4360.0
-4340.0
-4350.0
-4370.0
-4390.0
-4410.0
-4400.0
-4410.0
-4390.0
-4370.0
-4380.0
-4390.0
-4410.0
-4400.0
-4380.0
-4380.0
-4360.0
-4410.0
-4390.0
-4400.0
-4390.0
-4380.0
-4380.0
-4370.0
-4370.0
-4370.0
-4360.0
-4370.0
-4370.0
-4370.0
-4390.0
-4390.0
-4370.0
-4370.0
-4360.0
-4340.0
-4360.0
-4370.0
-4410.0
-4390.0
-4440.0
-4450.0
-4450.0
-4440.0
-4440.0
-4450.0
-4440.0
-4430.0
-4450.0
-4440.0
-4460.0
-4440.0
-4420.0
-4420.0
-4440.0
-4440.0
-4460.0
-4460.0
-4440.0
-4450.0
-4440.0
-4440.0
-4480.0
-4460.0
-4440.0
-4420.0
-4410.0
-4410.0
-4430.0
-4460.0
-4450.0
-4440.0
-4440.0
-4430.0
-4430.0
-4420.0
-4430.0
-4420.0
-4420.0
-4460.0
-4480.0
-4490.0
-4470.0
-4450.0
-4450.0
-4490.0
-4500.0
-4480.0
-4520.0
-4560.0
-4590.0
-4630.0
-4610.0
-4590.0
-4580.0
-4570.0
-4580.0
-4570.0
-4550.0
-4540.0
-4550.0
-4540.0
-4530.0
-4580.0
-4580.0
-4560.0
-4600.0
-4590.0
-4600.0
-4600.0
-4630.0
-4620.0
-4630.0
-4610.0
-4610.0
-4630.0
-4610.0
-4590.0
-4570.0
-4560.0
-4560.0
-4560.0
-4540.0
-4540.0
-4550.0
-4580.0
-4580.0
-4580.0
-4590.0
-4580.0
-4560.0
-4540.0
-4540.0
-4570.0
-4600.0
-4590.0
-4600.0
-4640.0
-4620.0
-4610.0
-4590.0
-4580.0
-4590.0
-4600.0
-4590.0
-4570.0
-4560.0
-4600.0
-4580.0
-4590.0
-4570.0
-4550.0
-4540.0
-4530.0
-4540.0
-4580.0
-4580.0
-4570.0
-4560.0
-4580.0
-4570.0
-4550.0
-4560.0
-4560.0
-4560.0
-4540.0
-4530.0
-4520.0
-4520.0
-4530.0
-4510.0
-4520.0
-4510.0
-4530.0
-4520.0
-4550.0
-4540.0
-4570.0
-4600.0
-4580.0
-4580.0
-4600.0
-4580.0
-4570.0
-4590.0
-4570.0
-4570.0
-4570.0
-4570.0
-4560.0
-4610.0
-4610.0
-4610.0
-4600.0
-4590.0
-4610.0
-4610.0
-4610.0
-4610.0
-4600.0
-4580.0
-4620.0
-4660.0
-4650.0
-4640.0
-4680.0
-4670.0
-4660.0
-4660.0
-4650.0
-4640.0
-4630.0
-4630.0
-4630.0
-4630.0
-4640.0
-4640.0
-4630.0
-4660.0
-4680.0
-4670.0
-4700.0
-4700.0
-4690.0
-4690.0
-4720.0
-4710.0
-4690.0
-4680.0
-4680.0
-4690.0
-4710.0
-4710.0
-4700.0
-4680.0
-4680.0
-4680.0
-4690.0
-4670.0
-4660.0
-4640.0
-4630.0
-4610.0
-4610.0
-4610.0
-4660.0
-4640.0
-4630.0
-4660.0
-4700.0
-4700.0
-4680.0
-4660.0
-4640.0
-4660.0
-4680.0
-4710.0
-4720.0
-4720.0
-4720.0
-4710.0
-4700.0
-4680.0
-4670.0
-4660.0
-4640.0
-4630.0
-4640.0
-4630.0
-4630.0
-4620.0
-4650.0
-4640.0
-4640.0
-4620.0
-4610.0
-4670.0
-4670.0
-4680.0
-4690.0
-4670.0
-4680.0
-4670.0
-4680.0
-4670.0
-4660.0
-4640.0
-4660.0
-4700.0
-4720.0
-4710.0
-4690.0
-4740.0
-4730.0
-4720.0
-4710.0
-4700.0
-4720.0
-4720.0
-4740.0
-4720.0
-4700.0
-4690.0
-4700.0
-4740.0
-4730.0
-4730.0
-4720.0
-4730.0
-4730.0
-4730.0
-4730.0
-4710.0
-4700.0
-4720.0
-4740.0
-4750.0
-4730.0
-4770.0
-4760.0
-4750.0
-4750.0
-4770.0
-4810.0
-4800.0
-4790.0
-4780.0
-4760.0
-4760.0
-4760.0
-4770.0
-4800.0
-4800.0
-4820.0
-4840.0
-4830.0
-4830.0
-4830.0
-4830.0
-4810.0
-4830.0
-4830.0
-4820.0
-4820.0
-4810.0
-4830.0
-4810.0
-4810.0
-4810.0
-4790.0
-4790.0
-4780.0
-4810.0
-4790.0
-4770.0
-4750.0
-4740.0
-4730.0
-4720.0
-4700.0
-4750.0
-4730.0
-4710.0
-4720.0
-4720.0
-4730.0
-4770.0
-4770.0
-4790.0
-4820.0
-4840.0
-4830.0
-4840.0
-4830.0
-4830.0
-4820.0
-4800.0
-4800.0
-4800.0
-4790.0
-4770.0
-4750.0
-4740.0
-4750.0
-4730.0
-4720.0
-4720.0
-4720.0
-4700.0
-4710.0
-4720.0
-4710.0
-4690.0
-4730.0
-4730.0
-4740.0
-4760.0
-4770.0
-4750.0
-4770.0
-4760.0
-4750.0
-4740.0
-4730.0
-4730.0
-4750.0
-4760.0
-4750.0
-4750.0
-4750.0
-4770.0
-4750.0
-4760.0
-4740.0
-4760.0
-4740.0
-4730.0
-4720.0
-4700.0
-4700.0
-4710.0
-4690.0
-4670.0
-4670.0
-4650.0
-4660.0
-4680.0
-4680.0
-4660.0
-4650.0
-4640.0
-4650.0
-4650.0
-4630.0
-4620.0
-4610.0
-4630.0
-4610.0
-4620.0
-4610.0
-4590.0
-4610.0
-4600.0
-4620.0
-4610.0
-4610.0
-4600.0
-4610.0
-4590.0
-4600.0
-4580.0
-4560.0
-4540.0
-4540.0
-4530.0
-4520.0
-4500.0
-4480.0
-4470.0
-4500.0
-4520.0
-4520.0
-4520.0
-4510.0
-4510.0
-4520.0
-4520.0
-4520.0
-4510.0
-4530.0
-4510.0
-4500.0
-4480.0
-4470.0
-4480.0
-4480.0
-4500.0
-4490.0
-4490.0
-4490.0
-4550.0
-4560.0
-4550.0
-4550.0
-4540.0
-4540.0
-4540.0
-4530.0
-4540.0
-4550.0
-4570.0
-4550.0
-4550.0
-4580.0
-4580.0
-4600.0
-4670.0
-4700.0
-4700.0
-4690.0
-4720.0
-4730.0
-4730.0
-4720.0
-4720.0
-4710.0
-4710.0
-4710.0
-4690.0
-4670.0
-4660.0
-4660.0
-4670.0
-4700.0
-4690.0
-4710.0
-4710.0
-4700.0
-4680.0
-4660.0
-4640.0
-4630.0
-4660.0
-4660.0
-4700.0
-4690.0
-4690.0
-4670.0
-4680.0
-4680.0
-4660.0
-4650.0
-4650.0
-4640.0
-4640.0
-4630.0
-4610.0
-4590.0
-4580.0
-4580.0
-4580.0
-4590.0
-4590.0
-4580.0
-4560.0
-4560.0
-4560.0
-4550.0
-4540.0
-4530.0
-4530.0
-4510.0
-4490.0
-4480.0
-4510.0
-4510.0
-4500.0
-4510.0
-4510.0
-4490.0
-4490.0
-4470.0
-4480.0
-4470.0
-4480.0
-4480.0
-4470.0
-4480.0
-4480.0
-4480.0
-4510.0
-4520.0
-4500.0
-4480.0
-4470.0
-4460.0
-4470.0
-4480.0
-4490.0
-4510.0
-4510.0
-4490.0
-4490.0
-4490.0
-4500.0
-4480.0
-4490.0
-4500.0
-4490.0
-4510.0
-4500.0
-4490.0
-4470.0
-4510.0
-4510.0
-4510.0
-4490.0
-4490.0
-4520.0
-4550.0
-4570.0
-4580.0
-4570.0
-4550.0
-4540.0
-4610.0
-4630.0
-4620.0
-4620.0
-4630.0
-4640.0
-4660.0
-4660.0
-4660.0
-4640.0
-4630.0
-4610.0
-4640.0
-4630.0
-4620.0
-4600.0
-4610.0
-4610.0
-4610.0
-4610.0
-4640.0
-4620.0
-4640.0
-4630.0
-4620.0
-4600.0
-4650.0
-4630.0
-4640.0
-4620.0
-4600.0
-4600.0
-4620.0
-4620.0
-4610.0
-4590.0
-4580.0
-4570.0
-4580.0
-4580.0
-4580.0
-4580.0
-4610.0
-4610.0
-4610.0
-4650.0
-4650.0
-4630.0
-4620.0
-4690.0
-4680.0
-4660.0
-4670.0
-4650.0
-4640.0
-4640.0
-4620.0
-4650.0
-4630.0
-4620.0
-4610.0
-4590.0
-4590.0
-4580.0
-4570.0
-4560.0
-4550.0
-4550.0
-4540.0
-4540.0
-4520.0
-4510.0
-4520.0
-4500.0
-4480.0
-4470.0
-4480.0
-4470.0
-4460.0
-4440.0
-4420.0
-4440.0
-4440.0
-4430.0
-4420.0
-4400.0
-4390.0
-4380.0
-4380.0
-4380.0
-4370.0
-4370.0
-4350.0
-4390.0
-4380.0
-4370.0
-4370.0
-4380.0
-4360.0
-4350.0
-4340.0
-4390.0
-4400.0
-4440.0
-4430.0
-4430.0
-4500.0
-4520.0
-4520.0
-4510.0
-4500.0
-4480.0
-4500.0
-4480.0
-4500.0
-4540.0
-4540.0
-4560.0
-4560.0
-4540.0
-4520.0
-4560.0
-4550.0
-4530.0
-4550.0
-4540.0
-4530.0
-4510.0
-4520.0
-4500.0
-4490.0
-4490.0
-4470.0
-4480.0
-4520.0
-4500.0
-4490.0
-4490.0
-4490.0
-4470.0
-4450.0
-4450.0
-4450.0
-4450.0
-4460.0
-4450.0
-4430.0
-4420.0
-4410.0
-4400.0
-4430.0
-4420.0
-4420.0
-4430.0
-4490.0
-4470.0
-4460.0
-4440.0
-4440.0
-4490.0
-4530.0
-4520.0
-4510.0
-4500.0
-4530.0
-4530.0
-4510.0
-4500.0
-4490.0
-4500.0
-4480.0
-4460.0
-4450.0
-4430.0
-4420.0
-4410.0
-4410.0
-4390.0
-4400.0
-4410.0
-4410.0
-4390.0
-4400.0
-4400.0
-4390.0
-4390.0
-4390.0
-4390.0
-4370.0
-4360.0
-4390.0
-4370.0
-4390.0
-4380.0
-4380.0
-4400.0
-4380.0
-4370.0
-4370.0
-4350.0
-4340.0
-4320.0
-4320.0
-4300.0
-4300.0
-4310.0
-4300.0
-4290.0
-4280.0
-4280.0
-4280.0
-4270.0
-4250.0
-4260.0
-4290.0
-4290.0
-4270.0
-4270.0
-4260.0
-4240.0
-4230.0
-4240.0
-4230.0
-4250.0
-4230.0
-4210.0
-4190.0
-4210.0
-4220.0
-4220.0
-4200.0
-4190.0
-4170.0
-4160.0
-4150.0
-4150.0
-4160.0
-4170.0
-4160.0
-4200.0
-4190.0
-4200.0
-4230.0
-4250.0
-4290.0
-4330.0
-4310.0
-4330.0
-4310.0
-4300.0
-4310.0
-4300.0
-4280.0
-4290.0
-4280.0
-4260.0
-4260.0
-4250.0
-4250.0
-4260.0
-4250.0
-4230.0
-4220.0
-4240.0
-4230.0
-4220.0
-4210.0
-4200.0
-4190.0
-4200.0
-4210.0
-4200.0
-4180.0
-4180.0
-4170.0
-4190.0
-4190.0
-4180.0
-4180.0
-4170.0
-4180.0
-4170.0
-4150.0
-4140.0
-4170.0
-4160.0
-4160.0
-4160.0
-4180.0
-4190.0
-4180.0
-4160.0
-4170.0
-4160.0
-4160.0
-4200.0
-4180.0
-4180.0
-4180.0
-4210.0
-4190.0
-4190.0
-4170.0
-4150.0
-4130.0
-4110.0
-4110.0
-4100.0
-4100.0
-4090.0
-4090.0
-4090.0
-4080.0
-4090.0
-4090.0
-4090.0
-4070.0
-4060.0
-4080.0
-4070.0
-4070.0
-4070.0
-4060.0
-4050.0
-4070.0
-4060.0
-4040.0
-4050.0
-4060.0
-4070.0
-4090.0
-4090.0
-4080.0
-4060.0
-4070.0
-4120.0
-4110.0
-4100.0
-4130.0
-4130.0
-4120.0
-4100.0
-4090.0
-4100.0
-4100.0
-4080.0
-4080.0
-4070.0
-4060.0
-4070.0
-4070.0
-4060.0
-4050.0
-4040.0
-4050.0
-4060.0
-4090.0
-4080.0
-4100.0
-4090.0
-4080.0
-4080.0
-4090.0
-4080.0
-4100.0
-4090.0
-4080.0
-4070.0
-4090.0
-4070.0
-4080.0
-4080.0
-4070.0
-4100.0
-4100.0
-4090.0
-4070.0
-4070.0
-4100.0
-4110.0
-4130.0
-4170.0
-4150.0
-4150.0
-4180.0
-4200.0
-4180.0
-4180.0
-4170.0
-4190.0
-4220.0
-4220.0
-4200.0
-4190.0
-4170.0
-4160.0
-4160.0
-4180.0
-4190.0
-4210.0
-4210.0
-4210.0
-4200.0
-4180.0
-4160.0
-4140.0
-4120.0
-4130.0
-4120.0
-4130.0
-4120.0
-4130.0
-4130.0
-4180.0
-4170.0
-4150.0
-4150.0
-4140.0
-4140.0
-4120.0
-4130.0
-4110.0
-4100.0
-4080.0
-4080.0
-4070.0
-4060.0
-4040.0
-4050.0
-4070.0
-4070.0
-4080.0
-4060.0
-4040.0
-4030.0
-4030.0
-4030.0
-4030.0
-4040.0
-4020.0
-4000.0
-4000.0
-3990.0
-4010.0
-3990.0
-4040.0
-4040.0
-4020.0
-4000.0
-4000.0
-4010.0
-3990.0
-3990.0
-4030.0
-4030.0
-4010.0
-4040.0
-4040.0
-4020.0
-4010.0
-4020.0
-4040.0
-4020.0
-4040.0
-4060.0
-4060.0
-4070.0
-4070.0
-4070.0
-4060.0
-4070.0
-4060.0
-4040.0
-4030.0
-4010.0
-3990.0
-3990.0
-4010.0
-4000.0
-3990.0
-3980.0
-3960.0
-3950.0
-3960.0
-4000.0
-3990.0
-4000.0
-3990.0
-3970.0
-3960.0
-3970.0
-3990.0
-4010.0
-4020.0
-4040.0
-4040.0
-4030.0
-4010.0
-4020.0
-4000.0
-3990.0
-4000.0
-3990.0
-4050.0
-4060.0
-4060.0
-4040.0
-4030.0
-4030.0
-4040.0
-4030.0
-4020.0
-4000.0
-4020.0
-4010.0
-4010.0
-4000.0
-4000.0
-3990.0
-4010.0
-4060.0
-4090.0
-4090.0
-4080.0
-4060.0
-4060.0
-4050.0
-4040.0
-4030.0
-4030.0
-4010.0
-4020.0
-4020.0
-4000.0
-3980.0
-3980.0
-3970.0
-3990.0
-3980.0
-3980.0
-3990.0
-3980.0
-3970.0
-3960.0
-3960.0
-4000.0
-4040.0
-4030.0
-4030.0
-4010.0
-4010.0
-3990.0
-4010.0
-3990.0
-3970.0
-3950.0
-3930.0
-3950.0
-3950.0
-3950.0
-3970.0
-3950.0
-3960.0
-3960.0
-3940.0
-3930.0
-3910.0
-3910.0
-3900.0
-3910.0
-3930.0
-3910.0
-3900.0
-3880.0
-3890.0
-3890.0
-3910.0
-3890.0
-3880.0
-3870.0
-3850.0
-3850.0
-3860.0
-3850.0
-3860.0
-3840.0
-3820.0
-3800.0
-3790.0
-3790.0
-3790.0
-3800.0
-3790.0
-3770.0
-3760.0
-3740.0
-3730.0
-3750.0
-3750.0
-3730.0
-3750.0
-3750.0
-3740.0
-3740.0
-3730.0
-3730.0
-3710.0
-3720.0
-3720.0
-3720.0
-3740.0
-3750.0
-3750.0
-3800.0
-3790.0
