a = 0.2
g = 0.8
e = 0.3
random initial weights = false

-440.0
-1630.0
-2320.0
-2680.0
-2930.0
-3120.0
-3270.0
-3530.0
-3610.0
-3650.0
-3670.0
-3670.0
-3700.0
-3680.0
-3850.0
-3930.0
-3970.0
-4020.0
-4000.0
-4020.0
-4030.0
-4010.0
-4020.0
-4020.0
-4010.0
-3990.0
-3970.0
-3950.0
-3960.0
-3960.0
-3950.0
-3940.0
-3920.0
-3900.0
-3900.0
-3880.0
-3860.0
-3840.0
-3830.0
-3810.0
-3800.0
-3790.0
-3770.0
-3760.0
-3760.0
-3760.0
-3750.0
-3760.0
-3750.0
-3730.0
-3730.0
-3730.0
-3710.0
-3730.0
-3720.0
-3700.0
-3700.0
-3680.0
-3670.0
-3650.0
-3650.0
-3630.0
-3610.0
-3600.0
-3590.0
-3580.0
-3560.0
-3550.0
-3530.0
-3510.0
-3500.0
-3490.0
-3470.0
-3470.0
-3460.0
-3460.0
-3440.0
-3430.0
-3430.0
-3440.0
-3420.0
-3400.0
-3380.0
-3370.0
-3360.0
-3350.0
-3340.0
-3330.0
-3320.0
-3310.0
-3290.0
-3270.0
-3260.0
-3250.0
-3260.0
-3250.0
-3230.0
-3210.0
-3200.0
-3190.0
-3170.0
-3150.0
-3130.0
-3110.0
-3100.0
-3080.0
-3060.0
-3050.0
-3040.0
-3030.0
-3020.0
-3010.0
-3000.0
-2980.0
-2970.0
-2950.0
-2940.0
-2920.0
-2920.0
-2920.0
-2910.0
-2900.0
-2880.0
-2860.0
-2870.0
-2860.0
-2850.0
-2850.0
-2850.0
-2860.0
-2840.0
-2820.0
-2810.0
-2790.0
-2770.0
-2750.0
-2750.0
-2740.0
-2720.0
-2720.0
-2710.0
-2720.0
-2700.0
-2680.0
-2660.0
-2650.0
-2630.0
-2610.0
-2590.0
-2580.0
-2570.0
-2570.0
-2560.0
-2540.0
-2520.0
-2520.0
-2500.0
-2480.0
-2470.0
-2460.0
-2440.0
-2420.0
-2420.0
-2410.0
-2390.0
-2370.0
-2370.0
-2370.0
-2380.0
-2360.0
-2350.0
-2340.0
-2340.0
-2320.0
-2300.0
-2280.0
-2270.0
-2250.0
-2230.0
-2230.0
-2220.0
-2210.0
-2190.0
-2170.0
-2170.0
-2150.0
-2130.0
-2110.0
-2100.0
-2120.0
-2100.0
-2080.0
-2070.0
-2060.0
-2050.0
-2030.0
-2010.0
-2000.0
-1980.0
-1960.0
-1940.0
-1950.0
-1930.0
-1930.0
-1930.0
-1920.0
-1910.0
-1890.0
-1870.0
-1860.0
-1850.0
-1830.0
-1810.0
-1810.0
-1810.0
-1800.0
-1790.0
-1770.0
-1750.0
-1730.0
-1710.0
-1690.0
-1670.0
-1650.0
-1640.0
-1620.0
-1610.0
-1590.0
-1570.0
-1550.0
-1530.0
-1510.0
-1500.0
-1480.0
-1480.0
-1460.0
-1450.0
-1440.0
-1450.0
-1430.0
-1450.0
-1440.0
-1420.0
-1400.0
-1390.0
-1370.0
-1360.0
-1340.0
-1320.0
-1300.0
-1290.0
-1270.0
-1250.0
-1230.0
-1220.0
-1210.0
-1190.0
-1170.0
-1160.0
-1150.0
-1140.0
-1140.0
-1120.0
-1130.0
-1120.0
-1100.0
-1080.0
-1080.0
-1060.0
-1050.0
-1040.0
-1030.0
-1010.0
-1000.0
-980.0
-960.0
-960.0
-950.0
-940.0
-920.0
-900.0
-890.0
-870.0
-860.0
-860.0
-860.0
-850.0
-830.0
-810.0
-790.0
-770.0
-750.0
-730.0
-710.0
-700.0
-680.0
-660.0
-640.0
-620.0
-600.0
-580.0
-560.0
-540.0
-520.0
-510.0
-500.0
-480.0
-470.0
-450.0
-450.0
-440.0
-420.0
-410.0
-390.0
-370.0
-350.0
-330.0
-330.0
-310.0
-320.0
-310.0
-300.0
-280.0
-270.0
-260.0
-240.0
-230.0
-220.0
-200.0
-180.0
-180.0
-160.0
-140.0
-120.0
-100.0
-80.0
-60.0
-70.0
-60.0
-40.0
-30.0
-10.0
-10.0
0.0
20.0
40.0
50.0
40.0
60.0
70.0
90.0
110.0
130.0
150.0
150.0
170.0
180.0
190.0
200.0
220.0
230.0
240.0
260.0
250.0
260.0
280.0
280.0
300.0
300.0
300.0
310.0
320.0
340.0
350.0
370.0
390.0
410.0
430.0
450.0
460.0
480.0
500.0
510.0
510.0
530.0
540.0
560.0
560.0
580.0
600.0
620.0
640.0
650.0
660.0
680.0
700.0
720.0
740.0
760.0
760.0
780.0
800.0
810.0
830.0
850.0
860.0
870.0
890.0
890.0
890.0
900.0
890.0
900.0
910.0
930.0
940.0
960.0
980.0
1000.0
1020.0
1040.0
1060.0
1060.0
1080.0
1090.0
1110.0
1120.0
1130.0
1150.0
1160.0
1180.0
1200.0
1210.0
1220.0
1240.0
1260.0
1280.0
1300.0
1320.0
1340.0
1360.0
1380.0
1400.0
1420.0
1430.0
1440.0
1450.0
1470.0
1490.0
1510.0
1520.0
1540.0
1530.0
1550.0
1570.0
1580.0
1600.0
1620.0
1630.0
1620.0
1640.0
1650.0
1670.0
1690.0
1710.0
1730.0
1750.0
1760.0
1780.0
1790.0
1810.0
1830.0
1830.0
1840.0
1850.0
1840.0
1850.0
1870.0
1890.0
1890.0
1900.0
1920.0
1940.0
1960.0
1980.0
1980.0
1980.0
2000.0
2020.0
2040.0
2050.0
2070.0
2070.0
2070.0
2070.0
2090.0
2110.0
2130.0
2150.0
2150.0
2160.0
2180.0
2190.0
2190.0
2170.0
2190.0
2210.0
2220.0
2240.0
2260.0
2270.0
2280.0
2300.0
2320.0
2330.0
2330.0
2340.0
2350.0
2370.0
2380.0
2380.0
2400.0
2420.0
2410.0
2420.0
2440.0
2460.0
2480.0
2460.0
2480.0
2500.0
2520.0
2530.0
2550.0
2570.0
2580.0
2600.0
2620.0
2600.0
2610.0
2630.0
2650.0
2670.0
2670.0
2690.0
2690.0
2710.0
2730.0
2730.0
2750.0
2760.0
2770.0
2790.0
2810.0
2830.0
2840.0
2860.0
2880.0
2890.0
2910.0
2920.0
2900.0
2910.0
2930.0
2940.0
2960.0
2980.0
3000.0
3000.0
3020.0
3040.0
3030.0
3050.0
3060.0
3070.0
3090.0
3100.0
3110.0
3120.0
3140.0
3140.0
3160.0
3180.0
3190.0
3190.0
3210.0
3220.0
3210.0
3220.0
3230.0
3240.0
3240.0
3250.0
3270.0
3290.0
3310.0
3310.0
3320.0
3340.0
3360.0
3370.0
3390.0
3400.0
3420.0
3440.0
3440.0
3460.0
3480.0
3500.0
3520.0
3540.0
3550.0
3560.0
3580.0
3600.0
3610.0
3630.0
3650.0
3660.0
3680.0
3700.0
3720.0
3740.0
3720.0
3740.0
3750.0
3760.0
3780.0
3800.0
3820.0
3840.0
3850.0
3870.0
3890.0
3900.0
3900.0
3880.0
3900.0
3910.0
3930.0
3940.0
3940.0
3960.0
3980.0
4000.0
4020.0
4030.0
4040.0
4060.0
4080.0
4100.0
4100.0
4120.0
4140.0
4140.0
4160.0
4170.0
4170.0
4190.0
4210.0
4220.0
4230.0
4240.0
4240.0
4240.0
4260.0
4250.0
4270.0
4290.0
4310.0
4330.0
4340.0
4360.0
4370.0
4390.0
4410.0
4430.0
4430.0
4440.0
4450.0
4470.0
4490.0
4510.0
4520.0
4530.0
4550.0
4560.0
4580.0
4600.0
4620.0
4640.0
4640.0
4660.0
4670.0
4670.0
4690.0
4710.0
4730.0
4730.0
4750.0
4740.0
4760.0
4780.0
4800.0
4820.0
4830.0
4850.0
4870.0
4870.0
4890.0
4910.0
4910.0
4920.0
4930.0
4950.0
4930.0
4950.0
4970.0
4980.0
4990.0
5010.0
5010.0
5030.0
5050.0
5060.0
5080.0
5100.0
5110.0
5130.0
5150.0
5170.0
5170.0
5180.0
5190.0
5200.0
5210.0
5210.0
5220.0
5230.0
5240.0
5260.0
5280.0
5300.0
5310.0
5320.0
5340.0
5360.0
5370.0
5380.0
5370.0
5380.0
5400.0
5410.0
5420.0
5430.0
5450.0
5460.0
5480.0
5490.0
5510.0
5520.0
5520.0
5540.0
5550.0
5570.0
5570.0
5560.0
5570.0
5570.0
5560.0
5570.0
5580.0
5590.0
5590.0
5600.0
5620.0
5610.0
5630.0
5640.0
5650.0
5650.0
5660.0
5680.0
5700.0
5700.0
5720.0
5730.0
5750.0
5770.0
5790.0
5800.0
5820.0
5830.0
5850.0
5860.0
5870.0
5870.0
5870.0
5890.0
5900.0
5910.0
5930.0
5940.0
5950.0
5970.0
5990.0
6000.0
6010.0
6030.0
6020.0
6020.0
6040.0
6060.0
6060.0
6080.0
6100.0
6120.0
6130.0
6120.0
6130.0
6140.0
6150.0
6170.0
6190.0
6200.0
6220.0
6240.0
6240.0
6240.0
6260.0
6280.0
6290.0
6310.0
6310.0
6330.0
6350.0
6360.0
6370.0
6390.0
6410.0
6430.0
6450.0
6470.0
6480.0
6490.0
6510.0
6510.0
6520.0
6530.0
6540.0
6560.0
6570.0
6590.0
6580.0
6590.0
6610.0
6630.0
6650.0
6670.0
6680.0
6700.0
6710.0
6720.0
6720.0
6710.0
6730.0
6750.0
6770.0
6790.0
6790.0
6810.0
6830.0
6850.0
6870.0
6890.0
6910.0
6930.0
6940.0
6960.0
6970.0
6990.0
6990.0
7010.0
7020.0
7040.0
7050.0
7070.0
7070.0
7080.0
7070.0
7050.0
7070.0
7090.0
7090.0
7090.0
7110.0
7110.0
7110.0
7100.0
7120.0
7140.0
7120.0
7140.0
7150.0
7170.0
7180.0
7170.0
7190.0
7210.0
7230.0
7250.0
7260.0
7280.0
7300.0
7300.0
7320.0
7330.0
7350.0
7370.0
7390.0
7410.0
7430.0
7440.0
7450.0
7440.0
7460.0
7480.0
7490.0
7500.0
7520.0
7530.0
7520.0
7530.0
7550.0
7560.0
7550.0
7560.0
7570.0
7590.0
7600.0
7610.0
7630.0
7650.0
7640.0
7640.0
7650.0
7670.0
7690.0
7710.0
7730.0
7750.0
7760.0
7780.0
7800.0
7780.0
7780.0
7770.0
7790.0
7810.0
7830.0
7830.0
7850.0
7850.0
7850.0
7850.0
7870.0
7890.0
7900.0
7920.0
7940.0
7950.0
7960.0
7980.0
7990.0
8010.0
8030.0
8030.0
8030.0
8030.0
8010.0
8000.0
8020.0
8020.0
8040.0
8060.0
8070.0
8080.0
8090.0
8110.0
8130.0
8150.0
8160.0
8160.0
8160.0
8170.0
8180.0
8200.0
8210.0
8230.0
8240.0
8260.0
8280.0
8290.0
8310.0
8320.0
8320.0
8320.0
8340.0
8320.0
8340.0
8360.0
8350.0
8350.0
8360.0
8360.0
8380.0
8400.0
8410.0
8430.0
8450.0
8460.0
8470.0
8490.0
8490.0
8500.0
8500.0
8520.0
8530.0
8550.0
8540.0
8550.0
8560.0
8580.0
8600.0
8620.0
8640.0
8650.0
8660.0
8680.0
8700.0
8720.0
8740.0
8760.0
8770.0
8790.0
8800.0
8810.0
8810.0
8830.0
8850.0
8870.0
8890.0
8910.0
8930.0
8930.0
8950.0
8970.0
8980.0
8990.0
9010.0
9010.0
9030.0
9030.0
9040.0
9060.0
9080.0
9090.0
9110.0
9120.0
9140.0
9160.0
9180.0
9190.0
9210.0
9230.0
9240.0
9250.0
9270.0
9290.0
9310.0
9330.0
9320.0
9320.0
9340.0
9350.0
9350.0
9360.0
9370.0
9380.0
9360.0
9380.0
9390.0
9410.0
9420.0
9420.0
9430.0
9440.0
9440.0
9460.0
9480.0
9490.0
9510.0
9530.0
9540.0
9560.0
9580.0
9580.0
9600.0
9610.0
9630.0
9640.0
9650.0
9670.0
9690.0
9690.0
9690.0
9710.0
9730.0
9750.0
9750.0
9760.0
9780.0
9790.0
9810.0
9810.0
9830.0
9850.0
9860.0
9870.0
9890.0
9910.0
9930.0
9950.0
9960.0
9970.0
9990.0
9990.0
9980.0
9970.0
9990.0
10000.0
10020.0
10020.0
10010.0
10020.0
10040.0
10060.0
10080.0
10100.0
10110.0
10120.0
10140.0
10160.0
10170.0
10190.0
10210.0
10230.0
10210.0
10220.0
10240.0
10260.0
10280.0
10290.0
10290.0
10300.0
10310.0
10320.0
10340.0
10350.0
10360.0
10310.0
10330.0
10340.0
10360.0
10350.0
10370.0
10390.0
10400.0
10420.0
10420.0
10440.0
10460.0
10480.0
10500.0
10520.0
10530.0
10550.0
10560.0
10580.0
10590.0
10610.0
10620.0
10620.0
10640.0
10650.0
10640.0
10650.0
10670.0
10690.0
10700.0
10710.0
10700.0
10720.0
10740.0
10760.0
10780.0
10800.0
10810.0
10830.0
10830.0
10840.0
10840.0
10860.0
10880.0
10890.0
10910.0
10920.0
10920.0
10940.0
10950.0
10960.0
10970.0
10990.0
11000.0
11010.0
11030.0
11020.0
11040.0
11060.0
11080.0
11090.0
11110.0
11120.0
11120.0
11140.0
11160.0
11160.0
11180.0
11200.0
11210.0
11220.0
11240.0
11250.0
11260.0
11270.0
11280.0
11290.0
11280.0
11300.0
11310.0
11330.0
11350.0
11360.0
11380.0
11380.0
11390.0
11410.0
11400.0
11420.0
11440.0
11440.0
11460.0
11480.0
11500.0
11510.0
11500.0
11510.0
11530.0
11540.0
11560.0
11540.0
11550.0
11560.0
11580.0
11590.0
11590.0
11590.0
11600.0
11620.0
11630.0
11650.0
11660.0
11670.0
11690.0
11710.0
11700.0
11710.0
11710.0
11730.0
11750.0
11770.0
11790.0
11810.0
11820.0
11830.0
11850.0
11860.0
11880.0
11880.0
11880.0
11900.0
11900.0
11910.0
11930.0
11950.0
11970.0
11990.0
11990.0
11990.0
12010.0
12030.0
12050.0
12050.0
12070.0
12080.0
12100.0
12100.0
12110.0
12120.0
12130.0
12150.0
12160.0
12180.0
12190.0
12190.0
12200.0
12220.0
12230.0
12230.0
12250.0
12270.0
12280.0
12270.0
12280.0
12290.0
12310.0
12310.0
12330.0
12330.0
12300.0
12310.0
12330.0
12350.0
12370.0
12390.0
12410.0
12430.0
12450.0
12470.0
12480.0
12470.0
12480.0
12490.0
12500.0
12500.0
12520.0
12530.0
12550.0
12570.0
12580.0
12590.0
12610.0
12620.0
12630.0
12650.0
12660.0
12680.0
12700.0
12710.0
12720.0
12720.0
12730.0
12740.0
12750.0
12770.0
12790.0
12780.0
12790.0
12780.0
12800.0
12820.0
12840.0
12860.0
12880.0
12900.0
12910.0
12920.0
12930.0
12950.0
12950.0
12950.0
12950.0
12970.0
12980.0
13000.0
13020.0
13030.0
13050.0
13070.0
13080.0
13100.0
13100.0
13100.0
13120.0
13130.0
13150.0
13160.0
13160.0
13180.0
13170.0
13180.0
13190.0
13190.0
13200.0
13210.0
13220.0
13230.0
13250.0
13270.0
13280.0
13300.0
13320.0
13340.0
13350.0
13370.0
13380.0
13390.0
13410.0
13410.0
13430.0
13420.0
13420.0
13430.0
13450.0
13470.0
13490.0
13510.0
13520.0
13540.0
13550.0
13570.0
13580.0
13600.0
13610.0
13620.0
13640.0
13640.0
13660.0
13680.0
13660.0
13670.0
13690.0
13710.0
13700.0
13710.0
13730.0
13740.0
13740.0
13720.0
13740.0
13740.0
13730.0
13750.0
13760.0
13780.0
13800.0
13800.0
13820.0
13840.0
13860.0
13880.0
13890.0
13910.0
13930.0
13950.0
13970.0
13990.0
13990.0
14010.0
14030.0
14040.0
14050.0
14060.0
14050.0
14070.0
14070.0
14080.0
14100.0
14110.0
14130.0
14150.0
14170.0
14180.0
14170.0
14180.0
14200.0
14210.0
14220.0
14220.0
14230.0
