a = 0.8
g = 0.8
e = 0.1
random initial weights = false

-290.0
-630.0
-810.0
-880.0
-1020.0
-1040.0
-1250.0
-1310.0
-1300.0
-1330.0
-1340.0
-1340.0
-1330.0
-1330.0
-1320.0
-1320.0
-1320.0
-1300.0
-1280.0
-1270.0
-1260.0
-1250.0
-1240.0
-1220.0
-1200.0
-1180.0
-1160.0
-1140.0
-1120.0
-1100.0
-1080.0
-1060.0
-1050.0
-1030.0
-1010.0
-990.0
-970.0
-950.0
-930.0
-910.0
-890.0
-870.0
-850.0
-830.0
-820.0
-800.0
-780.0
-760.0
-740.0
-720.0
-700.0
-680.0
-660.0
-640.0
-620.0
-600.0
-580.0
-570.0
-560.0
-540.0
-530.0
-510.0
-510.0
-490.0
-470.0
-450.0
-450.0
-430.0
-410.0
-390.0
-370.0
-350.0
-340.0
-330.0
-310.0
-290.0
-270.0
-250.0
-230.0
-220.0
-200.0
-180.0
-160.0
-140.0
-120.0
-100.0
-80.0
-70.0
-50.0
-30.0
-10.0
10.0
30.0
50.0
70.0
90.0
110.0
130.0
150.0
170.0
190.0
210.0
230.0
250.0
270.0
290.0
310.0
330.0
350.0
370.0
380.0
400.0
420.0
440.0
460.0
480.0
500.0
520.0
540.0
560.0
580.0
600.0
620.0
640.0
660.0
670.0
680.0
690.0
710.0
730.0
750.0
770.0
780.0
800.0
820.0
840.0
860.0
880.0
900.0
920.0
940.0
960.0
980.0
1000.0
1020.0
1040.0
1060.0
1080.0
1100.0
1110.0
1120.0
1140.0
1160.0
1180.0
1200.0
1210.0
1220.0
1240.0
1260.0
1280.0
1300.0
1320.0
1340.0
1360.0
1380.0
1400.0
1420.0
1440.0
1460.0
1480.0
1500.0
1520.0
1540.0
1560.0
1580.0
1600.0
1620.0
1640.0
1660.0
1680.0
1690.0
1710.0
1730.0
1750.0
1770.0
1790.0
1810.0
1830.0
1850.0
1860.0
1880.0
1900.0
1920.0
1940.0
1950.0
1970.0
1990.0
2010.0
2030.0
2050.0
2070.0
2090.0
2110.0
2130.0
2150.0
2170.0
2190.0
2210.0
2230.0
2250.0
2270.0
2290.0
2310.0
2330.0
2350.0
2370.0
2390.0
2410.0
2430.0
2450.0
2460.0
2460.0
2470.0
2490.0
2510.0
2530.0
2550.0
2550.0
2570.0
2590.0
2610.0
2630.0
2650.0
2670.0
2680.0
2700.0
2720.0
2730.0
2750.0
2760.0
2780.0
2790.0
2810.0
2820.0
2840.0
2840.0
2860.0
2880.0
2900.0
2920.0
2940.0
2960.0
2980.0
3000.0
3020.0
3040.0
3060.0
3070.0
3090.0
3100.0
3120.0
3140.0
3150.0
3170.0
3190.0
3210.0
3220.0
3240.0
3260.0
3280.0
3300.0
3320.0
3330.0
3350.0
3360.0
3380.0
3400.0
3420.0
3440.0
3460.0
3480.0
3500.0
3510.0
3530.0
3540.0
3550.0
3570.0
3590.0
3610.0
3630.0
3650.0
3670.0
3680.0
3700.0
3720.0
3740.0
3750.0
3770.0
3790.0
3780.0
3800.0
3820.0
3840.0
3860.0
3880.0
3900.0
3920.0
3940.0
3960.0
3980.0
4000.0
4020.0
4040.0
4060.0
4080.0
4100.0
4120.0
4140.0
4160.0
4180.0
4200.0
4220.0
4240.0
4260.0
4280.0
4300.0
4310.0
4330.0
4340.0
4360.0
4380.0
4400.0
4410.0
4430.0
4450.0
4470.0
4480.0
4500.0
4520.0
4540.0
4550.0
4570.0
4580.0
4600.0
4620.0
4630.0
4650.0
4670.0
4690.0
4710.0
4730.0
4750.0
4770.0
4790.0
4810.0
4820.0
4840.0
4850.0
4870.0
4890.0
4900.0
4920.0
4940.0
4950.0
4970.0
4990.0
5000.0
5020.0
5040.0
5060.0
5080.0
5100.0
5120.0
5130.0
5150.0
5170.0
5190.0
5190.0
5210.0
5220.0
5240.0
5260.0
5280.0
5300.0
5320.0
5340.0
5360.0
5370.0
5390.0
5410.0
5430.0
5440.0
5460.0
5480.0
5500.0
5520.0
5540.0
5560.0
5580.0
5600.0
5620.0
5640.0
5660.0
5670.0
5690.0
5710.0
5730.0
5750.0
5760.0
5780.0
5800.0
5820.0
5840.0
5860.0
5880.0
5900.0
5920.0
5930.0
5950.0
5970.0
5990.0
6010.0
6030.0
6050.0
6070.0
6090.0
6110.0
6130.0
6140.0
6160.0
6180.0
6190.0
6210.0
6230.0
6240.0
6260.0
6270.0
6290.0
6300.0
6320.0
6340.0
6360.0
6380.0
6400.0
6420.0
6440.0
6460.0
6470.0
6490.0
6510.0
6530.0
6550.0
6570.0
6590.0
6610.0
6630.0
6640.0
6660.0
6680.0
6690.0
6700.0
6720.0
6740.0
6760.0
6780.0
6800.0
6820.0
6840.0
6860.0
6880.0
6900.0
6920.0
6940.0
6960.0
6970.0
6990.0
7010.0
7030.0
7050.0
7060.0
7080.0
7100.0
7120.0
7140.0
7160.0
7180.0
7190.0
7210.0
7230.0
7250.0
7270.0
7290.0
7300.0
7320.0
7340.0
7350.0
7360.0
7380.0
7400.0
7420.0
7430.0
7450.0
7470.0
7490.0
7510.0
7530.0
7550.0
7570.0
7590.0
7590.0
7610.0
7630.0
7650.0
7670.0
7690.0
7700.0
7720.0
7740.0
7760.0
7780.0
7790.0
7810.0
7830.0
7850.0
7870.0
7890.0
7900.0
7920.0
7930.0
7950.0
7970.0
7960.0
7980.0
8000.0
8020.0
8030.0
8050.0
8070.0
8090.0
8100.0
8120.0
8140.0
8160.0
8180.0
8200.0
8210.0
8230.0
8250.0
8270.0
8290.0
8310.0
8320.0
8340.0
8350.0
8360.0
8380.0
8400.0
8420.0
8440.0
8460.0
8480.0
8490.0
8510.0
8530.0
8550.0
8570.0
8590.0
8610.0
8630.0
8650.0
8670.0
8690.0
8710.0
8730.0
8740.0
8760.0
8780.0
8800.0
8820.0
8840.0
8860.0
8870.0
8890.0
8910.0
8930.0
8950.0
8970.0
8990.0
9010.0
9030.0
9050.0
9070.0
9090.0
9110.0
9130.0
9140.0
9160.0
9180.0
9200.0
9220.0
9240.0
9260.0
9270.0
9290.0
9310.0
9330.0
9350.0
9370.0
9390.0
9410.0
9430.0
9450.0
9470.0
9490.0
9510.0
9530.0
9550.0
9570.0
9590.0
9610.0
9630.0
9650.0
9670.0
9690.0
9710.0
9730.0
9750.0
9770.0
9790.0
9810.0
9830.0
9850.0
9870.0
9890.0
9900.0
9910.0
9930.0
9950.0
9970.0
9990.0
10010.0
10030.0
10050.0
10070.0
10090.0
10110.0
10130.0
10150.0
10170.0
10190.0
10210.0
10230.0
10250.0
10270.0
10280.0
10300.0
10320.0
10330.0
10350.0
10370.0
10390.0
10410.0
10430.0
10450.0
10470.0
10480.0
10500.0
10520.0
10540.0
10560.0
10580.0
10600.0
10620.0
10640.0
10660.0
10680.0
10700.0
10710.0
10730.0
10750.0
10770.0
10790.0
10810.0
10830.0
10850.0
10870.0
10890.0
10910.0
10930.0
10950.0
10970.0
10990.0
11010.0
11030.0
11050.0
11070.0
11090.0
11110.0
11120.0
11140.0
11160.0
11180.0
11200.0
11220.0
11240.0
11260.0
11280.0
11300.0
11320.0
11340.0
11360.0
11380.0
11390.0
11410.0
11430.0
11440.0
11460.0
11480.0
11480.0
11500.0
11510.0
11530.0
11550.0
11570.0
11590.0
11610.0
11630.0
11650.0
11670.0
11680.0
11700.0
11710.0
11730.0
11720.0
11740.0
11760.0
11780.0
11800.0
11820.0
11840.0
11860.0
11880.0
11880.0
11900.0
11920.0
11940.0
11960.0
11980.0
11980.0
11990.0
12010.0
12020.0
12040.0
12060.0
12080.0
12100.0
12120.0
12140.0
12160.0
12180.0
12200.0
12220.0
12240.0
12260.0
12280.0
12300.0
12320.0
12330.0
12350.0
12370.0
12390.0
12410.0
12430.0
12450.0
12470.0
12490.0
12510.0
12520.0
12540.0
12560.0
12580.0
12600.0
12620.0
12640.0
12660.0
12680.0
12700.0
12720.0
12740.0
12760.0
12780.0
12800.0
12820.0
12840.0
12860.0
12870.0
12890.0
12910.0
12930.0
12940.0
12960.0
12980.0
13000.0
13020.0
13040.0
13060.0
13080.0
13090.0
13110.0
13130.0
13140.0
13160.0
13180.0
13200.0
13220.0
13230.0
13240.0
13260.0
13280.0
13300.0
13320.0
13330.0
13340.0
13360.0
13370.0
13390.0
13410.0
13430.0
13450.0
13470.0
13490.0
13510.0
13530.0
13550.0
13570.0
13590.0
13610.0
13630.0
13650.0
13670.0
13690.0
13710.0
13730.0
13750.0
13770.0
13790.0
13810.0
13830.0
13850.0
13870.0
13890.0
13910.0
13930.0
13950.0
13970.0
13990.0
14010.0
14020.0
14040.0
14060.0
14080.0
14100.0
14120.0
14140.0
14150.0
14170.0
14190.0
14210.0
14230.0
14250.0
14270.0
14290.0
14310.0
14330.0
14350.0
14370.0
14390.0
14400.0
14420.0
14440.0
14460.0
14470.0
14490.0
14510.0
14530.0
14550.0
14560.0
14580.0
14600.0
14620.0
14640.0
14660.0
14680.0
14690.0
14710.0
14730.0
14750.0
14770.0
14790.0
14810.0
14820.0
14840.0
14860.0
14870.0
14890.0
14910.0
14930.0
14940.0
14960.0
14980.0
15000.0
15020.0
15040.0
15060.0
15080.0
15100.0
15120.0
15140.0
15160.0
15180.0
15200.0
15210.0
15230.0
15250.0
15270.0
15290.0
15310.0
15330.0
15350.0
15370.0
15380.0
15400.0
15420.0
15440.0
15460.0
15480.0
15500.0
15520.0
15540.0
15560.0
15580.0
15600.0
15620.0
15640.0
15660.0
15680.0
15700.0
15720.0
15740.0
15760.0
15780.0
15800.0
15820.0
15840.0
15860.0
15880.0
15900.0
15920.0
15940.0
15960.0
15980.0
16000.0
16020.0
16040.0
16050.0
16070.0
16090.0
16110.0
16130.0
16150.0
16160.0
16180.0
16200.0
16210.0
16230.0
16230.0
16250.0
16270.0
16290.0
16290.0
16310.0
16330.0
16340.0
16360.0
16380.0
16400.0
16410.0
16430.0
16450.0
16470.0
16490.0
16510.0
16530.0
16550.0
16570.0
16590.0
16610.0
16630.0
16650.0
16670.0
16680.0
16680.0
16680.0
16700.0
16720.0
16740.0
16760.0
16780.0
16800.0
16820.0
16840.0
16860.0
16880.0
16900.0
16920.0
16940.0
16960.0
16980.0
17000.0
17020.0
17040.0
17060.0
17080.0
17090.0
17110.0
17130.0
17150.0
17170.0
17190.0
17210.0
17230.0
17250.0
17270.0
17290.0
17310.0
17320.0
17340.0
17360.0
17380.0
17400.0
17420.0
17440.0
17460.0
17480.0
17500.0
17520.0
17540.0
17550.0
17570.0
17590.0
17610.0
17630.0
17650.0
17670.0
17690.0
17710.0
17730.0
17750.0
17770.0
17790.0
17810.0
17830.0
17850.0
17870.0
17890.0
17910.0
17930.0
17950.0
17970.0
17990.0
18010.0
18030.0
18050.0
18060.0
18080.0
18100.0
18120.0
18140.0
18160.0
18180.0
18200.0
18220.0
18240.0
18260.0
18280.0
18300.0
18320.0
18340.0
18360.0
18380.0
18400.0
18420.0
18440.0
18460.0
18480.0
18500.0
18520.0
18540.0
18560.0
18580.0
18600.0
18620.0
18640.0
18660.0
18670.0
18690.0
18710.0
18730.0
18750.0
18770.0
18790.0
18800.0
18820.0
18840.0
18860.0
18880.0
18900.0
18910.0
18930.0
18950.0
18970.0
18990.0
19010.0
19030.0
19050.0
19070.0
19080.0
19100.0
19120.0
19140.0
19160.0
19180.0
19200.0
19220.0
19240.0
19260.0
19280.0
19300.0
19300.0
19310.0
19330.0
19350.0
19370.0
19390.0
19410.0
19430.0
19450.0
19470.0
19470.0
19490.0
19510.0
19530.0
19550.0
19570.0
19580.0
19600.0
19620.0
19640.0
19660.0
19680.0
19700.0
19710.0
19730.0
19750.0
19770.0
19790.0
19810.0
19830.0
19850.0
19870.0
19890.0
19910.0
19930.0
19950.0
19970.0
19990.0
20010.0
20030.0
20050.0
20070.0
20080.0
20090.0
20110.0
20130.0
20150.0
20170.0
20190.0
20200.0
20220.0
20240.0
20260.0
20280.0
20300.0
20320.0
20340.0
20360.0
20380.0
20400.0
20420.0
20440.0
20460.0
20480.0
20500.0
20520.0
20540.0
20550.0
20560.0
20580.0
20600.0
20610.0
20630.0
20650.0
20670.0
20690.0
20710.0
20720.0
20740.0
20750.0
20770.0
20790.0
20810.0
20830.0
20840.0
20860.0
20880.0
20890.0
20910.0
20930.0
20950.0
20970.0
20980.0
21000.0
21020.0
21040.0
21050.0
21070.0
21080.0
21100.0
21120.0
21140.0
21160.0
21160.0
21180.0
21200.0
21220.0
21240.0
21260.0
21280.0
21300.0
21320.0
21330.0
21350.0
21370.0
21390.0
21410.0
21430.0
21440.0
21460.0
21480.0
21500.0
21520.0
21540.0
21560.0
21580.0
21600.0
21620.0
21640.0
21660.0
21680.0
21700.0
21720.0
21740.0
21750.0
21770.0
21790.0
21810.0
21830.0
21850.0
21870.0
21890.0
21910.0
21930.0
21950.0
21970.0
21990.0
22010.0
22030.0
22050.0
22070.0
22090.0
22110.0
22130.0
22150.0
22160.0
22180.0
22190.0
22210.0
22230.0
22250.0
22270.0
22290.0
22300.0
22320.0
22340.0
22360.0
22380.0
22400.0
22420.0
22430.0
22450.0
22470.0
22490.0
22510.0
22530.0
22550.0
22560.0
22570.0
22590.0
22610.0
22630.0
22650.0
22670.0
22690.0
22710.0
22730.0
22750.0
22770.0
22790.0
22810.0
22830.0
22850.0
22870.0
22890.0
22910.0
22930.0
22950.0
22970.0
22990.0
23010.0
23020.0
23040.0
23050.0
23070.0
23090.0
23110.0
23130.0
23150.0
23170.0
23190.0
23210.0
23230.0
23250.0
23270.0
23290.0
23310.0
23330.0
23350.0
23360.0
23380.0
23400.0
23420.0
23430.0
23450.0
23470.0
23490.0
23510.0
23530.0
23550.0
23570.0
23580.0
23600.0
23620.0
23620.0
23640.0
23660.0
23680.0
23700.0
23710.0
23730.0
23750.0
23770.0
23790.0
23790.0
23810.0
23820.0
23830.0
23850.0
23870.0
23880.0
23900.0
23920.0
23920.0
23940.0
23960.0
23980.0
24000.0
24010.0
24030.0
24050.0
24060.0
24070.0
24090.0
24110.0
24130.0
24150.0
24170.0
24190.0
24210.0
24220.0
24230.0
24250.0
24270.0
24290.0
24310.0
24330.0
24350.0
24370.0
24390.0
24410.0
24430.0
24450.0
24460.0
24470.0
24490.0
24510.0
24530.0
24550.0
24570.0
24590.0
24600.0
24620.0
24640.0
24640.0
24660.0
24680.0
24700.0
24720.0
24740.0
24760.0
24780.0
24800.0
24820.0
24840.0
24860.0
24880.0
24900.0
24920.0
24940.0
24960.0
24970.0
24990.0
25000.0
25020.0
25040.0
25060.0
25080.0
25100.0
25120.0
25140.0
25150.0
25160.0
25180.0
25190.0
25210.0
25230.0
25240.0
25250.0
25270.0
25290.0
25310.0
25330.0
25350.0
25370.0
25390.0
25410.0
25430.0
25450.0
25470.0
25490.0
25510.0
25530.0
25550.0
25570.0
25590.0
25610.0
25630.0
25640.0
25660.0
25680.0
25700.0
25690.0
25710.0
25730.0
25750.0
25760.0
25770.0
25790.0
25810.0
25830.0
25850.0
