a = 0.8
g = 0.2
e = 0.5
random initial weights = false

-760.0
-1260.0
-1390.0
-1680.0
-1870.0
-2010.0
-2070.0
-2250.0
-2390.0
-2420.0
-2730.0
-2730.0
-2830.0
-2990.0
-3020.0
-3050.0
-3040.0
-3030.0
-3160.0
-3180.0
-3170.0
-3220.0
-3220.0
-3220.0
-3220.0
-3210.0
-3210.0
-3220.0
-3210.0
-3210.0
-3230.0
-3260.0
-3250.0
-3260.0
-3240.0
-3230.0
-3220.0
-3240.0
-3290.0
-3290.0
-3280.0
-3290.0
-3350.0
-3330.0
-3320.0
-3310.0
-3310.0
-3300.0
-3300.0
-3280.0
-3270.0
-3310.0
-3310.0
-3330.0
-3330.0
-3370.0
-3390.0
-3430.0
-3420.0
-3410.0
-3400.0
-3390.0
-3390.0
-3410.0
-3390.0
-3420.0
-3430.0
-3450.0
-3480.0
-3500.0
-3520.0
-3510.0
-3540.0
-3540.0
-3550.0
-3540.0
-3540.0
-3550.0
-3560.0
-3600.0
-3580.0
-3590.0
-3590.0
-3580.0
-3600.0
-3590.0
-3610.0
-3620.0
-3620.0
-3630.0
-3620.0
-3630.0
-3650.0
-3650.0
-3670.0
-3680.0
-3700.0
-3700.0
-3700.0
-3710.0
-3710.0
-3720.0
-3730.0
-3720.0
-3740.0
-3760.0
-3810.0
-3830.0
-3850.0
-3840.0
-3830.0
-3870.0
-3920.0
-3920.0
-3920.0
-3930.0
-3940.0
-3920.0
-3930.0
-3940.0
-3920.0
-3920.0
-3920.0
-3930.0
-3960.0
-3980.0
-3990.0
-4050.0
-4060.0
-4050.0
-4040.0
-4020.0
-4010.0
-4000.0
-4010.0
-4030.0
-4070.0
-4050.0
-4060.0
-4040.0
-4030.0
-4070.0
-4050.0
-4040.0
-4050.0
-4050.0
-4050.0
-4050.0
-4070.0
-4050.0
-4060.0
-4050.0
-4060.0
-4060.0
-4080.0
-4060.0
-4070.0
-4060.0
-4050.0
-4040.0
-4060.0
-4070.0
-4060.0
-4050.0
-4030.0
-4010.0
-4030.0
-4030.0
-4040.0
-4030.0
-4060.0
-4090.0
-4080.0
-4080.0
-4090.0
-4100.0
-4090.0
-4090.0
-4080.0
-4080.0
-4090.0
-4070.0
-4060.0
-4060.0
-4060.0
-4120.0
-4140.0
-4140.0
-4140.0
-4130.0
-4130.0
-4120.0
-4120.0
-4160.0
-4160.0
-4180.0
-4160.0
-4150.0
-4140.0
-4190.0
-4240.0
-4240.0
-4220.0
-4240.0
-4240.0
-4230.0
-4240.0
-4240.0
-4250.0
-4240.0
-4230.0
-4230.0
-4240.0
-4250.0
-4250.0
-4270.0
-4250.0
-4290.0
-4310.0
-4320.0
-4330.0
-4370.0
-4360.0
-4350.0
-4400.0
-4410.0
-4410.0
-4420.0
-4440.0
-4440.0
-4430.0
-4410.0
-4440.0
-4480.0
-4500.0
-4500.0
-4500.0
-4480.0
-4490.0
-4490.0
-4490.0
-4510.0
-4510.0
-4530.0
-4510.0
-4510.0
-4530.0
-4520.0
-4550.0
-4570.0
-4570.0
-4570.0
-4550.0
-4540.0
-4540.0
-4530.0
-4520.0
-4550.0
-4540.0
-4530.0
-4530.0
-4540.0
-4550.0
-4590.0
-4600.0
-4630.0
-4660.0
-4660.0
-4650.0
-4660.0
-4640.0
-4650.0
-4660.0
-4680.0
-4680.0
-4670.0
-4690.0
-4680.0
-4660.0
-4660.0
-4670.0
-4690.0
-4690.0
-4690.0
-4700.0
-4680.0
-4670.0
-4660.0
-4640.0
-4640.0
-4670.0
-4650.0
-4680.0
-4660.0
-4670.0
-4660.0
-4680.0
-4680.0
-4660.0
-4650.0
-4650.0
-4660.0
-4650.0
-4660.0
-4660.0
-4650.0
-4680.0
-4700.0
-4680.0
-4710.0
-4690.0
-4670.0
-4670.0
-4650.0
-4650.0
-4680.0
-4680.0
-4700.0
-4700.0
-4720.0
-4760.0
-4770.0
-4770.0
-4790.0
-4780.0
-4810.0
-4820.0
-4840.0
-4850.0
-4870.0
-4870.0
-4910.0
-4930.0
-4930.0
-4920.0
-4950.0
-4960.0
-4940.0
-4920.0
-4900.0
-4930.0
-4960.0
-4940.0
-4950.0
-4930.0
-4930.0
-4910.0
-4940.0
-4940.0
-4920.0
-4940.0
-4970.0
-4970.0
-4970.0
-4990.0
-5000.0
-4990.0
-5000.0
-5010.0
-5000.0
-4990.0
-4990.0
-5010.0
-5030.0
-5040.0
-5040.0
-5070.0
-5150.0
-5150.0
-5140.0
-5150.0
-5160.0
-5170.0
-5150.0
-5150.0
-5160.0
-5200.0
-5190.0
-5180.0
-5170.0
-5160.0
-5140.0
-5190.0
-5200.0
-5190.0
-5210.0
-5190.0
-5170.0
-5160.0
-5200.0
-5180.0
-5160.0
-5150.0
-5150.0
-5170.0
-5170.0
-5150.0
-5150.0
-5180.0
-5190.0
-5190.0
-5210.0
-5260.0
-5270.0
-5260.0
-5250.0
-5300.0
-5330.0
-5320.0
-5320.0
-5340.0
-5330.0
-5360.0
-5350.0
-5340.0
-5360.0
-5350.0
-5370.0
-5350.0
-5380.0
-5390.0
-5390.0
-5380.0
-5360.0
-5340.0
-5340.0
-5340.0
-5330.0
-5360.0
-5340.0
-5330.0
-5310.0
-5310.0
-5300.0
-5330.0
-5330.0
-5340.0
-5360.0
-5340.0
-5350.0
-5330.0
-5340.0
-5330.0
-5330.0
-5320.0
-5340.0
-5360.0
-5370.0
-5380.0
-5390.0
-5430.0
-5420.0
-5450.0
-5450.0
-5440.0
-5430.0
-5430.0
-5440.0
-5450.0
-5440.0
-5420.0
-5410.0
-5400.0
-5380.0
-5390.0
-5380.0
-5390.0
-5430.0
-5420.0
-5410.0
-5390.0
-5380.0
-5380.0
-5380.0
-5380.0
-5370.0
-5360.0
-5380.0
-5390.0
-5380.0
-5370.0
-5350.0
-5350.0
-5360.0
-5350.0
-5370.0
-5360.0
-5360.0
-5360.0
-5380.0
-5370.0
-5360.0
-5380.0
-5390.0
-5390.0
-5410.0
-5400.0
-5390.0
-5430.0
-5440.0
-5470.0
-5480.0
-5480.0
-5500.0
-5590.0
-5600.0
-5620.0
-5670.0
-5700.0
-5720.0
-5750.0
-5760.0
-5750.0
-5750.0
-5750.0
-5740.0
-5720.0
-5740.0
-5760.0
-5820.0
-5820.0
-5810.0
-5810.0
-5810.0
-5790.0
-5800.0
-5810.0
-5790.0
-5790.0
-5820.0
-5850.0
-5880.0
-5880.0
-5890.0
-5880.0
-5880.0
-5880.0
-5900.0
-5900.0
-5920.0
-6010.0
-6020.0
-6050.0
-6050.0
-6070.0
-6070.0
-6070.0
-6060.0
-6050.0
-6040.0
-6040.0
-6030.0
-6030.0
-6040.0
-6080.0
-6060.0
-6050.0
-6040.0
-6030.0
-6010.0
-6010.0
-6060.0
-6040.0
-6030.0
-6030.0
-6040.0
-6110.0
-6090.0
-6090.0
-6080.0
-6070.0
-6060.0
-6100.0
-6090.0
-6080.0
-6070.0
-6090.0
-6120.0
-6150.0
-6170.0
-6170.0
-6150.0
-6140.0
-6160.0
-6150.0
-6220.0
-6250.0
-6290.0
-6350.0
-6330.0
-6350.0
-6330.0
-6330.0
-6310.0
-6340.0
-6370.0
-6410.0
-6410.0
-6400.0
-6410.0
-6410.0
-6440.0
-6440.0
-6430.0
-6480.0
-6470.0
-6450.0
-6430.0
-6410.0
-6460.0
-6450.0
-6440.0
-6450.0
-6440.0
-6430.0
-6500.0
-6480.0
-6490.0
-6530.0
-6510.0
-6490.0
-6490.0
-6540.0
-6550.0
-6560.0
-6560.0
-6540.0
-6530.0
-6560.0
-6550.0
-6570.0
-6560.0
-6560.0
-6590.0
-6570.0
-6590.0
-6620.0
-6620.0
-6610.0
-6600.0
-6580.0
-6590.0
-6610.0
-6600.0
-6630.0
-6620.0
-6630.0
-6620.0
-6650.0
-6640.0
-6620.0
-6600.0
-6590.0
-6580.0
-6590.0
-6600.0
-6620.0
-6610.0
-6630.0
-6670.0
-6690.0
-6680.0
-6690.0
-6680.0
-6690.0
-6730.0
-6720.0
-6740.0
-6730.0
-6740.0
-6740.0
-6740.0
-6720.0
-6720.0
-6750.0
-6760.0
-6770.0
-6760.0
-6800.0
-6800.0
-6830.0
-6810.0
-6800.0
-6800.0
-6780.0
-6760.0
-6780.0
-6790.0
-6800.0
-6800.0
-6810.0
-6790.0
-6800.0
-6800.0
-6800.0
-6780.0
-6770.0
-6760.0
-6740.0
-6740.0
-6740.0
-6780.0
-6780.0
-6810.0
-6790.0
-6780.0
-6790.0
-6790.0
-6780.0
-6770.0
-6770.0
-6780.0
-6810.0
-6830.0
-6820.0
-6820.0
-6830.0
-6820.0
-6830.0
-6850.0
-6880.0
-6880.0
-6860.0
-6850.0
-6840.0
-6830.0
-6840.0
-6830.0
-6820.0
-6850.0
-6850.0
-6870.0
-6870.0
-6910.0
-6930.0
-6950.0
-6950.0
-6960.0
-6970.0
-7000.0
-6980.0
-6960.0
-7000.0
-7010.0
-7070.0
-7060.0
-7080.0
-7090.0
-7100.0
-7100.0
-7120.0
-7170.0
-7200.0
-7200.0
-7190.0
-7180.0
-7170.0
-7200.0
-7250.0
-7300.0
-7320.0
-7320.0
-7310.0
-7300.0
-7340.0
-7330.0
-7350.0
-7350.0
-7340.0
-7320.0
-7320.0
-7340.0
-7340.0
-7360.0
-7350.0
-7340.0
-7320.0
-7320.0
-7360.0
-7350.0
-7370.0
-7370.0
-7360.0
-7350.0
-7350.0
-7340.0
-7320.0
-7340.0
-7390.0
-7380.0
-7360.0
-7370.0
-7370.0
-7390.0
-7460.0
-7490.0
-7510.0
-7500.0
-7520.0
-7560.0
-7550.0
-7530.0
-7590.0
-7590.0
-7570.0
-7560.0
-7560.0
-7540.0
-7570.0
-7560.0
-7590.0
-7580.0
-7560.0
-7540.0
-7540.0
-7530.0
-7540.0
-7520.0
-7550.0
-7540.0
-7550.0
-7540.0
-7530.0
-7540.0
-7540.0
-7570.0
-7590.0
-7570.0
-7570.0
-7590.0
-7600.0
-7640.0
-7620.0
-7640.0
-7640.0
-7660.0
-7660.0
-7670.0
-7660.0
-7700.0
-7720.0
-7770.0
-7770.0
-7760.0
-7820.0
-7850.0
-7850.0
-7850.0
-7840.0
-7820.0
-7890.0
-7910.0
-7920.0
-7940.0
-7940.0
-7960.0
-7950.0
-7930.0
-7930.0
-7940.0
-7930.0
-7950.0
-7940.0
-7960.0
-7950.0
-7960.0
-7960.0
-7950.0
-7930.0
-7930.0
-7930.0
-7930.0
-7950.0
-7960.0
-7970.0
-7950.0
-7940.0
-7950.0
-7930.0
-7950.0
-7940.0
-7950.0
-7960.0
-7950.0
-7960.0
-7970.0
-7960.0
-7970.0
-7950.0
-7930.0
-7920.0
-7910.0
-7910.0
-7930.0
-7930.0
-7960.0
-7980.0
-7960.0
-7990.0
-8020.0
-8000.0
-8030.0
-8060.0
-8060.0
-8090.0
-8090.0
-8110.0
-8130.0
-8120.0
-8120.0
-8140.0
-8120.0
-8140.0
-8140.0
-8160.0
-8160.0
-8170.0
-8170.0
-8170.0
-8160.0
-8140.0
-8120.0
-8130.0
-8130.0
-8130.0
-8110.0
-8110.0
-8160.0
-8140.0
-8150.0
-8150.0
-8150.0
-8170.0
-8210.0
-8250.0
-8290.0
-8280.0
-8300.0
-8280.0
-8290.0
-8350.0
-8350.0
-8340.0
-8350.0
-8350.0
-8410.0
-8400.0
-8390.0
-8400.0
-8410.0
-8390.0
-8440.0
-8420.0
-8470.0
-8450.0
-8490.0
-8490.0
-8480.0
-8500.0
-8500.0
-8490.0
-8520.0
-8510.0
-8490.0
-8490.0
-8500.0
-8490.0
-8520.0
-8530.0
-8560.0
-8570.0
-8560.0
-8560.0
-8540.0
-8520.0
-8530.0
-8530.0
-8510.0
-8550.0
-8550.0
-8560.0
-8570.0
-8560.0
-8550.0
-8550.0
-8530.0
-8510.0
-8510.0
-8510.0
-8530.0
-8520.0
-8520.0
-8500.0
-8570.0
-8600.0
-8590.0
-8580.0
-8580.0
-8590.0
-8590.0
-8590.0
-8580.0
-8570.0
-8610.0
-8630.0
-8620.0
-8660.0
-8700.0
-8730.0
-8710.0
-8710.0
-8710.0
-8730.0
-8730.0
-8760.0
-8750.0
-8810.0
-8840.0
-8840.0
-8820.0
-8810.0
-8810.0
-8790.0
-8780.0
-8780.0
-8780.0
-8800.0
-8850.0
-8850.0
-8840.0
-8830.0
-8850.0
-8860.0
-8860.0
-8860.0
-8860.0
-8860.0
-8860.0
-8850.0
-8830.0
-8830.0
-8820.0
-8830.0
-8820.0
-8820.0
-8840.0
-8820.0
-8810.0
-8820.0
-8850.0
-8830.0
-8820.0
-8800.0
-8840.0
-8820.0
-8810.0
-8810.0
-8810.0
-8840.0
-8820.0
-8820.0
-8810.0
-8810.0
-8810.0
-8810.0
-8810.0
-8810.0
-8800.0
-8790.0
-8840.0
-8890.0
-8910.0
-8910.0
-8920.0
-8920.0
-8910.0
-8890.0
-8870.0
-8860.0
-8850.0
-8880.0
-8910.0
-8930.0
-8950.0
-8930.0
-8920.0
-8920.0
-8920.0
-8930.0
-8950.0
-8960.0
-8970.0
-8970.0
-9030.0
-9020.0
-9020.0
-9020.0
-9030.0
-9020.0
-9030.0
-9010.0
-9010.0
-9050.0
-9050.0
-9050.0
-9050.0
-9060.0
-9120.0
-9140.0
-9120.0
-9120.0
-9110.0
-9120.0
-9130.0
-9120.0
-9120.0
-9130.0
-9150.0
-9140.0
-9190.0
-9180.0
-9160.0
-9170.0
-9170.0
-9180.0
-9210.0
-9190.0
-9180.0
-9170.0
-9190.0
-9180.0
-9180.0
-9210.0
-9210.0
-9210.0
-9230.0
-9230.0
-9230.0
-9210.0
-9190.0
-9210.0
-9240.0
-9290.0
-9290.0
-9300.0
-9330.0
-9410.0
-9410.0
-9440.0
-9450.0
-9430.0
-9410.0
-9390.0
-9380.0
-9400.0
-9400.0
-9380.0
-9370.0
-9360.0
-9360.0
-9350.0
-9330.0
-9310.0
-9300.0
-9340.0
-9340.0
-9330.0
-9310.0
-9320.0
-9330.0
-9330.0
-9320.0
-9340.0
-9340.0
-9430.0
-9410.0
-9410.0
-9420.0
-9400.0
-9390.0
-9390.0
-9400.0
-9390.0
-9400.0
-9450.0
-9460.0
-9520.0
-9510.0
-9550.0
-9550.0
-9550.0
-9530.0
-9560.0
-9540.0
-9540.0
-9530.0
-9530.0
-9560.0
-9570.0
-9570.0
-9570.0
-9560.0
-9570.0
-9590.0
-9620.0
-9640.0
-9660.0
-9690.0
-9690.0
-9700.0
-9690.0
-9700.0
-9700.0
-9700.0
-9680.0
-9740.0
-9740.0
-9720.0
-9730.0
-9750.0
-9730.0
-9710.0
-9700.0
-9720.0
-9730.0
-9770.0
-9790.0
-9780.0
-9760.0
-9760.0
-9800.0
-9800.0
-9810.0
-9810.0
-9820.0
-9800.0
-9840.0
-9830.0
-9870.0
-9900.0
-9890.0
-9880.0
-9870.0
-9850.0
-9840.0
-9820.0
-9850.0
-9900.0
-9890.0
-9900.0
-9900.0
-9890.0
-9880.0
-9870.0
-9880.0
-9890.0
-9880.0
-9900.0
-9910.0
-9950.0
-9970.0
-10010.0
-10000.0
-10020.0
-10030.0
-10020.0
-10040.0
-10060.0
-10080.0
-10090.0
-10080.0
-10110.0
-10090.0
-10100.0
-10090.0
-10080.0
-10110.0
-10130.0
-10170.0
-10160.0
-10140.0
-10140.0
-10130.0
-10110.0
-10110.0
-10140.0
-10150.0
-10230.0
-10240.0
-10260.0
-10250.0
-10280.0
-10280.0
-10280.0
-10330.0
-10330.0
-10370.0
-10370.0
-10350.0
-10360.0
-10340.0
-10330.0
-10360.0
-10360.0
-10380.0
-10370.0
-10380.0
-10380.0
-10400.0
-10380.0
-10390.0
-10380.0
-10380.0
-10410.0
-10420.0
-10480.0
-10500.0
-10510.0
-10560.0
-10560.0
-10620.0
-10640.0
-10660.0
-10660.0
-10680.0
-10670.0
-10670.0
-10670.0
-10660.0
-10640.0
-10620.0
-10610.0
-10610.0
-10630.0
-10620.0
-10610.0
-10610.0
-10620.0
-10670.0
-10650.0
-10640.0
-10620.0
-10610.0
-10630.0
-10650.0
-10690.0
-10680.0
-10680.0
-10690.0
-10720.0
-10780.0
-10780.0
-10760.0
-10750.0
-10790.0
-10780.0
-10810.0
-10840.0
-10860.0
-10870.0
-10850.0
-10860.0
-10890.0
-10900.0
-10940.0
-10940.0
-10940.0
-10940.0
-10920.0
-10900.0
-10890.0
-10890.0
-10920.0
-10920.0
-10930.0
-10920.0
-10940.0
-10940.0
-10930.0
-10920.0
-10980.0
-10970.0
-10960.0
-10950.0
-11000.0
-11030.0
-11050.0
-11090.0
-11090.0
-11090.0
-11080.0
-11100.0
-11080.0
-11070.0
-11080.0
-11070.0
-11070.0
-11050.0
-11050.0
-11060.0
-11050.0
-11030.0
-11020.0
-11020.0
-11100.0
-11120.0
-11130.0
-11180.0
-11180.0
-11160.0
-11140.0
-11130.0
-11180.0
-11220.0
-11220.0
-11230.0
-11260.0
-11250.0
-11240.0
-11250.0
-11270.0
-11250.0
-11250.0
-11310.0
-11330.0
-11340.0
-11360.0
-11370.0
-11390.0
-11420.0
-11410.0
-11420.0
-11460.0
-11490.0
-11490.0
-11470.0
-11470.0
-11460.0
-11440.0
-11420.0
-11510.0
-11510.0
-11500.0
-11490.0
-11490.0
-11510.0
-11550.0
-11570.0
-11570.0
-11600.0
-11600.0
-11620.0
-11610.0
-11600.0
-11580.0
-11560.0
-11550.0
-11540.0
-11560.0
-11600.0
-11580.0
-11580.0
-11570.0
-11560.0
-11560.0
-11570.0
-11570.0
-11610.0
-11610.0
-11600.0
-11620.0
-11610.0
-11590.0
-11600.0
-11580.0
-11660.0
-11660.0
-11640.0
-11630.0
-11620.0
-11670.0
-11670.0
-11670.0
-11660.0
-11660.0
-11690.0
-11700.0
-11700.0
-11720.0
-11720.0
-11730.0
-11720.0
-11730.0
-11720.0
-11700.0
-11700.0
-11720.0
-11710.0
-11700.0
-11720.0
