a = 0.8
g = 0.5
e = 0.1
random initial weights = false

-390.0
-520.0
-850.0
-880.0
-860.0
-900.0
-1000.0
-1220.0
-1200.0
-1200.0
-1180.0
-1200.0
-1230.0
-1240.0
-1250.0
-1290.0
-1310.0
-1310.0
-1310.0
-1290.0
-1270.0
-1280.0
-1270.0
-1260.0
-1250.0
-1230.0
-1210.0
-1190.0
-1180.0
-1170.0
-1150.0
-1130.0
-1110.0
-1090.0
-1090.0
-1070.0
-1050.0
-1030.0
-1010.0
-990.0
-970.0
-950.0
-940.0
-920.0
-910.0
-890.0
-870.0
-850.0
-830.0
-810.0
-790.0
-770.0
-750.0
-730.0
-710.0
-690.0
-670.0
-650.0
-630.0
-610.0
-590.0
-570.0
-560.0
-540.0
-520.0
-500.0
-480.0
-470.0
-450.0
-430.0
-420.0
-400.0
-380.0
-360.0
-340.0
-320.0
-310.0
-290.0
-280.0
-260.0
-240.0
-220.0
-210.0
-190.0
-170.0
-150.0
-130.0
-120.0
-100.0
-80.0
-60.0
-40.0
-20.0
0.0
20.0
30.0
50.0
70.0
90.0
110.0
130.0
150.0
170.0
190.0
210.0
230.0
250.0
270.0
290.0
310.0
330.0
350.0
360.0
380.0
400.0
420.0
440.0
460.0
480.0
500.0
520.0
540.0
560.0
580.0
590.0
590.0
610.0
630.0
650.0
670.0
690.0
710.0
730.0
750.0
760.0
780.0
800.0
820.0
840.0
850.0
870.0
890.0
910.0
910.0
930.0
950.0
960.0
970.0
990.0
1010.0
1030.0
1050.0
1070.0
1090.0
1110.0
1120.0
1140.0
1160.0
1170.0
1190.0
1210.0
1230.0
1240.0
1250.0
1270.0
1290.0
1310.0
1330.0
1340.0
1360.0
1380.0
1400.0
1420.0
1440.0
1460.0
1480.0
1500.0
1520.0
1520.0
1540.0
1550.0
1570.0
1590.0
1610.0
1620.0
1640.0
1660.0
1680.0
1700.0
1720.0
1740.0
1760.0
1780.0
1800.0
1820.0
1840.0
1860.0
1870.0
1890.0
1910.0
1930.0
1950.0
1970.0
1990.0
2010.0
2030.0
2050.0
2070.0
2090.0
2110.0
2120.0
2140.0
2160.0
2180.0
2200.0
2220.0
2240.0
2260.0
2280.0
2300.0
2320.0
2340.0
2360.0
2380.0
2400.0
2420.0
2430.0
2450.0
2470.0
2480.0
2500.0
2510.0
2490.0
2510.0
2530.0
2550.0
2570.0
2590.0
2610.0
2620.0
2640.0
2660.0
2680.0
2700.0
2720.0
2730.0
2750.0
2770.0
2790.0
2810.0
2830.0
2850.0
2850.0
2870.0
2890.0
2910.0
2930.0
2950.0
2960.0
2980.0
2990.0
3010.0
3030.0
3050.0
3070.0
3090.0
3100.0
3120.0
3130.0
3150.0
3170.0
3190.0
3200.0
3220.0
3240.0
3260.0
3280.0
3300.0
3320.0
3340.0
3360.0
3380.0
3400.0
3420.0
3440.0
3460.0
3480.0
3500.0
3520.0
3540.0
3560.0
3580.0
3590.0
3610.0
3630.0
3650.0
3670.0
3690.0
3710.0
3730.0
3740.0
3760.0
3780.0
3800.0
3810.0
3830.0
3840.0
3860.0
3880.0
3900.0
3920.0
3930.0
3950.0
3970.0
3990.0
3990.0
4010.0
4030.0
4050.0
4070.0
4090.0
4110.0
4120.0
4140.0
4160.0
4170.0
4190.0
4210.0
4230.0
4240.0
4260.0
4280.0
4300.0
4320.0
4340.0
4360.0
4380.0
4390.0
4400.0
4420.0
4440.0
4440.0
4460.0
4480.0
4500.0
4500.0
4520.0
4540.0
4550.0
4570.0
4590.0
4610.0
4630.0
4650.0
4650.0
4670.0
4680.0
4700.0
4720.0
4740.0
4760.0
4780.0
4790.0
4810.0
4830.0
4840.0
4860.0
4880.0
4900.0
4920.0
4940.0
4960.0
4970.0
4990.0
5010.0
5030.0
5050.0
5060.0
5080.0
5090.0
5110.0
5120.0
5140.0
5160.0
5180.0
5200.0
5220.0
5240.0
5260.0
5280.0
5290.0
5300.0
5310.0
5330.0
5350.0
5370.0
5390.0
5410.0
5420.0
5440.0
5460.0
5480.0
5500.0
5510.0
5530.0
5550.0
5570.0
5590.0
5610.0
5620.0
5640.0
5660.0
5680.0
5700.0
5720.0
5740.0
5760.0
5770.0
5790.0
5810.0
5830.0
5820.0
5830.0
5850.0
5870.0
5890.0
5910.0
5930.0
5950.0
5970.0
5990.0
6010.0
6020.0
6030.0
6050.0
6070.0
6080.0
6090.0
6110.0
6120.0
6140.0
6160.0
6180.0
6200.0
6220.0
6240.0
6260.0
6280.0
6290.0
6310.0
6330.0
6350.0
6370.0
6370.0
6380.0
6400.0
6400.0
6420.0
6430.0
6450.0
6470.0
6490.0
6510.0
6530.0
6550.0
6570.0
6580.0
6600.0
6610.0
6630.0
6650.0
6660.0
6680.0
6700.0
6710.0
6720.0
6740.0
6760.0
6780.0
6800.0
6810.0
6830.0
6850.0
6870.0
6880.0
6890.0
6910.0
6930.0
6950.0
6970.0
6990.0
7010.0
7020.0
7040.0
7060.0
7080.0
7100.0
7120.0
7130.0
7150.0
7170.0
7190.0
7210.0
7230.0
7250.0
7250.0
7260.0
7280.0
7290.0
7310.0
7330.0
7350.0
7370.0
7380.0
7400.0
7420.0
7440.0
7460.0
7480.0
7500.0
7520.0
7540.0
7560.0
7580.0
7600.0
7620.0
7630.0
7650.0
7670.0
7690.0
7710.0
7730.0
7750.0
7770.0
7790.0
7810.0
7820.0
7840.0
7830.0
7850.0
7870.0
7890.0
7910.0
7930.0
7950.0
7970.0
7990.0
8000.0
8020.0
8040.0
8060.0
8080.0
8100.0
8110.0
8130.0
8150.0
8170.0
8190.0
8210.0
8230.0
8250.0
8270.0
8290.0
8310.0
8320.0
8340.0
8350.0
8350.0
8370.0
8390.0
8410.0
8420.0
8440.0
8460.0
8480.0
8500.0
8520.0
8540.0
8550.0
8570.0
8590.0
8600.0
8620.0
8640.0
8660.0
8680.0
8700.0
8720.0
8730.0
8750.0
8770.0
8780.0
8790.0
8810.0
8830.0
8850.0
8870.0
8880.0
8900.0
8920.0
8940.0
8960.0
8980.0
9000.0
9020.0
9040.0
9060.0
9070.0
9080.0
9100.0
9120.0
9140.0
9160.0
9180.0
9200.0
9220.0
9240.0
9250.0
9270.0
9290.0
9310.0
9330.0
9350.0
9370.0
9390.0
9410.0
9430.0
9450.0
9460.0
9480.0
9500.0
9520.0
9540.0
9560.0
9580.0
9600.0
9620.0
9640.0
9660.0
9680.0
9700.0
9720.0
9740.0
9760.0
9780.0
9800.0
9820.0
9840.0
9860.0
9880.0
9900.0
9920.0
9940.0
9960.0
9980.0
9990.0
10010.0
10030.0
10050.0
10070.0
10090.0
10110.0
10130.0
10140.0
10160.0
10170.0
10190.0
10210.0
10230.0
10250.0
10270.0
10290.0
10310.0
10330.0
10350.0
10370.0
10390.0
10410.0
10430.0
10440.0
10460.0
10480.0
10500.0
10520.0
10530.0
10550.0
10570.0
10590.0
10600.0
10620.0
10640.0
10660.0
10680.0
10700.0
10720.0
10740.0
10760.0
10780.0
10800.0
10820.0
10840.0
10860.0
10880.0
10900.0
10920.0
10940.0
10960.0
10980.0
11000.0
11020.0
11040.0
11060.0
11080.0
11100.0
11110.0
11130.0
11150.0
11170.0
11190.0
11210.0
11230.0
11250.0
11270.0
11290.0
11310.0
11330.0
11350.0
11360.0
11380.0
11400.0
11420.0
11440.0
11460.0
11480.0
11500.0
11520.0
11530.0
11550.0
11570.0
11590.0
11610.0
11630.0
11650.0
11670.0
11690.0
11710.0
11730.0
11750.0
11770.0
11790.0
11810.0
11830.0
11840.0
11860.0
11880.0
11900.0
11920.0
11940.0
11950.0
11970.0
11990.0
12000.0
12020.0
12040.0
12060.0
12070.0
12090.0
12110.0
12130.0
12150.0
12170.0
12180.0
12200.0
12220.0
12240.0
12260.0
12280.0
12300.0
12320.0
12340.0
12360.0
12380.0
12400.0
12420.0
12440.0
12460.0
12480.0
12500.0
12520.0
12540.0
12550.0
12560.0
12560.0
12570.0
12590.0
12610.0
12630.0
12650.0
12670.0
12680.0
12700.0
12720.0
12730.0
12740.0
12760.0
12780.0
12800.0
12820.0
12840.0
12860.0
12880.0
12900.0
12910.0
12930.0
12950.0
12960.0
12980.0
12980.0
13000.0
13020.0
13040.0
13060.0
13080.0
13100.0
13120.0
13140.0
13160.0
13170.0
13190.0
13210.0
13230.0
13250.0
13270.0
13290.0
13310.0
13330.0
13350.0
13360.0
13370.0
13390.0
13410.0
13430.0
13450.0
13470.0
13490.0
13510.0
13530.0
13550.0
13570.0
13590.0
13600.0
13620.0
13640.0
13660.0
13660.0
13680.0
13690.0
13710.0
13730.0
13750.0
13770.0
13790.0
13810.0
13830.0
13840.0
13860.0
13880.0
13900.0
13920.0
13940.0
13960.0
13980.0
14000.0
14020.0
14040.0
14060.0
14080.0
14090.0
14100.0
14120.0
14140.0
14160.0
14180.0
14200.0
14220.0
14240.0
14260.0
14280.0
14300.0
14320.0
14340.0
14360.0
14380.0
14400.0
14420.0
14440.0
14460.0
14480.0
14500.0
14520.0
14530.0
14550.0
14570.0
14590.0
14610.0
14630.0
14650.0
14670.0
14690.0
14710.0
14730.0
14740.0
14760.0
14780.0
14800.0
14820.0
14840.0
14860.0
14880.0
14900.0
14920.0
14940.0
14950.0
14970.0
14990.0
15010.0
15030.0
15050.0
15070.0
15090.0
15110.0
15130.0
15140.0
15160.0
15160.0
15180.0
15200.0
15220.0
15240.0
15240.0
15260.0
15280.0
15300.0
15320.0
15340.0
15360.0
15380.0
15400.0
15420.0
15440.0
15460.0
15470.0
15480.0
15490.0
15510.0
15530.0
15550.0
15570.0
15590.0
15610.0
15630.0
15650.0
15670.0
15690.0
15710.0
15720.0
15740.0
15760.0
15780.0
15800.0
15820.0
15840.0
15860.0
15870.0
15880.0
15900.0
15920.0
15940.0
15960.0
15980.0
16000.0
16020.0
16040.0
16060.0
16080.0
16100.0
16120.0
16140.0
16150.0
16170.0
16190.0
16210.0
16230.0
16250.0
16270.0
16290.0
16310.0
16330.0
16350.0
16370.0
16390.0
16410.0
16430.0
16450.0
16470.0
16490.0
16510.0
16530.0
16550.0
16570.0
16590.0
16610.0
16630.0
16650.0
16670.0
16690.0
16710.0
16720.0
16740.0
16760.0
16780.0
16800.0
16820.0
16840.0
16860.0
16880.0
16900.0
16920.0
16940.0
16960.0
16980.0
16990.0
17010.0
17030.0
17050.0
17070.0
17090.0
17100.0
17120.0
17130.0
17150.0
17170.0
17190.0
17210.0
17230.0
17250.0
17260.0
17280.0
17300.0
17320.0
17340.0
17350.0
17370.0
17390.0
17410.0
17430.0
17450.0
17460.0
17480.0
17500.0
17510.0
17530.0
17550.0
17560.0
17580.0
17600.0
17620.0
17640.0
17660.0
17680.0
17690.0
17710.0
17730.0
17750.0
17770.0
17790.0
17810.0
17830.0
17850.0
17870.0
17890.0
17910.0
17930.0
17950.0
17970.0
17980.0
18000.0
18020.0
18040.0
18060.0
18080.0
18100.0
18120.0
18140.0
18160.0
18170.0
18190.0
18210.0
18230.0
18250.0
18270.0
18290.0
18300.0
18320.0
18340.0
18350.0
18370.0
18390.0
18410.0
18430.0
18440.0
18460.0
18480.0
18490.0
18510.0
18530.0
18550.0
18560.0
18580.0
18600.0
18620.0
18640.0
18660.0
18680.0
18700.0
18710.0
18730.0
18740.0
18760.0
18780.0
18800.0
18820.0
18840.0
18860.0
18880.0
18900.0
18920.0
18930.0
18950.0
18970.0
18990.0
19000.0
19020.0
19040.0
19060.0
19080.0
19100.0
19120.0
19130.0
19150.0
19170.0
19190.0
19210.0
19230.0
19250.0
19270.0
19290.0
19300.0
19320.0
19340.0
19360.0
19380.0
19400.0
19410.0
19430.0
19440.0
19460.0
19480.0
19500.0
19520.0
19540.0
19560.0
19580.0
19600.0
19620.0
19640.0
19660.0
19680.0
19700.0
19720.0
19740.0
19760.0
19780.0
19790.0
19810.0
19830.0
19850.0
19870.0
19880.0
19900.0
19920.0
19940.0
19960.0
19980.0
20000.0
20020.0
20040.0
20060.0
20080.0
20100.0
20120.0
20140.0
20160.0
20180.0
20200.0
20220.0
20230.0
20240.0
20260.0
20280.0
20290.0
20310.0
20330.0
20350.0
20370.0
20390.0
20410.0
20430.0
20450.0
20470.0
20490.0
20510.0
20530.0
20550.0
20560.0
20580.0
20600.0
20620.0
20640.0
20660.0
20680.0
20700.0
20720.0
20740.0
20760.0
20780.0
20800.0
20820.0
20840.0
20850.0
20870.0
20890.0
20910.0
20930.0
20950.0
20970.0
20980.0
21000.0
21020.0
21040.0
21060.0
21080.0
21100.0
21120.0
21140.0
21160.0
21180.0
21200.0
21220.0
21240.0
21260.0
21280.0
21300.0
21320.0
21340.0
21360.0
21380.0
21400.0
21420.0
21440.0
21460.0
21480.0
21500.0
21510.0
21530.0
21550.0
21570.0
21590.0
21610.0
21630.0
21650.0
21670.0
21690.0
21710.0
21720.0
21730.0
21750.0
21760.0
21780.0
21800.0
21820.0
21840.0
21860.0
21880.0
21900.0
21920.0
21940.0
21960.0
21980.0
22000.0
22020.0
22040.0
22060.0
22080.0
22100.0
22120.0
22140.0
22160.0
22180.0
22200.0
22220.0
22240.0
22250.0
22270.0
22290.0
22310.0
22330.0
22350.0
22370.0
22390.0
22410.0
22430.0
22450.0
22460.0
22470.0
22490.0
22510.0
22530.0
22550.0
22570.0
22590.0
22610.0
22630.0
22650.0
22670.0
22690.0
22710.0
22730.0
22740.0
22760.0
22780.0
22800.0
22820.0
22840.0
22860.0
22880.0
22900.0
22920.0
22930.0
22950.0
22970.0
22990.0
23010.0
23030.0
23050.0
23070.0
23090.0
23110.0
23130.0
23150.0
23170.0
23190.0
23210.0
23230.0
23250.0
23270.0
23290.0
23310.0
23330.0
23350.0
23370.0
23390.0
23410.0
23430.0
23450.0
23470.0
23490.0
23510.0
23530.0
23550.0
23570.0
23590.0
23610.0
23630.0
23650.0
23670.0
23690.0
23710.0
23720.0
23740.0
23750.0
23770.0
23790.0
23810.0
23830.0
23850.0
23870.0
23890.0
23910.0
23930.0
23950.0
23970.0
23990.0
24010.0
24030.0
24050.0
24070.0
24090.0
24110.0
24130.0
24150.0
24170.0
24190.0
24210.0
24230.0
24250.0
24270.0
24290.0
24300.0
24320.0
24340.0
24360.0
24380.0
24400.0
24420.0
24440.0
24460.0
24470.0
24480.0
24500.0
24520.0
24540.0
24560.0
24580.0
24600.0
24620.0
24630.0
24650.0
24670.0
24690.0
24710.0
24720.0
24740.0
24760.0
24780.0
24790.0
24810.0
24830.0
24840.0
24850.0
24870.0
24890.0
24900.0
24920.0
24940.0
24960.0
24980.0
25000.0
25010.0
25030.0
25050.0
25070.0
25090.0
25110.0
25130.0
25150.0
25170.0
25180.0
25200.0
25220.0
25240.0
25260.0
25280.0
25300.0
25310.0
25330.0
25350.0
25370.0
25390.0
25410.0
25430.0
25450.0
25470.0
25490.0
25510.0
25530.0
25550.0
25570.0
25590.0
25610.0
25630.0
25650.0
25670.0
25690.0
25700.0
25720.0
25740.0
25760.0
25780.0
25800.0
