a = 0.5
g = 0.5
e = 0.1
random initial weights = false

-770.0
-1060.0
-1220.0
-1380.0
-1410.0
-1390.0
-1460.0
-1470.0
-1450.0
-1450.0
-1440.0
-1430.0
-1430.0
-1410.0
-1400.0
-1400.0
-1380.0
-1360.0
-1340.0
-1320.0
-1300.0
-1280.0
-1260.0
-1240.0
-1220.0
-1200.0
-1180.0
-1160.0
-1140.0
-1120.0
-1100.0
-1080.0
-1070.0
-1060.0
-1050.0
-1040.0
-1020.0
-1000.0
-980.0
-970.0
-950.0
-960.0
-940.0
-920.0
-900.0
-880.0
-860.0
-840.0
-820.0
-800.0
-780.0
-760.0
-740.0
-720.0
-700.0
-680.0
-660.0
-640.0
-620.0
-600.0
-580.0
-570.0
-560.0
-540.0
-520.0
-500.0
-480.0
-460.0
-440.0
-420.0
-400.0
-380.0
-360.0
-340.0
-320.0
-300.0
-280.0
-260.0
-240.0
-220.0
-200.0
-180.0
-160.0
-150.0
-140.0
-120.0
-120.0
-100.0
-80.0
-60.0
-40.0
-20.0
0.0
20.0
40.0
60.0
80.0
100.0
100.0
120.0
130.0
140.0
160.0
170.0
190.0
210.0
230.0
250.0
260.0
280.0
300.0
320.0
330.0
350.0
370.0
390.0
410.0
430.0
450.0
450.0
470.0
490.0
510.0
530.0
550.0
570.0
590.0
610.0
630.0
650.0
660.0
680.0
700.0
720.0
730.0
750.0
770.0
790.0
810.0
830.0
850.0
870.0
890.0
910.0
920.0
940.0
960.0
980.0
990.0
1010.0
1030.0
1050.0
1070.0
1090.0
1110.0
1130.0
1150.0
1170.0
1190.0
1210.0
1230.0
1250.0
1270.0
1290.0
1310.0
1330.0
1350.0
1370.0
1390.0
1410.0
1430.0
1450.0
1470.0
1490.0
1500.0
1520.0
1540.0
1560.0
1580.0
1600.0
1620.0
1640.0
1660.0
1680.0
1700.0
1720.0
1740.0
1760.0
1780.0
1800.0
1820.0
1840.0
1860.0
1880.0
1900.0
1920.0
1940.0
1960.0
1970.0
1990.0
2010.0
2020.0
2040.0
2060.0
2080.0
2100.0
2120.0
2140.0
2150.0
2170.0
2190.0
2210.0
2230.0
2250.0
2270.0
2290.0
2310.0
2330.0
2350.0
2370.0
2390.0
2410.0
2420.0
2440.0
2460.0
2460.0
2470.0
2490.0
2510.0
2530.0
2550.0
2570.0
2580.0
2600.0
2620.0
2640.0
2660.0
2670.0
2690.0
2710.0
2730.0
2750.0
2770.0
2790.0
2800.0
2820.0
2830.0
2840.0
2860.0
2880.0
2900.0
2920.0
2940.0
2960.0
2980.0
3000.0
3020.0
3030.0
3050.0
3060.0
3080.0
3100.0
3120.0
3130.0
3150.0
3170.0
3190.0
3210.0
3230.0
3250.0
3270.0
3290.0
3300.0
3310.0
3330.0
3350.0
3370.0
3390.0
3410.0
3420.0
3440.0
3460.0
3480.0
3500.0
3520.0
3540.0
3560.0
3570.0
3590.0
3610.0
3630.0
3650.0
3670.0
3690.0
3710.0
3730.0
3750.0
3770.0
3790.0
3810.0
3830.0
3840.0
3860.0
3880.0
3900.0
3910.0
3930.0
3950.0
3970.0
3990.0
4010.0
4030.0
4050.0
4060.0
4080.0
4100.0
4100.0
4120.0
4140.0
4160.0
4180.0
4200.0
4220.0
4240.0
4260.0
4280.0
4300.0
4320.0
4340.0
4360.0
4380.0
4400.0
4420.0
4440.0
4460.0
4480.0
4500.0
4520.0
4530.0
4550.0
4570.0
4580.0
4600.0
4620.0
4640.0
4660.0
4680.0
4700.0
4720.0
4740.0
4760.0
4780.0
4800.0
4820.0
4830.0
4840.0
4860.0
4880.0
4900.0
4920.0
4940.0
4960.0
4980.0
5000.0
5020.0
5040.0
5060.0
5070.0
5090.0
5110.0
5130.0
5150.0
5170.0
5190.0
5210.0
5230.0
5250.0
5270.0
5290.0
5310.0
5330.0
5350.0
5370.0
5390.0
5410.0
5420.0
5440.0
5450.0
5460.0
5480.0
5500.0
5520.0
5540.0
5560.0
5570.0
5590.0
5610.0
5620.0
5640.0
5660.0
5680.0
5700.0
5720.0
5740.0
5750.0
5770.0
5790.0
5800.0
5820.0
5830.0
5850.0
5870.0
5890.0
5910.0
5930.0
5950.0
5960.0
5980.0
6000.0
6020.0
6040.0
6060.0
6080.0
6100.0
6120.0
6140.0
6160.0
6180.0
6190.0
6210.0
6230.0
6250.0
6270.0
6280.0
6290.0
6310.0
6330.0
6350.0
6370.0
6380.0
6400.0
6420.0
6440.0
6460.0
6480.0
6500.0
6520.0
6540.0
6560.0
6580.0
6590.0
6610.0
6630.0
6650.0
6670.0
6690.0
6710.0
6730.0
6750.0
6770.0
6790.0
6800.0
6820.0
6840.0
6850.0
6870.0
6890.0
6910.0
6930.0
6950.0
6960.0
6970.0
6990.0
7010.0
7030.0
7050.0
7070.0
7090.0
7110.0
7130.0
7140.0
7160.0
7180.0
7200.0
7220.0
7240.0
7260.0
7280.0
7300.0
7320.0
7340.0
7360.0
7370.0
7390.0
7410.0
7430.0
7440.0
7460.0
7470.0
7490.0
7510.0
7530.0
7550.0
7570.0
7590.0
7610.0
7630.0
7650.0
7660.0
7680.0
7700.0
7710.0
7730.0
7750.0
7770.0
7790.0
7810.0
7820.0
7840.0
7860.0
7880.0
7900.0
7920.0
7940.0
7950.0
7970.0
7990.0
8000.0
8020.0
8040.0
8060.0
8080.0
8100.0
8120.0
8140.0
8160.0
8180.0
8200.0
8220.0
8240.0
8260.0
8280.0
8300.0
8320.0
8340.0
8350.0
8370.0
8370.0
8390.0
8410.0
8430.0
8450.0
8470.0
8490.0
8490.0
8510.0
8520.0
8540.0
8560.0
8580.0
8600.0
8620.0
8640.0
8660.0
8680.0
8700.0
8720.0
8740.0
8760.0
8780.0
8790.0
8810.0
8830.0
8850.0
8870.0
8880.0
8900.0
8920.0
8940.0
8960.0
8980.0
9000.0
9020.0
9040.0
9060.0
9080.0
9100.0
9120.0
9130.0
9150.0
9170.0
9190.0
9210.0
9230.0
9250.0
9270.0
9290.0
9310.0
9330.0
9350.0
9370.0
9390.0
9410.0
9420.0
9440.0
9460.0
9480.0
9500.0
9520.0
9540.0
9560.0
9580.0
9600.0
9620.0
9640.0
9660.0
9680.0
9700.0
9720.0
9740.0
9760.0
9780.0
9800.0
9820.0
9830.0
9840.0
9840.0
9860.0
9870.0
9890.0
9910.0
9930.0
9940.0
9960.0
9980.0
10000.0
10020.0
10040.0
10060.0
10080.0
10090.0
10110.0
10130.0
10150.0
10170.0
10190.0
10210.0
10210.0
10230.0
10250.0
10270.0
10290.0
10310.0
10330.0
10350.0
10370.0
10390.0
10410.0
10430.0
10450.0
10470.0
10490.0
10510.0
10510.0
10520.0
10540.0
10540.0
10560.0
10580.0
10600.0
10610.0
10630.0
10650.0
10670.0
10690.0
10700.0
10720.0
10740.0
10760.0
10780.0
10800.0
10820.0
10840.0
10860.0
10880.0
10900.0
10920.0
10940.0
10960.0
10980.0
11000.0
11020.0
11040.0
11060.0
11080.0
11100.0
11120.0
11140.0
11160.0
11180.0
11200.0
11220.0
11240.0
11260.0
11280.0
11300.0
11320.0
11340.0
11360.0
11380.0
11400.0
11420.0
11440.0
11460.0
11480.0
11500.0
11520.0
11540.0
11560.0
11580.0
11600.0
11620.0
11630.0
11640.0
11660.0
11680.0
11700.0
11710.0
11730.0
11750.0
11770.0
11790.0
11810.0
11820.0
11840.0
11860.0
11880.0
11890.0
11910.0
11930.0
11930.0
11950.0
11970.0
11980.0
12000.0
12020.0
12030.0
12040.0
12060.0
12080.0
12100.0
12110.0
12130.0
12150.0
12170.0
12180.0
12200.0
12220.0
12240.0
12260.0
12280.0
12300.0
12320.0
12330.0
12350.0
12370.0
12390.0
12410.0
12430.0
12450.0
12470.0
12490.0
12510.0
12530.0
12550.0
12570.0
12590.0
12610.0
12630.0
12650.0
12670.0
12690.0
12710.0
12730.0
12750.0
12770.0
12790.0
12810.0
12830.0
12850.0
12870.0
12890.0
12910.0
12910.0
12930.0
12950.0
12970.0
12990.0
13010.0
13030.0
13050.0
13070.0
13090.0
13110.0
13130.0
13150.0
13170.0
13180.0
13200.0
13220.0
13230.0
13250.0
13270.0
13290.0
13300.0
13320.0
13340.0
13360.0
13380.0
13400.0
13420.0
13440.0
13460.0
13470.0
13490.0
13500.0
13520.0
13540.0
13560.0
13580.0
13600.0
13620.0
13640.0
13660.0
13680.0
13700.0
13720.0
13740.0
13760.0
13780.0
13800.0
13820.0
13840.0
13860.0
13880.0
13900.0
13920.0
13940.0
13960.0
13980.0
14000.0
14020.0
14030.0
14050.0
14070.0
14090.0
14110.0
14120.0
14140.0
14160.0
14170.0
14190.0
14210.0
14230.0
14250.0
14270.0
14290.0
14310.0
14330.0
14350.0
14370.0
14390.0
14410.0
14430.0
14450.0
14470.0
14490.0
14510.0
14530.0
14550.0
14570.0
14580.0
14600.0
14610.0
14630.0
14630.0
14650.0
14660.0
14670.0
14690.0
14710.0
14730.0
14750.0
14770.0
14790.0
14810.0
14830.0
14850.0
14870.0
14890.0
14910.0
14930.0
14950.0
14970.0
14990.0
15010.0
15030.0
15050.0
15070.0
15090.0
15110.0
15130.0
15140.0
15160.0
15180.0
15200.0
15220.0
15240.0
15260.0
15270.0
15290.0
15310.0
15330.0
15340.0
15360.0
15380.0
15390.0
15410.0
15420.0
15440.0
15450.0
15470.0
15490.0
15510.0
15530.0
15550.0
15570.0
15590.0
15610.0
15620.0
15640.0
15650.0
15670.0
15680.0
15700.0
15710.0
15730.0
15750.0
15770.0
15790.0
15810.0
15830.0
15850.0
15870.0
15890.0
15910.0
15920.0
15930.0
15950.0
15970.0
15980.0
16000.0
16020.0
16040.0
16050.0
16070.0
16090.0
16110.0
16120.0
16140.0
16160.0
16180.0
16200.0
16210.0
16230.0
16250.0
16270.0
16290.0
16310.0
16330.0
16340.0
16360.0
16380.0
16400.0
16420.0
16430.0
16450.0
16470.0
16490.0
16510.0
16530.0
16550.0
16570.0
16590.0
16600.0
16620.0
16640.0
16660.0
16680.0
16700.0
16720.0
16740.0
16760.0
16780.0
16780.0
16800.0
16820.0
16840.0
16860.0
16880.0
16900.0
16920.0
16940.0
16960.0
16980.0
16990.0
17010.0
17030.0
17030.0
17050.0
17070.0
17090.0
17100.0
17120.0
17140.0
17160.0
17180.0
17200.0
17220.0
17240.0
17260.0
17280.0
17300.0
17320.0
17340.0
17360.0
17370.0
17390.0
17410.0
17430.0
17450.0
17470.0
17490.0
17510.0
17530.0
17550.0
17570.0
17590.0
17610.0
17630.0
17650.0
17670.0
17690.0
17710.0
17730.0
17750.0
17770.0
17790.0
17810.0
17830.0
17850.0
17870.0
17890.0
17910.0
17920.0
17940.0
17960.0
17980.0
18000.0
18020.0
18030.0
18050.0
18070.0
18070.0
18090.0
18110.0
18120.0
18140.0
18150.0
18170.0
18190.0
18200.0
18220.0
18240.0
18240.0
18260.0
18280.0
18300.0
18320.0
18340.0
18360.0
18370.0
18390.0
18410.0
18420.0
18440.0
18460.0
18480.0
18500.0
18520.0
18540.0
18560.0
18580.0
18600.0
18620.0
18640.0
18650.0
18670.0
18680.0
18700.0
18720.0
18740.0
18760.0
18780.0
18800.0
18820.0
18840.0
18860.0
18880.0
18900.0
18920.0
18940.0
18960.0
18980.0
19000.0
19020.0
19040.0
19060.0
19080.0
19100.0
19120.0
19140.0
19150.0
19170.0
19190.0
19210.0
19230.0
19250.0
19260.0
19280.0
19300.0
19310.0
19330.0
19340.0
19360.0
19370.0
19390.0
19410.0
19430.0
19450.0
19460.0
19470.0
19490.0
19510.0
19530.0
19550.0
19570.0
19590.0
19610.0
19630.0
19650.0
19670.0
19690.0
19710.0
19730.0
19750.0
19770.0
19790.0
19810.0
19830.0
19840.0
19860.0
19880.0
19900.0
19920.0
19940.0
19960.0
19980.0
19990.0
19990.0
20000.0
20020.0
20030.0
20050.0
20070.0
20090.0
20110.0
20130.0
20150.0
20170.0
20190.0
20210.0
20230.0
20250.0
20260.0
20280.0
20300.0
20320.0
20320.0
20340.0
20360.0
20380.0
20400.0
20420.0
20440.0
20460.0
20480.0
20500.0
20520.0
20540.0
20560.0
20580.0
20600.0
20620.0
20640.0
20660.0
20680.0
20690.0
20710.0
20720.0
20740.0
20760.0
20780.0
20800.0
20820.0
20840.0
20860.0
20880.0
20900.0
20920.0
20940.0
20950.0
20970.0
20980.0
21000.0
21020.0
21040.0
21060.0
21080.0
21100.0
21110.0
21130.0
21150.0
21170.0
21190.0
21200.0
21220.0
21240.0
21260.0
21280.0
21300.0
21320.0
21340.0
21360.0
21370.0
21390.0
21410.0
21430.0
21450.0
21470.0
21490.0
21510.0
21530.0
21550.0
21570.0
21580.0
21600.0
21610.0
21630.0
21640.0
21660.0
21680.0
21700.0
21710.0
21730.0
21750.0
21770.0
21790.0
21810.0
21830.0
21840.0
21860.0
21870.0
21890.0
21910.0
21930.0
21950.0
21970.0
21990.0
22010.0
22030.0
22050.0
22070.0
22090.0
22110.0
22130.0
22140.0
22160.0
22180.0
22200.0
22220.0
22240.0
22260.0
22280.0
22300.0
22310.0
22330.0
22350.0
22370.0
22390.0
22390.0
22410.0
22430.0
22450.0
22470.0
22490.0
22510.0
22530.0
22550.0
22570.0
22590.0
22600.0
22610.0
22630.0
22640.0
22660.0
22680.0
22700.0
22720.0
22740.0
22760.0
22780.0
22800.0
22820.0
22840.0
22860.0
22880.0
22900.0
22920.0
22940.0
22960.0
22980.0
23000.0
23020.0
23040.0
23060.0
23080.0
23090.0
23110.0
23130.0
23150.0
23170.0
23190.0
23210.0
23230.0
23250.0
23270.0
23290.0
23310.0
23330.0
23350.0
23360.0
23380.0
23400.0
23420.0
23440.0
23460.0
23480.0
23490.0
23510.0
23510.0
23530.0
23550.0
23570.0
23590.0
23610.0
23630.0
23650.0
23660.0
23680.0
23690.0
23710.0
23730.0
23750.0
23760.0
23780.0
23800.0
23820.0
23830.0
23850.0
23870.0
23890.0
23910.0
23930.0
23950.0
23960.0
23980.0
24000.0
24020.0
24040.0
24060.0
24080.0
24100.0
24110.0
24120.0
24140.0
24160.0
24180.0
24200.0
24220.0
24240.0
24260.0
24270.0
24290.0
24310.0
24330.0
24340.0
24360.0
24380.0
24400.0
24420.0
24440.0
24460.0
24470.0
24490.0
24510.0
24530.0
24550.0
24570.0
24590.0
24610.0
24630.0
24640.0
24660.0
24680.0
24700.0
24720.0
24720.0
24740.0
24760.0
24780.0
24800.0
24820.0
24840.0
24860.0
24880.0
24900.0
24920.0
24940.0
24960.0
24980.0
25000.0
25020.0
25040.0
25060.0
25070.0
25090.0
25110.0
25120.0
25140.0
25160.0
25180.0
25200.0
25220.0
25240.0
25260.0
25270.0
25290.0
25300.0
25320.0
25340.0
25360.0
25380.0
25400.0
25420.0
25430.0
25430.0
25450.0
25460.0
25480.0
25500.0
25510.0
25530.0
25550.0
25570.0
25590.0
25610.0
25630.0
25650.0
25670.0
25690.0
25710.0
25730.0
25750.0
25770.0
25790.0
25810.0
25830.0
25850.0
25870.0
