a = 0.5
g = 0.5
e = 0.3
random initial weights = false

-330.0
-1140.0
-1190.0
-1470.0
-1460.0
-1480.0
-1510.0
-1490.0
-1490.0
-1470.0
-1460.0
-1480.0
-1490.0
-1520.0
-1550.0
-1590.0
-1580.0
-1590.0
-1580.0
-1590.0
-1570.0
-1560.0
-1560.0
-1540.0
-1550.0
-1540.0
-1520.0
-1500.0
-1490.0
-1470.0
-1490.0
-1480.0
-1460.0
-1450.0
-1450.0
-1430.0
-1410.0
-1400.0
-1390.0
-1380.0
-1380.0
-1400.0
-1390.0
-1380.0
-1370.0
-1350.0
-1330.0
-1310.0
-1290.0
-1290.0
-1280.0
-1270.0
-1270.0
-1250.0
-1250.0
-1230.0
-1220.0
-1220.0
-1210.0
-1190.0
-1170.0
-1150.0
-1150.0
-1140.0
-1130.0
-1130.0
-1120.0
-1110.0
-1090.0
-1070.0
-1050.0
-1030.0
-1010.0
-1010.0
-990.0
-970.0
-970.0
-960.0
-950.0
-930.0
-920.0
-910.0
-890.0
-880.0
-860.0
-840.0
-820.0
-820.0
-820.0
-800.0
-780.0
-760.0
-770.0
-760.0
-760.0
-770.0
-760.0
-740.0
-720.0
-700.0
-700.0
-700.0
-690.0
-680.0
-670.0
-650.0
-630.0
-610.0
-590.0
-580.0
-560.0
-540.0
-520.0
-520.0
-500.0
-490.0
-500.0
-490.0
-470.0
-450.0
-460.0
-450.0
-430.0
-410.0
-390.0
-380.0
-410.0
-400.0
-380.0
-360.0
-350.0
-350.0
-340.0
-320.0
-300.0
-300.0
-280.0
-260.0
-240.0
-230.0
-230.0
-230.0
-220.0
-200.0
-180.0
-170.0
-150.0
-150.0
-140.0
-130.0
-130.0
-110.0
-90.0
-70.0
-50.0
-30.0
-40.0
-30.0
-10.0
10.0
30.0
50.0
70.0
90.0
110.0
130.0
150.0
150.0
170.0
190.0
200.0
200.0
210.0
210.0
230.0
220.0
230.0
250.0
270.0
280.0
300.0
300.0
320.0
340.0
360.0
360.0
370.0
370.0
390.0
390.0
410.0
420.0
430.0
450.0
470.0
490.0
500.0
510.0
520.0
530.0
550.0
560.0
580.0
590.0
610.0
630.0
650.0
670.0
690.0
710.0
700.0
670.0
690.0
680.0
690.0
710.0
730.0
750.0
750.0
760.0
780.0
780.0
760.0
770.0
790.0
810.0
820.0
840.0
860.0
870.0
880.0
900.0
910.0
930.0
950.0
960.0
980.0
1000.0
1010.0
1020.0
1040.0
1050.0
1070.0
1090.0
1090.0
1110.0
1120.0
1140.0
1130.0
1150.0
1160.0
1150.0
1170.0
1190.0
1170.0
1190.0
1190.0
1200.0
1200.0
1220.0
1230.0
1250.0
1260.0
1250.0
1270.0
1280.0
1290.0
1310.0
1320.0
1340.0
1330.0
1340.0
1360.0
1380.0
1350.0
1360.0
1380.0
1400.0
1420.0
1430.0
1450.0
1460.0
1470.0
1490.0
1490.0
1510.0
1530.0
1540.0
1560.0
1570.0
1570.0
1570.0
1590.0
1600.0
1600.0
1620.0
1640.0
1640.0
1650.0
1660.0
1670.0
1690.0
1710.0
1720.0
1740.0
1760.0
1760.0
1770.0
1790.0
1810.0
1820.0
1810.0
1820.0
1830.0
1840.0
1840.0
1850.0
1860.0
1880.0
1900.0
1910.0
1930.0
1930.0
1940.0
1960.0
1950.0
1960.0
1980.0
2000.0
1980.0
1990.0
2000.0
2010.0
2020.0
2040.0
2060.0
2060.0
2070.0
2090.0
2110.0
2130.0
2140.0
2140.0
2140.0
2160.0
2170.0
2180.0
2200.0
2210.0
2230.0
2250.0
2270.0
2280.0
2300.0
2320.0
2340.0
2360.0
2370.0
2390.0
2400.0
2420.0
2420.0
2430.0
2440.0
2460.0
2450.0
2440.0
2460.0
2450.0
2470.0
2480.0
2500.0
2520.0
2530.0
2540.0
2560.0
2570.0
2580.0
2570.0
2590.0
2610.0
2630.0
2640.0
2650.0
2660.0
2660.0
2680.0
2670.0
2690.0
2700.0
2720.0
2740.0
2760.0
2770.0
2790.0
2800.0
2810.0
2830.0
2850.0
2870.0
2890.0
2910.0
2920.0
2900.0
2910.0
2930.0
2950.0
2960.0
2980.0
3000.0
3020.0
3020.0
3040.0
3060.0
3070.0
3070.0
3090.0
3110.0
3110.0
3120.0
3110.0
3120.0
3130.0
3150.0
3160.0
3180.0
3200.0
3220.0
3230.0
3250.0
3270.0
3270.0
3280.0
3300.0
3320.0
3340.0
3360.0
3350.0
3350.0
3360.0
3380.0
3390.0
3410.0
3430.0
3430.0
3450.0
3460.0
3480.0
3490.0
3500.0
3510.0
3520.0
3530.0
3550.0
3570.0
3590.0
3610.0
3620.0
3610.0
3610.0
3630.0
3650.0
3630.0
3640.0
3650.0
3670.0
3690.0
3710.0
3730.0
3740.0
3760.0
3780.0
3800.0
3810.0
3830.0
3840.0
3860.0
3870.0
3880.0
3900.0
3920.0
3940.0
3950.0
3950.0
3960.0
3970.0
3990.0
4000.0
4020.0
4040.0
4060.0
4080.0
4080.0
4100.0
4120.0
4140.0
4160.0
4180.0
4200.0
4210.0
4230.0
4250.0
4260.0
4280.0
4280.0
4300.0
4320.0
4340.0
4360.0
4370.0
4390.0
4410.0
4430.0
4430.0
4440.0
4460.0
4470.0
4490.0
4510.0
4510.0
4520.0
4540.0
4560.0
4560.0
4580.0
4590.0
4590.0
4610.0
4620.0
4630.0
4650.0
4660.0
4670.0
4670.0
4690.0
4700.0
4700.0
4720.0
4710.0
4730.0
4730.0
4750.0
4770.0
4790.0
4800.0
4810.0
4820.0
4840.0
4850.0
4870.0
4890.0
4900.0
4920.0
4940.0
4940.0
4960.0
4970.0
4980.0
4980.0
5000.0
5020.0
5040.0
5060.0
5060.0
5080.0
5090.0
5110.0
5130.0
5130.0
5130.0
5150.0
5160.0
5170.0
5170.0
5170.0
5190.0
5210.0
5220.0
5230.0
5250.0
5270.0
5290.0
5300.0
5310.0
5310.0
5300.0
5320.0
5340.0
5360.0
5380.0
5390.0
5400.0
5400.0
5390.0
5370.0
5390.0
5400.0
5420.0
5440.0
5450.0
5470.0
5490.0
5510.0
5520.0
5530.0
5540.0
5560.0
5570.0
5570.0
5590.0
5610.0
5630.0
5650.0
5670.0
5690.0
5700.0
5700.0
5720.0
5710.0
5730.0
5750.0
5770.0
5790.0
5800.0
5820.0
5840.0
5830.0
5820.0
5830.0
5850.0
5870.0
5890.0
5910.0
5930.0
5950.0
5960.0
5980.0
6000.0
6010.0
6020.0
6020.0
6030.0
6050.0
6070.0
6090.0
6090.0
6110.0
6130.0
6120.0
6140.0
6140.0
6160.0
6160.0
6160.0
6180.0
6180.0
6200.0
6200.0
6210.0
6220.0
6230.0
6240.0
6250.0
6270.0
6280.0
6290.0
6290.0
6310.0
6330.0
6350.0
6370.0
6380.0
6390.0
6400.0
6410.0
6430.0
6450.0
6470.0
6480.0
6500.0
6520.0
6530.0
6550.0
6570.0
6580.0
6560.0
6580.0
6590.0
6590.0
6590.0
6610.0
6630.0
6650.0
6660.0
6680.0
6690.0
6710.0
6730.0
6740.0
6760.0
6780.0
6800.0
6820.0
6830.0
6840.0
6860.0
6880.0
6900.0
6910.0
6930.0
6950.0
6970.0
6980.0
7000.0
7020.0
7030.0
7050.0
7070.0
7090.0
7110.0
7130.0
7140.0
7160.0
7160.0
7170.0
7190.0
7210.0
7230.0
7250.0
7230.0
7250.0
7270.0
7280.0
7300.0
7310.0
7300.0
7320.0
7330.0
7350.0
7370.0
7370.0
7390.0
7410.0
7410.0
7410.0
7420.0
7440.0
7440.0
7450.0
7470.0
7490.0
7510.0
7520.0
7530.0
7550.0
7570.0
7570.0
7590.0
7610.0
7630.0
7630.0
7650.0
7670.0
7690.0
7710.0
7720.0
7740.0
7750.0
7760.0
7780.0
7800.0
7820.0
7840.0
7860.0
7860.0
7880.0
7870.0
7880.0
7900.0
7920.0
7940.0
7950.0
7970.0
7980.0
8000.0
8020.0
8040.0
8060.0
8080.0
8090.0
8100.0
8120.0
8140.0
8140.0
8160.0
8170.0
8180.0
8200.0
8210.0
8230.0
8240.0
8260.0
8280.0
8270.0
8290.0
8300.0
8320.0
8300.0
8310.0
8310.0
8320.0
8340.0
8360.0
8380.0
8400.0
8420.0
8440.0
8460.0
8470.0
8490.0
8500.0
8510.0
8520.0
8540.0
8560.0
8580.0
8600.0
8620.0
8630.0
8650.0
8650.0
8670.0
8690.0
8710.0
8730.0
8740.0
8760.0
8780.0
8790.0
8800.0
8820.0
8840.0
8860.0
8880.0
8900.0
8910.0
8930.0
8940.0
8940.0
8950.0
8950.0
8960.0
8980.0
9000.0
9010.0
9030.0
9030.0
9040.0
9060.0
9080.0
9100.0
9120.0
9140.0
9160.0
9170.0
9180.0
9200.0
9220.0
9220.0
9230.0
9250.0
9260.0
9270.0
9270.0
9290.0
9310.0
9310.0
9330.0
9350.0
9370.0
9390.0
9410.0
9420.0
9430.0
9430.0
9450.0
9460.0
9470.0
9470.0
9490.0
9510.0
9530.0
9550.0
9570.0
9560.0
9570.0
9580.0
9590.0
9600.0
9600.0
9620.0
9640.0
9660.0
9670.0
9690.0
9690.0
9710.0
9720.0
9740.0
9750.0
9750.0
9770.0
9770.0
9790.0
9810.0
9820.0
9830.0
9850.0
9870.0
9880.0
9900.0
9920.0
9940.0
9960.0
9980.0
9990.0
10010.0
10030.0
10050.0
10070.0
10090.0
10100.0
10100.0
10110.0
10130.0
10140.0
10160.0
10180.0
10200.0
10190.0
10210.0
10230.0
10250.0
10260.0
10280.0
10280.0
10300.0
10300.0
10310.0
10330.0
10340.0
10360.0
10380.0
10390.0
10400.0
10420.0
10440.0
10450.0
10470.0
10490.0
10500.0
10520.0
10510.0
10520.0
10510.0
10530.0
10540.0
10560.0
10580.0
10600.0
10600.0
10610.0
10620.0
10610.0
10630.0
10650.0
10650.0
10660.0
10670.0
10690.0
10700.0
10700.0
10710.0
10710.0
10710.0
10720.0
10730.0
10720.0
10700.0
10720.0
10730.0
10750.0
10770.0
10780.0
10780.0
10800.0
10810.0
10830.0
10850.0
10870.0
10880.0
10900.0
10890.0
10900.0
10920.0
10940.0
10950.0
10960.0
10980.0
11000.0
11020.0
11040.0
11060.0
11070.0
11080.0
11100.0
11120.0
11130.0
11140.0
11160.0
11180.0
11190.0
11210.0
11230.0
11240.0
11250.0
11270.0
11280.0
11280.0
11290.0
11300.0
11320.0
11340.0
11330.0
11350.0
11370.0
11390.0
11410.0
11400.0
11420.0
11410.0
11430.0
11440.0
11460.0
11470.0
11490.0
11510.0
11530.0
11530.0
11540.0
11530.0
11540.0
11560.0
11580.0
11590.0
11610.0
11620.0
11630.0
11640.0
11660.0
11680.0
11700.0
11720.0
11730.0
11740.0
11760.0
11770.0
11790.0
11810.0
11810.0
11830.0
11830.0
11850.0
11850.0
11860.0
11860.0
11860.0
11860.0
11820.0
11840.0
11860.0
11880.0
11890.0
11900.0
11910.0
11930.0
11950.0
11970.0
11990.0
12010.0
12020.0
12020.0
12040.0
12060.0
12060.0
12070.0
12070.0
12090.0
12110.0
12120.0
12140.0
12160.0
12160.0
12180.0
12200.0
12210.0
12230.0
12240.0
12250.0
12240.0
12260.0
12270.0
12280.0
12290.0
12310.0
12330.0
12350.0
12360.0
12380.0
12400.0
12410.0
12430.0
12450.0
12470.0
12480.0
12500.0
12520.0
12530.0
12550.0
12570.0
12590.0
12600.0
12610.0
12620.0
12640.0
12660.0
12680.0
12700.0
12710.0
12730.0
12740.0
12760.0
12780.0
12790.0
12800.0
12820.0
12840.0
12860.0
12860.0
12880.0
12890.0
12910.0
12930.0
12940.0
12960.0
12980.0
13000.0
13020.0
13040.0
13050.0
13060.0
13080.0
13100.0
13120.0
13140.0
13160.0
13180.0
13190.0
13210.0
13220.0
13240.0
13230.0
13250.0
13250.0
13250.0
13270.0
13290.0
13310.0
13330.0
13350.0
13370.0
13390.0
13410.0
13410.0
13430.0
13440.0
13450.0
13470.0
13490.0
13510.0
13530.0
13550.0
13560.0
13580.0
13590.0
13610.0
13630.0
13650.0
13670.0
13690.0
13710.0
13720.0
13720.0
13730.0
13750.0
13770.0
13790.0
13810.0
13810.0
13820.0
13840.0
13840.0
13860.0
13870.0
13890.0
13900.0
13920.0
13910.0
13920.0
13940.0
13950.0
13970.0
13980.0
13990.0
14000.0
14010.0
14020.0
14030.0
14030.0
14050.0
14060.0
14070.0
14080.0
14090.0
14110.0
14110.0
14120.0
14140.0
14150.0
14170.0
14190.0
14200.0
14210.0
14230.0
14240.0
14260.0
14280.0
14290.0
14310.0
14330.0
14350.0
14360.0
14360.0
14380.0
14400.0
14390.0
14410.0
14430.0
14430.0
14440.0
14460.0
14480.0
14490.0
14510.0
14510.0
14520.0
14540.0
14560.0
14580.0
14600.0
14610.0
14630.0
14650.0
14670.0
14680.0
14680.0
14700.0
14720.0
14740.0
14760.0
14780.0
14800.0
14820.0
14820.0
14820.0
14840.0
14850.0
14860.0
14870.0
14880.0
14880.0
14900.0
14900.0
14920.0
14940.0
14950.0
14970.0
14990.0
15000.0
15020.0
15040.0
15050.0
15070.0
15070.0
15080.0
15080.0
15080.0
15090.0
15090.0
15100.0
15120.0
15120.0
15130.0
15140.0
15150.0
15170.0
15180.0
15200.0
15220.0
15240.0
15260.0
15280.0
15300.0
15320.0
15340.0
15360.0
15380.0
15400.0
15410.0
15420.0
15430.0
15430.0
15410.0
15430.0
15440.0
15450.0
15450.0
15460.0
15470.0
15490.0
15510.0
15520.0
15540.0
15560.0
15580.0
15590.0
15590.0
15610.0
15630.0
15650.0
15670.0
15680.0
15690.0
15700.0
15710.0
15730.0
15750.0
15760.0
15770.0
15770.0
15790.0
15800.0
15810.0
15820.0
15840.0
15850.0
15860.0
15880.0
15890.0
15900.0
15910.0
15930.0
15950.0
15960.0
15960.0
15970.0
15990.0
15990.0
16010.0
16010.0
16030.0
16050.0
16070.0
16090.0
16110.0
16120.0
16130.0
16150.0
16160.0
16170.0
16190.0
16200.0
16220.0
16230.0
16240.0
16250.0
16250.0
16250.0
16250.0
16270.0
16290.0
16300.0
16320.0
16310.0
16330.0
16330.0
16340.0
16360.0
16380.0
16380.0
16390.0
16400.0
16400.0
16410.0
16420.0
16420.0
16440.0
16460.0
16460.0
16480.0
16490.0
16500.0
16510.0
16520.0
16540.0
16540.0
16550.0
16570.0
16590.0
16600.0
16590.0
16610.0
16590.0
16610.0
16610.0
16630.0
16650.0
16650.0
16670.0
16680.0
16690.0
16710.0
16720.0
16730.0
16740.0
16760.0
16780.0
16800.0
16800.0
16810.0
16830.0
16840.0
16860.0
16880.0
16900.0
16920.0
16930.0
16940.0
16960.0
16980.0
17000.0
17020.0
17040.0
17060.0
17070.0
17090.0
17100.0
17120.0
17140.0
17160.0
17180.0
17190.0
17210.0
17210.0
17220.0
17240.0
17230.0
17240.0
17250.0
17250.0
17260.0
17260.0
17280.0
17280.0
17280.0
17290.0
17300.0
17310.0
17330.0
17350.0
17360.0
17380.0
17390.0
17400.0
17400.0
17420.0
17430.0
17450.0
17470.0
17480.0
