a = 0.2
g = 0.5
e = 0.3
random initial weights = false

-190.0
-450.0
-750.0
-930.0
-1130.0
-1180.0
-1210.0
-1330.0
-1340.0
-1330.0
-1320.0
-1330.0
-1360.0
-1340.0
-1340.0
-1340.0
-1330.0
-1330.0
-1470.0
-1450.0
-1450.0
-1430.0
-1430.0
-1410.0
-1400.0
-1400.0
-1400.0
-1410.0
-1390.0
-1370.0
-1350.0
-1340.0
-1330.0
-1320.0
-1300.0
-1280.0
-1260.0
-1240.0
-1230.0
-1210.0
-1190.0
-1180.0
-1160.0
-1140.0
-1140.0
-1120.0
-1110.0
-1090.0
-1070.0
-1060.0
-1050.0
-1030.0
-1020.0
-1010.0
-990.0
-970.0
-950.0
-950.0
-940.0
-930.0
-910.0
-900.0
-890.0
-880.0
-860.0
-840.0
-820.0
-800.0
-790.0
-770.0
-750.0
-740.0
-720.0
-700.0
-680.0
-660.0
-640.0
-620.0
-600.0
-580.0
-560.0
-540.0
-520.0
-510.0
-500.0
-480.0
-480.0
-460.0
-450.0
-470.0
-450.0
-430.0
-420.0
-420.0
-410.0
-410.0
-400.0
-380.0
-380.0
-370.0
-350.0
-340.0
-350.0
-330.0
-310.0
-290.0
-280.0
-280.0
-270.0
-290.0
-270.0
-250.0
-240.0
-220.0
-200.0
-180.0
-170.0
-150.0
-130.0
-110.0
-130.0
-120.0
-100.0
-90.0
-70.0
-70.0
-50.0
-30.0
-10.0
10.0
20.0
40.0
40.0
30.0
20.0
40.0
60.0
80.0
100.0
100.0
110.0
130.0
140.0
160.0
180.0
180.0
200.0
220.0
230.0
250.0
270.0
290.0
310.0
330.0
350.0
370.0
360.0
370.0
390.0
400.0
410.0
420.0
440.0
460.0
480.0
500.0
510.0
520.0
540.0
560.0
570.0
590.0
610.0
620.0
610.0
620.0
640.0
650.0
670.0
690.0
710.0
730.0
720.0
730.0
750.0
770.0
770.0
790.0
810.0
810.0
830.0
850.0
860.0
880.0
900.0
920.0
930.0
940.0
960.0
970.0
990.0
1000.0
1010.0
1010.0
1030.0
1050.0
1050.0
1050.0
1070.0
1090.0
1110.0
1120.0
1140.0
1160.0
1180.0
1190.0
1190.0
1200.0
1200.0
1210.0
1210.0
1220.0
1240.0
1260.0
1280.0
1290.0
1300.0
1310.0
1320.0
1320.0
1320.0
1340.0
1360.0
1380.0
1400.0
1400.0
1390.0
1400.0
1420.0
1430.0
1450.0
1460.0
1470.0
1480.0
1500.0
1520.0
1540.0
1550.0
1540.0
1560.0
1580.0
1590.0
1610.0
1610.0
1630.0
1650.0
1660.0
1680.0
1700.0
1720.0
1730.0
1750.0
1760.0
1770.0
1790.0
1810.0
1800.0
1810.0
1820.0
1840.0
1850.0
1860.0
1880.0
1900.0
1920.0
1930.0
1950.0
1960.0
1950.0
1970.0
1980.0
1990.0
2000.0
2020.0
2040.0
2050.0
2070.0
2080.0
2100.0
2110.0
2120.0
2140.0
2160.0
2180.0
2200.0
2220.0
2230.0
2250.0
2260.0
2280.0
2300.0
2320.0
2340.0
2360.0
2380.0
2400.0
2420.0
2430.0
2440.0
2450.0
2430.0
2450.0
2460.0
2480.0
2500.0
2520.0
2530.0
2550.0
2550.0
2550.0
2570.0
2590.0
2610.0
2630.0
2650.0
2660.0
2670.0
2640.0
2660.0
2680.0
2680.0
2690.0
2700.0
2710.0
2720.0
2740.0
2750.0
2760.0
2770.0
2790.0
2800.0
2820.0
2820.0
2840.0
2860.0
2870.0
2890.0
2900.0
2910.0
2920.0
2930.0
2940.0
2960.0
2970.0
2990.0
3010.0
3020.0
3040.0
3040.0
3050.0
3060.0
3070.0
3090.0
3110.0
3120.0
3140.0
3140.0
3150.0
3160.0
3160.0
3160.0
3180.0
3200.0
3210.0
3230.0
3250.0
3270.0
3290.0
3300.0
3310.0
3330.0
3340.0
3350.0
3370.0
3390.0
3410.0
3410.0
3430.0
3450.0
3460.0
3480.0
3480.0
3500.0
3490.0
3510.0
3510.0
3500.0
3500.0
3520.0
3540.0
3560.0
3580.0
3600.0
3620.0
3640.0
3660.0
3670.0
3690.0
3710.0
3730.0
3750.0
3770.0
3780.0
3800.0
3800.0
3810.0
3820.0
3820.0
3820.0
3800.0
3810.0
3820.0
3830.0
3840.0
3860.0
3870.0
3870.0
3890.0
3900.0
3910.0
3920.0
3930.0
3950.0
3960.0
3980.0
4000.0
4000.0
4020.0
4040.0
4060.0
4070.0
4090.0
4110.0
4130.0
4150.0
4160.0
4180.0
4180.0
4170.0
4180.0
4190.0
4210.0
4230.0
4250.0
4230.0
4250.0
4250.0
4270.0
4280.0
4290.0
4280.0
4280.0
4290.0
4300.0
4320.0
4330.0
4350.0
4360.0
4380.0
4390.0
4410.0
4430.0
4450.0
4460.0
4470.0
4470.0
4480.0
4500.0
4520.0
4520.0
4530.0
4550.0
4560.0
4580.0
4590.0
4610.0
4630.0
4640.0
4660.0
4680.0
4700.0
4720.0
4740.0
4760.0
4770.0
4780.0
4800.0
4810.0
4820.0
4840.0
4860.0
4870.0
4880.0
4900.0
4900.0
4910.0
4930.0
4940.0
4960.0
4950.0
4970.0
4990.0
5000.0
5020.0
5040.0
5050.0
5050.0
5070.0
5090.0
5110.0
5130.0
5140.0
5160.0
5180.0
5200.0
5220.0
5230.0
5240.0
5260.0
5280.0
5280.0
5300.0
5320.0
5330.0
5350.0
5360.0
5380.0
5400.0
5420.0
5430.0
5450.0
5470.0
5480.0
5500.0
5510.0
5530.0
5540.0
5550.0
5540.0
5560.0
5570.0
5560.0
5580.0
5600.0
5620.0
5630.0
5640.0
5660.0
5680.0
5700.0
5720.0
5740.0
5760.0
5780.0
5790.0
5810.0
5830.0
5850.0
5870.0
5870.0
5880.0
5890.0
5900.0
5920.0
5920.0
5940.0
5950.0
5950.0
5960.0
5980.0
6000.0
6020.0
6010.0
6030.0
6040.0
6050.0
6050.0
6060.0
6080.0
6100.0
6090.0
6110.0
6130.0
6150.0
6170.0
6190.0
6210.0
6220.0
6240.0
6260.0
6270.0
6290.0
6310.0
6310.0
6310.0
6330.0
6330.0
6350.0
6360.0
6380.0
6400.0
6420.0
6440.0
6460.0
6480.0
6500.0
6520.0
6540.0
6560.0
6580.0
6580.0
6600.0
6590.0
6600.0
6590.0
6600.0
6610.0
6610.0
6620.0
6640.0
6660.0
6650.0
6650.0
6670.0
6690.0
6690.0
6690.0
6700.0
6720.0
6720.0
6730.0
6750.0
6740.0
6760.0
6770.0
6780.0
6800.0
6800.0
6820.0
6840.0
6850.0
6860.0
6880.0
6900.0
6900.0
6920.0
6930.0
6900.0
6900.0
6900.0
6910.0
6920.0
6940.0
6950.0
6960.0
6970.0
6990.0
7010.0
7020.0
7030.0
7050.0
7050.0
7060.0
7080.0
7100.0
7110.0
7130.0
7140.0
7150.0
7170.0
7190.0
7210.0
7230.0
7240.0
7260.0
7270.0
7290.0
7310.0
7320.0
7340.0
7360.0
7360.0
7380.0
7390.0
7390.0
7390.0
7400.0
7420.0
7440.0
7460.0
7480.0
7500.0
7500.0
7510.0
7510.0
7530.0
7550.0
7560.0
7570.0
7590.0
7610.0
7630.0
7640.0
7640.0
7660.0
7680.0
7700.0
7710.0
7720.0
7730.0
7750.0
7760.0
7770.0
7780.0
7800.0
7800.0
7820.0
7840.0
7850.0
7870.0
7890.0
7910.0
7930.0
7940.0
7950.0
7970.0
7990.0
8010.0
8030.0
8040.0
8040.0
8060.0
8080.0
8100.0
8110.0
8130.0
8140.0
8160.0
8170.0
8180.0
8200.0
8220.0
8230.0
8240.0
8240.0
8240.0
8260.0
8280.0
8300.0
8310.0
8330.0
8350.0
8370.0
8380.0
8400.0
8420.0
8430.0
8450.0
8450.0
8470.0
8470.0
8490.0
8490.0
8500.0
8520.0
8540.0
8540.0
8550.0
8530.0
8540.0
8550.0
8570.0
8580.0
8600.0
8610.0
8630.0
8640.0
8650.0
8650.0
8650.0
8670.0
8670.0
8690.0
8700.0
8720.0
8730.0
8750.0
8760.0
8780.0
8800.0
8810.0
8830.0
8840.0
8840.0
8840.0
8860.0
8880.0
8900.0
8920.0
8930.0
8950.0
8960.0
8970.0
8990.0
8990.0
9010.0
9030.0
9050.0
9050.0
9050.0
9030.0
9030.0
9030.0
9040.0
9060.0
9080.0
9100.0
9120.0
9120.0
9130.0
9150.0
9170.0
9190.0
9210.0
9230.0
9250.0
9250.0
9270.0
9290.0
9290.0
9310.0
9330.0
9350.0
9360.0
9380.0
9400.0
9420.0
9440.0
9460.0
9470.0
9490.0
9510.0
9520.0
9520.0
9540.0
9550.0
9550.0
9560.0
9560.0
9580.0
9580.0
9590.0
9600.0
9620.0
9640.0
9650.0
9670.0
9680.0
9700.0
9720.0
9740.0
9750.0
9770.0
9790.0
9790.0
9810.0
9810.0
9810.0
9830.0
9850.0
9870.0
9890.0
9900.0
9920.0
9920.0
9910.0
9930.0
9940.0
9950.0
9970.0
9980.0
9990.0
10000.0
10010.0
10020.0
10040.0
10060.0
10070.0
10090.0
10090.0
10110.0
10130.0
10140.0
10160.0
10180.0
10200.0
10220.0
10200.0
10220.0
10240.0
10240.0
10260.0
10260.0
10280.0
10290.0
10310.0
10330.0
10350.0
10360.0
10370.0
10380.0
10400.0
10410.0
10430.0
10450.0
10460.0
10480.0
10500.0
10520.0
10530.0
10550.0
10560.0
10580.0
10590.0
10600.0
10620.0
10640.0
10650.0
10650.0
10660.0
10680.0
10700.0
10710.0
10710.0
10720.0
10740.0
10740.0
10760.0
10780.0
10800.0
10810.0
10830.0
10850.0
10870.0
10890.0
10900.0
10910.0
10910.0
10930.0
10940.0
10960.0
10980.0
10990.0
11010.0
11020.0
11040.0
11050.0
11050.0
11060.0
11070.0
11090.0
11100.0
11120.0
11120.0
11130.0
11140.0
11160.0
11180.0
11190.0
11200.0
11190.0
11210.0
11230.0
11250.0
11270.0
11290.0
11290.0
11300.0
11320.0
11340.0
11350.0
11360.0
11380.0
11400.0
11420.0
11430.0
11450.0
11460.0
11470.0
11480.0
11490.0
11510.0
11510.0
11520.0
11520.0
11540.0
11550.0
11560.0
11580.0
11590.0
11610.0
11620.0
11630.0
11650.0
11670.0
11690.0
11700.0
11720.0
11740.0
11760.0
11780.0
11790.0
11790.0
11800.0
11820.0
11830.0
11840.0
11860.0
11880.0
11890.0
11900.0
11920.0
11930.0
11920.0
11940.0
11950.0
11970.0
11990.0
12000.0
12010.0
12000.0
12010.0
12020.0
12040.0
12060.0
12080.0
12080.0
12100.0
12100.0
12120.0
12140.0
12160.0
12170.0
12190.0
12210.0
12230.0
12250.0
12250.0
12270.0
12280.0
12300.0
12320.0
12340.0
12350.0
12370.0
12360.0
12380.0
12400.0
12420.0
12440.0
12460.0
12450.0
12460.0
12470.0
12490.0
12510.0
12530.0
12540.0
12560.0
12570.0
12590.0
12610.0
12620.0
12640.0
12660.0
12670.0
12660.0
12660.0
12680.0
12700.0
12700.0
12710.0
12730.0
12740.0
12750.0
12770.0
12770.0
12790.0
12800.0
12820.0
12830.0
12850.0
12870.0
12890.0
12890.0
12910.0
12930.0
12950.0
12970.0
12990.0
13010.0
13020.0
13010.0
13020.0
13040.0
13060.0
13080.0
13090.0
13110.0
13130.0
13140.0
13160.0
13180.0
13190.0
13190.0
13190.0
13200.0
13190.0
13180.0
13180.0
13190.0
13200.0
13210.0
13230.0
13250.0
13260.0
13270.0
13290.0
13310.0
13290.0
13300.0
13320.0
13330.0
13350.0
13370.0
13370.0
13390.0
13390.0
13390.0
13410.0
13430.0
13450.0
13460.0
13480.0
13480.0
13500.0
13510.0
13510.0
13520.0
13530.0
13520.0
13530.0
13550.0
13540.0
13540.0
13550.0
13560.0
13570.0
13590.0
13590.0
13590.0
13610.0
13630.0
13650.0
13660.0
13670.0
13680.0
13700.0
13720.0
13730.0
13740.0
13760.0
13780.0
13800.0
13810.0
13830.0
13840.0
13840.0
13860.0
13880.0
13900.0
13920.0
13940.0
13960.0
13980.0
14000.0
14020.0
14040.0
14020.0
14040.0
14060.0
14080.0
14100.0
14110.0
14130.0
14150.0
14160.0
14160.0
14180.0
14200.0
14220.0
14240.0
14260.0
14280.0
14300.0
14300.0
14310.0
14320.0
14340.0
14360.0
14380.0
14370.0
14380.0
14390.0
14410.0
14430.0
14440.0
14460.0
14470.0
14460.0
14470.0
14490.0
14510.0
14520.0
14540.0
14530.0
14530.0
14550.0
14560.0
14580.0
14590.0
14610.0
14630.0
14640.0
14640.0
14660.0
14680.0
14700.0
14700.0
14710.0
14720.0
14740.0
14760.0
14780.0
14790.0
14810.0
14810.0
14820.0
14840.0
14860.0
14880.0
14900.0
14910.0
14930.0
14950.0
14970.0
14980.0
15000.0
15020.0
15020.0
15030.0
15050.0
15070.0
15090.0
15110.0
15130.0
15150.0
15170.0
15190.0
15210.0
15230.0
15240.0
15260.0
15280.0
15300.0
15310.0
15330.0
15330.0
15340.0
15350.0
15370.0
15390.0
15410.0
15430.0
15440.0
15440.0
15450.0
15470.0
15480.0
15490.0
15500.0
15520.0
15540.0
15560.0
15570.0
15570.0
15580.0
15600.0
15610.0
15630.0
15630.0
15630.0
15630.0
15650.0
15670.0
15690.0
15710.0
15720.0
15720.0
15740.0
15760.0
15780.0
15780.0
15800.0
15800.0
15820.0
15830.0
15850.0
15870.0
15890.0
15890.0
15910.0
15930.0
15950.0
15950.0
15970.0
15990.0
16010.0
16020.0
16040.0
16060.0
16080.0
16090.0
16100.0
16110.0
16130.0
16140.0
16160.0
16180.0
16200.0
16220.0
16240.0
16250.0
16270.0
16290.0
16310.0
16310.0
16320.0
16330.0
16320.0
16330.0
16350.0
16370.0
16370.0
16360.0
16380.0
16390.0
16370.0
16380.0
16380.0
16390.0
16410.0
16430.0
16450.0
16470.0
16490.0
16510.0
16520.0
16540.0
16550.0
16570.0
16590.0
16600.0
16610.0
16630.0
16640.0
16660.0
16680.0
16700.0
16720.0
16740.0
16760.0
16780.0
16780.0
16790.0
16800.0
16810.0
16830.0
16840.0
16860.0
16880.0
16890.0
16910.0
16930.0
16950.0
16940.0
16950.0
16970.0
16970.0
16990.0
17010.0
17020.0
17040.0
17050.0
17070.0
17090.0
17100.0
17110.0
17110.0
17120.0
17140.0
17150.0
17160.0
17170.0
17190.0
17210.0
17220.0
17230.0
17240.0
17250.0
17270.0
17290.0
17310.0
17330.0
17350.0
17370.0
17370.0
17390.0
17410.0
17420.0
17430.0
17450.0
17460.0
17480.0
17490.0
17510.0
17520.0
17540.0
17550.0
17570.0
17590.0
17600.0
17620.0
17620.0
17630.0
17640.0
17650.0
17670.0
17690.0
17700.0
17720.0
17740.0
17760.0
17770.0
17770.0
17780.0
17790.0
17810.0
17800.0
17810.0
17830.0
17850.0
17870.0
17850.0
17870.0
17870.0
17890.0
17890.0
17890.0
17910.0
17930.0
17940.0
17950.0
17960.0
17970.0
17990.0
17940.0
17960.0
17970.0
17970.0
17980.0
17990.0
18010.0
18020.0
18040.0
18050.0
18070.0
18090.0
18110.0
18110.0
