a = 0.2
g = 0.5
e = 0.5
random initial weights = false

-450.0
-810.0
-2050.0
-2140.0
-2170.0
-2420.0
-2710.0
-2770.0
-3010.0
-3050.0
-3210.0
-3210.0
-3210.0
-3220.0
-3330.0
-3320.0
-3320.0
-3410.0
-3420.0
-3410.0
-3400.0
-3400.0
-3390.0
-3400.0
-3410.0
-3410.0
-3410.0
-3420.0
-3470.0
-3470.0
-3460.0
-3450.0
-3430.0
-3450.0
-3440.0
-3440.0
-3520.0
-3500.0
-3530.0
-3520.0
-3510.0
-3490.0
-3480.0
-3510.0
-3540.0
-3530.0
-3530.0
-3540.0
-3540.0
-3570.0
-3560.0
-3580.0
-3580.0
-3560.0
-3550.0
-3580.0
-3580.0
-3570.0
-3560.0
-3600.0
-3580.0
-3580.0
-3560.0
-3570.0
-3580.0
-3580.0
-3590.0
-3600.0
-3590.0
-3570.0
-3600.0
-3630.0
-3620.0
-3610.0
-3610.0
-3600.0
-3630.0
-3620.0
-3610.0
-3610.0
-3590.0
-3590.0
-3570.0
-3550.0
-3610.0
-3620.0
-3610.0
-3640.0
-3630.0
-3610.0
-3610.0
-3650.0
-3630.0
-3660.0
-3690.0
-3700.0
-3700.0
-3720.0
-3730.0
-3720.0
-3760.0
-3760.0
-3770.0
-3790.0
-3810.0
-3790.0
-3800.0
-3790.0
-3800.0
-3800.0
-3790.0
-3790.0
-3780.0
-3760.0
-3820.0
-3800.0
-3780.0
-3780.0
-3770.0
-3770.0
-3790.0
-3780.0
-3770.0
-3770.0
-3760.0
-3740.0
-3770.0
-3760.0
-3740.0
-3730.0
-3720.0
-3740.0
-3760.0
-3760.0
-3790.0
-3800.0
-3810.0
-3810.0
-3860.0
-3850.0
-3870.0
-3900.0
-3890.0
-3910.0
-3920.0
-3900.0
-3980.0
-4000.0
-4040.0
-4040.0
-4040.0
-4040.0
-4030.0
-4040.0
-4040.0
-4040.0
-4040.0
-4070.0
-4090.0
-4100.0
-4130.0
-4130.0
-4140.0
-4130.0
-4130.0
-4130.0
-4120.0
-4120.0
-4110.0
-4100.0
-4100.0
-4110.0
-4100.0
-4120.0
-4120.0
-4120.0
-4110.0
-4150.0
-4150.0
-4170.0
-4180.0
-4210.0
-4210.0
-4210.0
-4200.0
-4180.0
-4200.0
-4240.0
-4270.0
-4280.0
-4290.0
-4290.0
-4300.0
-4290.0
-4300.0
-4350.0
-4390.0
-4400.0
-4380.0
-4390.0
-4400.0
-4420.0
-4400.0
-4420.0
-4420.0
-4440.0
-4460.0
-4460.0
-4450.0
-4450.0
-4460.0
-4450.0
-4440.0
-4450.0
-4430.0
-4470.0
-4490.0
-4510.0
-4500.0
-4490.0
-4490.0
-4490.0
-4470.0
-4470.0
-4480.0
-4480.0
-4490.0
-4480.0
-4460.0
-4460.0
-4470.0
-4490.0
-4480.0
-4470.0
-4480.0
-4480.0
-4480.0
-4470.0
-4520.0
-4530.0
-4540.0
-4550.0
-4550.0
-4540.0
-4520.0
-4500.0
-4510.0
-4560.0
-4600.0
-4590.0
-4630.0
-4630.0
-4620.0
-4630.0
-4620.0
-4650.0
-4630.0
-4640.0
-4620.0
-4620.0
-4620.0
-4630.0
-4630.0
-4640.0
-4630.0
-4610.0
-4600.0
-4590.0
-4580.0
-4570.0
-4600.0
-4610.0
-4600.0
-4590.0
-4630.0
-4660.0
-4710.0
-4710.0
-4720.0
-4750.0
-4750.0
-4730.0
-4740.0
-4750.0
-4740.0
-4740.0
-4740.0
-4730.0
-4720.0
-4720.0
-4750.0
-4730.0
-4720.0
-4750.0
-4760.0
-4750.0
-4750.0
-4750.0
-4760.0
-4780.0
-4760.0
-4750.0
-4810.0
-4810.0
-4800.0
-4830.0
-4820.0
-4810.0
-4830.0
-4850.0
-4910.0
-4900.0
-4890.0
-4910.0
-4930.0
-4930.0
-4980.0
-5000.0
-5010.0
-5010.0
-5000.0
-5000.0
-5010.0
-5010.0
-5080.0
-5070.0
-5060.0
-5060.0
-5050.0
-5030.0
-5030.0
-5040.0
-5040.0
-5020.0
-5040.0
-5050.0
-5040.0
-5040.0
-5030.0
-5060.0
-5060.0
-5090.0
-5100.0
-5120.0
-5110.0
-5110.0
-5120.0
-5110.0
-5140.0
-5150.0
-5140.0
-5140.0
-5170.0
-5200.0
-5200.0
-5190.0
-5250.0
-5280.0
-5300.0
-5310.0
-5330.0
-5350.0
-5380.0
-5390.0
-5410.0
-5390.0
-5370.0
-5360.0
-5340.0
-5390.0
-5370.0
-5400.0
-5380.0
-5380.0
-5420.0
-5410.0
-5400.0
-5400.0
-5430.0
-5430.0
-5420.0
-5430.0
-5410.0
-5420.0
-5410.0
-5430.0
-5410.0
-5410.0
-5400.0
-5380.0
-5370.0
-5350.0
-5330.0
-5310.0
-5350.0
-5370.0
-5360.0
-5380.0
-5370.0
-5360.0
-5360.0
-5350.0
-5360.0
-5360.0
-5340.0
-5340.0
-5350.0
-5360.0
-5380.0
-5360.0
-5370.0
-5390.0
-5380.0
-5390.0
-5410.0
-5400.0
-5380.0
-5390.0
-5410.0
-5400.0
-5390.0
-5380.0
-5390.0
-5370.0
-5360.0
-5370.0
-5360.0
-5400.0
-5410.0
-5410.0
-5390.0
-5380.0
-5370.0
-5440.0
-5440.0
-5420.0
-5440.0
-5430.0
-5430.0
-5420.0
-5400.0
-5390.0
-5380.0
-5370.0
-5350.0
-5340.0
-5350.0
-5380.0
-5370.0
-5380.0
-5410.0
-5450.0
-5460.0
-5450.0
-5470.0
-5460.0
-5450.0
-5440.0
-5450.0
-5450.0
-5450.0
-5480.0
-5460.0
-5500.0
-5540.0
-5560.0
-5570.0
-5560.0
-5580.0
-5570.0
-5550.0
-5560.0
-5540.0
-5590.0
-5570.0
-5560.0
-5580.0
-5590.0
-5640.0
-5660.0
-5690.0
-5670.0
-5680.0
-5660.0
-5640.0
-5620.0
-5640.0
-5660.0
-5650.0
-5630.0
-5620.0
-5620.0
-5610.0
-5590.0
-5580.0
-5560.0
-5560.0
-5620.0
-5640.0
-5650.0
-5650.0
-5660.0
-5650.0
-5640.0
-5620.0
-5600.0
-5620.0
-5610.0
-5650.0
-5700.0
-5720.0
-5730.0
-5770.0
-5780.0
-5770.0
-5780.0
-5800.0
-5780.0
-5770.0
-5770.0
-5830.0
-5840.0
-5840.0
-5820.0
-5840.0
-5850.0
-5850.0
-5860.0
-5850.0
-5870.0
-5900.0
-5900.0
-5910.0
-5900.0
-5880.0
-5890.0
-5880.0
-5930.0
-5940.0
-5960.0
-6010.0
-6020.0
-6010.0
-6020.0
-6010.0
-6000.0
-6030.0
-6020.0
-6060.0
-6090.0
-6110.0
-6110.0
-6130.0
-6160.0
-6140.0
-6150.0
-6130.0
-6120.0
-6130.0
-6140.0
-6140.0
-6120.0
-6130.0
-6160.0
-6140.0
-6150.0
-6130.0
-6160.0
-6140.0
-6120.0
-6140.0
-6140.0
-6150.0
-6170.0
-6160.0
-6190.0
-6220.0
-6240.0
-6250.0
-6230.0
-6250.0
-6270.0
-6260.0
-6270.0
-6260.0
-6260.0
-6290.0
-6330.0
-6340.0
-6350.0
-6370.0
-6360.0
-6350.0
-6330.0
-6320.0
-6330.0
-6350.0
-6350.0
-6340.0
-6370.0
-6350.0
-6390.0
-6370.0
-6370.0
-6350.0
-6350.0
-6350.0
-6330.0
-6340.0
-6360.0
-6350.0
-6330.0
-6320.0
-6350.0
-6330.0
-6330.0
-6310.0
-6330.0
-6320.0
-6310.0
-6310.0
-6320.0
-6300.0
-6300.0
-6300.0
-6370.0
-6380.0
-6410.0
-6450.0
-6460.0
-6450.0
-6510.0
-6510.0
-6500.0
-6490.0
-6500.0
-6510.0
-6510.0
-6510.0
-6520.0
-6510.0
-6540.0
-6520.0
-6510.0
-6540.0
-6540.0
-6520.0
-6530.0
-6540.0
-6530.0
-6520.0
-6520.0
-6520.0
-6520.0
-6510.0
-6570.0
-6550.0
-6560.0
-6540.0
-6530.0
-6540.0
-6550.0
-6590.0
-6590.0
-6590.0
-6620.0
-6600.0
-6600.0
-6630.0
-6610.0
-6590.0
-6580.0
-6580.0
-6620.0
-6620.0
-6610.0
-6620.0
-6640.0
-6680.0
-6670.0
-6660.0
-6660.0
-6640.0
-6630.0
-6610.0
-6650.0
-6690.0
-6670.0
-6680.0
-6710.0
-6740.0
-6750.0
-6750.0
-6760.0
-6770.0
-6810.0
-6810.0
-6810.0
-6800.0
-6780.0
-6810.0
-6790.0
-6770.0
-6780.0
-6760.0
-6740.0
-6720.0
-6700.0
-6700.0
-6680.0
-6670.0
-6700.0
-6710.0
-6700.0
-6700.0
-6700.0
-6690.0
-6680.0
-6680.0
-6690.0
-6730.0
-6770.0
-6830.0
-6860.0
-6870.0
-6890.0
-6880.0
-6880.0
-6910.0
-6920.0
-6930.0
-6940.0
-6930.0
-6930.0
-6980.0
-6970.0
-6960.0
-6970.0
-7010.0
-7030.0
-7030.0
-7030.0
-7010.0
-7000.0
-6980.0
-7020.0
-7010.0
-7010.0
-6990.0
-7000.0
-7000.0
-6990.0
-7000.0
-7020.0
-7020.0
-7010.0
-6990.0
-7000.0
-6990.0
-6990.0
-6990.0
-6980.0
-6960.0
-6960.0
-6960.0
-6980.0
-6970.0
-7030.0
-7010.0
-7040.0
-7020.0
-7040.0
-7070.0
-7060.0
-7050.0
-7040.0
-7030.0
-7020.0
-7020.0
-7100.0
-7080.0
-7080.0
-7100.0
-7080.0
-7100.0
-7130.0
-7150.0
-7150.0
-7130.0
-7120.0
-7130.0
-7140.0
-7140.0
-7160.0
-7150.0
-7170.0
-7180.0
-7190.0
-7180.0
-7170.0
-7160.0
-7170.0
-7180.0
-7180.0
-7210.0
-7210.0
-7220.0
-7210.0
-7200.0
-7220.0
-7200.0
-7210.0
-7260.0
-7280.0
-7330.0
-7350.0
-7330.0
-7330.0
-7320.0
-7300.0
-7320.0
-7300.0
-7350.0
-7330.0
-7340.0
-7340.0
-7350.0
-7350.0
-7340.0
-7330.0
-7340.0
-7340.0
-7340.0
-7330.0
-7320.0
-7370.0
-7370.0
-7350.0
-7340.0
-7370.0
-7380.0
-7380.0
-7360.0
-7390.0
-7380.0
-7400.0
-7420.0
-7430.0
-7410.0
-7410.0
-7400.0
-7400.0
-7430.0
-7440.0
-7430.0
-7450.0
-7490.0
-7490.0
-7490.0
-7510.0
-7500.0
-7510.0
-7490.0
-7490.0
-7490.0
-7490.0
-7490.0
-7510.0
-7540.0
-7530.0
-7520.0
-7530.0
-7540.0
-7530.0
-7540.0
-7540.0
-7540.0
-7570.0
-7560.0
-7600.0
-7590.0
-7600.0
-7640.0
-7650.0
-7660.0
-7690.0
-7700.0
-7690.0
-7690.0
-7670.0
-7660.0
-7700.0
-7690.0
-7680.0
-7680.0
-7690.0
-7690.0
-7670.0
-7690.0
-7690.0
-7710.0
-7700.0
-7700.0
-7700.0
-7680.0
-7690.0
-7700.0
-7690.0
-7720.0
-7710.0
-7730.0
-7720.0
-7720.0
-7740.0
-7750.0
-7740.0
-7780.0
-7770.0
-7800.0
-7810.0
-7810.0
-7810.0
-7820.0
-7810.0
-7820.0
-7870.0
-7860.0
-7870.0
-7890.0
-7870.0
-7860.0
-7880.0
-7860.0
-7860.0
-7840.0
-7830.0
-7820.0
-7840.0
-7880.0
-7870.0
-7890.0
-7870.0
-7860.0
-7880.0
-7860.0
-7880.0
-7870.0
-7870.0
-7870.0
-7850.0
-7840.0
-7840.0
-7840.0
-7890.0
-7870.0
-7870.0
-7860.0
-7890.0
-7910.0
-7920.0
-7960.0
-7960.0
-7960.0
-7980.0
-7980.0
-8020.0
-8030.0
-8020.0
-8000.0
-7980.0
-7980.0
-7970.0
-7970.0
-8020.0
-8030.0
-8050.0
-8040.0
-8030.0
-8050.0
-8040.0
-8080.0
-8090.0
-8090.0
-8090.0
-8140.0
-8150.0
-8140.0
-8130.0
-8110.0
-8120.0
-8140.0
-8140.0
-8190.0
-8190.0
-8200.0
-8200.0
-8190.0
-8190.0
-8180.0
-8190.0
-8180.0
-8180.0
-8180.0
-8190.0
-8220.0
-8220.0
-8220.0
-8220.0
-8280.0
-8260.0
-8270.0
-8250.0
-8280.0
-8290.0
-8300.0
-8310.0
-8300.0
-8290.0
-8350.0
-8350.0
-8370.0
-8400.0
-8410.0
-8400.0
-8400.0
-8380.0
-8370.0
-8350.0
-8340.0
-8350.0
-8370.0
-8360.0
-8360.0
-8350.0
-8350.0
-8340.0
-8330.0
-8330.0
-8320.0
-8310.0
-8330.0
-8340.0
-8330.0
-8320.0
-8310.0
-8310.0
-8320.0
-8320.0
-8310.0
-8300.0
-8290.0
-8290.0
-8320.0
-8340.0
-8320.0
-8350.0
-8340.0
-8320.0
-8320.0
-8330.0
-8320.0
-8310.0
-8340.0
-8330.0
-8330.0
-8340.0
-8340.0
-8330.0
-8330.0
-8320.0
-8390.0
-8400.0
-8390.0
-8370.0
-8360.0
-8370.0
-8380.0
-8370.0
-8420.0
-8410.0
-8460.0
-8480.0
-8470.0
-8470.0
-8470.0
-8480.0
-8480.0
-8490.0
-8520.0
-8510.0
-8500.0
-8520.0
-8500.0
-8500.0
-8540.0
-8520.0
-8510.0
-8500.0
-8500.0
-8500.0
-8480.0
-8460.0
-8470.0
-8450.0
-8460.0
-8470.0
-8490.0
-8500.0
-8510.0
-8490.0
-8550.0
-8580.0
-8570.0
-8580.0
-8620.0
-8640.0
-8660.0
-8640.0
-8670.0
-8690.0
-8700.0
-8690.0
-8680.0
-8700.0
-8730.0
-8730.0
-8720.0
-8710.0
-8720.0
-8730.0
-8750.0
-8730.0
-8710.0
-8690.0
-8730.0
-8720.0
-8700.0
-8710.0
-8710.0
-8720.0
-8710.0
-8690.0
-8690.0
-8710.0
-8700.0
-8710.0
-8700.0
-8690.0
-8730.0
-8780.0
-8780.0
-8770.0
-8770.0
-8750.0
-8750.0
-8750.0
-8740.0
-8740.0
-8730.0
-8770.0
-8800.0
-8780.0
-8780.0
-8830.0
-8820.0
-8830.0
-8820.0
-8800.0
-8780.0
-8780.0
-8780.0
-8780.0
-8770.0
-8780.0
-8780.0
-8790.0
-8770.0
-8760.0
-8780.0
-8760.0
-8750.0
-8760.0
-8760.0
-8740.0
-8740.0
-8740.0
-8750.0
-8750.0
-8780.0
-8820.0
-8820.0
-8830.0
-8920.0
-8910.0
-8890.0
-8930.0
-8930.0
-8930.0
-8940.0
-8930.0
-8910.0
-8920.0
-8900.0
-8900.0
-8920.0
-8920.0
-8900.0
-8930.0
-8930.0
-8920.0
-8930.0
-8930.0
-8910.0
-8930.0
-8910.0
-8930.0
-8940.0
-8940.0
-8930.0
-8920.0
-8940.0
-8930.0
-8950.0
-8940.0
-8950.0
-8940.0
-8920.0
-8930.0
-8970.0
-8990.0
-8990.0
-9020.0
-9020.0
-9020.0
-9030.0
-9010.0
-9010.0
-9020.0
-9000.0
-8990.0
-8980.0
-8970.0
-8980.0
-9000.0
-8990.0
-8980.0
-9020.0
-9000.0
-9000.0
-9040.0
-9040.0
-9040.0
-9030.0
-9040.0
-9050.0
-9060.0
-9130.0
-9120.0
-9130.0
-9140.0
-9130.0
-9110.0
-9140.0
-9190.0
-9170.0
-9160.0
-9230.0
-9210.0
-9190.0
-9220.0
-9220.0
-9200.0
-9180.0
-9170.0
-9190.0
-9230.0
-9250.0
-9300.0
-9330.0
-9340.0
-9330.0
-9350.0
-9340.0
-9350.0
-9350.0
-9350.0
-9340.0
-9370.0
-9390.0
-9400.0
-9400.0
-9420.0
-9410.0
-9410.0
-9410.0
-9420.0
-9460.0
-9470.0
-9470.0
-9460.0
-9450.0
-9440.0
-9430.0
-9460.0
-9450.0
-9430.0
-9440.0
-9450.0
-9450.0
-9450.0
-9460.0
-9490.0
-9470.0
-9470.0
-9460.0
-9470.0
-9470.0
-9470.0
-9480.0
-9490.0
-9490.0
-9510.0
-9530.0
-9540.0
-9550.0
-9560.0
-9590.0
-9590.0
-9600.0
-9580.0
-9580.0
-9600.0
-9620.0
-9630.0
-9620.0
-9610.0
-9610.0
-9630.0
-9660.0
-9670.0
-9670.0
-9650.0
-9630.0
-9640.0
-9630.0
-9680.0
-9680.0
-9700.0
-9690.0
-9700.0
-9690.0
-9670.0
-9680.0
-9680.0
-9680.0
-9690.0
-9700.0
-9690.0
-9680.0
-9700.0
-9690.0
-9690.0
-9700.0
-9700.0
-9710.0
-9710.0
-9690.0
-9720.0
-9700.0
-9730.0
-9710.0
-9690.0
-9710.0
-9720.0
-9710.0
-9810.0
-9790.0
-9770.0
-9760.0
-9790.0
-9770.0
-9790.0
-9770.0
-9760.0
-9780.0
-9800.0
-9800.0
-9780.0
-9800.0
-9820.0
-9810.0
-9790.0
-9770.0
-9820.0
-9880.0
-9890.0
-9880.0
-9900.0
-9880.0
-9900.0
-9900.0
-9890.0
-9920.0
-9910.0
-9920.0
-9910.0
-9920.0
-9920.0
-9900.0
-9900.0
-9910.0
-9910.0
-9930.0
-9910.0
-9910.0
-9960.0
-9970.0
-9980.0
-10000.0
-10000.0
-9990.0
-10000.0
-10000.0
-10090.0
-10090.0
-10110.0
-10090.0
-10080.0
-10080.0
-10070.0
-10090.0
-10130.0
-10120.0
-10100.0
-10100.0
-10080.0
-10070.0
-10090.0
-10080.0
-10080.0
-10060.0
-10080.0
-10080.0
-10080.0
-10120.0
-10150.0
-10160.0
-10170.0
-10190.0
-10170.0
-10170.0
-10190.0
-10190.0
-10210.0
-10220.0
-10200.0
-10200.0
-10190.0
-10180.0
-10180.0
-10180.0
-10220.0
-10220.0
-10260.0
-10250.0
-10250.0
-10240.0
-10230.0
-10220.0
-10250.0
-10250.0
-10240.0
-10290.0
-10280.0
-10270.0
-10300.0
-10330.0
-10340.0
-10320.0
-10380.0
-10380.0
-10380.0
-10410.0
-10440.0
-10430.0
-10440.0
-10460.0
-10450.0
-10440.0
-10420.0
-10450.0
-10440.0
-10430.0
-10440.0
-10450.0
-10500.0
-10480.0
-10470.0
-10470.0
-10490.0
