a = 0.8
g = 0.8
e = 0.1
random initial weights = false

-750.0
-900.0
-1070.0
-1360.0
-1420.0
-1410.0
-1580.0
-1560.0
-1560.0
-1570.0
-1560.0
-1540.0
-1550.0
-1530.0
-1510.0
-1490.0
-1490.0
-1480.0
-1460.0
-1440.0
-1420.0
-1400.0
-1380.0
-1360.0
-1340.0
-1330.0
-1310.0
-1340.0
-1320.0
-1300.0
-1280.0
-1260.0
-1240.0
-1220.0
-1200.0
-1180.0
-1160.0
-1140.0
-1130.0
-1110.0
-1090.0
-1070.0
-1050.0
-1030.0
-1010.0
-990.0
-970.0
-950.0
-930.0
-910.0
-890.0
-870.0
-850.0
-830.0
-810.0
-790.0
-780.0
-760.0
-750.0
-730.0
-710.0
-690.0
-670.0
-660.0
-640.0
-640.0
-620.0
-620.0
-600.0
-580.0
-560.0
-540.0
-520.0
-520.0
-500.0
-480.0
-460.0
-440.0
-420.0
-400.0
-390.0
-380.0
-370.0
-350.0
-330.0
-310.0
-300.0
-280.0
-260.0
-250.0
-230.0
-210.0
-190.0
-170.0
-150.0
-130.0
-110.0
-90.0
-70.0
-60.0
-40.0
-30.0
-10.0
10.0
30.0
50.0
70.0
90.0
110.0
130.0
150.0
170.0
190.0
210.0
230.0
230.0
240.0
260.0
280.0
300.0
320.0
340.0
360.0
380.0
390.0
400.0
420.0
440.0
460.0
480.0
500.0
520.0
530.0
520.0
540.0
560.0
580.0
600.0
620.0
640.0
660.0
670.0
690.0
710.0
730.0
750.0
770.0
790.0
810.0
830.0
850.0
870.0
890.0
910.0
930.0
950.0
960.0
980.0
990.0
1010.0
1020.0
1040.0
1060.0
1080.0
1090.0
1110.0
1130.0
1060.0
1060.0
1080.0
1100.0
1120.0
1140.0
1150.0
1170.0
1180.0
1200.0
1220.0
1240.0
1250.0
1270.0
1270.0
1290.0
1310.0
1330.0
1340.0
1340.0
1360.0
1380.0
1400.0
1400.0
1410.0
1420.0
1440.0
1460.0
1470.0
1490.0
1510.0
1530.0
1550.0
1570.0
1580.0
1600.0
1620.0
1640.0
1660.0
1680.0
1700.0
1710.0
1730.0
1750.0
1770.0
1790.0
1810.0
1830.0
1850.0
1870.0
1890.0
1900.0
1920.0
1940.0
1950.0
1970.0
1990.0
2010.0
2030.0
2050.0
2070.0
2080.0
2100.0
2120.0
2140.0
2140.0
2160.0
2180.0
2200.0
2220.0
2240.0
2240.0
2250.0
2270.0
2290.0
2310.0
2300.0
2310.0
2330.0
2350.0
2360.0
2370.0
2390.0
2410.0
2430.0
2450.0
2470.0
2480.0
2500.0
2510.0
2530.0
2550.0
2570.0
2590.0
2600.0
2620.0
2640.0
2650.0
2650.0
2670.0
2690.0
2710.0
2720.0
2740.0
2760.0
2780.0
2800.0
2820.0
2840.0
2860.0
2880.0
2900.0
2920.0
2940.0
2960.0
2970.0
2970.0
2980.0
3000.0
3020.0
3040.0
3060.0
3080.0
3100.0
3120.0
3130.0
3140.0
3160.0
3180.0
3200.0
3220.0
3240.0
3260.0
3280.0
3280.0
3300.0
3320.0
3330.0
3350.0
3370.0
3390.0
3410.0
3430.0
3450.0
3470.0
3490.0
3510.0
3530.0
3550.0
3570.0
3580.0
3600.0
3620.0
3640.0
3660.0
3680.0
3700.0
3720.0
3740.0
3760.0
3780.0
3800.0
3820.0
3840.0
3860.0
3880.0
3900.0
3920.0
3940.0
3960.0
3980.0
4000.0
4020.0
4040.0
4060.0
4060.0
4080.0
4100.0
4120.0
4140.0
4160.0
4180.0
4200.0
4220.0
4240.0
4260.0
4270.0
4290.0
4300.0
4320.0
4340.0
4360.0
4370.0
4390.0
4410.0
4410.0
4420.0
4440.0
4460.0
4470.0
4490.0
4510.0
4520.0
4530.0
4550.0
4560.0
4580.0
4600.0
4620.0
4640.0
4660.0
4670.0
4690.0
4710.0
4720.0
4740.0
4760.0
4780.0
4800.0
4820.0
4840.0
4860.0
4880.0
4880.0
4900.0
4920.0
4940.0
4960.0
4970.0
4990.0
5010.0
5030.0
5050.0
5070.0
5080.0
5090.0
5110.0
5130.0
5150.0
5170.0
5180.0
5200.0
5220.0
5230.0
5230.0
5250.0
5270.0
5290.0
5310.0
5330.0
5350.0
5370.0
5380.0
5400.0
5420.0
5440.0
5460.0
5480.0
5500.0
5520.0
5540.0
5550.0
5570.0
5590.0
5610.0
5630.0
5650.0
5670.0
5690.0
5700.0
5700.0
5720.0
5740.0
5740.0
5760.0
5780.0
5800.0
5820.0
5830.0
5850.0
5860.0
5860.0
5880.0
5900.0
5910.0
5930.0
5950.0
5970.0
5990.0
6000.0
6020.0
6040.0
6060.0
6070.0
6090.0
6100.0
6120.0
6140.0
6160.0
6180.0
6200.0
6220.0
6240.0
6250.0
6260.0
6280.0
6300.0
6320.0
6340.0
6350.0
6370.0
6380.0
6400.0
6420.0
6440.0
6460.0
6470.0
6490.0
6500.0
6510.0
6530.0
6550.0
6570.0
6580.0
6590.0
6610.0
6630.0
6650.0
6670.0
6690.0
6710.0
6730.0
6750.0
6750.0
6760.0
6780.0
6790.0
6810.0
6830.0
6840.0
6860.0
6850.0
6870.0
6890.0
6900.0
6920.0
6930.0
6950.0
6970.0
6990.0
7000.0
7020.0
7040.0
7060.0
7080.0
7100.0
7120.0
7140.0
7160.0
7180.0
7200.0
7220.0
7240.0
7260.0
7280.0
7300.0
7320.0
7340.0
7360.0
7380.0
7390.0
7410.0
7430.0
7440.0
7460.0
7470.0
7490.0
7510.0
7530.0
7550.0
7570.0
7590.0
7610.0
7630.0
7650.0
7670.0
7690.0
7710.0
7720.0
7740.0
7760.0
7780.0
7790.0
7810.0
7830.0
7850.0
7870.0
7890.0
7910.0
7920.0
7940.0
7960.0
7970.0
7980.0
8000.0
8020.0
8040.0
8060.0
8080.0
8100.0
8120.0
8140.0
8150.0
8170.0
8190.0
8210.0
8230.0
8250.0
8270.0
8290.0
8310.0
8330.0
8350.0
8370.0
8380.0
8400.0
8420.0
8440.0
8460.0
8480.0
8500.0
8520.0
8540.0
8550.0
8560.0
8580.0
8600.0
8610.0
8630.0
8650.0
8670.0
8680.0
8700.0
8710.0
8730.0
8750.0
8760.0
8780.0
8790.0
8810.0
8830.0
8850.0
8870.0
8890.0
8910.0
8910.0
8930.0
8950.0
8960.0
8970.0
8990.0
9010.0
9030.0
9040.0
9060.0
9080.0
9100.0
9110.0
9120.0
9140.0
9160.0
9170.0
9190.0
9210.0
9230.0
9240.0
9260.0
9270.0
9290.0
9310.0
9330.0
9350.0
9370.0
9390.0
9410.0
9420.0
9440.0
9460.0
9480.0
9500.0
9520.0
9540.0
9560.0
9580.0
9600.0
9620.0
9640.0
9660.0
9670.0
9690.0
9710.0
9730.0
9750.0
9770.0
9790.0
9810.0
9830.0
9850.0
9870.0
9890.0
9910.0
9930.0
9940.0
9960.0
9970.0
9990.0
10000.0
10020.0
10040.0
10050.0
10070.0
10090.0
10100.0
10120.0
10140.0
10140.0
10160.0
10180.0
10200.0
10220.0
10240.0
10250.0
10270.0
10290.0
10310.0
10330.0
10350.0
10360.0
10380.0
10400.0
10420.0
10440.0
10460.0
10480.0
10490.0
10510.0
10530.0
10550.0
10570.0
10590.0
10610.0
10630.0
10650.0
10650.0
10670.0
10690.0
10710.0
10730.0
10750.0
10770.0
10790.0
10810.0
10830.0
10850.0
10860.0
10870.0
10890.0
10910.0
10930.0
10950.0
10960.0
10970.0
10990.0
11010.0
11030.0
11040.0
11060.0
11080.0
11090.0
11110.0
11120.0
11140.0
11160.0
11170.0
11180.0
11200.0
11220.0
11240.0
11250.0
11260.0
11280.0
11300.0
11320.0
11340.0
11360.0
11380.0
11400.0
11420.0
11440.0
11460.0
11480.0
11500.0
11520.0
11540.0
11560.0
11580.0
11590.0
11610.0
11630.0
11650.0
11670.0
11690.0
11710.0
11730.0
11740.0
11760.0
11780.0
11800.0
11820.0
11840.0
11860.0
11880.0
11900.0
11900.0
11920.0
11940.0
11960.0
11970.0
11980.0
12000.0
12020.0
12040.0
12050.0
12070.0
12070.0
12090.0
12110.0
12130.0
12150.0
12170.0
12170.0
12190.0
12210.0
12220.0
12240.0
12250.0
12270.0
12290.0
12310.0
12320.0
12340.0
12360.0
12380.0
12400.0
12420.0
12440.0
12460.0
12480.0
12500.0
12510.0
12530.0
12540.0
12560.0
12580.0
12590.0
12600.0
12620.0
12620.0
12640.0
12650.0
12670.0
12680.0
12700.0
12720.0
12740.0
12750.0
12770.0
12790.0
12810.0
12830.0
12850.0
12870.0
12870.0
12880.0
12880.0
12900.0
12920.0
12930.0
12950.0
12960.0
12970.0
12980.0
13000.0
13020.0
13040.0
13060.0
13080.0
13090.0
13100.0
13120.0
13140.0
13160.0
13180.0
13200.0
13210.0
13230.0
13250.0
13270.0
13290.0
13300.0
13320.0
13330.0
13350.0
13370.0
13380.0
13400.0
13420.0
13440.0
13450.0
13470.0
13490.0
13500.0
13520.0
13540.0
13560.0
13580.0
13600.0
13620.0
13630.0
13650.0
13670.0
13690.0
13700.0
13720.0
13740.0
13760.0
13780.0
13790.0
13810.0
13830.0
13850.0
13870.0
13890.0
13910.0
13920.0
13940.0
13960.0
13980.0
14000.0
14020.0
14040.0
14060.0
14080.0
14100.0
14120.0
14130.0
14140.0
14160.0
14180.0
14200.0
14220.0
14240.0
14260.0
14270.0
14290.0
14310.0
14330.0
14350.0
14360.0
14380.0
14400.0
14420.0
14440.0
14460.0
14480.0
14500.0
14500.0
14510.0
14530.0
14550.0
14550.0
14570.0
14590.0
14610.0
14630.0
14650.0
14670.0
14690.0
14700.0
14720.0
14730.0
14750.0
14770.0
14790.0
14810.0
14820.0
14840.0
14860.0
14880.0
14900.0
14910.0
14920.0
14940.0
14960.0
14980.0
14990.0
15010.0
15030.0
15040.0
15060.0
15080.0
15100.0
15120.0
15140.0
15160.0
15180.0
15200.0
15220.0
15220.0
15240.0
15260.0
15280.0
15300.0
15320.0
15340.0
15360.0
15380.0
15390.0
15410.0
15430.0
15440.0
15450.0
15460.0
15480.0
15500.0
15510.0
15530.0
15550.0
15570.0
15590.0
15610.0
15630.0
15650.0
15660.0
15680.0
15700.0
15720.0
15730.0
15750.0
15770.0
15780.0
15800.0
15820.0
15840.0
15860.0
15870.0
15880.0
15900.0
15920.0
15940.0
15960.0
15980.0
15990.0
16010.0
16030.0
16040.0
16060.0
16080.0
16100.0
16120.0
16140.0
16140.0
16160.0
16180.0
16200.0
16220.0
16230.0
16240.0
16260.0
16280.0
16300.0
16320.0
16340.0
16360.0
16380.0
16400.0
16400.0
16420.0
16440.0
16460.0
16480.0
16500.0
16510.0
16530.0
16550.0
16570.0
16580.0
16590.0
16610.0
16610.0
16630.0
16650.0
16670.0
16690.0
16710.0
16730.0
16750.0
16760.0
16780.0
16800.0
16820.0
16840.0
16860.0
16860.0
16860.0
16870.0
16890.0
16910.0
16930.0
16950.0
16970.0
16990.0
17000.0
17020.0
17040.0
17060.0
17080.0
17100.0
17120.0
17140.0
17160.0
17180.0
17190.0
17210.0
17230.0
17250.0
17270.0
17290.0
17310.0
17320.0
17340.0
17360.0
17370.0
17390.0
17400.0
17410.0
17430.0
17440.0
17440.0
17450.0
17470.0
17490.0
17510.0
17530.0
17550.0
17560.0
17580.0
17600.0
17620.0
17630.0
17630.0
17630.0
17650.0
17670.0
17690.0
17710.0
17730.0
17750.0
17760.0
17780.0
17800.0
17820.0
17840.0
17860.0
17880.0
17890.0
17910.0
17930.0
17950.0
17960.0
17970.0
17990.0
18010.0
18030.0
18050.0
18070.0
18090.0
18110.0
18130.0
18150.0
18170.0
18190.0
18200.0
18220.0
18240.0
18260.0
18280.0
18280.0
18290.0
18290.0
18300.0
18310.0
18320.0
18330.0
18340.0
18330.0
18350.0
18370.0
18390.0
18410.0
18430.0
18450.0
18470.0
18490.0
18510.0
18530.0
18540.0
18560.0
18580.0
18600.0
18620.0
18640.0
18660.0
18680.0
18690.0
18710.0
18710.0
18730.0
18740.0
18760.0
18780.0
18800.0
18820.0
18840.0
18860.0
18880.0
18890.0
18910.0
18930.0
18930.0
18950.0
18970.0
18990.0
19010.0
19020.0
19040.0
19060.0
19080.0
19100.0
19120.0
19140.0
19160.0
19180.0
19190.0
19190.0
19210.0
19230.0
19250.0
19270.0
19280.0
19300.0
19320.0
19340.0
19360.0
19380.0
19400.0
19420.0
19440.0
19460.0
19480.0
19500.0
19520.0
19540.0
19560.0
19580.0
19590.0
19610.0
19630.0
19650.0
19670.0
19690.0
19710.0
19730.0
19750.0
19770.0
19790.0
19800.0
19820.0
19820.0
19840.0
19860.0
19880.0
19900.0
19920.0
19930.0
19950.0
19970.0
19990.0
20010.0
20030.0
20050.0
20070.0
20090.0
20110.0
20130.0
20140.0
20160.0
20180.0
20200.0
20220.0
20240.0
20240.0
20260.0
20260.0
20280.0
20300.0
20320.0
20340.0
20360.0
20380.0
20400.0
20410.0
20430.0
20450.0
20460.0
20480.0
20500.0
20520.0
20520.0
20540.0
20560.0
20580.0
20600.0
20620.0
20640.0
20650.0
20670.0
20680.0
20700.0
20720.0
20740.0
20760.0
20780.0
20800.0
20820.0
20840.0
20860.0
20860.0
20880.0
20900.0
20920.0
20940.0
20950.0
20970.0
20990.0
21000.0
21020.0
21040.0
21060.0
21080.0
21100.0
21120.0
21140.0
21140.0
21160.0
21180.0
21200.0
21220.0
21240.0
21260.0
21280.0
21300.0
21320.0
21330.0
21350.0
21370.0
21380.0
21400.0
21420.0
21440.0
21440.0
21450.0
21470.0
21490.0
21510.0
21530.0
21530.0
21550.0
21560.0
21580.0
21600.0
21620.0
21640.0
21660.0
21660.0
21680.0
21700.0
21720.0
21730.0
21750.0
21760.0
21780.0
21800.0
21820.0
21840.0
21860.0
21870.0
21870.0
21890.0
21900.0
21920.0
21940.0
21960.0
21980.0
22000.0
22020.0
22040.0
22060.0
22080.0
22100.0
22120.0
22130.0
22150.0
22170.0
22170.0
22190.0
22210.0
22230.0
22250.0
22260.0
22280.0
22300.0
22320.0
22340.0
22350.0
22370.0
22390.0
22410.0
22430.0
22450.0
22470.0
22490.0
22510.0
22530.0
22550.0
22570.0
22570.0
22590.0
22610.0
22630.0
22650.0
22670.0
22690.0
22710.0
22730.0
22750.0
22770.0
22780.0
22790.0
22810.0
22830.0
22850.0
22870.0
22880.0
22890.0
22910.0
22930.0
22940.0
22960.0
22970.0
22990.0
23010.0
23030.0
23050.0
23070.0
23090.0
23100.0
23110.0
23120.0
23140.0
23160.0
23170.0
23180.0
23200.0
23210.0
23230.0
23250.0
23270.0
23290.0
23310.0
23330.0
23350.0
23370.0
23390.0
23410.0
23430.0
23450.0
23470.0
23490.0
23510.0
23530.0
23550.0
23570.0
23590.0
23610.0
23620.0
23640.0
23660.0
23680.0
23700.0
23720.0
23740.0
23760.0
23780.0
23800.0
23820.0
23840.0
23860.0
23870.0
23890.0
23910.0
23930.0
23940.0
23960.0
23980.0
24000.0
24010.0
24010.0
24030.0
24050.0
24070.0
24090.0
24110.0
