a = 0.8
g = 0.5
e = 0.1
random initial weights = false

-830.0
-1210.0
-1340.0
-1390.0
-1550.0
-1670.0
-1650.0
-1640.0
-1660.0
-1660.0
-1650.0
-1640.0
-1630.0
-1650.0
-1630.0
-1630.0
-1610.0
-1590.0
-1570.0
-1550.0
-1530.0
-1510.0
-1490.0
-1470.0
-1450.0
-1430.0
-1410.0
-1390.0
-1370.0
-1350.0
-1330.0
-1310.0
-1290.0
-1270.0
-1250.0
-1240.0
-1220.0
-1200.0
-1180.0
-1160.0
-1140.0
-1120.0
-1100.0
-1080.0
-1060.0
-1040.0
-1020.0
-1000.0
-980.0
-960.0
-940.0
-920.0
-900.0
-880.0
-860.0
-840.0
-830.0
-810.0
-790.0
-770.0
-750.0
-740.0
-720.0
-700.0
-680.0
-660.0
-640.0
-620.0
-600.0
-580.0
-560.0
-550.0
-530.0
-510.0
-490.0
-470.0
-450.0
-440.0
-420.0
-400.0
-380.0
-360.0
-340.0
-330.0
-310.0
-290.0
-270.0
-250.0
-240.0
-230.0
-210.0
-200.0
-180.0
-170.0
-150.0
-130.0
-110.0
-90.0
-70.0
-50.0
-30.0
-10.0
10.0
10.0
30.0
50.0
70.0
80.0
90.0
110.0
130.0
150.0
170.0
190.0
210.0
230.0
250.0
270.0
290.0
310.0
330.0
350.0
370.0
380.0
400.0
420.0
440.0
460.0
480.0
490.0
510.0
530.0
550.0
570.0
590.0
610.0
630.0
650.0
670.0
690.0
710.0
730.0
750.0
770.0
790.0
810.0
830.0
850.0
870.0
890.0
910.0
930.0
940.0
960.0
980.0
1000.0
1020.0
1040.0
1060.0
1080.0
1100.0
1120.0
1140.0
1160.0
1180.0
1200.0
1210.0
1230.0
1250.0
1270.0
1290.0
1310.0
1330.0
1350.0
1360.0
1370.0
1390.0
1410.0
1430.0
1440.0
1460.0
1480.0
1490.0
1510.0
1530.0
1550.0
1570.0
1580.0
1590.0
1610.0
1630.0
1640.0
1660.0
1680.0
1680.0
1700.0
1720.0
1730.0
1740.0
1760.0
1780.0
1800.0
1820.0
1840.0
1860.0
1880.0
1900.0
1920.0
1940.0
1960.0
1980.0
2000.0
2020.0
2030.0
2050.0
2040.0
2050.0
2070.0
2090.0
2110.0
2130.0
2150.0
2170.0
2190.0
2210.0
2230.0
2250.0
2270.0
2270.0
2290.0
2310.0
2330.0
2350.0
2370.0
2390.0
2410.0
2430.0
2450.0
2460.0
2480.0
2500.0
2520.0
2540.0
2560.0
2580.0
2600.0
2610.0
2630.0
2650.0
2670.0
2680.0
2690.0
2710.0
2730.0
2750.0
2760.0
2780.0
2800.0
2820.0
2840.0
2860.0
2870.0
2890.0
2900.0
2920.0
2940.0
2950.0
2970.0
2980.0
3000.0
3020.0
3040.0
3060.0
3080.0
3100.0
3120.0
3140.0
3160.0
3180.0
3200.0
3220.0
3240.0
3260.0
3280.0
3300.0
3320.0
3330.0
3350.0
3370.0
3390.0
3390.0
3410.0
3430.0
3440.0
3460.0
3480.0
3500.0
3520.0
3540.0
3560.0
3580.0
3600.0
3620.0
3640.0
3660.0
3670.0
3690.0
3710.0
3730.0
3750.0
3760.0
3780.0
3790.0
3810.0
3830.0
3850.0
3870.0
3890.0
3910.0
3930.0
3950.0
3960.0
3980.0
3990.0
4010.0
4030.0
4050.0
4070.0
4090.0
4110.0
4130.0
4150.0
4160.0
4180.0
4200.0
4220.0
4230.0
4250.0
4270.0
4290.0
4310.0
4330.0
4350.0
4360.0
4380.0
4400.0
4420.0
4440.0
4460.0
4480.0
4500.0
4520.0
4540.0
4560.0
4580.0
4600.0
4600.0
4620.0
4640.0
4660.0
4680.0
4700.0
4720.0
4740.0
4760.0
4780.0
4790.0
4810.0
4820.0
4830.0
4850.0
4870.0
4890.0
4910.0
4930.0
4950.0
4970.0
4990.0
5010.0
5010.0
5030.0
5050.0
5060.0
5080.0
5100.0
5120.0
5140.0
5150.0
5170.0
5190.0
5210.0
5230.0
5240.0
5260.0
5270.0
5290.0
5310.0
5330.0
5350.0
5370.0
5390.0
5400.0
5420.0
5430.0
5440.0
5450.0
5470.0
5490.0
5500.0
5520.0
5540.0
5560.0
5580.0
5600.0
5620.0
5630.0
5650.0
5670.0
5690.0
5710.0
5730.0
5750.0
5770.0
5790.0
5810.0
5830.0
5850.0
5870.0
5880.0
5900.0
5920.0
5940.0
5950.0
5970.0
5990.0
6010.0
6030.0
6040.0
6060.0
6080.0
6100.0
6120.0
6130.0
6150.0
6170.0
6190.0
6210.0
6230.0
6250.0
6260.0
6280.0
6300.0
6320.0
6340.0
6360.0
6370.0
6390.0
6410.0
6430.0
6450.0
6470.0
6490.0
6510.0
6530.0
6550.0
6570.0
6590.0
6610.0
6630.0
6650.0
6670.0
6690.0
6710.0
6730.0
6750.0
6770.0
6790.0
6810.0
6830.0
6850.0
6870.0
6890.0
6910.0
6920.0
6940.0
6960.0
6980.0
7000.0
7020.0
7040.0
7060.0
7080.0
7090.0
7110.0
7120.0
7140.0
7160.0
7180.0
7200.0
7220.0
7240.0
7260.0
7270.0
7290.0
7310.0
7330.0
7350.0
7360.0
7380.0
7400.0
7420.0
7440.0
7460.0
7480.0
7490.0
7510.0
7520.0
7540.0
7560.0
7580.0
7600.0
7620.0
7640.0
7660.0
7680.0
7700.0
7710.0
7730.0
7740.0
7760.0
7780.0
7800.0
7820.0
7840.0
7850.0
7870.0
7890.0
7910.0
7920.0
7940.0
7960.0
7980.0
8000.0
8020.0
8040.0
8060.0
8080.0
8100.0
8120.0
8140.0
8160.0
8180.0
8190.0
8210.0
8230.0
8250.0
8260.0
8270.0
8290.0
8310.0
8330.0
8340.0
8360.0
8380.0
8400.0
8420.0
8440.0
8460.0
8480.0
8500.0
8520.0
8540.0
8560.0
8580.0
8600.0
8620.0
8630.0
8640.0
8660.0
8680.0
8700.0
8720.0
8740.0
8760.0
8780.0
8790.0
8810.0
8830.0
8850.0
8870.0
8890.0
8910.0
8920.0
8940.0
8960.0
8980.0
9000.0
9010.0
9010.0
9030.0
9050.0
9070.0
9090.0
9110.0
9130.0
9150.0
9170.0
9190.0
9210.0
9230.0
9250.0
9270.0
9290.0
9310.0
9330.0
9350.0
9360.0
9380.0
9400.0
9420.0
9440.0
9460.0
9480.0
9500.0
9520.0
9540.0
9540.0
9560.0
9560.0
9580.0
9600.0
9620.0
9640.0
9660.0
9680.0
9700.0
9720.0
9730.0
9750.0
9770.0
9790.0
9810.0
9820.0
9840.0
9850.0
9870.0
9890.0
9910.0
9930.0
9950.0
9970.0
9990.0
10010.0
10030.0
10050.0
10070.0
10090.0
10110.0
10130.0
10150.0
10170.0
10190.0
10210.0
10230.0
10250.0
10270.0
10290.0
10300.0
10320.0
10340.0
10360.0
10380.0
10400.0
10420.0
10440.0
10460.0
10480.0
10490.0
10510.0
10530.0
10540.0
10560.0
10580.0
10590.0
10610.0
10630.0
10650.0
10670.0
10690.0
10710.0
10730.0
10750.0
10770.0
10790.0
10810.0
10830.0
10850.0
10870.0
10890.0
10910.0
10930.0
10950.0
10970.0
10990.0
11010.0
11030.0
11050.0
11070.0
11080.0
11100.0
11120.0
11130.0
11150.0
11170.0
11180.0
11200.0
11220.0
11240.0
11250.0
11270.0
11290.0
11310.0
11330.0
11350.0
11370.0
11390.0
11400.0
11420.0
11440.0
11460.0
11480.0
11490.0
11510.0
11520.0
11540.0
11560.0
11580.0
11600.0
11620.0
11640.0
11660.0
11680.0
11700.0
11720.0
11740.0
11760.0
11780.0
11800.0
11820.0
11840.0
11860.0
11880.0
11900.0
11920.0
11940.0
11960.0
11980.0
12000.0
12020.0
12040.0
12050.0
12070.0
12090.0
12110.0
12120.0
12140.0
12160.0
12170.0
12190.0
12200.0
12220.0
12240.0
12260.0
12280.0
12300.0
12320.0
12340.0
12360.0
12380.0
12400.0
12420.0
12440.0
12460.0
12480.0
12500.0
12520.0
12530.0
12550.0
12570.0
12590.0
12610.0
12630.0
12640.0
12660.0
12680.0
12700.0
12720.0
12740.0
12760.0
12780.0
12800.0
12820.0
12840.0
12860.0
12880.0
12900.0
12920.0
12940.0
12960.0
12980.0
13000.0
13020.0
13040.0
13060.0
13080.0
13100.0
13120.0
13130.0
13140.0
13160.0
13180.0
13200.0
13220.0
13240.0
13260.0
13280.0
13290.0
13310.0
13330.0
13350.0
13370.0
13390.0
13410.0
13430.0
13450.0
13470.0
13480.0
13500.0
13520.0
13540.0
13550.0
13570.0
13590.0
13610.0
13630.0
13650.0
13670.0
13690.0
13710.0
13730.0
13750.0
13760.0
13780.0
13800.0
13810.0
13830.0
13850.0
13870.0
13890.0
13910.0
13930.0
13950.0
13970.0
13990.0
14010.0
14030.0
14050.0
14070.0
14090.0
14110.0
14130.0
14150.0
14170.0
14190.0
14210.0
14230.0
14250.0
14270.0
14290.0
14310.0
14320.0
14340.0
14360.0
14380.0
14400.0
14420.0
14440.0
14450.0
14460.0
14480.0
14500.0
14510.0
14530.0
14550.0
14570.0
14580.0
14600.0
14620.0
14640.0
14660.0
14680.0
14700.0
14720.0
14740.0
14760.0
14780.0
14790.0
14810.0
14830.0
14850.0
14860.0
14880.0
14900.0
14920.0
14940.0
14950.0
14970.0
14990.0
15010.0
15030.0
15050.0
15070.0
15090.0
15110.0
15130.0
15150.0
15170.0
15190.0
15210.0
15230.0
15250.0
15270.0
15290.0
15310.0
15330.0
15350.0
15360.0
15370.0
15390.0
15410.0
15430.0
15450.0
15470.0
15490.0
15510.0
15530.0
15550.0
15570.0
15590.0
15610.0
15630.0
15650.0
15670.0
15690.0
15710.0
15730.0
15750.0
15760.0
15780.0
15800.0
15820.0
15840.0
15850.0
15870.0
15890.0
15910.0
15930.0
15950.0
15970.0
15980.0
15990.0
16010.0
16020.0
16040.0
16060.0
16080.0
16090.0
16110.0
16130.0
16150.0
16170.0
16190.0
16210.0
16230.0
16250.0
16270.0
16290.0
16310.0
16320.0
16340.0
16360.0
16380.0
16400.0
16420.0
16440.0
16460.0
16480.0
16500.0
16520.0
16540.0
16560.0
16580.0
16600.0
16620.0
16640.0
16650.0
16670.0
16690.0
16710.0
16730.0
16750.0
16770.0
16790.0
16810.0
16830.0
16850.0
16870.0
16890.0
16910.0
16930.0
16950.0
16970.0
16990.0
17000.0
17020.0
17040.0
17060.0
17080.0
17100.0
17120.0
17140.0
17160.0
17180.0
17200.0
17220.0
17240.0
17250.0
17270.0
17290.0
17310.0
17320.0
17340.0
17360.0
17380.0
17400.0
17420.0
17430.0
17450.0
17470.0
17490.0
17510.0
17530.0
17540.0
17560.0
17580.0
17600.0
17620.0
17640.0
17660.0
17680.0
17700.0
17720.0
17740.0
17760.0
17780.0
17800.0
17820.0
17840.0
17850.0
17860.0
17880.0
17900.0
17910.0
17930.0
17950.0
17970.0
17990.0
18010.0
18030.0
18050.0
18070.0
18090.0
18110.0
18130.0
18150.0
18170.0
18190.0
18200.0
18220.0
18240.0
18260.0
18280.0
18300.0
18320.0
18340.0
18360.0
18380.0
18400.0
18420.0
18440.0
18460.0
18480.0
18500.0
18520.0
18540.0
18560.0
18580.0
18600.0
18620.0
18640.0
18660.0
18680.0
18700.0
18710.0
18730.0
18750.0
18770.0
18790.0
18810.0
18830.0
18850.0
18870.0
18890.0
18910.0
18930.0
18950.0
18970.0
18990.0
19010.0
19030.0
19050.0
19070.0
19090.0
19110.0
19130.0
19150.0
19170.0
19190.0
19210.0
19230.0
19250.0
19270.0
19290.0
19300.0
19320.0
19340.0
19360.0
19380.0
19400.0
19420.0
19440.0
19460.0
19480.0
19500.0
19520.0
19540.0
19560.0
19580.0
19600.0
19620.0
19630.0
19650.0
19670.0
19690.0
19710.0
19730.0
19740.0
19760.0
19780.0
19790.0
19810.0
19830.0
19850.0
19870.0
19890.0
19910.0
19920.0
19940.0
19950.0
19970.0
19990.0
20010.0
20030.0
20050.0
20070.0
20090.0
20110.0
20130.0
20150.0
20170.0
20190.0
20210.0
20230.0
20250.0
20270.0
20280.0
20300.0
20320.0
20340.0
20360.0
20360.0
20380.0
20390.0
20410.0
20430.0
20450.0
20460.0
20480.0
20500.0
20510.0
20530.0
20550.0
20570.0
20580.0
20600.0
20620.0
20640.0
20650.0
20670.0
20680.0
20690.0
20710.0
20730.0
20750.0
20770.0
20790.0
20810.0
20830.0
20850.0
20870.0
20890.0
20910.0
20930.0
20950.0
20960.0
20980.0
21000.0
21020.0
21040.0
21060.0
21080.0
21100.0
21120.0
21140.0
21160.0
21180.0
21200.0
21220.0
21240.0
21260.0
21280.0
21300.0
21320.0
21340.0
21350.0
21370.0
21390.0
21410.0
21430.0
21450.0
21470.0
21490.0
21510.0
21530.0
21550.0
21570.0
21590.0
21610.0
21630.0
21650.0
21670.0
21690.0
21710.0
21730.0
21750.0
21770.0
21780.0
21800.0
21820.0
21840.0
21860.0
21880.0
21900.0
21920.0
21930.0
21950.0
21970.0
21980.0
22000.0
22020.0
22040.0
22050.0
22070.0
22080.0
22100.0
22120.0
22140.0
22160.0
22180.0
22200.0
22220.0
22240.0
22260.0
22280.0
22300.0
22320.0
22340.0
22360.0
22380.0
22390.0
22410.0
22430.0
22450.0
22460.0
22480.0
22500.0
22520.0
22540.0
22560.0
22580.0
22600.0
22620.0
22630.0
22650.0
22670.0
22690.0
22700.0
22720.0
22730.0
22750.0
22770.0
22770.0
22790.0
22810.0
22830.0
22850.0
22860.0
22880.0
22900.0
22920.0
22930.0
22950.0
22970.0
22990.0
23010.0
23030.0
23050.0
23070.0
23090.0
23090.0
23110.0
23130.0
23150.0
23170.0
23190.0
23200.0
23220.0
23240.0
23260.0
23280.0
23300.0
23320.0
23340.0
23360.0
23380.0
23400.0
23420.0
23440.0
23460.0
23480.0
23500.0
23520.0
23540.0
23560.0
23580.0
23600.0
23620.0
23640.0
23660.0
23680.0
23690.0
23710.0
23730.0
23750.0
23770.0
23780.0
23800.0
23820.0
23840.0
23860.0
23880.0
23900.0
23920.0
23940.0
23960.0
23970.0
23990.0
24010.0
24030.0
24050.0
24070.0
24090.0
24110.0
24130.0
24150.0
24170.0
24190.0
24210.0
24230.0
24250.0
24270.0
24290.0
24310.0
24330.0
24350.0
24370.0
24390.0
24410.0
24430.0
24450.0
24470.0
24490.0
24510.0
24530.0
24550.0
24570.0
24590.0
24610.0
24630.0
24650.0
24670.0
24690.0
24710.0
24730.0
24750.0
24770.0
24790.0
24800.0
24820.0
24840.0
24860.0
24880.0
24890.0
24910.0
24930.0
24950.0
24960.0
24980.0
25000.0
25020.0
25040.0
25060.0
25080.0
25100.0
25120.0
25140.0
25160.0
25180.0
25200.0
25220.0
25240.0
25260.0
25280.0
25300.0
25320.0
25330.0
25350.0
25370.0
25390.0
25410.0
25430.0
25450.0
25470.0
25490.0
25510.0
25530.0
25550.0
25570.0
25590.0
25610.0
25630.0
25650.0
25670.0
25690.0
25710.0
25730.0
25750.0
25760.0
25780.0
25800.0
25820.0
25840.0
25860.0
25880.0
25900.0
25920.0
25940.0
25960.0
25980.0
26000.0
