a = 0.2
g = 0.8
e = 0.1
random initial weights = false

-1010.0
-1020.0
-1080.0
-1090.0
-1170.0
-1250.0
-1240.0
-1230.0
-1270.0
-1300.0
-1350.0
-1380.0
-1370.0
-1360.0
-1380.0
-1450.0
-1450.0
-1480.0
-1460.0
-1450.0
-1440.0
-1440.0
-1420.0
-1410.0
-1410.0
-1470.0
-1450.0
-1430.0
-1420.0
-1410.0
-1390.0
-1370.0
-1350.0
-1330.0
-1310.0
-1290.0
-1270.0
-1250.0
-1230.0
-1210.0
-1190.0
-1170.0
-1150.0
-1130.0
-1110.0
-1090.0
-1070.0
-1050.0
-1030.0
-1010.0
-990.0
-970.0
-950.0
-930.0
-910.0
-890.0
-870.0
-850.0
-830.0
-820.0
-800.0
-780.0
-760.0
-740.0
-720.0
-700.0
-680.0
-660.0
-640.0
-620.0
-600.0
-580.0
-560.0
-550.0
-530.0
-510.0
-490.0
-470.0
-450.0
-430.0
-410.0
-390.0
-370.0
-350.0
-330.0
-310.0
-290.0
-270.0
-260.0
-240.0
-220.0
-200.0
-190.0
-170.0
-150.0
-130.0
-110.0
-90.0
-70.0
-50.0
-30.0
-10.0
10.0
30.0
50.0
70.0
90.0
110.0
130.0
140.0
160.0
180.0
190.0
210.0
230.0
250.0
270.0
290.0
310.0
330.0
350.0
370.0
390.0
410.0
430.0
450.0
470.0
490.0
510.0
530.0
550.0
570.0
590.0
590.0
610.0
630.0
650.0
660.0
680.0
700.0
720.0
740.0
760.0
780.0
800.0
820.0
840.0
850.0
870.0
890.0
910.0
930.0
950.0
970.0
990.0
1000.0
1010.0
1030.0
1050.0
1070.0
1090.0
1110.0
1130.0
1150.0
1170.0
1190.0
1210.0
1230.0
1250.0
1260.0
1280.0
1300.0
1320.0
1330.0
1350.0
1370.0
1390.0
1410.0
1430.0
1450.0
1470.0
1490.0
1510.0
1520.0
1530.0
1550.0
1570.0
1590.0
1610.0
1630.0
1650.0
1670.0
1690.0
1710.0
1720.0
1740.0
1760.0
1780.0
1800.0
1820.0
1840.0
1860.0
1880.0
1890.0
1900.0
1920.0
1940.0
1960.0
1980.0
1990.0
2010.0
2030.0
2050.0
2070.0
2090.0
2100.0
2120.0
2140.0
2160.0
2180.0
2200.0
2220.0
2240.0
2260.0
2280.0
2290.0
2310.0
2330.0
2350.0
2370.0
2390.0
2410.0
2430.0
2450.0
2470.0
2490.0
2510.0
2530.0
2550.0
2570.0
2590.0
2610.0
2630.0
2650.0
2670.0
2680.0
2690.0
2710.0
2730.0
2750.0
2770.0
2790.0
2810.0
2830.0
2840.0
2860.0
2880.0
2900.0
2920.0
2940.0
2950.0
2970.0
2990.0
3010.0
3030.0
3050.0
3070.0
3090.0
3110.0
3130.0
3150.0
3170.0
3190.0
3210.0
3230.0
3250.0
3270.0
3290.0
3310.0
3330.0
3350.0
3370.0
3390.0
3410.0
3430.0
3450.0
3470.0
3490.0
3510.0
3530.0
3540.0
3560.0
3580.0
3600.0
3620.0
3640.0
3660.0
3680.0
3700.0
3720.0
3730.0
3750.0
3770.0
3790.0
3810.0
3830.0
3850.0
3860.0
3880.0
3900.0
3920.0
3940.0
3960.0
3980.0
4000.0
4020.0
4040.0
4060.0
4080.0
4100.0
4120.0
4140.0
4160.0
4180.0
4200.0
4220.0
4240.0
4260.0
4280.0
4290.0
4300.0
4320.0
4340.0
4360.0
4380.0
4390.0
4410.0
4430.0
4450.0
4470.0
4490.0
4510.0
4530.0
4550.0
4570.0
4590.0
4610.0
4630.0
4650.0
4670.0
4690.0
4710.0
4730.0
4750.0
4770.0
4790.0
4810.0
4830.0
4850.0
4870.0
4880.0
4900.0
4920.0
4940.0
4960.0
4980.0
5000.0
5020.0
5040.0
5060.0
5080.0
5090.0
5110.0
5130.0
5140.0
5160.0
5180.0
5200.0
5220.0
5240.0
5260.0
5280.0
5300.0
5320.0
5340.0
5360.0
5380.0
5400.0
5420.0
5440.0
5460.0
5480.0
5490.0
5510.0
5530.0
5550.0
5560.0
5580.0
5600.0
5620.0
5640.0
5650.0
5670.0
5690.0
5710.0
5730.0
5750.0
5770.0
5780.0
5790.0
5810.0
5830.0
5840.0
5860.0
5880.0
5890.0
5910.0
5930.0
5950.0
5970.0
5990.0
6010.0
6030.0
6050.0
6060.0
6070.0
6080.0
6100.0
6120.0
6140.0
6160.0
6180.0
6200.0
6220.0
6240.0
6260.0
6280.0
6300.0
6310.0
6330.0
6350.0
6370.0
6390.0
6410.0
6430.0
6450.0
6470.0
6490.0
6510.0
6520.0
6540.0
6560.0
6580.0
6590.0
6610.0
6630.0
6650.0
6670.0
6690.0
6710.0
6730.0
6750.0
6770.0
6790.0
6810.0
6820.0
6840.0
6860.0
6870.0
6880.0
6900.0
6920.0
6940.0
6960.0
6980.0
7000.0
7020.0
7040.0
7060.0
7080.0
7100.0
7120.0
7140.0
7160.0
7180.0
7200.0
7220.0
7240.0
7260.0
7280.0
7300.0
7320.0
7330.0
7340.0
7360.0
7380.0
7390.0
7410.0
7430.0
7440.0
7440.0
7460.0
7480.0
7500.0
7520.0
7540.0
7550.0
7570.0
7590.0
7610.0
7610.0
7630.0
7650.0
7670.0
7690.0
7710.0
7730.0
7750.0
7770.0
7790.0
7810.0
7830.0
7850.0
7870.0
7890.0
7910.0
7930.0
7950.0
7970.0
7990.0
8000.0
8020.0
8040.0
8060.0
8080.0
8100.0
8120.0
8140.0
8160.0
8180.0
8190.0
8210.0
8230.0
8250.0
8270.0
8280.0
8300.0
8320.0
8330.0
8350.0
8360.0
8380.0
8390.0
8410.0
8430.0
8450.0
8470.0
8490.0
8510.0
8530.0
8550.0
8570.0
8590.0
8600.0
8620.0
8640.0
8660.0
8680.0
8700.0
8710.0
8730.0
8750.0
8770.0
8790.0
8810.0
8830.0
8850.0
8870.0
8890.0
8910.0
8930.0
8950.0
8970.0
8990.0
9010.0
9030.0
9050.0
9060.0
9080.0
9090.0
9110.0
9130.0
9150.0
9170.0
9190.0
9210.0
9220.0
9240.0
9250.0
9270.0
9290.0
9310.0
9330.0
9340.0
9360.0
9380.0
9400.0
9420.0
9440.0
9460.0
9480.0
9500.0
9520.0
9540.0
9560.0
9570.0
9590.0
9610.0
9630.0
9650.0
9670.0
9690.0
9710.0
9730.0
9740.0
9760.0
9780.0
9800.0
9820.0
9830.0
9840.0
9860.0
9870.0
9890.0
9910.0
9930.0
9950.0
9960.0
9970.0
9990.0
10010.0
10030.0
10050.0
10070.0
10080.0
10100.0
10120.0
10140.0
10160.0
10180.0
10200.0
10210.0
10230.0
10250.0
10260.0
10280.0
10300.0
10320.0
10340.0
10360.0
10380.0
10400.0
10410.0
10430.0
10450.0
10470.0
10490.0
10510.0
10530.0
10550.0
10570.0
10590.0
10610.0
10620.0
10640.0
10660.0
10680.0
10700.0
10720.0
10740.0
10760.0
10780.0
10800.0
10820.0
10840.0
10860.0
10880.0
10900.0
10920.0
10940.0
10960.0
10980.0
11000.0
11010.0
11030.0
11050.0
11060.0
11080.0
11100.0
11120.0
11140.0
11160.0
11180.0
11200.0
11220.0
11240.0
11260.0
11270.0
11290.0
11310.0
11330.0
11350.0
11370.0
11380.0
11390.0
11410.0
11430.0
11450.0
11470.0
11490.0
11510.0
11530.0
11550.0
11570.0
11580.0
11600.0
11620.0
11640.0
11660.0
11670.0
11690.0
11710.0
11730.0
11750.0
11760.0
11770.0
11780.0
11800.0
11820.0
11840.0
11860.0
11880.0
11900.0
11920.0
11940.0
11960.0
11980.0
12000.0
12010.0
12030.0
12050.0
12070.0
12090.0
12100.0
12110.0
12130.0
12150.0
12170.0
12190.0
12210.0
12230.0
12250.0
12270.0
12290.0
12310.0
12330.0
12350.0
12370.0
12390.0
12410.0
12430.0
12450.0
12470.0
12490.0
12510.0
12530.0
12550.0
12570.0
12590.0
12610.0
12630.0
12650.0
12670.0
12690.0
12710.0
12730.0
12740.0
12740.0
12760.0
12780.0
12800.0
12820.0
12840.0
12860.0
12880.0
12900.0
12920.0
12940.0
12960.0
12980.0
13000.0
13020.0
13040.0
13050.0
13070.0
13090.0
13110.0
13130.0
13150.0
13170.0
13190.0
13210.0
13230.0
13250.0
13270.0
13290.0
13300.0
13320.0
13340.0
13360.0
13380.0
13400.0
13420.0
13440.0
13460.0
13480.0
13500.0
13520.0
13540.0
13550.0
13570.0
13590.0
13610.0
13630.0
13640.0
13660.0
13680.0
13700.0
13720.0
13740.0
13760.0
13780.0
13800.0
13820.0
13840.0
13850.0
13860.0
13880.0
13900.0
13920.0
13940.0
13960.0
13980.0
14000.0
14020.0
14040.0
14060.0
14080.0
14100.0
14120.0
14140.0
14160.0
14180.0
14200.0
14220.0
14240.0
14260.0
14280.0
14300.0
14320.0
14340.0
14360.0
14380.0
14400.0
14420.0
14440.0
14450.0
14460.0
14480.0
14500.0
14520.0
14540.0
14560.0
14580.0
14600.0
14620.0
14640.0
14660.0
14670.0
14690.0
14710.0
14730.0
14750.0
14770.0
14790.0
14810.0
14820.0
14840.0
14860.0
14880.0
14900.0
14920.0
14940.0
14960.0
14980.0
15000.0
15020.0
15040.0
15060.0
15080.0
15100.0
15080.0
15100.0
15120.0
15140.0
15160.0
15180.0
15200.0
15220.0
15240.0
15260.0
15280.0
15300.0
15320.0
15340.0
15360.0
15370.0
15390.0
15410.0
15430.0
15450.0
15460.0
15480.0
15500.0
15520.0
15540.0
15560.0
15580.0
15600.0
15620.0
15640.0
15650.0
15670.0
15690.0
15710.0
15720.0
15740.0
15760.0
15780.0
15800.0
15820.0
15840.0
15860.0
15880.0
15900.0
15920.0
15940.0
15960.0
15980.0
16000.0
16020.0
16040.0
16060.0
16080.0
16090.0
16110.0
16130.0
16150.0
16170.0
16190.0
16210.0
16230.0
16250.0
16270.0
16290.0
16310.0
16330.0
16340.0
16360.0
16370.0
16390.0
16410.0
16430.0
16450.0
16460.0
16480.0
16500.0
16510.0
16530.0
16550.0
16570.0
16590.0
16610.0
16630.0
16650.0
16660.0
16680.0
16700.0
16720.0
16740.0
16760.0
16780.0
16800.0
16820.0
16830.0
16850.0
16870.0
16890.0
16910.0
16930.0
16950.0
16970.0
16970.0
16980.0
17000.0
17020.0
17040.0
17060.0
17080.0
17100.0
17120.0
17140.0
17160.0
17180.0
17200.0
17220.0
17230.0
17250.0
17270.0
17290.0
17310.0
17330.0
17340.0
17360.0
17370.0
17390.0
17410.0
17430.0
17450.0
17470.0
17480.0
17500.0
17520.0
17540.0
17560.0
17580.0
17600.0
17620.0
17640.0
17660.0
17670.0
17690.0
17710.0
17730.0
17750.0
17770.0
17790.0
17810.0
17830.0
17840.0
17860.0
17870.0
17890.0
17910.0
17930.0
17950.0
17970.0
17980.0
17990.0
18000.0
18020.0
18040.0
18060.0
18080.0
18100.0
18110.0
18120.0
18140.0
18160.0
18180.0
18200.0
18220.0
18240.0
18250.0
18270.0
18290.0
18300.0
18320.0
18340.0
18360.0
18370.0
18390.0
18410.0
18430.0
18450.0
18470.0
18490.0
18510.0
18530.0
18550.0
18570.0
18590.0
18610.0
18630.0
18650.0
18670.0
18690.0
18710.0
18730.0
18740.0
18750.0
18770.0
18790.0
18810.0
18830.0
18850.0
18870.0
18890.0
18910.0
18930.0
18950.0
18960.0
18980.0
18990.0
19010.0
19020.0
19040.0
19060.0
19080.0
19090.0
19110.0
19120.0
19140.0
19160.0
19180.0
19200.0
19220.0
19240.0
19260.0
19270.0
19290.0
19310.0
19330.0
19350.0
19370.0
19390.0
19400.0
19410.0
19410.0
19430.0
19450.0
19460.0
19480.0
19500.0
19520.0
19540.0
19560.0
19580.0
19580.0
19600.0
19620.0
19630.0
19640.0
19660.0
19680.0
19700.0
19720.0
19740.0
19760.0
19780.0
19780.0
19800.0
19820.0
19830.0
19850.0
19870.0
19890.0
19900.0
19920.0
19940.0
19960.0
19980.0
20000.0
20010.0
20030.0
20050.0
20070.0
20090.0
20110.0
20130.0
20150.0
20160.0
20180.0
20200.0
20220.0
20240.0
20260.0
20280.0
20300.0
20320.0
20340.0
20360.0
20380.0
20400.0
20410.0
20430.0
20450.0
20470.0
20490.0
20510.0
20510.0
20530.0
20550.0
20560.0
20580.0
20600.0
20610.0
20630.0
20650.0
20670.0
20690.0
20710.0
20730.0
20750.0
20760.0
20770.0
20790.0
20810.0
20830.0
20850.0
20870.0
20890.0
20900.0
20920.0
20940.0
20960.0
20980.0
21000.0
21020.0
21040.0
21050.0
21070.0
21090.0
21110.0
21130.0
21150.0
21160.0
21180.0
21200.0
21220.0
21240.0
21260.0
21280.0
21300.0
21320.0
21340.0
21360.0
21380.0
21390.0
21410.0
21430.0
21450.0
21470.0
21490.0
21510.0
21530.0
21550.0
21570.0
21590.0
21610.0
21620.0
21640.0
21660.0
21680.0
21700.0
21720.0
21740.0
21740.0
21760.0
21780.0
21800.0
21810.0
21830.0
21850.0
21870.0
21890.0
21910.0
21930.0
21950.0
21970.0
21990.0
22010.0
22020.0
22040.0
22060.0
22080.0
22100.0
22120.0
22140.0
22160.0
22180.0
22200.0
22220.0
22240.0
22260.0
22280.0
22300.0
22320.0
22340.0
22360.0
22380.0
22400.0
22420.0
22440.0
22460.0
22480.0
22500.0
22510.0
22520.0
22530.0
22550.0
22570.0
22580.0
22600.0
22610.0
22620.0
22630.0
22650.0
22670.0
22690.0
22700.0
22720.0
22740.0
22760.0
22780.0
22800.0
22820.0
22840.0
22860.0
22880.0
22900.0
22920.0
22920.0
22940.0
22960.0
22980.0
23000.0
23010.0
23030.0
23040.0
23060.0
23080.0
23090.0
23110.0
23130.0
23150.0
23170.0
23190.0
23210.0
23230.0
23250.0
23270.0
23290.0
23300.0
23320.0
23340.0
23360.0
23380.0
23400.0
23420.0
23430.0
23450.0
23470.0
23480.0
23500.0
23520.0
23540.0
23560.0
23580.0
23600.0
23620.0
23630.0
23650.0
23670.0
23690.0
23710.0
23730.0
23750.0
23770.0
23790.0
23810.0
23830.0
23840.0
23860.0
23880.0
23900.0
23920.0
23930.0
23950.0
23970.0
23980.0
23990.0
24010.0
24030.0
24050.0
24070.0
24090.0
24110.0
24130.0
24150.0
24170.0
24190.0
24210.0
24220.0
24240.0
24260.0
24280.0
24300.0
24320.0
24340.0
24360.0
24380.0
24400.0
24410.0
24430.0
24450.0
24470.0
24490.0
24510.0
24530.0
24540.0
24560.0
24580.0
24600.0
24620.0
24640.0
24660.0
24680.0
24700.0
24720.0
24740.0
24760.0
24780.0
24790.0
24800.0
24820.0
24840.0
24860.0
24870.0
24890.0
24910.0
24930.0
24950.0
24970.0
24990.0
25010.0
25030.0
25050.0
25070.0
25090.0
25110.0
25130.0
25150.0
25170.0
25190.0
25210.0
25230.0
25250.0
25270.0
25280.0
25300.0
25310.0
25330.0
25350.0
25370.0
25390.0
25410.0
25420.0
25430.0
25450.0
25470.0
25490.0
25510.0
25530.0
25550.0
25570.0
25590.0
25610.0
25630.0
25650.0
25670.0
25690.0
25710.0
25730.0
25750.0
25770.0
25790.0
25810.0
25830.0
25850.0
