a = 0.2
g = 0.2
e = 0.1
random initial weights = false

-740.0
-820.0
-910.0
-1080.0
-1180.0
-1200.0
-1290.0
-1270.0
-1260.0
-1300.0
-1290.0
-1280.0
-1280.0
-1280.0
-1300.0
-1280.0
-1290.0
-1280.0
-1260.0
-1240.0
-1230.0
-1210.0
-1200.0
-1240.0
-1220.0
-1200.0
-1200.0
-1180.0
-1210.0
-1190.0
-1170.0
-1150.0
-1130.0
-1130.0
-1110.0
-1090.0
-1080.0
-1070.0
-1050.0
-1030.0
-1010.0
-990.0
-970.0
-950.0
-940.0
-930.0
-910.0
-900.0
-880.0
-890.0
-870.0
-850.0
-840.0
-830.0
-810.0
-790.0
-770.0
-750.0
-730.0
-710.0
-710.0
-690.0
-670.0
-650.0
-630.0
-610.0
-600.0
-580.0
-580.0
-560.0
-540.0
-520.0
-500.0
-480.0
-470.0
-460.0
-440.0
-420.0
-410.0
-390.0
-370.0
-350.0
-330.0
-310.0
-290.0
-270.0
-260.0
-240.0
-220.0
-200.0
-190.0
-170.0
-150.0
-130.0
-110.0
-90.0
-70.0
-50.0
-30.0
-10.0
10.0
30.0
50.0
70.0
90.0
110.0
130.0
140.0
160.0
180.0
200.0
220.0
230.0
250.0
270.0
290.0
310.0
330.0
340.0
350.0
370.0
390.0
410.0
430.0
450.0
470.0
490.0
510.0
530.0
550.0
570.0
590.0
610.0
630.0
650.0
670.0
690.0
710.0
730.0
750.0
760.0
780.0
800.0
820.0
840.0
850.0
870.0
890.0
910.0
930.0
930.0
950.0
970.0
990.0
1010.0
1030.0
1050.0
1070.0
1090.0
1110.0
1120.0
1130.0
1150.0
1170.0
1190.0
1210.0
1230.0
1250.0
1270.0
1280.0
1300.0
1310.0
1330.0
1350.0
1370.0
1390.0
1410.0
1430.0
1440.0
1460.0
1480.0
1500.0
1520.0
1540.0
1560.0
1580.0
1600.0
1620.0
1630.0
1650.0
1670.0
1690.0
1700.0
1720.0
1740.0
1760.0
1780.0
1800.0
1820.0
1840.0
1850.0
1870.0
1880.0
1900.0
1920.0
1940.0
1950.0
1970.0
1990.0
2000.0
2020.0
2040.0
2060.0
2080.0
2080.0
2090.0
2110.0
2130.0
2150.0
2170.0
2190.0
2210.0
2220.0
2240.0
2260.0
2280.0
2290.0
2310.0
2330.0
2350.0
2370.0
2390.0
2410.0
2430.0
2450.0
2470.0
2490.0
2510.0
2530.0
2550.0
2570.0
2590.0
2610.0
2630.0
2650.0
2670.0
2690.0
2710.0
2720.0
2740.0
2750.0
2770.0
2790.0
2810.0
2830.0
2850.0
2870.0
2890.0
2900.0
2920.0
2940.0
2960.0
2980.0
3000.0
3020.0
3040.0
3060.0
3070.0
3090.0
3110.0
3130.0
3150.0
3160.0
3180.0
3190.0
3210.0
3230.0
3250.0
3270.0
3290.0
3300.0
3320.0
3340.0
3360.0
3370.0
3390.0
3410.0
3430.0
3450.0
3470.0
3490.0
3500.0
3520.0
3540.0
3550.0
3570.0
3590.0
3600.0
3610.0
3630.0
3650.0
3670.0
3690.0
3710.0
3720.0
3740.0
3760.0
3770.0
3790.0
3810.0
3830.0
3850.0
3870.0
3890.0
3900.0
3920.0
3940.0
3960.0
3980.0
3990.0
4010.0
4020.0
4040.0
4060.0
4060.0
4080.0
4100.0
4120.0
4140.0
4150.0
4170.0
4190.0
4210.0
4230.0
4240.0
4260.0
4280.0
4300.0
4320.0
4340.0
4360.0
4380.0
4400.0
4420.0
4440.0
4460.0
4480.0
4500.0
4520.0
4540.0
4550.0
4570.0
4590.0
4610.0
4630.0
4640.0
4660.0
4680.0
4700.0
4720.0
4740.0
4760.0
4780.0
4800.0
4820.0
4840.0
4860.0
4880.0
4890.0
4910.0
4930.0
4950.0
4970.0
4990.0
5010.0
5020.0
5040.0
5050.0
5070.0
5090.0
5110.0
5120.0
5140.0
5160.0
5180.0
5200.0
5220.0
5240.0
5250.0
5270.0
5280.0
5290.0
5300.0
5320.0
5340.0
5360.0
5380.0
5400.0
5410.0
5430.0
5450.0
5470.0
5490.0
5510.0
5520.0
5540.0
5560.0
5580.0
5600.0
5620.0
5640.0
5660.0
5680.0
5700.0
5720.0
5740.0
5760.0
5780.0
5800.0
5800.0
5820.0
5840.0
5860.0
5880.0
5900.0
5920.0
5940.0
5960.0
5980.0
6000.0
6020.0
6040.0
6060.0
6080.0
6090.0
6110.0
6130.0
6140.0
6160.0
6180.0
6200.0
6220.0
6230.0
6250.0
6270.0
6290.0
6300.0
6320.0
6340.0
6350.0
6370.0
6390.0
6400.0
6410.0
6430.0
6450.0
6470.0
6490.0
6510.0
6530.0
6550.0
6570.0
6590.0
6610.0
6630.0
6650.0
6670.0
6690.0
6710.0
6730.0
6740.0
6760.0
6780.0
6800.0
6820.0
6840.0
6860.0
6880.0
6900.0
6920.0
6940.0
6960.0
6980.0
7000.0
7010.0
7020.0
7040.0
7060.0
7080.0
7090.0
7110.0
7130.0
7140.0
7150.0
7170.0
7190.0
7200.0
7220.0
7240.0
7250.0
7270.0
7290.0
7310.0
7320.0
7340.0
7360.0
7380.0
7400.0
7420.0
7440.0
7450.0
7470.0
7490.0
7510.0
7530.0
7550.0
7570.0
7590.0
7610.0
7630.0
7640.0
7660.0
7680.0
7700.0
7720.0
7740.0
7760.0
7780.0
7800.0
7820.0
7840.0
7860.0
7870.0
7890.0
7910.0
7930.0
7950.0
7970.0
7990.0
8000.0
8020.0
8030.0
8050.0
8070.0
8090.0
8110.0
8110.0
8130.0
8150.0
8160.0
8180.0
8200.0
8220.0
8240.0
8260.0
8280.0
8300.0
8320.0
8340.0
8360.0
8380.0
8400.0
8420.0
8440.0
8460.0
8480.0
8500.0
8520.0
8540.0
8560.0
8580.0
8600.0
8620.0
8640.0
8660.0
8680.0
8700.0
8710.0
8730.0
8750.0
8770.0
8780.0
8800.0
8820.0
8840.0
8860.0
8880.0
8900.0
8920.0
8940.0
8960.0
8970.0
8990.0
9010.0
9030.0
9050.0
9070.0
9090.0
9110.0
9130.0
9150.0
9170.0
9190.0
9210.0
9230.0
9250.0
9270.0
9290.0
9310.0
9330.0
9350.0
9370.0
9380.0
9400.0
9420.0
9430.0
9440.0
9460.0
9470.0
9490.0
9500.0
9520.0
9530.0
9550.0
9560.0
9580.0
9600.0
9620.0
9640.0
9660.0
9680.0
9700.0
9720.0
9730.0
9750.0
9760.0
9780.0
9800.0
9820.0
9840.0
9850.0
9870.0
9880.0
9900.0
9900.0
9920.0
9940.0
9960.0
9980.0
10000.0
10020.0
10040.0
10060.0
10080.0
10090.0
10110.0
10130.0
10130.0
10150.0
10170.0
10190.0
10210.0
10230.0
10250.0
10270.0
10290.0
10300.0
10310.0
10320.0
10330.0
10350.0
10370.0
10390.0
10410.0
10430.0
10450.0
10470.0
10490.0
10510.0
10530.0
10550.0
10570.0
10590.0
10610.0
10630.0
10650.0
10670.0
10690.0
10710.0
10720.0
10740.0
10760.0
10770.0
10790.0
10810.0
10830.0
10850.0
10870.0
10890.0
10910.0
10930.0
10940.0
10940.0
10960.0
10980.0
11000.0
11020.0
11020.0
11040.0
11060.0
11080.0
11090.0
11100.0
11120.0
11140.0
11160.0
11180.0
11200.0
11220.0
11240.0
11260.0
11280.0
11300.0
11320.0
11340.0
11360.0
11370.0
11390.0
11410.0
11430.0
11450.0
11470.0
11490.0
11510.0
11530.0
11550.0
11560.0
11580.0
11600.0
11620.0
11640.0
11660.0
11680.0
11700.0
11720.0
11740.0
11760.0
11780.0
11790.0
11810.0
11830.0
11850.0
11860.0
11880.0
11900.0
11920.0
11940.0
11960.0
11970.0
11990.0
12010.0
12030.0
12050.0
12070.0
12090.0
12110.0
12130.0
12150.0
12170.0
12190.0
12210.0
12220.0
12240.0
12260.0
12280.0
12300.0
12320.0
12340.0
12360.0
12370.0
12390.0
12410.0
12430.0
12450.0
12460.0
12480.0
12500.0
12520.0
12540.0
12560.0
12580.0
12590.0
12610.0
12630.0
12650.0
12660.0
12680.0
12700.0
12720.0
12740.0
12760.0
12780.0
12800.0
12820.0
12840.0
12860.0
12880.0
12900.0
12920.0
12930.0
12950.0
12970.0
12990.0
13010.0
13030.0
13040.0
13060.0
13080.0
13100.0
13120.0
13140.0
13150.0
13170.0
13190.0
13210.0
13230.0
13250.0
13270.0
13290.0
13310.0
13330.0
13330.0
13340.0
13360.0
13370.0
13390.0
13410.0
13430.0
13450.0
13470.0
13490.0
13510.0
13530.0
13540.0
13560.0
13580.0
13600.0
13620.0
13640.0
13660.0
13680.0
13700.0
13710.0
13730.0
13750.0
13760.0
13780.0
13800.0
13820.0
13840.0
13860.0
13880.0
13900.0
13910.0
13930.0
13950.0
13960.0
13980.0
14000.0
14010.0
14030.0
14050.0
14070.0
14090.0
14110.0
14130.0
14140.0
14160.0
14170.0
14180.0
14200.0
14220.0
14240.0
14260.0
14280.0
14300.0
14320.0
14340.0
14360.0
14380.0
14400.0
14410.0
14430.0
14450.0
14470.0
14490.0
14510.0
14530.0
14550.0
14570.0
14590.0
14610.0
14630.0
14650.0
14640.0
14660.0
14670.0
14680.0
14700.0
14720.0
14740.0
14760.0
14780.0
14800.0
14820.0
14840.0
14860.0
14880.0
14900.0
14920.0
14940.0
14960.0
14980.0
14990.0
15010.0
15030.0
15050.0
15070.0
15090.0
15110.0
15130.0
15150.0
15160.0
15180.0
15200.0
15220.0
15230.0
15250.0
15270.0
15290.0
15310.0
15330.0
15350.0
15370.0
15390.0
15410.0
15430.0
15450.0
15470.0
15490.0
15510.0
15530.0
15550.0
15570.0
15590.0
15610.0
15630.0
15650.0
15670.0
15690.0
15710.0
15730.0
15750.0
15770.0
15790.0
15790.0
15810.0
15820.0
15840.0
15860.0
15880.0
15900.0
15920.0
15930.0
15950.0
15970.0
15990.0
16010.0
16030.0
16050.0
16070.0
16090.0
16110.0
16130.0
16150.0
16170.0
16180.0
16200.0
16220.0
16240.0
16260.0
16280.0
16300.0
16310.0
16320.0
16340.0
16360.0
16380.0
16390.0
16410.0
16420.0
16440.0
16460.0
16480.0
16490.0
16510.0
16530.0
16550.0
16570.0
16590.0
16610.0
16630.0
16640.0
16660.0
16680.0
16700.0
16720.0
16740.0
16760.0
16780.0
16800.0
16820.0
16840.0
16860.0
16880.0
16900.0
16920.0
16940.0
16960.0
16980.0
17000.0
17000.0
17020.0
17040.0
17060.0
17080.0
17100.0
17120.0
17140.0
17160.0
17180.0
17200.0
17220.0
17230.0
17250.0
17270.0
17280.0
17300.0
17320.0
17340.0
17360.0
17380.0
17400.0
17420.0
17440.0
17460.0
17480.0
17500.0
17520.0
17540.0
17560.0
17580.0
17600.0
17620.0
17640.0
17660.0
17680.0
17700.0
17720.0
17740.0
17760.0
17770.0
17780.0
17800.0
17820.0
17840.0
17860.0
17870.0
17890.0
17910.0
17930.0
17950.0
17970.0
17980.0
18000.0
18020.0
18030.0
18050.0
18070.0
18090.0
18110.0
18120.0
18140.0
18160.0
18180.0
18200.0
18220.0
18240.0
18250.0
18260.0
18280.0
18300.0
18320.0
18340.0
18360.0
18380.0
18400.0
18420.0
18440.0
18450.0
18470.0
18490.0
18510.0
18530.0
18550.0
18570.0
18590.0
18610.0
18630.0
18650.0
18670.0
18680.0
18690.0
18710.0
18730.0
18750.0
18770.0
18790.0
18810.0
18830.0
18850.0
18870.0
18880.0
18900.0
18920.0
18940.0
18960.0
18970.0
18990.0
19010.0
19030.0
19050.0
19070.0
19090.0
19100.0
19120.0
19140.0
19160.0
19180.0
19200.0
19220.0
19240.0
19250.0
19270.0
19290.0
19310.0
19330.0
19350.0
19360.0
19380.0
19400.0
19420.0
19440.0
19460.0
19480.0
19500.0
19520.0
19540.0
19560.0
19580.0
19600.0
19620.0
19640.0
19660.0
19680.0
19700.0
19720.0
19740.0
19760.0
19780.0
19800.0
19820.0
19840.0
19860.0
19880.0
19900.0
19920.0
19940.0
19960.0
19970.0
19990.0
20010.0
20030.0
20050.0
20070.0
20090.0
20090.0
20110.0
20130.0
20150.0
20170.0
20190.0
20210.0
20230.0
20250.0
20250.0
20270.0
20290.0
20310.0
20320.0
20340.0
20350.0
20360.0
20380.0
20400.0
20420.0
20440.0
20460.0
20480.0
20500.0
20520.0
20540.0
20560.0
20580.0
20600.0
20620.0
20640.0
20660.0
20680.0
20700.0
20720.0
20740.0
20760.0
20780.0
20800.0
20820.0
20840.0
20850.0
20860.0
20880.0
20900.0
20910.0
20930.0
20950.0
20960.0
20980.0
21000.0
21020.0
21040.0
21060.0
21080.0
21100.0
21120.0
21140.0
21160.0
21180.0
21200.0
21220.0
21240.0
21260.0
21280.0
21300.0
21320.0
21330.0
21350.0
21370.0
21390.0
21410.0
21420.0
21440.0
21460.0
21480.0
21500.0
21520.0
21540.0
21560.0
21580.0
21600.0
21610.0
21630.0
21650.0
21670.0
21690.0
21700.0
21720.0
21740.0
21760.0
21780.0
21800.0
21820.0
21840.0
21860.0
21880.0
21900.0
21920.0
21930.0
21950.0
21970.0
21990.0
22010.0
22030.0
22050.0
22070.0
22090.0
22100.0
22120.0
22130.0
22150.0
22170.0
22180.0
22200.0
22220.0
22240.0
22260.0
22280.0
22300.0
22320.0
22340.0
22360.0
22370.0
22390.0
22410.0
22420.0
22440.0
22460.0
22480.0
22500.0
22520.0
22540.0
22560.0
22580.0
22600.0
22620.0
22640.0
22660.0
22680.0
22700.0
22720.0
22740.0
22750.0
22770.0
22790.0
22810.0
22830.0
22850.0
22870.0
22890.0
22910.0
22930.0
22950.0
22970.0
22990.0
23010.0
23030.0
23050.0
23060.0
23080.0
23100.0
23110.0
23130.0
23150.0
23170.0
23180.0
23200.0
23220.0
23240.0
23260.0
23280.0
23300.0
23320.0
23330.0
23350.0
23370.0
23380.0
23400.0
23420.0
23440.0
23460.0
23480.0
23500.0
23510.0
23530.0
23550.0
23570.0
23590.0
23600.0
23620.0
23640.0
23660.0
23680.0
23700.0
23720.0
23740.0
23760.0
23770.0
23790.0
23810.0
23830.0
23850.0
23870.0
23880.0
23900.0
23920.0
23940.0
23950.0
23950.0
23970.0
23990.0
24010.0
24020.0
24040.0
24060.0
24080.0
24090.0
24110.0
24130.0
24150.0
24170.0
24190.0
24210.0
24230.0
24250.0
24260.0
24280.0
24300.0
24320.0
24340.0
24360.0
24380.0
24400.0
24420.0
24440.0
24460.0
24480.0
24500.0
24520.0
24540.0
24560.0
24580.0
24600.0
24620.0
24630.0
24650.0
24670.0
24690.0
24710.0
24720.0
24740.0
24760.0
24780.0
24800.0
24820.0
24830.0
24850.0
24870.0
24890.0
24910.0
24930.0
24950.0
24970.0
24990.0
25010.0
25030.0
25050.0
25060.0
25080.0
25100.0
25120.0
25140.0
25160.0
25180.0
25200.0
25220.0
25240.0
25260.0
25280.0
25300.0
25320.0
25340.0
25360.0
25380.0
25400.0
25420.0
25440.0
25460.0
25470.0
25490.0
25510.0
25520.0
25540.0
25560.0
25580.0
25600.0
25620.0
25630.0
25650.0
25670.0
25690.0
25710.0
25730.0
