a = 0.2
g = 0.5
e = 0.1
random initial weights = false

-220.0
-530.0
-690.0
-690.0
-1090.0
-1150.0
-1160.0
-1140.0
-1120.0
-1110.0
-1110.0
-1100.0
-1080.0
-1060.0
-1050.0
-1030.0
-1040.0
-1020.0
-1020.0
-1000.0
-980.0
-960.0
-940.0
-920.0
-900.0
-880.0
-860.0
-840.0
-820.0
-800.0
-790.0
-770.0
-750.0
-730.0
-710.0
-690.0
-670.0
-650.0
-630.0
-620.0
-600.0
-580.0
-570.0
-550.0
-530.0
-520.0
-500.0
-480.0
-460.0
-460.0
-440.0
-420.0
-400.0
-380.0
-360.0
-350.0
-330.0
-310.0
-300.0
-280.0
-260.0
-240.0
-220.0
-200.0
-180.0
-160.0
-140.0
-120.0
-110.0
-90.0
-70.0
-50.0
-30.0
-10.0
10.0
30.0
40.0
60.0
80.0
100.0
120.0
140.0
160.0
170.0
190.0
210.0
230.0
240.0
260.0
280.0
300.0
320.0
340.0
360.0
380.0
400.0
420.0
440.0
460.0
480.0
500.0
520.0
540.0
560.0
580.0
600.0
620.0
640.0
660.0
680.0
700.0
720.0
740.0
750.0
770.0
780.0
800.0
820.0
840.0
860.0
880.0
900.0
920.0
940.0
960.0
980.0
990.0
1010.0
1030.0
1050.0
1070.0
1080.0
1100.0
1120.0
1140.0
1160.0
1180.0
1200.0
1220.0
1240.0
1260.0
1280.0
1300.0
1320.0
1340.0
1360.0
1370.0
1390.0
1400.0
1410.0
1420.0
1440.0
1460.0
1480.0
1500.0
1520.0
1540.0
1560.0
1580.0
1600.0
1620.0
1640.0
1660.0
1670.0
1690.0
1710.0
1730.0
1750.0
1770.0
1790.0
1810.0
1830.0
1850.0
1870.0
1890.0
1910.0
1930.0
1950.0
1970.0
1990.0
2010.0
2030.0
2050.0
2070.0
2090.0
2110.0
2130.0
2150.0
2170.0
2190.0
2210.0
2230.0
2250.0
2270.0
2290.0
2310.0
2330.0
2350.0
2370.0
2390.0
2410.0
2430.0
2450.0
2470.0
2490.0
2510.0
2530.0
2550.0
2570.0
2580.0
2600.0
2620.0
2640.0
2660.0
2680.0
2700.0
2720.0
2740.0
2760.0
2780.0
2800.0
2820.0
2840.0
2860.0
2880.0
2900.0
2920.0
2940.0
2960.0
2980.0
3000.0
3020.0
3040.0
3060.0
3080.0
3100.0
3120.0
3140.0
3160.0
3180.0
3200.0
3220.0
3240.0
3260.0
3280.0
3300.0
3320.0
3340.0
3360.0
3370.0
3390.0
3410.0
3430.0
3450.0
3470.0
3490.0
3510.0
3530.0
3550.0
3570.0
3590.0
3610.0
3630.0
3650.0
3670.0
3690.0
3710.0
3730.0
3750.0
3770.0
3790.0
3810.0
3830.0
3850.0
3870.0
3890.0
3910.0
3930.0
3950.0
3960.0
3980.0
4000.0
4020.0
4040.0
4060.0
4080.0
4090.0
4110.0
4120.0
4140.0
4160.0
4180.0
4200.0
4220.0
4240.0
4260.0
4280.0
4300.0
4320.0
4340.0
4350.0
4370.0
4390.0
4410.0
4430.0
4450.0
4460.0
4480.0
4500.0
4510.0
4530.0
4550.0
4570.0
4590.0
4610.0
4630.0
4650.0
4670.0
4680.0
4700.0
4720.0
4740.0
4760.0
4780.0
4800.0
4820.0
4840.0
4860.0
4880.0
4900.0
4920.0
4930.0
4950.0
4970.0
4990.0
5010.0
5030.0
5040.0
5060.0
5080.0
5100.0
5120.0
5140.0
5150.0
5170.0
5180.0
5200.0
5220.0
5240.0
5260.0
5280.0
5300.0
5320.0
5340.0
5360.0
5380.0
5400.0
5420.0
5440.0
5460.0
5480.0
5500.0
5520.0
5540.0
5560.0
5580.0
5590.0
5610.0
5630.0
5650.0
5670.0
5690.0
5710.0
5730.0
5750.0
5770.0
5780.0
5800.0
5820.0
5840.0
5860.0
5880.0
5900.0
5920.0
5940.0
5950.0
5970.0
5990.0
6010.0
6030.0
6050.0
6070.0
6090.0
6110.0
6120.0
6140.0
6160.0
6170.0
6190.0
6210.0
6230.0
6250.0
6270.0
6290.0
6310.0
6330.0
6350.0
6370.0
6390.0
6410.0
6430.0
6450.0
6470.0
6490.0
6510.0
6530.0
6550.0
6560.0
6580.0
6600.0
6620.0
6640.0
6660.0
6680.0
6700.0
6720.0
6740.0
6760.0
6780.0
6800.0
6820.0
6840.0
6860.0
6880.0
6900.0
6920.0
6940.0
6960.0
6980.0
7000.0
7020.0
7030.0
7050.0
7070.0
7090.0
7110.0
7130.0
7150.0
7170.0
7190.0
7210.0
7230.0
7250.0
7270.0
7280.0
7300.0
7320.0
7330.0
7350.0
7370.0
7390.0
7410.0
7430.0
7450.0
7470.0
7490.0
7510.0
7530.0
7550.0
7570.0
7590.0
7600.0
7620.0
7640.0
7660.0
7680.0
7700.0
7720.0
7740.0
7760.0
7780.0
7800.0
7820.0
7840.0
7860.0
7880.0
7900.0
7920.0
7940.0
7960.0
7980.0
8000.0
8020.0
8040.0
8060.0
8080.0
8100.0
8120.0
8140.0
8160.0
8180.0
8200.0
8220.0
8240.0
8260.0
8280.0
8300.0
8320.0
8340.0
8360.0
8380.0
8400.0
8420.0
8440.0
8450.0
8460.0
8480.0
8500.0
8520.0
8540.0
8560.0
8580.0
8600.0
8610.0
8630.0
8650.0
8670.0
8690.0
8710.0
8730.0
8730.0
8750.0
8770.0
8790.0
8810.0
8830.0
8850.0
8870.0
8890.0
8910.0
8930.0
8950.0
8970.0
8990.0
9010.0
9030.0
9040.0
9060.0
9080.0
9100.0
9120.0
9140.0
9160.0
9180.0
9200.0
9210.0
9230.0
9250.0
9270.0
9290.0
9310.0
9330.0
9350.0
9370.0
9390.0
9410.0
9430.0
9450.0
9470.0
9490.0
9510.0
9530.0
9550.0
9570.0
9590.0
9610.0
9620.0
9640.0
9660.0
9680.0
9700.0
9720.0
9730.0
9750.0
9770.0
9790.0
9810.0
9830.0
9840.0
9860.0
9880.0
9900.0
9920.0
9940.0
9950.0
9970.0
9990.0
10010.0
10030.0
10050.0
10060.0
10080.0
10100.0
10120.0
10140.0
10160.0
10180.0
10200.0
10220.0
10230.0
10250.0
10270.0
10290.0
10310.0
10330.0
10350.0
10360.0
10380.0
10400.0
10420.0
10440.0
10460.0
10480.0
10500.0
10520.0
10540.0
10560.0
10580.0
10600.0
10620.0
10640.0
10660.0
10680.0
10700.0
10720.0
10740.0
10750.0
10770.0
10790.0
10800.0
10820.0
10840.0
10860.0
10880.0
10900.0
10920.0
10940.0
10960.0
10980.0
11000.0
11020.0
11040.0
11060.0
11080.0
11100.0
11120.0
11140.0
11150.0
11170.0
11190.0
11210.0
11220.0
11240.0
11260.0
11280.0
11300.0
11320.0
11340.0
11360.0
11380.0
11400.0
11420.0
11440.0
11460.0
11480.0
11500.0
11520.0
11540.0
11560.0
11580.0
11600.0
11610.0
11630.0
11650.0
11670.0
11690.0
11710.0
11720.0
11740.0
11760.0
11780.0
11800.0
11820.0
11840.0
11860.0
11880.0
11900.0
11920.0
11940.0
11960.0
11980.0
12000.0
12020.0
12040.0
12050.0
12060.0
12080.0
12100.0
12120.0
12140.0
12160.0
12180.0
12200.0
12220.0
12240.0
12260.0
12280.0
12300.0
12320.0
12340.0
12360.0
12380.0
12400.0
12420.0
12440.0
12450.0
12470.0
12490.0
12500.0
12520.0
12540.0
12550.0
12570.0
12590.0
12610.0
12630.0
12650.0
12670.0
12690.0
12710.0
12730.0
12750.0
12770.0
12780.0
12800.0
12820.0
12840.0
12860.0
12880.0
12900.0
12920.0
12940.0
12960.0
12970.0
12990.0
13010.0
13030.0
13050.0
13070.0
13090.0
13110.0
13130.0
13150.0
13170.0
13190.0
13210.0
13230.0
13250.0
13270.0
13290.0
13310.0
13330.0
13350.0
13370.0
13390.0
13410.0
13430.0
13450.0
13470.0
13490.0
13510.0
13530.0
13550.0
13560.0
13580.0
13600.0
13620.0
13640.0
13650.0
13670.0
13690.0
13710.0
13730.0
13750.0
13770.0
13790.0
13810.0
13830.0
13850.0
13870.0
13890.0
13910.0
13930.0
13950.0
13970.0
13990.0
14010.0
14030.0
14050.0
14070.0
14090.0
14110.0
14130.0
14150.0
14170.0
14190.0
14210.0
14230.0
14250.0
14270.0
14290.0
14310.0
14320.0
14340.0
14360.0
14380.0
14400.0
14420.0
14440.0
14460.0
14480.0
14500.0
14520.0
14540.0
14560.0
14580.0
14600.0
14620.0
14640.0
14650.0
14670.0
14690.0
14710.0
14730.0
14740.0
14760.0
14780.0
14800.0
14810.0
14820.0
14840.0
14860.0
14880.0
14900.0
14920.0
14940.0
14960.0
14980.0
14990.0
15010.0
15030.0
15050.0
15070.0
15090.0
15110.0
15130.0
15150.0
15170.0
15190.0
15210.0
15230.0
15250.0
15270.0
15290.0
15310.0
15320.0
15340.0
15350.0
15370.0
15390.0
15410.0
15430.0
15450.0
15470.0
15490.0
15510.0
15530.0
15550.0
15570.0
15590.0
15610.0
15630.0
15650.0
15670.0
15690.0
15710.0
15730.0
15750.0
15770.0
15790.0
15810.0
15830.0
15850.0
15870.0
15890.0
15910.0
15930.0
15950.0
15970.0
15990.0
16010.0
16030.0
16050.0
16070.0
16090.0
16110.0
16130.0
16150.0
16170.0
16190.0
16210.0
16230.0
16250.0
16260.0
16280.0
16300.0
16320.0
16340.0
16360.0
16380.0
16400.0
16420.0
16440.0
16460.0
16480.0
16500.0
16520.0
16540.0
16560.0
16580.0
16600.0
16620.0
16640.0
16650.0
16670.0
16690.0
16710.0
16730.0
16750.0
16770.0
16790.0
16810.0
16830.0
16850.0
16860.0
16880.0
16900.0
16910.0
16930.0
16950.0
16970.0
16990.0
17010.0
17030.0
17050.0
17070.0
17090.0
17110.0
17130.0
17150.0
17170.0
17190.0
17210.0
17230.0
17250.0
17270.0
17290.0
17310.0
17330.0
17350.0
17370.0
17390.0
17410.0
17430.0
17450.0
17470.0
17490.0
17510.0
17530.0
17550.0
17570.0
17590.0
17610.0
17630.0
17650.0
17670.0
17690.0
17710.0
17730.0
17750.0
17760.0
17780.0
17800.0
17820.0
17840.0
17860.0
17870.0
17890.0
17910.0
17930.0
17950.0
17970.0
17990.0
18010.0
18030.0
18050.0
18070.0
18090.0
18110.0
18130.0
18150.0
18170.0
18190.0
18210.0
18230.0
18250.0
18270.0
18290.0
18310.0
18330.0
18350.0
18370.0
18390.0
18400.0
18420.0
18440.0
18460.0
18480.0
18500.0
18520.0
18520.0
18540.0
18550.0
18560.0
18580.0
18600.0
18620.0
18640.0
18650.0
18670.0
18680.0
18700.0
18720.0
18740.0
18760.0
18770.0
18790.0
18800.0
18820.0
18840.0
18860.0
18870.0
18890.0
18910.0
18930.0
18950.0
18970.0
18990.0
19010.0
19020.0
19040.0
19060.0
19080.0
19100.0
19120.0
19140.0
19150.0
19170.0
19180.0
19200.0
19210.0
19230.0
19250.0
19270.0
19290.0
19310.0
19320.0
19340.0
19360.0
19380.0
19400.0
19420.0
19440.0
19450.0
19470.0
19490.0
19510.0
19530.0
19550.0
19570.0
19580.0
19600.0
19620.0
19640.0
19660.0
19680.0
19680.0
19700.0
19720.0
19740.0
19760.0
19780.0
19800.0
19820.0
19840.0
19860.0
19880.0
19900.0
19920.0
19940.0
19960.0
19980.0
20000.0
20020.0
20040.0
20060.0
20080.0
20100.0
20120.0
20130.0
20140.0
20160.0
20180.0
20200.0
20220.0
20240.0
20260.0
20280.0
20300.0
20320.0
20340.0
20360.0
20380.0
20390.0
20410.0
20430.0
20450.0
20470.0
20490.0
20510.0
20530.0
20550.0
20570.0
20580.0
20600.0
20620.0
20640.0
20660.0
20680.0
20700.0
20720.0
20740.0
20760.0
20760.0
20780.0
20800.0
20820.0
20840.0
20860.0
20880.0
20900.0
20920.0
20940.0
20960.0
20980.0
21000.0
21010.0
21020.0
21040.0
21060.0
21080.0
21100.0
21120.0
21140.0
21160.0
21180.0
21200.0
21220.0
21240.0
21260.0
21280.0
21290.0
21300.0
21320.0
21330.0
21350.0
21370.0
21390.0
21410.0
21420.0
21440.0
21460.0
21480.0
21500.0
21520.0
21540.0
21560.0
21580.0
21590.0
21610.0
21630.0
21650.0
21670.0
21690.0
21710.0
21730.0
21750.0
21770.0
21790.0
21800.0
21820.0
21840.0
21860.0
21880.0
21900.0
21920.0
21940.0
21960.0
21980.0
22000.0
22020.0
22040.0
22060.0
22080.0
22100.0
22120.0
22140.0
22150.0
22170.0
22190.0
22210.0
22230.0
22250.0
22270.0
22290.0
22310.0
22330.0
22350.0
22370.0
22390.0
22410.0
22430.0
22450.0
22470.0
22490.0
22510.0
22530.0
22540.0
22560.0
22580.0
22600.0
22620.0
22640.0
22660.0
22670.0
22690.0
22710.0
22730.0
22750.0
22770.0
22790.0
22810.0
22830.0
22850.0
22860.0
22880.0
22900.0
22910.0
22930.0
22950.0
22960.0
22970.0
22990.0
23010.0
23030.0
23050.0
23070.0
23090.0
23110.0
23130.0
23150.0
23170.0
23190.0
23210.0
23220.0
23240.0
23260.0
23280.0
23300.0
23320.0
23340.0
23360.0
23380.0
23400.0
23420.0
23440.0
23460.0
23480.0
23500.0
23510.0
23520.0
23540.0
23560.0
23580.0
23600.0
23620.0
23640.0
23660.0
23680.0
23700.0
23720.0
23740.0
23760.0
23780.0
23800.0
23820.0
23840.0
23860.0
23870.0
23890.0
23910.0
23930.0
23950.0
23970.0
23990.0
24010.0
24030.0
24040.0
24060.0
24080.0
24100.0
24120.0
24140.0
24160.0
24180.0
24200.0
24220.0
24240.0
24260.0
24280.0
24300.0
24320.0
24340.0
24360.0
24380.0
24400.0
24420.0
24440.0
24460.0
24480.0
24490.0
24510.0
24530.0
24550.0
24570.0
24590.0
24610.0
24630.0
24650.0
24670.0
24690.0
24710.0
24730.0
24750.0
24770.0
24790.0
24810.0
24820.0
24830.0
24850.0
24870.0
24890.0
24910.0
24930.0
24950.0
24970.0
24990.0
24990.0
25000.0
25020.0
25040.0
25060.0
25080.0
25100.0
25120.0
25140.0
25160.0
25180.0
25200.0
25220.0
25240.0
25260.0
25270.0
25280.0
25300.0
25320.0
25340.0
25360.0
25380.0
25400.0
25420.0
25440.0
25460.0
25480.0
25500.0
25520.0
25540.0
25560.0
25580.0
25600.0
25620.0
25640.0
25650.0
25670.0
25690.0
25710.0
25730.0
25750.0
25770.0
25790.0
25810.0
25830.0
25850.0
25870.0
25890.0
25900.0
25920.0
25940.0
25960.0
25980.0
26000.0
26020.0
26040.0
26060.0
26080.0
26100.0
26120.0
26140.0
26160.0
26180.0
26200.0
26210.0
26230.0
26250.0
26270.0
26290.0
26310.0
26330.0
26350.0
26370.0
26390.0
26410.0
26430.0
26450.0
26470.0
26490.0
26510.0
26530.0
26550.0
26570.0
26590.0
26610.0
26630.0
26650.0
26670.0
26690.0
26710.0
26720.0
26740.0
26760.0
26780.0
26800.0
26820.0
26820.0
26840.0
26860.0
26880.0
26900.0
26920.0
26940.0
26960.0
26980.0
27000.0
27020.0
27040.0
27050.0
27070.0
27090.0
27110.0
27130.0
