a = 0.5
g = 0.5
e = 0.5
random initial weights = false

-1670.0
-1980.0
-2210.0
-2800.0
-2910.0
-3220.0
-3610.0
-3650.0
-3800.0
-3780.0
-3880.0
-3880.0
-3870.0
-3870.0
-3890.0
-3920.0
-3930.0
-3940.0
-4060.0
-4080.0
-4070.0
-4120.0
-4150.0
-4160.0
-4180.0
-4160.0
-4170.0
-4150.0
-4150.0
-4180.0
-4200.0
-4230.0
-4270.0
-4260.0
-4270.0
-4250.0
-4260.0
-4330.0
-4310.0
-4340.0
-4330.0
-4330.0
-4350.0
-4350.0
-4380.0
-4360.0
-4370.0
-4410.0
-4410.0
-4420.0
-4430.0
-4450.0
-4460.0
-4460.0
-4450.0
-4430.0
-4430.0
-4440.0
-4440.0
-4420.0
-4430.0
-4490.0
-4470.0
-4510.0
-4510.0
-4490.0
-4520.0
-4530.0
-4540.0
-4540.0
-4530.0
-4590.0
-4570.0
-4580.0
-4580.0
-4640.0
-4650.0
-4650.0
-4640.0
-4670.0
-4690.0
-4680.0
-4670.0
-4730.0
-4750.0
-4740.0
-4770.0
-4750.0
-4740.0
-4750.0
-4740.0
-4720.0
-4730.0
-4740.0
-4730.0
-4750.0
-4750.0
-4760.0
-4740.0
-4750.0
-4740.0
-4730.0
-4740.0
-4770.0
-4750.0
-4730.0
-4800.0
-4790.0
-4780.0
-4830.0
-4870.0
-4870.0
-4880.0
-4900.0
-4910.0
-4910.0
-4930.0
-4960.0
-4950.0
-4980.0
-4960.0
-4950.0
-4990.0
-5020.0
-5000.0
-5000.0
-4990.0
-4980.0
-4990.0
-5000.0
-5000.0
-4990.0
-4990.0
-5040.0
-5020.0
-5020.0
-5030.0
-5080.0
-5100.0
-5140.0
-5160.0
-5150.0
-5150.0
-5160.0
-5160.0
-5170.0
-5170.0
-5150.0
-5140.0
-5180.0
-5190.0
-5260.0
-5240.0
-5230.0
-5230.0
-5250.0
-5310.0
-5300.0
-5290.0
-5300.0
-5300.0
-5310.0
-5330.0
-5320.0
-5300.0
-5320.0
-5310.0
-5370.0
-5380.0
-5390.0
-5390.0
-5390.0
-5430.0
-5450.0
-5450.0
-5460.0
-5460.0
-5450.0
-5440.0
-5490.0
-5520.0
-5570.0
-5560.0
-5550.0
-5530.0
-5560.0
-5580.0
-5590.0
-5600.0
-5630.0
-5640.0
-5640.0
-5640.0
-5670.0
-5680.0
-5680.0
-5700.0
-5700.0
-5730.0
-5710.0
-5720.0
-5710.0
-5690.0
-5680.0
-5670.0
-5650.0
-5730.0
-5740.0
-5730.0
-5760.0
-5760.0
-5770.0
-5780.0
-5790.0
-5770.0
-5760.0
-5810.0
-5830.0
-5820.0
-5830.0
-5870.0
-5890.0
-5880.0
-5880.0
-5870.0
-5870.0
-5890.0
-5940.0
-5970.0
-5980.0
-5970.0
-5950.0
-5940.0
-5980.0
-6010.0
-6010.0
-5990.0
-6040.0
-6020.0
-6030.0
-6030.0
-6040.0
-6050.0
-6080.0
-6100.0
-6120.0
-6140.0
-6180.0
-6180.0
-6180.0
-6190.0
-6250.0
-6280.0
-6280.0
-6270.0
-6260.0
-6300.0
-6310.0
-6290.0
-6280.0
-6280.0
-6320.0
-6310.0
-6340.0
-6330.0
-6350.0
-6330.0
-6320.0
-6330.0
-6380.0
-6360.0
-6410.0
-6430.0
-6430.0
-6430.0
-6430.0
-6410.0
-6460.0
-6450.0
-6450.0
-6440.0
-6470.0
-6520.0
-6510.0
-6570.0
-6670.0
-6680.0
-6710.0
-6730.0
-6730.0
-6720.0
-6710.0
-6710.0
-6710.0
-6700.0
-6700.0
-6700.0
-6700.0
-6720.0
-6730.0
-6750.0
-6770.0
-6760.0
-6760.0
-6750.0
-6740.0
-6770.0
-6780.0
-6760.0
-6760.0
-6770.0
-6780.0
-6770.0
-6770.0
-6790.0
-6850.0
-6880.0
-6870.0
-6850.0
-6840.0
-6840.0
-6850.0
-6850.0
-6860.0
-6850.0
-6850.0
-6870.0
-6890.0
-6900.0
-6890.0
-6880.0
-6890.0
-6890.0
-6880.0
-6860.0
-6870.0
-6860.0
-6870.0
-6890.0
-6920.0
-6930.0
-6920.0
-6930.0
-6910.0
-6960.0
-6950.0
-6970.0
-6970.0
-7050.0
-7040.0
-7020.0
-7070.0
-7080.0
-7070.0
-7050.0
-7060.0
-7060.0
-7070.0
-7100.0
-7080.0
-7060.0
-7050.0
-7060.0
-7040.0
-7030.0
-7040.0
-7130.0
-7110.0
-7090.0
-7110.0
-7120.0
-7110.0
-7100.0
-7140.0
-7160.0
-7170.0
-7160.0
-7150.0
-7210.0
-7220.0
-7230.0
-7230.0
-7210.0
-7210.0
-7210.0
-7210.0
-7220.0
-7220.0
-7230.0
-7250.0
-7260.0
-7300.0
-7280.0
-7270.0
-7350.0
-7380.0
-7390.0
-7380.0
-7430.0
-7420.0
-7430.0
-7470.0
-7470.0
-7460.0
-7470.0
-7520.0
-7530.0
-7570.0
-7550.0
-7540.0
-7530.0
-7530.0
-7590.0
-7580.0
-7570.0
-7620.0
-7630.0
-7630.0
-7640.0
-7620.0
-7610.0
-7620.0
-7640.0
-7640.0
-7660.0
-7670.0
-7660.0
-7640.0
-7660.0
-7660.0
-7640.0
-7640.0
-7630.0
-7650.0
-7630.0
-7620.0
-7610.0
-7600.0
-7580.0
-7570.0
-7580.0
-7580.0
-7600.0
-7590.0
-7590.0
-7580.0
-7570.0
-7550.0
-7550.0
-7540.0
-7520.0
-7530.0
-7530.0
-7530.0
-7530.0
-7570.0
-7560.0
-7600.0
-7600.0
-7610.0
-7670.0
-7650.0
-7630.0
-7660.0
-7670.0
-7680.0
-7730.0
-7760.0
-7770.0
-7760.0
-7780.0
-7770.0
-7760.0
-7750.0
-7740.0
-7770.0
-7750.0
-7750.0
-7740.0
-7730.0
-7720.0
-7750.0
-7770.0
-7810.0
-7810.0
-7810.0
-7810.0
-7800.0
-7790.0
-7810.0
-7820.0
-7820.0
-7820.0
-7830.0
-7850.0
-7850.0
-7860.0
-7860.0
-7860.0
-7840.0
-7840.0
-7830.0
-7820.0
-7820.0
-7820.0
-7830.0
-7820.0
-7810.0
-7820.0
-7820.0
-7830.0
-7820.0
-7810.0
-7820.0
-7830.0
-7830.0
-7860.0
-7860.0
-7840.0
-7830.0
-7870.0
-7870.0
-7860.0
-7930.0
-7940.0
-7920.0
-7910.0
-7890.0
-7890.0
-7890.0
-7880.0
-7860.0
-7860.0
-7870.0
-7880.0
-7880.0
-7900.0
-7910.0
-7900.0
-7880.0
-7910.0
-7900.0
-7940.0
-7930.0
-7940.0
-7970.0
-7980.0
-7970.0
-7950.0
-7960.0
-7950.0
-7990.0
-8000.0
-8030.0
-8030.0
-8070.0
-8100.0
-8090.0
-8100.0
-8110.0
-8100.0
-8100.0
-8120.0
-8160.0
-8200.0
-8240.0
-8220.0
-8210.0
-8260.0
-8290.0
-8290.0
-8340.0
-8340.0
-8320.0
-8300.0
-8290.0
-8290.0
-8330.0
-8320.0
-8320.0
-8300.0
-8320.0
-8310.0
-8320.0
-8300.0
-8330.0
-8350.0
-8350.0
-8350.0
-8340.0
-8330.0
-8350.0
-8410.0
-8410.0
-8430.0
-8420.0
-8430.0
-8430.0
-8420.0
-8440.0
-8430.0
-8410.0
-8390.0
-8430.0
-8440.0
-8440.0
-8440.0
-8420.0
-8430.0
-8460.0
-8440.0
-8460.0
-8450.0
-8450.0
-8440.0
-8450.0
-8460.0
-8440.0
-8450.0
-8450.0
-8440.0
-8440.0
-8420.0
-8440.0
-8450.0
-8470.0
-8450.0
-8480.0
-8460.0
-8450.0
-8450.0
-8430.0
-8470.0
-8470.0
-8480.0
-8530.0
-8530.0
-8520.0
-8510.0
-8520.0
-8570.0
-8550.0
-8550.0
-8540.0
-8520.0
-8520.0
-8530.0
-8520.0
-8520.0
-8510.0
-8510.0
-8500.0
-8500.0
-8490.0
-8490.0
-8520.0
-8530.0
-8510.0
-8500.0
-8500.0
-8490.0
-8500.0
-8500.0
-8520.0
-8500.0
-8490.0
-8500.0
-8520.0
-8530.0
-8530.0
-8520.0
-8510.0
-8500.0
-8520.0
-8550.0
-8540.0
-8540.0
-8540.0
-8550.0
-8560.0
-8570.0
-8550.0
-8560.0
-8570.0
-8600.0
-8650.0
-8630.0
-8610.0
-8620.0
-8620.0
-8600.0
-8660.0
-8660.0
-8660.0
-8670.0
-8670.0
-8660.0
-8640.0
-8640.0
-8630.0
-8650.0
-8650.0
-8630.0
-8620.0
-8630.0
-8630.0
-8650.0
-8630.0
-8630.0
-8670.0
-8680.0
-8670.0
-8670.0
-8650.0
-8710.0
-8720.0
-8700.0
-8700.0
-8690.0
-8670.0
-8650.0
-8670.0
-8660.0
-8670.0
-8660.0
-8670.0
-8660.0
-8650.0
-8640.0
-8640.0
-8680.0
-8660.0
-8670.0
-8680.0
-8690.0
-8710.0
-8730.0
-8810.0
-8790.0
-8810.0
-8860.0
-8860.0
-8860.0
-8850.0
-8830.0
-8890.0
-8890.0
-8890.0
-8930.0
-8920.0
-8930.0
-8930.0
-8910.0
-8970.0
-8960.0
-8960.0
-8980.0
-8960.0
-8970.0
-8980.0
-8980.0
-8960.0
-8940.0
-8980.0
-8960.0
-8940.0
-8940.0
-8960.0
-8970.0
-8950.0
-8940.0
-8960.0
-8970.0
-8990.0
-8980.0
-8980.0
-8970.0
-8990.0
-9010.0
-9070.0
-9080.0
-9100.0
-9080.0
-9100.0
-9080.0
-9060.0
-9060.0
-9050.0
-9050.0
-9050.0
-9030.0
-9040.0
-9050.0
-9120.0
-9110.0
-9140.0
-9150.0
-9180.0
-9180.0
-9240.0
-9240.0
-9230.0
-9250.0
-9290.0
-9280.0
-9310.0
-9300.0
-9290.0
-9270.0
-9260.0
-9240.0
-9250.0
-9240.0
-9240.0
-9250.0
-9240.0
-9240.0
-9230.0
-9290.0
-9280.0
-9280.0
-9300.0
-9310.0
-9310.0
-9300.0
-9340.0
-9320.0
-9310.0
-9300.0
-9290.0
-9280.0
-9290.0
-9290.0
-9280.0
-9280.0
-9290.0
-9330.0
-9330.0
-9350.0
-9480.0
-9480.0
-9500.0
-9480.0
-9460.0
-9470.0
-9470.0
-9470.0
-9490.0
-9490.0
-9470.0
-9460.0
-9460.0
-9470.0
-9490.0
-9500.0
-9490.0
-9480.0
-9480.0
-9500.0
-9570.0
-9560.0
-9590.0
-9570.0
-9560.0
-9570.0
-9580.0
-9570.0
-9580.0
-9600.0
-9650.0
-9660.0
-9690.0
-9710.0
-9710.0
-9720.0
-9740.0
-9780.0
-9770.0
-9780.0
-9790.0
-9790.0
-9780.0
-9780.0
-9790.0
-9780.0
-9780.0
-9790.0
-9840.0
-9820.0
-9880.0
-9890.0
-9910.0
-9910.0
-9890.0
-9880.0
-9870.0
-9850.0
-9860.0
-9860.0
-9860.0
-9860.0
-9900.0
-9930.0
-9990.0
-9980.0
-9960.0
-9940.0
-9960.0
-9970.0
-9960.0
-9950.0
-9950.0
-9990.0
-9980.0
-10010.0
-10010.0
-10020.0
-10030.0
-10010.0
-10000.0
-9990.0
-9990.0
-9980.0
-9980.0
-9970.0
-9990.0
-9970.0
-10010.0
-10010.0
-10020.0
-10040.0
-10030.0
-10010.0
-10000.0
-9980.0
-9990.0
-9970.0
-9970.0
-9950.0
-9990.0
-10030.0
-10070.0
-10070.0
-10090.0
-10100.0
-10120.0
-10120.0
-10160.0
-10160.0
-10170.0
-10180.0
-10220.0
-10220.0
-10240.0
-10260.0
-10250.0
-10230.0
-10210.0
-10200.0
-10270.0
-10280.0
-10310.0
-10300.0
-10310.0
-10290.0
-10270.0
-10250.0
-10230.0
-10220.0
-10200.0
-10200.0
-10200.0
-10200.0
-10200.0
-10270.0
-10270.0
-10280.0
-10290.0
-10290.0
-10310.0
-10300.0
-10290.0
-10290.0
-10320.0
-10320.0
-10360.0
-10340.0
-10330.0
-10310.0
-10290.0
-10310.0
-10320.0
-10300.0
-10340.0
-10340.0
-10340.0
-10320.0
-10330.0
-10310.0
-10300.0
-10300.0
-10340.0
-10340.0
-10370.0
-10350.0
-10360.0
-10360.0
-10360.0
-10390.0
-10410.0
-10410.0
-10420.0
-10450.0
-10450.0
-10430.0
-10410.0
-10430.0
-10430.0
-10440.0
-10440.0
-10440.0
-10460.0
-10460.0
-10470.0
-10460.0
-10470.0
-10450.0
-10470.0
-10490.0
-10500.0
-10520.0
-10540.0
-10530.0
-10560.0
-10550.0
-10560.0
-10550.0
-10590.0
-10600.0
-10580.0
-10570.0
-10560.0
-10580.0
-10580.0
-10590.0
-10620.0
-10610.0
-10620.0
-10610.0
-10600.0
-10590.0
-10640.0
-10620.0
-10630.0
-10650.0
-10630.0
-10660.0
-10670.0
-10660.0
-10650.0
-10710.0
-10690.0
-10670.0
-10680.0
-10680.0
-10700.0
-10720.0
-10740.0
-10730.0
-10710.0
-10690.0
-10710.0
-10720.0
-10700.0
-10730.0
-10750.0
-10790.0
-10790.0
-10820.0
-10830.0
-10820.0
-10820.0
-10830.0
-10810.0
-10800.0
-10810.0
-10830.0
-10850.0
-10850.0
-10860.0
-10880.0
-10900.0
-10880.0
-10890.0
-10900.0
-10880.0
-10910.0
-10900.0
-10950.0
-10930.0
-10920.0
-10900.0
-10880.0
-10870.0
-10860.0
-10910.0
-10910.0
-10900.0
-10890.0
-10890.0
-10880.0
-10880.0
-10870.0
-10850.0
-10840.0
-10880.0
-10890.0
-10920.0
-10920.0
-10920.0
-10930.0
-10950.0
-10980.0
-10970.0
-10970.0
-10950.0
-10940.0
-10930.0
-10930.0
-10980.0
-10960.0
-10940.0
-10980.0
-10980.0
-11000.0
-10980.0
-11020.0
-11050.0
-11030.0
-11040.0
-11020.0
-11020.0
-11050.0
-11050.0
-11050.0
-11070.0
-11050.0
-11050.0
-11050.0
-11080.0
-11060.0
-11060.0
-11050.0
-11060.0
-11090.0
-11090.0
-11090.0
-11080.0
-11090.0
-11100.0
-11090.0
-11080.0
-11080.0
-11080.0
-11110.0
-11160.0
-11180.0
-11170.0
-11190.0
-11170.0
-11170.0
-11200.0
-11200.0
-11260.0
-11250.0
-11260.0
-11300.0
-11300.0
-11300.0
-11290.0
-11300.0
-11300.0
-11320.0
-11320.0
-11330.0
-11320.0
-11320.0
-11330.0
-11340.0
-11380.0
-11380.0
-11380.0
-11430.0
-11420.0
-11410.0
-11400.0
-11390.0
-11390.0
-11400.0
-11410.0
-11390.0
-11380.0
-11390.0
-11400.0
-11410.0
-11450.0
-11470.0
-11470.0
-11470.0
-11480.0
-11470.0
-11450.0
-11450.0
-11460.0
-11470.0
-11460.0
-11460.0
-11450.0
-11440.0
-11430.0
-11490.0
-11490.0
-11500.0
-11490.0
-11500.0
-11500.0
-11520.0
-11520.0
-11510.0
-11510.0
-11520.0
-11580.0
-11600.0
-11610.0
-11600.0
-11590.0
-11580.0
-11580.0
-11580.0
-11570.0
-11580.0
-11590.0
-11600.0
-11590.0
-11580.0
-11570.0
-11550.0
-11560.0
-11550.0
-11590.0
-11580.0
-11560.0
-11590.0
-11570.0
-11600.0
-11600.0
-11620.0
-11630.0
-11650.0
-11680.0
-11680.0
-11700.0
-11700.0
-11710.0
-11710.0
-11750.0
-11750.0
-11770.0
-11790.0
-11780.0
-11760.0
-11770.0
-11750.0
-11740.0
-11760.0
-11770.0
-11810.0
-11830.0
-11840.0
-11840.0
-11840.0
-11840.0
-11830.0
-11840.0
-11840.0
-11820.0
-11830.0
-11860.0
-11860.0
-11860.0
-11870.0
-11850.0
-11850.0
-11880.0
-11920.0
-11920.0
-11920.0
-11900.0
-11880.0
-11910.0
-11910.0
-11910.0
-11890.0
-11880.0
-11870.0
-11920.0
-11910.0
-11920.0
-11910.0
-11910.0
-11930.0
-11910.0
-11970.0
-11980.0
-11990.0
-12020.0
-12030.0
-12060.0
-12060.0
-12070.0
-12060.0
-12060.0
-12080.0
-12080.0
-12110.0
-12100.0
-12090.0
-12080.0
-12110.0
-12120.0
-12100.0
-12130.0
-12110.0
-12160.0
-12140.0
-12160.0
-12140.0
-12160.0
-12180.0
-12170.0
-12170.0
-12180.0
-12180.0
-12180.0
-12200.0
-12210.0
-12210.0
-12190.0
-12180.0
-12160.0
-12160.0
-12230.0
-12240.0
-12220.0
-12270.0
-12270.0
-12260.0
-12260.0
-12270.0
-12270.0
-12260.0
-12250.0
-12250.0
-12270.0
-12270.0
-12280.0
-12290.0
-12290.0
-12310.0
-12300.0
-12320.0
-12310.0
-12300.0
-12310.0
-12340.0
-12340.0
-12360.0
-12340.0
-12340.0
-12330.0
-12330.0
-12340.0
-12350.0
-12400.0
-12400.0
-12430.0
-12420.0
-12420.0
-12410.0
-12400.0
-12380.0
-12390.0
-12410.0
-12430.0
-12450.0
-12440.0
-12430.0
-12470.0
-12530.0
-12540.0
-12550.0
-12540.0
-12540.0
-12530.0
-12520.0
-12520.0
-12520.0
-12570.0
-12560.0
-12590.0
-12600.0
-12590.0
-12600.0
-12600.0
-12630.0
-12620.0
-12710.0
-12690.0
-12710.0
-12700.0
-12700.0
-12710.0
-12700.0
-12690.0
-12680.0
-12660.0
-12690.0
-12730.0
-12710.0
-12700.0
-12720.0
-12730.0
-12740.0
-12760.0
-12800.0
-12790.0
-12780.0
-12780.0
-12780.0
-12790.0
-12850.0
-12840.0
-12830.0
-12860.0
-12870.0
-12850.0
-12850.0
-12870.0
-12890.0
-12890.0
-12880.0
-12900.0
-12910.0
-12920.0
-12950.0
-12970.0
-12970.0
-12980.0
-12960.0
-12960.0
-12970.0
-12970.0
-12960.0
-12970.0
-13010.0
-13000.0
-13010.0
-13000.0
-12980.0
-12960.0
-12950.0
-12970.0
-12990.0
-13000.0
-13000.0
-13000.0
-13010.0
-13110.0
-13140.0
-13140.0
-13130.0
-13110.0
-13090.0
-13110.0
-13160.0
-13150.0
-13170.0
-13160.0
-13140.0
-13130.0
-13120.0
-13130.0
-13130.0
-13140.0
-13130.0
-13160.0
-13150.0
-13160.0
-13190.0
-13190.0
