a = 0.2
g = 0.8
e = 0.1
random initial weights = false

-240.0
-570.0
-740.0
-730.0
-750.0
-760.0
-780.0
-770.0
-760.0
-760.0
-740.0
-720.0
-700.0
-700.0
-700.0
-680.0
-660.0
-640.0
-620.0
-600.0
-580.0
-560.0
-540.0
-530.0
-510.0
-500.0
-480.0
-460.0
-440.0
-420.0
-400.0
-380.0
-360.0
-350.0
-340.0
-330.0
-310.0
-300.0
-280.0
-270.0
-250.0
-230.0
-210.0
-190.0
-170.0
-170.0
-150.0
-130.0
-110.0
-90.0
-70.0
-50.0
-30.0
-10.0
10.0
30.0
40.0
60.0
80.0
100.0
110.0
110.0
130.0
150.0
170.0
190.0
210.0
230.0
250.0
270.0
290.0
310.0
330.0
350.0
370.0
380.0
400.0
420.0
440.0
360.0
370.0
390.0
410.0
420.0
420.0
440.0
460.0
480.0
500.0
520.0
540.0
560.0
580.0
600.0
620.0
630.0
650.0
670.0
690.0
710.0
720.0
740.0
750.0
770.0
790.0
810.0
830.0
850.0
870.0
880.0
900.0
920.0
940.0
950.0
960.0
980.0
1000.0
1020.0
1030.0
1050.0
1070.0
1090.0
1100.0
1110.0
1130.0
1150.0
1170.0
1190.0
1210.0
1230.0
1250.0
1270.0
1290.0
1310.0
1330.0
1350.0
1370.0
1390.0
1400.0
1410.0
1420.0
1430.0
1450.0
1460.0
1480.0
1490.0
1500.0
1510.0
1530.0
1550.0
1560.0
1580.0
1600.0
1610.0
1620.0
1640.0
1660.0
1680.0
1690.0
1710.0
1730.0
1740.0
1760.0
1780.0
1780.0
1800.0
1810.0
1830.0
1850.0
1870.0
1890.0
1910.0
1920.0
1930.0
1950.0
1970.0
1990.0
2010.0
2030.0
2040.0
2060.0
2080.0
2100.0
2120.0
2140.0
2150.0
2170.0
2190.0
2200.0
2220.0
2220.0
2240.0
2260.0
2280.0
2300.0
2320.0
2330.0
2340.0
2360.0
2370.0
2390.0
2410.0
2430.0
2450.0
2470.0
2490.0
2510.0
2530.0
2550.0
2550.0
2560.0
2570.0
2590.0
2610.0
2630.0
2650.0
2660.0
2680.0
2690.0
2710.0
2730.0
2750.0
2760.0
2780.0
2790.0
2800.0
2820.0
2840.0
2860.0
2870.0
2890.0
2910.0
2930.0
2950.0
2970.0
2980.0
3000.0
3020.0
3040.0
3060.0
3070.0
3090.0
3110.0
3130.0
3150.0
3170.0
3180.0
3190.0
3210.0
3230.0
3250.0
3270.0
3290.0
3310.0
3330.0
3350.0
3370.0
3390.0
3410.0
3430.0
3450.0
3470.0
3490.0
3510.0
3530.0
3550.0
3570.0
3590.0
3600.0
3620.0
3640.0
3660.0
3670.0
3690.0
3710.0
3730.0
3740.0
3750.0
3770.0
3790.0
3810.0
3830.0
3840.0
3850.0
3860.0
3880.0
3900.0
3920.0
3940.0
3960.0
3980.0
4000.0
4020.0
4040.0
4060.0
4070.0
4090.0
4110.0
4130.0
4150.0
4170.0
4180.0
4200.0
4220.0
4240.0
4260.0
4270.0
4290.0
4310.0
4330.0
4350.0
4370.0
4390.0
4410.0
4430.0
4450.0
4470.0
4490.0
4510.0
4530.0
4550.0
4570.0
4590.0
4610.0
4630.0
4650.0
4670.0
4690.0
4700.0
4720.0
4740.0
4760.0
4780.0
4800.0
4820.0
4840.0
4860.0
4880.0
4900.0
4920.0
4940.0
4960.0
4980.0
4990.0
5010.0
5020.0
5030.0
5050.0
5070.0
5090.0
5100.0
5100.0
5110.0
5130.0
5130.0
5150.0
5170.0
5190.0
5210.0
5230.0
5250.0
5270.0
5290.0
5310.0
5330.0
5350.0
5360.0
5380.0
5400.0
5420.0
5440.0
5460.0
5480.0
5500.0
5510.0
5530.0
5540.0
5560.0
5580.0
5600.0
5620.0
5640.0
5660.0
5680.0
5700.0
5720.0
5740.0
5760.0
5730.0
5750.0
5770.0
5790.0
5810.0
5830.0
5850.0
5870.0
5880.0
5900.0
5910.0
5930.0
5950.0
5960.0
5980.0
6000.0
6020.0
6020.0
6040.0
6060.0
6080.0
6100.0
6120.0
6130.0
6150.0
6170.0
6190.0
6210.0
6210.0
6230.0
6250.0
6270.0
6290.0
6300.0
6320.0
6340.0
6360.0
6380.0
6400.0
6420.0
6440.0
6450.0
6470.0
6490.0
6510.0
6530.0
6550.0
6560.0
6570.0
6590.0
6610.0
6630.0
6650.0
6670.0
6680.0
6700.0
6720.0
6740.0
6760.0
6780.0
6800.0
6820.0
6840.0
6860.0
6880.0
6900.0
6920.0
6940.0
6960.0
6980.0
6980.0
7000.0
7020.0
7030.0
7050.0
7050.0
7070.0
7090.0
7110.0
7130.0
7150.0
7160.0
7180.0
7200.0
7220.0
7230.0
7250.0
7270.0
7280.0
7290.0
7310.0
7330.0
7350.0
7370.0
7390.0
7400.0
7420.0
7440.0
7460.0
7480.0
7500.0
7520.0
7530.0
7550.0
7570.0
7590.0
7600.0
7610.0
7630.0
7650.0
7670.0
7690.0
7710.0
7730.0
7750.0
7770.0
7790.0
7810.0
7830.0
7850.0
7870.0
7890.0
7900.0
7920.0
7940.0
7960.0
7980.0
8000.0
8010.0
8030.0
8050.0
8070.0
8090.0
8110.0
8130.0
8150.0
8170.0
8190.0
8210.0
8230.0
8250.0
8270.0
8290.0
8310.0
8330.0
8340.0
8350.0
8360.0
8380.0
8400.0
8420.0
8440.0
8460.0
8480.0
8480.0
8500.0
8520.0
8530.0
8540.0
8560.0
8570.0
8590.0
8610.0
8630.0
8650.0
8670.0
8680.0
8700.0
8700.0
8720.0
8740.0
8760.0
8770.0
8790.0
8810.0
8830.0
8850.0
8870.0
8890.0
8900.0
8920.0
8940.0
8950.0
8970.0
8990.0
9010.0
9030.0
9050.0
9070.0
9080.0
9100.0
9120.0
9140.0
9150.0
9170.0
9180.0
9200.0
9200.0
9220.0
9230.0
9250.0
9270.0
9290.0
9310.0
9330.0
9340.0
9360.0
9380.0
9400.0
9420.0
9430.0
9450.0
9470.0
9480.0
9500.0
9520.0
9540.0
9550.0
9560.0
9580.0
9590.0
9610.0
9620.0
9630.0
9650.0
9670.0
9690.0
9710.0
9730.0
9750.0
9770.0
9790.0
9810.0
9830.0
9850.0
9870.0
9890.0
9910.0
9930.0
9950.0
9970.0
9990.0
10010.0
10030.0
10050.0
10060.0
10080.0
10100.0
10120.0
10140.0
10160.0
10180.0
10200.0
10220.0
10240.0
10250.0
10260.0
10280.0
10300.0
10320.0
10340.0
10360.0
10380.0
10400.0
10420.0
10440.0
10460.0
10480.0
10500.0
10520.0
10540.0
10560.0
10580.0
10600.0
10620.0
10640.0
10660.0
10680.0
10700.0
10720.0
10730.0
10750.0
10770.0
10790.0
10810.0
10830.0
10850.0
10870.0
10890.0
10910.0
10930.0
10940.0
10960.0
10980.0
10990.0
11000.0
11010.0
11030.0
11050.0
11070.0
11090.0
11110.0
11130.0
11150.0
11170.0
11190.0
11210.0
11230.0
11240.0
11260.0
11280.0
11300.0
11320.0
11340.0
11350.0
11360.0
11380.0
11400.0
11420.0
11440.0
11450.0
11470.0
11490.0
11510.0
11530.0
11550.0
11570.0
11570.0
11590.0
11610.0
11630.0
11650.0
11670.0
11690.0
11700.0
11710.0
11730.0
11750.0
11760.0
11780.0
11800.0
11820.0
11840.0
11860.0
11880.0
11900.0
11920.0
11940.0
11960.0
11980.0
12000.0
12020.0
12040.0
12060.0
12070.0
12090.0
12110.0
12130.0
12150.0
12160.0
12170.0
12180.0
12190.0
12210.0
12230.0
12250.0
12270.0
12270.0
12290.0
12300.0
12320.0
12340.0
12350.0
12370.0
12390.0
12410.0
12420.0
12420.0
12440.0
12460.0
12480.0
12500.0
12510.0
12530.0
12550.0
12570.0
12580.0
12600.0
12610.0
12630.0
12650.0
12670.0
12690.0
12700.0
12720.0
12740.0
12760.0
12770.0
12780.0
12800.0
12820.0
12840.0
12850.0
12870.0
12890.0
12910.0
12930.0
12950.0
12970.0
12980.0
13000.0
13020.0
13030.0
13050.0
13070.0
13090.0
13110.0
13130.0
13150.0
13170.0
13190.0
13200.0
13210.0
13230.0
13230.0
13250.0
13270.0
13290.0
13310.0
13310.0
13320.0
13340.0
13360.0
13380.0
13400.0
13420.0
13440.0
13450.0
13470.0
13480.0
13500.0
13520.0
13520.0
13540.0
13550.0
13570.0
13580.0
13600.0
13620.0
13630.0
13650.0
13670.0
13690.0
13710.0
13710.0
13730.0
13740.0
13760.0
13780.0
13800.0
13820.0
13830.0
13850.0
13870.0
13890.0
13890.0
13910.0
13930.0
13940.0
13960.0
13980.0
14000.0
14010.0
14030.0
14050.0
14060.0
14070.0
14090.0
14100.0
14120.0
14130.0
14150.0
14150.0
14170.0
14180.0
14200.0
14210.0
14230.0
14250.0
14270.0
14290.0
14310.0
14330.0
14350.0
14370.0
14390.0
14400.0
14420.0
14440.0
14460.0
14480.0
14480.0
14500.0
14510.0
14520.0
14540.0
14560.0
14580.0
14600.0
14620.0
14630.0
14650.0
14670.0
14690.0
14710.0
14720.0
14740.0
14750.0
14770.0
14790.0
14810.0
14830.0
14850.0
14870.0
14890.0
14910.0
14930.0
14950.0
14960.0
14970.0
14990.0
15010.0
15030.0
15050.0
15070.0
15090.0
15110.0
15120.0
15140.0
15160.0
15180.0
15200.0
15180.0
15200.0
15220.0
15230.0
15250.0
15270.0
15290.0
15300.0
15320.0
15340.0
15360.0
15380.0
15400.0
15410.0
15430.0
15450.0
15460.0
15480.0
15500.0
15510.0
15530.0
15530.0
15550.0
15560.0
15580.0
15600.0
15610.0
15620.0
15620.0
15630.0
15650.0
15670.0
15690.0
15710.0
15720.0
15730.0
15750.0
15760.0
15770.0
15790.0
15800.0
15820.0
15830.0
15850.0
15870.0
15890.0
15910.0
15930.0
15940.0
15960.0
15980.0
15980.0
16000.0
16020.0
16030.0
16050.0
16060.0
16080.0
16100.0
16120.0
16140.0
16150.0
16160.0
16180.0
16200.0
16220.0
16240.0
16260.0
16280.0
16300.0
16320.0
16340.0
16360.0
16380.0
16400.0
16420.0
16440.0
16460.0
16480.0
16500.0
16520.0
16520.0
16530.0
16540.0
16560.0
16580.0
16600.0
16620.0
16640.0
16650.0
16670.0
16690.0
16700.0
16720.0
16740.0
16750.0
16770.0
16790.0
16810.0
16830.0
16840.0
16850.0
16870.0
16880.0
16900.0
16920.0
16940.0
16960.0
16970.0
16990.0
17010.0
17030.0
17050.0
17070.0
17090.0
17110.0
17120.0
17140.0
17150.0
17170.0
17190.0
17210.0
17230.0
17240.0
17260.0
17280.0
17300.0
17320.0
17320.0
17340.0
17360.0
17380.0
17400.0
17420.0
17440.0
17460.0
17480.0
17500.0
17510.0
17530.0
17540.0
17550.0
17560.0
17580.0
17600.0
17620.0
17640.0
17640.0
17660.0
17680.0
17690.0
17710.0
17730.0
17750.0
17770.0
17790.0
17800.0
17820.0
17840.0
17860.0
17880.0
17900.0
17910.0
17930.0
17950.0
17970.0
17990.0
18010.0
18030.0
18050.0
18070.0
18090.0
18100.0
18120.0
18130.0
18150.0
18160.0
18180.0
18200.0
18220.0
18230.0
18240.0
18260.0
18280.0
18300.0
18320.0
18330.0
18350.0
18370.0
18390.0
18400.0
18410.0
18430.0
18450.0
18470.0
18490.0
18510.0
18530.0
18550.0
18570.0
18590.0
18600.0
18620.0
18640.0
18660.0
18670.0
18690.0
18710.0
18730.0
18740.0
18750.0
18770.0
18780.0
18790.0
18810.0
18830.0
18850.0
18870.0
18890.0
18910.0
18930.0
18940.0
18950.0
18950.0
18960.0
18970.0
18990.0
19010.0
19030.0
19050.0
19070.0
19090.0
19110.0
19130.0
19150.0
19170.0
19180.0
19200.0
19220.0
19240.0
19260.0
19280.0
19300.0
19320.0
19330.0
19340.0
19360.0
19380.0
19400.0
19420.0
19440.0
19460.0
19480.0
19500.0
19520.0
19530.0
19550.0
19570.0
19590.0
19610.0
19620.0
19640.0
19660.0
19680.0
19700.0
19720.0
19740.0
19750.0
19770.0
19780.0
19800.0
19810.0
19830.0
19850.0
19870.0
19880.0
19880.0
19900.0
19920.0
19930.0
19940.0
19960.0
19970.0
19990.0
20010.0
20030.0
20050.0
20070.0
20080.0
20100.0
20110.0
20130.0
20150.0
20170.0
20180.0
20200.0
20220.0
20240.0
20240.0
20250.0
20270.0
20290.0
20310.0
20330.0
20350.0
20370.0
20390.0
20410.0
20430.0
20450.0
20470.0
20490.0
20510.0
20520.0
20540.0
20560.0
20580.0
20590.0
20600.0
20620.0
20640.0
20660.0
20670.0
20690.0
20700.0
20720.0
20740.0
20760.0
20770.0
20780.0
20800.0
20820.0
20840.0
20860.0
20880.0
20900.0
20920.0
20940.0
20960.0
20980.0
21000.0
21020.0
21030.0
21050.0
21050.0
21070.0
21090.0
21100.0
21120.0
21140.0
21160.0
21180.0
21200.0
21220.0
21240.0
21250.0
21270.0
21290.0
21310.0
21330.0
21350.0
21370.0
21390.0
21400.0
21420.0
21440.0
21450.0
21460.0
21480.0
21500.0
21520.0
21530.0
21540.0
21560.0
21570.0
21590.0
21600.0
21620.0
21630.0
21650.0
21670.0
21690.0
21700.0
21720.0
21740.0
21760.0
21780.0
21800.0
21810.0
21830.0
21840.0
21840.0
21860.0
21880.0
21900.0
21920.0
21940.0
21950.0
21960.0
21970.0
21980.0
22000.0
22020.0
22040.0
22060.0
22080.0
22100.0
22120.0
22140.0
22160.0
22180.0
22200.0
22220.0
22240.0
22260.0
22270.0
22290.0
22310.0
22330.0
22350.0
22360.0
22360.0
22380.0
22390.0
22400.0
22420.0
22440.0
22440.0
22460.0
22480.0
22500.0
22510.0
22530.0
22540.0
22540.0
22560.0
22580.0
22600.0
22620.0
22640.0
22660.0
22680.0
22700.0
22720.0
22740.0
22760.0
22780.0
22800.0
22810.0
22830.0
22850.0
22850.0
22870.0
22880.0
22900.0
22920.0
22940.0
22940.0
22960.0
22970.0
22990.0
23010.0
23030.0
23030.0
23050.0
23060.0
23080.0
23100.0
23120.0
23140.0
23150.0
23160.0
23180.0
23200.0
23220.0
23240.0
23260.0
23280.0
23300.0
23290.0
23300.0
23320.0
23340.0
23360.0
23380.0
23390.0
23410.0
23430.0
23420.0
23440.0
23460.0
23460.0
23480.0
23500.0
23520.0
23540.0
23560.0
23580.0
23600.0
23620.0
23640.0
23660.0
23680.0
23690.0
23710.0
23720.0
23740.0
23760.0
23770.0
23790.0
23800.0
23820.0
23840.0
23860.0
23870.0
23890.0
23910.0
23930.0
23950.0
23970.0
23990.0
24010.0
24020.0
24040.0
24050.0
24070.0
24090.0
24110.0
24130.0
24150.0
24170.0
24190.0
24210.0
24230.0
24240.0
24260.0
24280.0
24280.0
24300.0
24320.0
24330.0
24350.0
24350.0
24370.0
24390.0
24410.0
24430.0
24430.0
24450.0
24470.0
24490.0
24510.0
24530.0
24550.0
24560.0
24580.0
24590.0
24610.0
24620.0
24630.0
24650.0
24660.0
24680.0
24700.0
24720.0
24740.0
24750.0
24770.0
24790.0
24810.0
