a = 0.8
g = 0.2
e = 0.3
random initial weights = false

-1040.0
-1740.0
-1760.0
-1860.0
-1890.0
-1890.0
-1910.0
-1980.0
-2070.0
-2100.0
-2140.0
-2170.0
-2170.0
-2190.0
-2210.0
-2210.0
-2220.0
-2210.0
-2190.0
-2170.0
-2160.0
-2160.0
-2160.0
-2140.0
-2120.0
-2110.0
-2090.0
-2080.0
-2060.0
-2050.0
-2040.0
-2020.0
-2000.0
-1980.0
-1970.0
-1950.0
-1940.0
-2010.0
-1990.0
-1970.0
-1950.0
-1930.0
-1920.0
-1900.0
-1880.0
-1870.0
-1860.0
-1840.0
-1830.0
-1810.0
-1790.0
-1800.0
-1790.0
-1770.0
-1760.0
-1760.0
-1740.0
-1720.0
-1710.0
-1690.0
-1690.0
-1670.0
-1660.0
-1640.0
-1630.0
-1620.0
-1600.0
-1580.0
-1570.0
-1560.0
-1540.0
-1520.0
-1500.0
-1480.0
-1470.0
-1460.0
-1440.0
-1420.0
-1400.0
-1380.0
-1360.0
-1340.0
-1320.0
-1300.0
-1290.0
-1270.0
-1250.0
-1240.0
-1220.0
-1210.0
-1190.0
-1170.0
-1170.0
-1150.0
-1140.0
-1130.0
-1120.0
-1100.0
-1090.0
-1090.0
-1070.0
-1050.0
-1030.0
-1010.0
-990.0
-980.0
-960.0
-940.0
-920.0
-900.0
-880.0
-860.0
-840.0
-820.0
-800.0
-780.0
-760.0
-750.0
-730.0
-710.0
-690.0
-680.0
-660.0
-640.0
-620.0
-600.0
-580.0
-580.0
-560.0
-550.0
-530.0
-520.0
-510.0
-500.0
-480.0
-460.0
-450.0
-460.0
-440.0
-420.0
-420.0
-410.0
-390.0
-370.0
-360.0
-340.0
-320.0
-300.0
-280.0
-260.0
-240.0
-230.0
-220.0
-220.0
-200.0
-190.0
-170.0
-150.0
-130.0
-120.0
-120.0
-100.0
-90.0
-70.0
-60.0
-50.0
-30.0
-10.0
10.0
30.0
50.0
70.0
70.0
80.0
70.0
60.0
80.0
100.0
120.0
140.0
160.0
180.0
180.0
200.0
210.0
230.0
250.0
270.0
290.0
310.0
320.0
340.0
350.0
330.0
350.0
370.0
390.0
380.0
400.0
410.0
430.0
440.0
460.0
480.0
490.0
490.0
510.0
530.0
520.0
530.0
550.0
570.0
570.0
590.0
610.0
590.0
590.0
610.0
630.0
650.0
650.0
670.0
690.0
710.0
690.0
700.0
710.0
720.0
740.0
760.0
780.0
800.0
820.0
840.0
860.0
870.0
890.0
910.0
930.0
940.0
960.0
980.0
1000.0
1010.0
1010.0
1030.0
1050.0
1060.0
1080.0
1100.0
1120.0
1140.0
1160.0
1180.0
1200.0
1200.0
1220.0
1240.0
1260.0
1280.0
1300.0
1320.0
1340.0
1350.0
1360.0
1360.0
1380.0
1400.0
1420.0
1440.0
1460.0
1450.0
1460.0
1480.0
1500.0
1520.0
1540.0
1550.0
1560.0
1580.0
1600.0
1600.0
1620.0
1640.0
1650.0
1670.0
1690.0
1710.0
1730.0
1750.0
1760.0
1760.0
1760.0
1770.0
1790.0
1800.0
1810.0
1810.0
1830.0
1850.0
1850.0
1870.0
1890.0
1910.0
1920.0
1940.0
1960.0
1980.0
1990.0
2000.0
2010.0
2010.0
2030.0
2050.0
2070.0
2080.0
2090.0
2100.0
2110.0
2130.0
2140.0
2140.0
2160.0
2180.0
2180.0
2200.0
2210.0
2220.0
2240.0
2260.0
2270.0
2280.0
2300.0
2320.0
2340.0
2350.0
2370.0
2380.0
2380.0
2380.0
2390.0
2390.0
2410.0
2430.0
2450.0
2470.0
2470.0
2490.0
2510.0
2530.0
2550.0
2570.0
2560.0
2580.0
2600.0
2620.0
2630.0
2650.0
2670.0
2690.0
2710.0
2720.0
2740.0
2760.0
2780.0
2770.0
2790.0
2800.0
2820.0
2830.0
2840.0
2860.0
2880.0
2880.0
2890.0
2900.0
2920.0
2940.0
2950.0
2970.0
2990.0
3000.0
3020.0
3040.0
3060.0
3080.0
3100.0
3100.0
3120.0
3140.0
3160.0
3170.0
3170.0
3190.0
3210.0
3220.0
3240.0
3250.0
3250.0
3260.0
3280.0
3300.0
3320.0
3340.0
3360.0
3380.0
3400.0
3390.0
3410.0
3430.0
3450.0
3450.0
3460.0
3480.0
3500.0
3520.0
3540.0
3560.0
3560.0
3570.0
3590.0
3610.0
3620.0
3630.0
3650.0
3670.0
3690.0
3710.0
3730.0
3750.0
3770.0
3790.0
3810.0
3820.0
3840.0
3850.0
3870.0
3880.0
3890.0
3910.0
3930.0
3950.0
3970.0
3990.0
3990.0
4010.0
4030.0
4050.0
4070.0
4080.0
4070.0
4090.0
4110.0
4130.0
4150.0
4150.0
4160.0
4180.0
4200.0
4220.0
4240.0
4260.0
4280.0
4300.0
4320.0
4330.0
4350.0
4360.0
4370.0
4390.0
4410.0
4430.0
4450.0
4470.0
4490.0
4500.0
4520.0
4530.0
4550.0
4570.0
4560.0
4570.0
4580.0
4600.0
4610.0
4610.0
4630.0
4650.0
4670.0
4690.0
4690.0
4710.0
4700.0
4710.0
4730.0
4750.0
4760.0
4780.0
4800.0
4820.0
4840.0
4860.0
4870.0
4880.0
4900.0
4920.0
4940.0
4940.0
4960.0
4970.0
4980.0
5000.0
5020.0
5040.0
5060.0
5080.0
5090.0
5100.0
5110.0
5130.0
5140.0
5160.0
5180.0
5190.0
5200.0
5220.0
5220.0
5240.0
5260.0
5270.0
5290.0
5300.0
5320.0
5330.0
5350.0
5360.0
5380.0
5390.0
5400.0
5410.0
5420.0
5440.0
5450.0
5470.0
5480.0
5500.0
5520.0
5530.0
5550.0
5570.0
5590.0
5610.0
5630.0
5640.0
5650.0
5670.0
5690.0
5710.0
5720.0
5700.0
5720.0
5740.0
5760.0
5780.0
5790.0
5810.0
5820.0
5840.0
5860.0
5880.0
5890.0
5900.0
5920.0
5930.0
5950.0
5960.0
5950.0
5960.0
5980.0
6000.0
6020.0
6040.0
6050.0
6070.0
6060.0
6070.0
6090.0
6110.0
6130.0
6150.0
6160.0
6170.0
6180.0
6200.0
6220.0
6220.0
6240.0
6260.0
6280.0
6290.0
6310.0
6310.0
6330.0
6340.0
6350.0
6360.0
6380.0
6400.0
6420.0
6440.0
6460.0
6480.0
6460.0
6480.0
6500.0
6520.0
6520.0
6540.0
6560.0
6580.0
6600.0
6620.0
6620.0
6620.0
6640.0
6640.0
6650.0
6670.0
6690.0
6710.0
6720.0
6740.0
6760.0
6780.0
6770.0
6790.0
6790.0
6810.0
6830.0
6850.0
6840.0
6840.0
6830.0
6850.0
6860.0
6880.0
6870.0
6890.0
6910.0
6920.0
6930.0
6950.0
6950.0
6960.0
6980.0
6980.0
7000.0
7010.0
7030.0
7050.0
7040.0
7050.0
7060.0
7080.0
7100.0
7120.0
7140.0
7150.0
7170.0
7170.0
7190.0
7210.0
7230.0
7240.0
7260.0
7270.0
7270.0
7280.0
7290.0
7300.0
7320.0
7320.0
7330.0
7350.0
7340.0
7360.0
7380.0
7400.0
7410.0
7430.0
7450.0
7470.0
7470.0
7490.0
7510.0
7520.0
7540.0
7550.0
7570.0
7590.0
7610.0
7620.0
7630.0
7650.0
7670.0
7690.0
7700.0
7720.0
7740.0
7750.0
7770.0
7780.0
7800.0
7820.0
7840.0
7860.0
7880.0
7900.0
7910.0
7930.0
7950.0
7970.0
7990.0
8010.0
8030.0
8050.0
8070.0
8090.0
8100.0
8110.0
8100.0
8120.0
8140.0
8150.0
8170.0
8190.0
8210.0
8230.0
8250.0
8270.0
8290.0
8300.0
8320.0
8340.0
8360.0
8360.0
8380.0
8400.0
8400.0
8420.0
8420.0
8440.0
8450.0
8450.0
8420.0
8440.0
8450.0
8450.0
8460.0
8480.0
8500.0
8500.0
8510.0
8530.0
8540.0
8560.0
8580.0
8600.0
8610.0
8630.0
8640.0
8660.0
8670.0
8690.0
8710.0
8730.0
8740.0
8740.0
8760.0
8780.0
8790.0
8810.0
8820.0
8830.0
8840.0
8840.0
8840.0
8840.0
8830.0
8850.0
8840.0
8860.0
8880.0
8900.0
8910.0
8930.0
8930.0
8940.0
8960.0
8980.0
8990.0
9010.0
9020.0
9030.0
9020.0
9040.0
9060.0
9080.0
9100.0
9090.0
9110.0
9130.0
9150.0
9170.0
9180.0
9190.0
9190.0
9190.0
9200.0
9220.0
9240.0
9260.0
9270.0
9290.0
9310.0
9330.0
9340.0
9360.0
9380.0
9400.0
9420.0
9390.0
9410.0
9430.0
9430.0
9450.0
9470.0
9470.0
9490.0
9510.0
9510.0
9520.0
9540.0
9550.0
9570.0
9580.0
9600.0
9610.0
9620.0
9640.0
9660.0
9650.0
9670.0
9670.0
9680.0
9690.0
9690.0
9710.0
9730.0
9750.0
9770.0
9790.0
9810.0
9830.0
9850.0
9870.0
9890.0
9900.0
9890.0
9890.0
9910.0
9930.0
9950.0
9960.0
9980.0
10000.0
10010.0
10030.0
10050.0
10060.0
10080.0
10090.0
10110.0
10130.0
10120.0
10140.0
10150.0
10170.0
10190.0
10210.0
10220.0
10240.0
10260.0
10270.0
10280.0
10300.0
10320.0
10340.0
10350.0
10370.0
10380.0
10400.0
10410.0
10430.0
10450.0
10470.0
10490.0
10510.0
10530.0
10540.0
10560.0
10580.0
10600.0
10610.0
10610.0
10630.0
10630.0
10640.0
10660.0
10680.0
10700.0
10710.0
10720.0
10740.0
10750.0
10770.0
10790.0
10800.0
10820.0
10840.0
10860.0
10880.0
10900.0
10920.0
10930.0
10950.0
10960.0
10980.0
11000.0
11020.0
11030.0
11050.0
11070.0
11090.0
11080.0
11100.0
11120.0
11140.0
11150.0
11170.0
11180.0
11180.0
11200.0
11220.0
11240.0
11260.0
11280.0
11280.0
11300.0
11310.0
11300.0
11320.0
11340.0
11350.0
11370.0
11390.0
11410.0
11400.0
11400.0
11420.0
11440.0
11450.0
11470.0
11490.0
11510.0
11530.0
11540.0
11560.0
11580.0
11600.0
11610.0
11630.0
11640.0
11660.0
11680.0
11690.0
11680.0
11700.0
11720.0
11740.0
11760.0
11780.0
11800.0
11820.0
11840.0
11860.0
11880.0
11900.0
11920.0
11940.0
11960.0
11970.0
11990.0
11990.0
12010.0
12030.0
12050.0
12070.0
12080.0
12090.0
12110.0
12130.0
12150.0
12170.0
12190.0
12200.0
12220.0
12210.0
12230.0
12240.0
12250.0
12260.0
12280.0
12300.0
12320.0
12340.0
12360.0
12380.0
12390.0
12410.0
12420.0
12420.0
12440.0
12460.0
12480.0
12500.0
12500.0
12500.0
12520.0
12540.0
12540.0
12560.0
12580.0
12590.0
12600.0
12610.0
12630.0
12630.0
12630.0
12650.0
12660.0
12680.0
12700.0
12720.0
12740.0
12750.0
12770.0
12790.0
12810.0
12820.0
12840.0
12860.0
12880.0
12880.0
12880.0
12900.0
12910.0
12930.0
12940.0
12960.0
12970.0
12980.0
12990.0
13010.0
13030.0
13040.0
13060.0
13080.0
13100.0
13120.0
13140.0
13160.0
13160.0
13170.0
13190.0
13210.0
13230.0
13250.0
13270.0
13290.0
13300.0
13320.0
13340.0
13350.0
13370.0
13390.0
13400.0
13420.0
13440.0
13460.0
13470.0
13490.0
13500.0
13510.0
13530.0
13550.0
13570.0
13580.0
13560.0
13570.0
13590.0
13590.0
13610.0
13620.0
13640.0
13660.0
13670.0
13690.0
13710.0
13730.0
13730.0
13740.0
13740.0
13730.0
13740.0
13760.0
13760.0
13770.0
13790.0
13780.0
13800.0
13820.0
13830.0
13850.0
13870.0
13880.0
13900.0
13920.0
13930.0
13950.0
13960.0
13970.0
13990.0
14000.0
14020.0
14040.0
14040.0
14050.0
14070.0
14090.0
14100.0
14120.0
14130.0
14120.0
14140.0
14160.0
14180.0
14200.0
14220.0
14240.0
14260.0
14270.0
14280.0
14290.0
14310.0
14320.0
14340.0
14360.0
14360.0
14380.0
14400.0
14410.0
14420.0
14410.0
14420.0
14440.0
14460.0
14480.0
14500.0
14520.0
14530.0
14550.0
14560.0
14580.0
14590.0
14600.0
14610.0
14630.0
14650.0
14660.0
14670.0
14670.0
14690.0
14710.0
14710.0
14720.0
14730.0
14740.0
14740.0
14750.0
14750.0
14760.0
14770.0
14790.0
14810.0
14810.0
14830.0
14850.0
14850.0
14840.0
14810.0
14810.0
14820.0
14840.0
14860.0
14870.0
14890.0
14910.0
14930.0
14940.0
14960.0
14980.0
15000.0
15020.0
15020.0
15040.0
15060.0
15080.0
15090.0
15110.0
15130.0
15130.0
15150.0
15150.0
15160.0
15170.0
15190.0
15210.0
15220.0
15240.0
15240.0
15260.0
15270.0
15270.0
15270.0
15250.0
15270.0
15280.0
15300.0
15320.0
15340.0
15350.0
15370.0
15380.0
15400.0
15420.0
15430.0
15440.0
15460.0
15460.0
15470.0
15480.0
15490.0
15510.0
15510.0
15520.0
15530.0
15540.0
15550.0
15560.0
15580.0
15600.0
15600.0
15620.0
15640.0
15650.0
15670.0
15680.0
15690.0
15710.0
15730.0
15750.0
15760.0
15770.0
15790.0
15780.0
15800.0
15800.0
15810.0
15830.0
15840.0
15860.0
15880.0
15900.0
15920.0
15940.0
15950.0
15960.0
15980.0
15970.0
15960.0
15980.0
16000.0
16020.0
16040.0
16050.0
16030.0
16050.0
16070.0
16080.0
16100.0
16100.0
16120.0
16140.0
16160.0
16160.0
16180.0
16190.0
16210.0
16220.0
16240.0
16230.0
16250.0
16270.0
16290.0
16310.0
16310.0
16330.0
16350.0
16360.0
16360.0
16350.0
16370.0
16380.0
16390.0
16400.0
16410.0
16420.0
16440.0
16460.0
16470.0
16470.0
16460.0
16470.0
16480.0
16490.0
16500.0
16520.0
16540.0
16560.0
16570.0
16590.0
16610.0
16620.0
16640.0
16630.0
16640.0
16660.0
16660.0
16680.0
16660.0
16680.0
16690.0
16690.0
16700.0
16720.0
16730.0
16750.0
16770.0
16790.0
16810.0
16820.0
16840.0
16850.0
16860.0
16880.0
16900.0
16910.0
16930.0
16950.0
16970.0
16980.0
17000.0
17020.0
17040.0
17050.0
17070.0
17040.0
17060.0
17080.0
17090.0
17100.0
17120.0
17140.0
17160.0
17180.0
17200.0
17220.0
17240.0
17240.0
17250.0
17260.0
17270.0
17290.0
17310.0
17300.0
17320.0
17340.0
17350.0
17360.0
17380.0
17390.0
17410.0
17410.0
17430.0
17440.0
17460.0
17460.0
17470.0
17490.0
17510.0
17510.0
17520.0
17540.0
17550.0
17570.0
17570.0
17590.0
17600.0
17620.0
17630.0
17640.0
17650.0
17660.0
17650.0
17670.0
17690.0
17710.0
17730.0
17730.0
17740.0
17760.0
17780.0
17780.0
17790.0
17810.0
17820.0
17840.0
17860.0
17870.0
17890.0
17910.0
17900.0
17910.0
17930.0
17930.0
17950.0
17970.0
17990.0
18000.0
18010.0
18030.0
18050.0
18060.0
18080.0
18100.0
18120.0
18140.0
18160.0
18170.0
18190.0
18200.0
18220.0
18230.0
18230.0
18250.0
18270.0
18270.0
18280.0
18290.0
18290.0
18310.0
18330.0
18350.0
18370.0
18390.0
18390.0
18410.0
18430.0
18440.0
18450.0
18470.0
18450.0
18460.0
18480.0
18500.0
18520.0
18510.0
18530.0
18540.0
