a = 0.2
g = 0.2
e = 0.1
random initial weights = false

-1270.0
-1560.0
-1680.0
-1810.0
-1920.0
-1920.0
-1920.0
-1920.0
-1990.0
-2000.0
-1980.0
-2000.0
-1980.0
-1980.0
-1970.0
-1980.0
-1980.0
-1970.0
-1950.0
-1940.0
-1920.0
-1900.0
-1880.0
-1860.0
-1840.0
-1820.0
-1820.0
-1800.0
-1780.0
-1770.0
-1750.0
-1730.0
-1720.0
-1700.0
-1680.0
-1660.0
-1640.0
-1620.0
-1600.0
-1580.0
-1570.0
-1550.0
-1530.0
-1510.0
-1490.0
-1470.0
-1450.0
-1430.0
-1410.0
-1390.0
-1370.0
-1350.0
-1330.0
-1310.0
-1290.0
-1270.0
-1250.0
-1230.0
-1210.0
-1190.0
-1170.0
-1150.0
-1130.0
-1110.0
-1090.0
-1070.0
-1050.0
-1030.0
-1010.0
-990.0
-970.0
-950.0
-930.0
-910.0
-890.0
-870.0
-850.0
-830.0
-820.0
-800.0
-780.0
-780.0
-760.0
-740.0
-720.0
-700.0
-680.0
-660.0
-640.0
-620.0
-600.0
-580.0
-560.0
-540.0
-520.0
-500.0
-490.0
-470.0
-450.0
-440.0
-420.0
-400.0
-380.0
-360.0
-340.0
-330.0
-320.0
-300.0
-280.0
-260.0
-240.0
-220.0
-200.0
-180.0
-160.0
-140.0
-130.0
-110.0
-90.0
-80.0
-60.0
-40.0
-20.0
0.0
20.0
40.0
60.0
70.0
90.0
110.0
120.0
140.0
160.0
180.0
190.0
210.0
220.0
240.0
260.0
280.0
300.0
320.0
340.0
360.0
380.0
400.0
420.0
440.0
460.0
480.0
500.0
510.0
530.0
550.0
570.0
590.0
610.0
630.0
650.0
660.0
670.0
690.0
710.0
720.0
740.0
760.0
770.0
790.0
800.0
820.0
840.0
860.0
880.0
900.0
920.0
940.0
960.0
980.0
1000.0
1010.0
1030.0
1050.0
1070.0
1080.0
1100.0
1120.0
1140.0
1160.0
1170.0
1190.0
1200.0
1220.0
1240.0
1250.0
1270.0
1290.0
1310.0
1330.0
1350.0
1370.0
1390.0
1410.0
1420.0
1430.0
1450.0
1470.0
1490.0
1510.0
1530.0
1550.0
1560.0
1580.0
1590.0
1610.0
1630.0
1650.0
1670.0
1690.0
1710.0
1730.0
1740.0
1760.0
1770.0
1790.0
1810.0
1830.0
1850.0
1870.0
1890.0
1910.0
1930.0
1940.0
1960.0
1980.0
2000.0
2010.0
2030.0
2050.0
2070.0
2090.0
2100.0
2120.0
2140.0
2160.0
2170.0
2190.0
2210.0
2230.0
2250.0
2270.0
2290.0
2310.0
2330.0
2340.0
2360.0
2380.0
2390.0
2410.0
2420.0
2440.0
2440.0
2460.0
2470.0
2490.0
2510.0
2520.0
2530.0
2550.0
2570.0
2590.0
2600.0
2620.0
2640.0
2660.0
2670.0
2690.0
2710.0
2720.0
2740.0
2760.0
2780.0
2790.0
2810.0
2830.0
2850.0
2870.0
2890.0
2910.0
2930.0
2950.0
2970.0
2990.0
3000.0
3020.0
3040.0
3060.0
3080.0
3090.0
3100.0
3120.0
3140.0
3160.0
3180.0
3200.0
3220.0
3240.0
3260.0
3270.0
3280.0
3300.0
3320.0
3340.0
3360.0
3380.0
3400.0
3420.0
3430.0
3450.0
3470.0
3490.0
3510.0
3530.0
3540.0
3550.0
3570.0
3590.0
3610.0
3630.0
3650.0
3670.0
3680.0
3700.0
3720.0
3730.0
3730.0
3750.0
3770.0
3790.0
3810.0
3830.0
3850.0
3860.0
3870.0
3890.0
3910.0
3930.0
3940.0
3960.0
3980.0
4000.0
4020.0
4040.0
4060.0
4080.0
4100.0
4110.0
4130.0
4150.0
4170.0
4190.0
4210.0
4230.0
4250.0
4270.0
4290.0
4310.0
4330.0
4340.0
4350.0
4370.0
4390.0
4400.0
4410.0
4430.0
4450.0
4470.0
4490.0
4510.0
4530.0
4550.0
4570.0
4590.0
4610.0
4630.0
4650.0
4660.0
4680.0
4700.0
4710.0
4730.0
4750.0
4770.0
4790.0
4800.0
4820.0
4840.0
4860.0
4880.0
4900.0
4920.0
4940.0
4950.0
4970.0
4990.0
5010.0
5030.0
5050.0
5070.0
5090.0
5110.0
5120.0
5130.0
5150.0
5170.0
5190.0
5210.0
5230.0
5250.0
5270.0
5290.0
5310.0
5320.0
5330.0
5350.0
5370.0
5390.0
5410.0
5430.0
5450.0
5470.0
5480.0
5500.0
5510.0
5530.0
5550.0
5570.0
5590.0
5610.0
5630.0
5650.0
5660.0
5680.0
5700.0
5720.0
5740.0
5760.0
5780.0
5800.0
5820.0
5840.0
5850.0
5860.0
5880.0
5900.0
5920.0
5940.0
5960.0
5980.0
6000.0
6020.0
6040.0
6060.0
6080.0
6100.0
6120.0
6140.0
6160.0
6180.0
6200.0
6220.0
6220.0
6240.0
6260.0
6280.0
6300.0
6320.0
6340.0
6350.0
6370.0
6390.0
6390.0
6400.0
6420.0
6420.0
6440.0
6460.0
6480.0
6490.0
6510.0
6530.0
6550.0
6570.0
6580.0
6600.0
6620.0
6640.0
6660.0
6680.0
6700.0
6720.0
6740.0
6760.0
6780.0
6800.0
6810.0
6830.0
6850.0
6870.0
6890.0
6910.0
6930.0
6950.0
6970.0
6980.0
6990.0
7010.0
7030.0
7050.0
7070.0
7090.0
7110.0
7130.0
7150.0
7170.0
7190.0
7210.0
7220.0
7240.0
7260.0
7280.0
7300.0
7320.0
7340.0
7360.0
7380.0
7400.0
7420.0
7440.0
7460.0
7480.0
7500.0
7520.0
7540.0
7560.0
7580.0
7600.0
7620.0
7640.0
7660.0
7680.0
7700.0
7720.0
7740.0
7760.0
7780.0
7800.0
7820.0
7840.0
7860.0
7880.0
7900.0
7920.0
7930.0
7950.0
7970.0
7990.0
8010.0
8030.0
8050.0
8070.0
8090.0
8090.0
8110.0
8130.0
8140.0
8160.0
8180.0
8200.0
8220.0
8240.0
8250.0
8270.0
8290.0
8310.0
8330.0
8340.0
8360.0
8380.0
8400.0
8420.0
8440.0
8460.0
8480.0
8490.0
8510.0
8530.0
8550.0
8570.0
8590.0
8610.0
8630.0
8650.0
8670.0
8680.0
8700.0
8720.0
8740.0
8760.0
8780.0
8800.0
8820.0
8840.0
8860.0
8870.0
8890.0
8900.0
8920.0
8940.0
8960.0
8970.0
8990.0
9010.0
9030.0
9050.0
9070.0
9090.0
9090.0
9110.0
9120.0
9140.0
9160.0
9180.0
9200.0
9210.0
9230.0
9250.0
9270.0
9270.0
9290.0
9310.0
9330.0
9350.0
9370.0
9390.0
9410.0
9430.0
9450.0
9470.0
9490.0
9510.0
9530.0
9550.0
9570.0
9580.0
9600.0
9610.0
9630.0
9650.0
9660.0
9680.0
9700.0
9720.0
9740.0
9750.0
9770.0
9780.0
9800.0
9820.0
9840.0
9860.0
9880.0
9900.0
9920.0
9940.0
9960.0
9980.0
10000.0
10010.0
10020.0
10040.0
10060.0
10080.0
10100.0
10120.0
10140.0
10150.0
10170.0
10180.0
10200.0
10220.0
10240.0
10260.0
10280.0
10300.0
10320.0
10340.0
10360.0
10380.0
10400.0
10420.0
10440.0
10440.0
10460.0
10470.0
10490.0
10510.0
10530.0
10550.0
10570.0
10590.0
10610.0
10630.0
10650.0
10670.0
10690.0
10690.0
10710.0
10730.0
10740.0
10760.0
10780.0
10800.0
10820.0
10840.0
10860.0
10870.0
10890.0
10910.0
10930.0
10950.0
10970.0
10990.0
11010.0
11030.0
11040.0
11060.0
11080.0
11100.0
11120.0
11140.0
11150.0
11170.0
11190.0
11210.0
11230.0
11250.0
11250.0
11270.0
11290.0
11310.0
11330.0
11350.0
11370.0
11390.0
11400.0
11420.0
11440.0
11460.0
11480.0
11500.0
11520.0
11540.0
11550.0
11560.0
11580.0
11600.0
11620.0
11630.0
11650.0
11670.0
11690.0
11700.0
11720.0
11740.0
11760.0
11770.0
11790.0
11810.0
11830.0
11850.0
11870.0
11880.0
11900.0
11920.0
11940.0
11960.0
11980.0
12000.0
12020.0
12040.0
12050.0
12070.0
12080.0
12100.0
12120.0
12140.0
12150.0
12170.0
12190.0
12210.0
12230.0
12240.0
12260.0
12270.0
12290.0
12310.0
12330.0
12350.0
12370.0
12370.0
12390.0
12410.0
12430.0
12450.0
12470.0
12490.0
12510.0
12530.0
12550.0
12570.0
12590.0
12610.0
12630.0
12650.0
12670.0
12690.0
12710.0
12730.0
12750.0
12770.0
12790.0
12810.0
12830.0
12850.0
12870.0
12890.0
12910.0
12920.0
12940.0
12960.0
12980.0
13000.0
13020.0
13040.0
13060.0
13080.0
13100.0
13120.0
13140.0
13160.0
13180.0
13190.0
13210.0
13230.0
13250.0
13270.0
13290.0
13300.0
13310.0
13320.0
13340.0
13360.0
13380.0
13400.0
13420.0
13440.0
13460.0
13480.0
13500.0
13520.0
13540.0
13560.0
13580.0
13600.0
13620.0
13640.0
13640.0
13660.0
13680.0
13690.0
13710.0
13730.0
13750.0
13770.0
13790.0
13810.0
13830.0
13850.0
13870.0
13890.0
13910.0
13930.0
13950.0
13960.0
13980.0
14000.0
14020.0
14040.0
14060.0
14080.0
14100.0
14120.0
14130.0
14150.0
14170.0
14190.0
14210.0
14220.0
14240.0
14260.0
14280.0
14290.0
14310.0
14330.0
14350.0
14360.0
14380.0
14400.0
14420.0
14440.0
14460.0
14480.0
14500.0
14520.0
14540.0
14550.0
14570.0
14590.0
14600.0
14620.0
14640.0
14650.0
14670.0
14690.0
14710.0
14730.0
14750.0
14760.0
14780.0
14800.0
14820.0
14840.0
14860.0
14880.0
14900.0
14920.0
14940.0
14960.0
14980.0
15000.0
15020.0
15040.0
15050.0
15070.0
15090.0
15110.0
15130.0
15150.0
15170.0
15190.0
15210.0
15230.0
15250.0
15270.0
15290.0
15310.0
15320.0
15330.0
15350.0
15370.0
15390.0
15380.0
15400.0
15420.0
15440.0
15460.0
15480.0
15490.0
15510.0
15530.0
15550.0
15570.0
15590.0
15610.0
15630.0
15650.0
15670.0
15690.0
15710.0
15730.0
15740.0
15750.0
15770.0
15790.0
15800.0
15820.0
15840.0
15860.0
15880.0
15900.0
15920.0
15940.0
15960.0
15980.0
16000.0
16020.0
16030.0
16050.0
16070.0
16090.0
16110.0
16130.0
16150.0
16170.0
16190.0
16210.0
16230.0
16250.0
16270.0
16290.0
16310.0
16330.0
16340.0
16350.0
16360.0
16380.0
16400.0
16420.0
16440.0
16460.0
16480.0
16490.0
16510.0
16530.0
16550.0
16570.0
16590.0
16610.0
16630.0
16640.0
16660.0
16680.0
16700.0
16720.0
16730.0
16750.0
16760.0
16780.0
16800.0
16820.0
16840.0
16860.0
16880.0
16890.0
16910.0
16930.0
16950.0
16970.0
16990.0
17010.0
17030.0
17050.0
17070.0
17080.0
17100.0
17120.0
17140.0
17160.0
17180.0
17200.0
17220.0
17240.0
17260.0
17260.0
17280.0
17300.0
17310.0
17320.0
17330.0
17350.0
17370.0
17390.0
17410.0
17430.0
17450.0
17470.0
17490.0
17510.0
17520.0
17540.0
17560.0
17570.0
17590.0
17610.0
17630.0
17650.0
17670.0
17690.0
17710.0
17730.0
17750.0
17770.0
17790.0
17810.0
17830.0
17850.0
17870.0
17890.0
17910.0
17920.0
17940.0
17960.0
17970.0
17990.0
18010.0
18020.0
18040.0
18050.0
18070.0
18090.0
18110.0
18130.0
18150.0
18170.0
18190.0
18210.0
18230.0
18250.0
18270.0
18290.0
18300.0
18320.0
18340.0
18350.0
18370.0
18390.0
18410.0
18430.0
18450.0
18470.0
18490.0
18510.0
18520.0
18530.0
18540.0
18560.0
18580.0
18600.0
18620.0
18640.0
18660.0
18680.0
18700.0
18720.0
18740.0
18760.0
18780.0
18800.0
18820.0
18840.0
18860.0
18880.0
18900.0
18920.0
18940.0
18960.0
18970.0
18990.0
19010.0
19030.0
19050.0
19070.0
19090.0
19110.0
19120.0
19140.0
19160.0
19180.0
19190.0
19210.0
19230.0
19240.0
19260.0
19280.0
19300.0
19320.0
19340.0
19360.0
19380.0
19400.0
19420.0
19440.0
19460.0
19480.0
19500.0
19510.0
19510.0
19520.0
19540.0
19560.0
19580.0
19600.0
19620.0
19640.0
19660.0
19680.0
19690.0
19710.0
19730.0
19750.0
19770.0
19770.0
19780.0
19790.0
19810.0
19830.0
19850.0
19870.0
19890.0
19900.0
19920.0
19940.0
19960.0
19980.0
20000.0
20020.0
20040.0
20060.0
20070.0
20080.0
20100.0
20120.0
20140.0
20160.0
20180.0
20190.0
20210.0
20230.0
20250.0
20270.0
20290.0
20310.0
20330.0
20340.0
20360.0
20380.0
20400.0
20420.0
20440.0
20450.0
20460.0
20480.0
20490.0
20510.0
20530.0
20550.0
20570.0
20580.0
20600.0
20620.0
20640.0
20660.0
20680.0
20700.0
20720.0
20740.0
20750.0
20770.0
20790.0
20810.0
20830.0
20850.0
20870.0
20890.0
20910.0
20930.0
20950.0
20970.0
20990.0
21010.0
21030.0
21050.0
21070.0
21090.0
21100.0
21120.0
21140.0
21160.0
21180.0
21200.0
21220.0
21240.0
21260.0
21270.0
21290.0
21310.0
21330.0
21350.0
21370.0
21390.0
21410.0
21430.0
21450.0
21470.0
21490.0
21510.0
21530.0
21540.0
21560.0
21580.0
21600.0
21620.0
21630.0
21650.0
21660.0
21680.0
21690.0
21710.0
21730.0
21750.0
21770.0
21790.0
21800.0
21820.0
21840.0
21860.0
21880.0
21900.0
21920.0
21940.0
21960.0
21980.0
22000.0
22020.0
22040.0
22060.0
22080.0
22100.0
22120.0
22140.0
22150.0
22170.0
22190.0
22210.0
22230.0
22250.0
22270.0
22290.0
22310.0
22330.0
22350.0
22370.0
22390.0
22410.0
22430.0
22450.0
22470.0
22490.0
22510.0
22530.0
22550.0
22570.0
22590.0
22610.0
22630.0
22650.0
22670.0
22680.0
22700.0
22720.0
22730.0
22750.0
22770.0
22790.0
22810.0
22830.0
22850.0
22850.0
22850.0
22870.0
22890.0
22900.0
22910.0
22930.0
22950.0
22970.0
22990.0
23010.0
23020.0
23030.0
23030.0
23050.0
23060.0
23080.0
23100.0
23120.0
23130.0
23150.0
23170.0
23190.0
23210.0
23230.0
23250.0
23270.0
23290.0
23310.0
23330.0
23350.0
23370.0
23370.0
23390.0
23410.0
23430.0
23440.0
23460.0
23480.0
23500.0
23510.0
23530.0
23540.0
23560.0
23580.0
23600.0
23620.0
23640.0
23650.0
23670.0
23690.0
23710.0
23730.0
23750.0
23770.0
23790.0
23800.0
23800.0
23820.0
23840.0
23860.0
23870.0
23890.0
23910.0
23930.0
23940.0
23960.0
23980.0
24000.0
24020.0
24040.0
24060.0
24080.0
24100.0
24110.0
24130.0
24150.0
24170.0
24190.0
24200.0
24220.0
24220.0
24240.0
24260.0
24270.0
24290.0
24310.0
24330.0
24350.0
24370.0
24390.0
24410.0
24420.0
24420.0
24440.0
24460.0
24480.0
24490.0
24510.0
24530.0
24540.0
24560.0
24580.0
24590.0
24600.0
24610.0
24630.0
24650.0
24670.0
24690.0
24700.0
24720.0
24740.0
24760.0
24770.0
24790.0
24810.0
24830.0
24850.0
24870.0
24890.0
24910.0
24930.0
