a = 0.5
g = 0.5
e = 0.1
random initial weights = false

-720.0
-800.0
-1290.0
-1370.0
-1410.0
-1430.0
-1610.0
-1590.0
-1630.0
-1620.0
-1610.0
-1620.0
-1650.0
-1680.0
-1670.0
-1670.0
-1650.0
-1630.0
-1650.0
-1660.0
-1640.0
-1620.0
-1600.0
-1620.0
-1600.0
-1580.0
-1560.0
-1540.0
-1530.0
-1510.0
-1490.0
-1470.0
-1450.0
-1430.0
-1420.0
-1400.0
-1380.0
-1360.0
-1340.0
-1330.0
-1310.0
-1290.0
-1270.0
-1250.0
-1230.0
-1210.0
-1190.0
-1170.0
-1150.0
-1130.0
-1110.0
-1090.0
-1070.0
-1050.0
-1030.0
-1010.0
-990.0
-970.0
-960.0
-940.0
-920.0
-900.0
-880.0
-860.0
-850.0
-830.0
-810.0
-790.0
-770.0
-750.0
-730.0
-710.0
-690.0
-680.0
-660.0
-640.0
-620.0
-600.0
-580.0
-560.0
-540.0
-520.0
-500.0
-480.0
-460.0
-440.0
-430.0
-420.0
-400.0
-380.0
-360.0
-340.0
-320.0
-300.0
-280.0
-260.0
-240.0
-220.0
-210.0
-200.0
-180.0
-160.0
-140.0
-120.0
-100.0
-80.0
-60.0
-40.0
-20.0
0.0
20.0
40.0
60.0
80.0
100.0
120.0
140.0
160.0
180.0
200.0
220.0
240.0
260.0
280.0
290.0
290.0
310.0
330.0
340.0
360.0
380.0
400.0
420.0
440.0
460.0
470.0
490.0
510.0
530.0
550.0
560.0
580.0
600.0
620.0
640.0
660.0
670.0
690.0
710.0
730.0
740.0
760.0
780.0
800.0
820.0
840.0
860.0
880.0
900.0
910.0
930.0
950.0
970.0
990.0
1010.0
1030.0
1050.0
1070.0
1090.0
1110.0
1130.0
1150.0
1170.0
1190.0
1210.0
1230.0
1240.0
1260.0
1270.0
1290.0
1310.0
1330.0
1340.0
1360.0
1370.0
1390.0
1410.0
1430.0
1450.0
1470.0
1480.0
1500.0
1520.0
1540.0
1560.0
1580.0
1600.0
1620.0
1640.0
1660.0
1670.0
1690.0
1710.0
1730.0
1750.0
1770.0
1790.0
1810.0
1830.0
1850.0
1870.0
1890.0
1910.0
1930.0
1950.0
1970.0
1980.0
2000.0
2020.0
2040.0
2060.0
2080.0
2100.0
2120.0
2140.0
2160.0
2180.0
2200.0
2220.0
2240.0
2260.0
2280.0
2300.0
2320.0
2340.0
2360.0
2380.0
2400.0
2420.0
2440.0
2450.0
2470.0
2490.0
2510.0
2520.0
2540.0
2550.0
2560.0
2580.0
2600.0
2620.0
2640.0
2660.0
2660.0
2680.0
2700.0
2720.0
2740.0
2760.0
2780.0
2800.0
2820.0
2840.0
2860.0
2880.0
2900.0
2910.0
2930.0
2950.0
2970.0
2990.0
3010.0
3030.0
3050.0
3060.0
3080.0
3100.0
3120.0
3140.0
3160.0
3180.0
3200.0
3220.0
3240.0
3260.0
3280.0
3290.0
3310.0
3330.0
3350.0
3360.0
3380.0
3400.0
3420.0
3440.0
3460.0
3470.0
3490.0
3510.0
3530.0
3550.0
3570.0
3580.0
3600.0
3620.0
3630.0
3650.0
3670.0
3690.0
3710.0
3730.0
3750.0
3770.0
3790.0
3810.0
3830.0
3850.0
3870.0
3880.0
3890.0
3910.0
3930.0
3950.0
3970.0
3990.0
4010.0
4030.0
4050.0
4070.0
4090.0
4110.0
4130.0
4150.0
4170.0
4190.0
4210.0
4230.0
4250.0
4270.0
4290.0
4300.0
4320.0
4340.0
4350.0
4370.0
4390.0
4410.0
4430.0
4450.0
4460.0
4480.0
4500.0
4520.0
4540.0
4560.0
4580.0
4600.0
4620.0
4640.0
4660.0
4680.0
4700.0
4720.0
4740.0
4760.0
4780.0
4800.0
4820.0
4840.0
4860.0
4880.0
4900.0
4910.0
4930.0
4950.0
4970.0
4990.0
5000.0
5020.0
5030.0
5050.0
5060.0
5080.0
5100.0
5120.0
5140.0
5160.0
5180.0
5200.0
5220.0
5240.0
5240.0
5260.0
5280.0
5300.0
5320.0
5340.0
5350.0
5370.0
5390.0
5410.0
5430.0
5450.0
5470.0
5490.0
5510.0
5530.0
5550.0
5570.0
5590.0
5610.0
5630.0
5650.0
5670.0
5690.0
5710.0
5730.0
5750.0
5770.0
5790.0
5810.0
5830.0
5850.0
5870.0
5880.0
5900.0
5920.0
5940.0
5960.0
5970.0
5990.0
6010.0
6030.0
6050.0
6070.0
6090.0
6100.0
6120.0
6140.0
6160.0
6180.0
6200.0
6220.0
6240.0
6260.0
6280.0
6300.0
6320.0
6340.0
6350.0
6370.0
6390.0
6400.0
6420.0
6440.0
6460.0
6480.0
6500.0
6520.0
6540.0
6560.0
6580.0
6600.0
6620.0
6640.0
6660.0
6680.0
6700.0
6710.0
6730.0
6750.0
6760.0
6780.0
6800.0
6820.0
6830.0
6840.0
6850.0
6870.0
6890.0
6890.0
6910.0
6930.0
6950.0
6970.0
6990.0
7010.0
7030.0
7050.0
7070.0
7090.0
7110.0
7130.0
7150.0
7170.0
7190.0
7210.0
7230.0
7250.0
7270.0
7290.0
7300.0
7310.0
7320.0
7340.0
7360.0
7380.0
7400.0
7420.0
7440.0
7460.0
7480.0
7500.0
7500.0
7510.0
7530.0
7550.0
7570.0
7580.0
7600.0
7610.0
7630.0
7650.0
7670.0
7690.0
7710.0
7730.0
7750.0
7770.0
7790.0
7810.0
7830.0
7850.0
7870.0
7890.0
7910.0
7930.0
7950.0
7970.0
7990.0
8010.0
8030.0
8050.0
8060.0
8080.0
8100.0
8120.0
8140.0
8150.0
8170.0
8190.0
8200.0
8220.0
8240.0
8260.0
8280.0
8300.0
8320.0
8340.0
8360.0
8380.0
8400.0
8420.0
8440.0
8460.0
8480.0
8500.0
8520.0
8540.0
8560.0
8580.0
8600.0
8620.0
8640.0
8660.0
8680.0
8700.0
8720.0
8740.0
8760.0
8780.0
8800.0
8820.0
8830.0
8850.0
8870.0
8890.0
8910.0
8930.0
8940.0
8960.0
8980.0
9000.0
9020.0
9040.0
9060.0
9080.0
9100.0
9120.0
9140.0
9160.0
9180.0
9200.0
9220.0
9240.0
9260.0
9280.0
9300.0
9320.0
9340.0
9360.0
9380.0
9400.0
9420.0
9430.0
9450.0
9470.0
9490.0
9510.0
9530.0
9550.0
9570.0
9590.0
9580.0
9580.0
9590.0
9610.0
9630.0
9650.0
9670.0
9690.0
9710.0
9730.0
9750.0
9740.0
9760.0
9780.0
9800.0
9820.0
9840.0
9860.0
9880.0
9900.0
9910.0
9930.0
9940.0
9960.0
9980.0
10000.0
10020.0
10040.0
10050.0
10070.0
10090.0
10110.0
10130.0
10150.0
10170.0
10180.0
10200.0
10220.0
10240.0
10260.0
10280.0
10300.0
10310.0
10330.0
10350.0
10360.0
10380.0
10400.0
10420.0
10440.0
10460.0
10480.0
10500.0
10520.0
10540.0
10560.0
10580.0
10600.0
10620.0
10640.0
10650.0
10660.0
10660.0
10680.0
10700.0
10720.0
10740.0
10760.0
10770.0
10780.0
10800.0
10820.0
10840.0
10860.0
10870.0
10890.0
10910.0
10930.0
10950.0
10970.0
10990.0
11010.0
11020.0
11040.0
11060.0
11080.0
11080.0
11100.0
11120.0
11140.0
11150.0
11170.0
11180.0
11200.0
11220.0
11240.0
11250.0
11270.0
11280.0
11300.0
11320.0
11340.0
11360.0
11380.0
11400.0
11420.0
11440.0
11460.0
11480.0
11500.0
11520.0
11540.0
11560.0
11580.0
11600.0
11620.0
11640.0
11650.0
11670.0
11690.0
11700.0
11720.0
11740.0
11760.0
11780.0
11800.0
11820.0
11840.0
11860.0
11880.0
11900.0
11920.0
11940.0
11960.0
11980.0
12000.0
12020.0
12040.0
12060.0
12080.0
12100.0
12110.0
12130.0
12150.0
12170.0
12190.0
12210.0
12230.0
12250.0
12270.0
12280.0
12300.0
12320.0
12340.0
12360.0
12380.0
12400.0
12420.0
12440.0
12460.0
12480.0
12500.0
12520.0
12540.0
12560.0
12570.0
12580.0
12600.0
12620.0
12640.0
12660.0
12680.0
12700.0
12720.0
12720.0
12740.0
12750.0
12770.0
12790.0
12810.0
12830.0
12850.0
12870.0
12890.0
12910.0
12920.0
12940.0
12960.0
12980.0
13000.0
13020.0
13040.0
13060.0
13060.0
13080.0
13100.0
13120.0
13140.0
13160.0
13170.0
13190.0
13200.0
13220.0
13230.0
13250.0
13270.0
13290.0
13310.0
13330.0
13350.0
13370.0
13380.0
13400.0
13420.0
13440.0
13450.0
13460.0
13480.0
13500.0
13520.0
13540.0
13560.0
13580.0
13600.0
13620.0
13640.0
13660.0
13680.0
13700.0
13720.0
13740.0
13760.0
13780.0
13800.0
13820.0
13840.0
13860.0
13880.0
13900.0
13910.0
13930.0
13950.0
13970.0
13990.0
14000.0
14020.0
14040.0
14060.0
14080.0
14100.0
14120.0
14140.0
14160.0
14180.0
14190.0
14210.0
14230.0
14250.0
14270.0
14290.0
14310.0
14330.0
14350.0
14370.0
14390.0
14400.0
14420.0
14440.0
14460.0
14480.0
14490.0
14510.0
14530.0
14550.0
14570.0
14590.0
14610.0
14630.0
14640.0
14660.0
14680.0
14700.0
14710.0
14730.0
14750.0
14770.0
14790.0
14810.0
14830.0
14850.0
14870.0
14890.0
14910.0
14930.0
14950.0
14970.0
14980.0
15000.0
15020.0
15040.0
15060.0
15080.0
15100.0
15120.0
15140.0
15160.0
15180.0
15200.0
15220.0
15230.0
15250.0
15270.0
15290.0
15310.0
15330.0
15350.0
15370.0
15390.0
15400.0
15420.0
15430.0
15450.0
15470.0
15490.0
15510.0
15530.0
15550.0
15570.0
15580.0
15600.0
15620.0
15640.0
15660.0
15680.0
15700.0
15710.0
15730.0
15740.0
15760.0
15780.0
15800.0
15820.0
15840.0
15840.0
15860.0
15880.0
15900.0
15920.0
15940.0
15960.0
15980.0
16000.0
16010.0
16020.0
16040.0
16060.0
16080.0
16100.0
16120.0
16140.0
16160.0
16180.0
16200.0
16220.0
16240.0
16260.0
16280.0
16300.0
16320.0
16340.0
16360.0
16380.0
16400.0
16420.0
16440.0
16460.0
16480.0
16500.0
16520.0
16540.0
16560.0
16580.0
16590.0
16610.0
16630.0
16650.0
16670.0
16680.0
16700.0
16710.0
16730.0
16750.0
16770.0
16780.0
16800.0
16810.0
16830.0
16840.0
16860.0
16870.0
16890.0
16910.0
16930.0
16950.0
16970.0
16990.0
17010.0
17030.0
17050.0
17060.0
17080.0
17100.0
17120.0
17140.0
17160.0
17180.0
17200.0
17220.0
17240.0
17260.0
17280.0
17300.0
17320.0
17340.0
17360.0
17380.0
17400.0
17420.0
17440.0
17460.0
17480.0
17500.0
17520.0
17530.0
17550.0
17570.0
17590.0
17610.0
17630.0
17650.0
17670.0
17690.0
17710.0
17720.0
17730.0
17750.0
17770.0
17790.0
17810.0
17830.0
17850.0
17870.0
17890.0
17910.0
17930.0
17950.0
17970.0
17990.0
18000.0
18020.0
18030.0
18050.0
18070.0
18090.0
18110.0
18130.0
18140.0
18150.0
18170.0
18190.0
18210.0
18220.0
18240.0
18260.0
18280.0
18300.0
18320.0
18340.0
18360.0
18380.0
18400.0
18420.0
18440.0
18460.0
18480.0
18500.0
18520.0
18530.0
18550.0
18560.0
18580.0
18600.0
18620.0
18640.0
18660.0
18680.0
18700.0
18720.0
18740.0
18750.0
18770.0
18790.0
18810.0
18830.0
18850.0
18860.0
18880.0
18900.0
18920.0
18930.0
18950.0
18970.0
18980.0
19000.0
19020.0
19040.0
19060.0
19080.0
19100.0
19120.0
19140.0
19160.0
19180.0
19200.0
19220.0
19240.0
19260.0
19280.0
19300.0
19320.0
19340.0
19360.0
19380.0
19400.0
19420.0
19440.0
19460.0
19480.0
19500.0
19520.0
19540.0
19560.0
19580.0
19600.0
19620.0
19640.0
19660.0
19680.0
19700.0
19720.0
19740.0
19760.0
19770.0
19790.0
19800.0
19820.0
19840.0
19840.0
19860.0
19880.0
19900.0
19920.0
19930.0
19950.0
19970.0
19990.0
20010.0
20030.0
20050.0
20070.0
20090.0
20110.0
20130.0
20140.0
20160.0
20180.0
20200.0
20210.0
20230.0
20250.0
20270.0
20290.0
20310.0
20330.0
20350.0
20360.0
20380.0
20400.0
20420.0
20440.0
20460.0
20460.0
20480.0
20500.0
20520.0
20540.0
20560.0
20580.0
20590.0
20610.0
20630.0
20650.0
20670.0
20680.0
20700.0
20720.0
20740.0
20760.0
20780.0
20800.0
20820.0
20840.0
20860.0
20880.0
20880.0
20900.0
20920.0
20940.0
20960.0
20980.0
21000.0
21020.0
21040.0
21060.0
21080.0
21100.0
21120.0
21140.0
21160.0
21180.0
21190.0
21210.0
21230.0
21250.0
21270.0
21280.0
21300.0
21320.0
21330.0
21330.0
21350.0
21370.0
21390.0
21410.0
21430.0
21450.0
21470.0
21490.0
21510.0
21530.0
21550.0
21570.0
21590.0
21610.0
21630.0
21650.0
21670.0
21690.0
21710.0
21720.0
21740.0
21760.0
21780.0
21800.0
21820.0
21840.0
21860.0
21880.0
21900.0
21920.0
21940.0
21960.0
21980.0
22000.0
22020.0
22040.0
22060.0
22080.0
22100.0
22120.0
22140.0
22160.0
22180.0
22200.0
22220.0
22240.0
22250.0
22260.0
22270.0
22290.0
22310.0
22330.0
22350.0
22360.0
22380.0
22400.0
22420.0
22440.0
22450.0
22470.0
22490.0
22510.0
22530.0
22540.0
22560.0
22580.0
22600.0
22620.0
22640.0
22660.0
22680.0
22700.0
22720.0
22740.0
22760.0
22780.0
22800.0
22820.0
22840.0
22860.0
22880.0
22900.0
22910.0
22930.0
22940.0
22960.0
22980.0
23000.0
23020.0
23040.0
23060.0
23080.0
23100.0
23120.0
23140.0
23160.0
23170.0
23190.0
23210.0
23230.0
23250.0
23270.0
23290.0
23310.0
23330.0
23340.0
23360.0
23380.0
23400.0
23420.0
23440.0
23460.0
23480.0
23500.0
23510.0
23530.0
23550.0
23570.0
23590.0
23610.0
23630.0
23650.0
23670.0
23690.0
23690.0
23710.0
23730.0
23750.0
23770.0
23790.0
23810.0
23830.0
23820.0
23840.0
23860.0
23880.0
23900.0
23920.0
23930.0
23950.0
23960.0
23980.0
24000.0
24010.0
24030.0
24050.0
24070.0
24090.0
24110.0
24130.0
24150.0
24160.0
24180.0
24200.0
24220.0
24240.0
24250.0
24270.0
24290.0
24310.0
24330.0
24350.0
24370.0
24380.0
24390.0
24410.0
24430.0
24450.0
24470.0
24490.0
24510.0
24530.0
24550.0
24570.0
24590.0
24610.0
24630.0
24650.0
24670.0
24690.0
24710.0
24730.0
24750.0
24770.0
24790.0
24810.0
24830.0
24850.0
24870.0
24890.0
24910.0
24930.0
24950.0
24970.0
24990.0
25010.0
25030.0
25040.0
25050.0
25070.0
25090.0
25110.0
25130.0
25140.0
25160.0
25180.0
25200.0
25210.0
25220.0
25240.0
25260.0
25280.0
25300.0
25320.0
25340.0
25360.0
25380.0
25400.0
25420.0
25440.0
25450.0
25470.0
25490.0
25510.0
25530.0
25550.0
25570.0
25590.0
25610.0
25630.0
25640.0
25660.0
25680.0
25700.0
25720.0
25740.0
25760.0
