a = 0.5
g = 0.8
e = 0.5
random initial weights = false

-350.0
-1490.0
-2140.0
-2180.0
-2480.0
-2680.0
-2660.0
-2740.0
-2820.0
-2830.0
-2880.0
-2920.0
-2920.0
-2970.0
-2970.0
-2960.0
-2950.0
-3000.0
-2980.0
-2970.0
-3050.0
-3070.0
-3090.0
-3090.0
-3100.0
-3110.0
-3130.0
-3120.0
-3110.0
-3210.0
-3290.0
-3270.0
-3300.0
-3290.0
-3300.0
-3350.0
-3340.0
-3370.0
-3400.0
-3400.0
-3400.0
-3430.0
-3420.0
-3440.0
-3490.0
-3490.0
-3570.0
-3570.0
-3620.0
-3680.0
-3710.0
-3710.0
-3740.0
-3760.0
-3780.0
-3770.0
-3770.0
-3750.0
-3760.0
-3750.0
-3780.0
-3760.0
-3740.0
-3730.0
-3720.0
-3700.0
-3710.0
-3700.0
-3700.0
-3700.0
-3740.0
-3720.0
-3730.0
-3800.0
-3800.0
-3810.0
-3810.0
-3810.0
-3820.0
-3800.0
-3810.0
-3830.0
-3820.0
-3840.0
-3850.0
-3840.0
-3830.0
-3830.0
-3820.0
-3840.0
-3830.0
-3820.0
-3810.0
-3800.0
-3790.0
-3790.0
-3810.0
-3880.0
-3900.0
-3910.0
-3920.0
-3900.0
-3900.0
-3900.0
-3900.0
-3890.0
-3930.0
-3950.0
-3980.0
-4040.0
-4040.0
-4020.0
-4010.0
-4000.0
-4010.0
-4020.0
-4030.0
-4020.0
-4010.0
-3990.0
-3980.0
-3970.0
-3980.0
-3990.0
-3980.0
-3970.0
-3990.0
-3970.0
-4050.0
-4070.0
-4060.0
-4110.0
-4110.0
-4130.0
-4140.0
-4180.0
-4210.0
-4200.0
-4250.0
-4260.0
-4240.0
-4220.0
-4210.0
-4190.0
-4210.0
-4200.0
-4180.0
-4200.0
-4220.0
-4260.0
-4270.0
-4250.0
-4320.0
-4310.0
-4290.0
-4330.0
-4310.0
-4380.0
-4380.0
-4370.0
-4350.0
-4360.0
-4360.0
-4350.0
-4350.0
-4370.0
-4360.0
-4350.0
-4340.0
-4330.0
-4330.0
-4340.0
-4370.0
-4360.0
-4360.0
-4340.0
-4320.0
-4320.0
-4340.0
-4370.0
-4350.0
-4370.0
-4370.0
-4400.0
-4400.0
-4380.0
-4380.0
-4390.0
-4390.0
-4390.0
-4370.0
-4360.0
-4360.0
-4340.0
-4400.0
-4420.0
-4410.0
-4440.0
-4440.0
-4420.0
-4440.0
-4470.0
-4500.0
-4530.0
-4540.0
-4550.0
-4550.0
-4540.0
-4540.0
-4520.0
-4510.0
-4520.0
-4520.0
-4500.0
-4510.0
-4530.0
-4510.0
-4530.0
-4520.0
-4520.0
-4500.0
-4500.0
-4540.0
-4570.0
-4550.0
-4550.0
-4530.0
-4570.0
-4560.0
-4560.0
-4540.0
-4560.0
-4560.0
-4540.0
-4570.0
-4600.0
-4640.0
-4660.0
-4680.0
-4670.0
-4700.0
-4710.0
-4720.0
-4720.0
-4720.0
-4710.0
-4710.0
-4700.0
-4700.0
-4720.0
-4730.0
-4760.0
-4780.0
-4770.0
-4780.0
-4760.0
-4770.0
-4750.0
-4780.0
-4800.0
-4840.0
-4900.0
-4910.0
-4930.0
-4940.0
-4990.0
-4970.0
-4970.0
-4970.0
-4950.0
-4940.0
-4940.0
-4940.0
-4950.0
-4940.0
-4990.0
-5010.0
-4990.0
-4980.0
-4980.0
-5040.0
-5050.0
-5040.0
-5040.0
-5040.0
-5060.0
-5060.0
-5050.0
-5040.0
-5050.0
-5090.0
-5090.0
-5110.0
-5100.0
-5110.0
-5130.0
-5150.0
-5140.0
-5140.0
-5130.0
-5170.0
-5190.0
-5190.0
-5210.0
-5190.0
-5180.0
-5160.0
-5170.0
-5160.0
-5140.0
-5160.0
-5170.0
-5190.0
-5200.0
-5200.0
-5200.0
-5180.0
-5160.0
-5160.0
-5160.0
-5150.0
-5160.0
-5190.0
-5220.0
-5240.0
-5230.0
-5210.0
-5290.0
-5280.0
-5270.0
-5260.0
-5270.0
-5270.0
-5290.0
-5270.0
-5270.0
-5310.0
-5300.0
-5320.0
-5400.0
-5450.0
-5440.0
-5430.0
-5430.0
-5420.0
-5430.0
-5410.0
-5400.0
-5410.0
-5420.0
-5450.0
-5440.0
-5460.0
-5520.0
-5500.0
-5490.0
-5490.0
-5500.0
-5480.0
-5460.0
-5490.0
-5490.0
-5510.0
-5500.0
-5510.0
-5500.0
-5480.0
-5530.0
-5540.0
-5540.0
-5550.0
-5530.0
-5530.0
-5540.0
-5550.0
-5540.0
-5570.0
-5560.0
-5550.0
-5550.0
-5560.0
-5580.0
-5560.0
-5560.0
-5540.0
-5570.0
-5550.0
-5540.0
-5520.0
-5560.0
-5590.0
-5630.0
-5660.0
-5640.0
-5640.0
-5670.0
-5670.0
-5680.0
-5690.0
-5690.0
-5670.0
-5670.0
-5660.0
-5640.0
-5660.0
-5650.0
-5640.0
-5650.0
-5650.0
-5770.0
-5770.0
-5790.0
-5810.0
-5820.0
-5820.0
-5860.0
-5850.0
-5840.0
-5860.0
-5870.0
-5880.0
-5860.0
-5890.0
-5890.0
-5880.0
-5890.0
-5880.0
-5890.0
-5890.0
-5880.0
-5870.0
-5870.0
-5860.0
-5850.0
-5900.0
-5880.0
-5880.0
-5890.0
-5940.0
-5950.0
-5940.0
-5920.0
-5910.0
-5900.0
-5880.0
-5940.0
-5950.0
-5950.0
-5930.0
-5990.0
-5980.0
-5970.0
-5990.0
-6040.0
-6040.0
-6040.0
-6020.0
-6010.0
-6030.0
-6020.0
-6020.0
-6030.0
-6020.0
-6060.0
-6060.0
-6060.0
-6060.0
-6060.0
-6060.0
-6050.0
-6030.0
-6050.0
-6050.0
-6080.0
-6080.0
-6070.0
-6050.0
-6040.0
-6050.0
-6060.0
-6040.0
-6050.0
-6040.0
-6060.0
-6050.0
-6030.0
-6040.0
-6040.0
-6040.0
-6070.0
-6090.0
-6080.0
-6100.0
-6100.0
-6230.0
-6210.0
-6210.0
-6210.0
-6230.0
-6230.0
-6210.0
-6230.0
-6210.0
-6230.0
-6240.0
-6270.0
-6250.0
-6250.0
-6250.0
-6250.0
-6240.0
-6240.0
-6230.0
-6210.0
-6240.0
-6240.0
-6240.0
-6230.0
-6230.0
-6210.0
-6210.0
-6210.0
-6200.0
-6190.0
-6190.0
-6180.0
-6200.0
-6190.0
-6190.0
-6180.0
-6170.0
-6160.0
-6180.0
-6170.0
-6180.0
-6170.0
-6160.0
-6190.0
-6190.0
-6170.0
-6270.0
-6310.0
-6300.0
-6310.0
-6310.0
-6330.0
-6330.0
-6340.0
-6330.0
-6320.0
-6330.0
-6330.0
-6330.0
-6320.0
-6330.0
-6330.0
-6340.0
-6340.0
-6370.0
-6380.0
-6400.0
-6420.0
-6450.0
-6460.0
-6480.0
-6480.0
-6490.0
-6530.0
-6530.0
-6530.0
-6530.0
-6560.0
-6550.0
-6570.0
-6560.0
-6560.0
-6590.0
-6620.0
-6620.0
-6620.0
-6620.0
-6620.0
-6600.0
-6600.0
-6590.0
-6590.0
-6580.0
-6610.0
-6600.0
-6580.0
-6580.0
-6570.0
-6560.0
-6550.0
-6530.0
-6570.0
-6560.0
-6590.0
-6570.0
-6570.0
-6570.0
-6570.0
-6560.0
-6550.0
-6530.0
-6540.0
-6540.0
-6550.0
-6550.0
-6550.0
-6530.0
-6530.0
-6530.0
-6530.0
-6580.0
-6590.0
-6590.0
-6600.0
-6610.0
-6610.0
-6610.0
-6600.0
-6600.0
-6580.0
-6570.0
-6560.0
-6570.0
-6580.0
-6560.0
-6590.0
-6570.0
-6560.0
-6560.0
-6600.0
-6610.0
-6590.0
-6570.0
-6560.0
-6550.0
-6550.0
-6540.0
-6570.0
-6600.0
-6600.0
-6640.0
-6630.0
-6620.0
-6640.0
-6630.0
-6610.0
-6600.0
-6600.0
-6590.0
-6570.0
-6550.0
-6600.0
-6600.0
-6610.0
-6670.0
-6710.0
-6710.0
-6710.0
-6710.0
-6690.0
-6710.0
-6720.0
-6720.0
-6720.0
-6800.0
-6800.0
-6790.0
-6790.0
-6780.0
-6760.0
-6740.0
-6760.0
-6760.0
-6790.0
-6780.0
-6770.0
-6780.0
-6770.0
-6770.0
-6790.0
-6770.0
-6830.0
-6820.0
-6800.0
-6790.0
-6800.0
-6900.0
-6920.0
-6910.0
-6890.0
-6890.0
-6900.0
-6880.0
-6880.0
-6860.0
-6880.0
-6890.0
-6900.0
-6900.0
-6890.0
-6890.0
-6930.0
-6930.0
-6960.0
-6960.0
-6970.0
-6970.0
-7020.0
-7040.0
-7070.0
-7110.0
-7100.0
-7100.0
-7120.0
-7130.0
-7140.0
-7120.0
-7130.0
-7150.0
-7130.0
-7130.0
-7140.0
-7120.0
-7140.0
-7120.0
-7110.0
-7100.0
-7080.0
-7080.0
-7070.0
-7060.0
-7050.0
-7060.0
-7100.0
-7120.0
-7120.0
-7120.0
-7100.0
-7100.0
-7110.0
-7090.0
-7170.0
-7190.0
-7180.0
-7200.0
-7230.0
-7280.0
-7280.0
-7280.0
-7270.0
-7290.0
-7300.0
-7380.0
-7370.0
-7400.0
-7410.0
-7440.0
-7420.0
-7410.0
-7410.0
-7410.0
-7400.0
-7400.0
-7380.0
-7370.0
-7370.0
-7370.0
-7380.0
-7370.0
-7370.0
-7350.0
-7340.0
-7340.0
-7340.0
-7340.0
-7340.0
-7330.0
-7360.0
-7350.0
-7350.0
-7380.0
-7380.0
-7390.0
-7390.0
-7430.0
-7470.0
-7460.0
-7450.0
-7480.0
-7510.0
-7520.0
-7510.0
-7510.0
-7490.0
-7490.0
-7480.0
-7470.0
-7450.0
-7450.0
-7450.0
-7450.0
-7460.0
-7440.0
-7420.0
-7410.0
-7420.0
-7410.0
-7390.0
-7400.0
-7400.0
-7400.0
-7430.0
-7450.0
-7430.0
-7430.0
-7420.0
-7450.0
-7440.0
-7440.0
-7470.0
-7480.0
-7520.0
-7510.0
-7510.0
-7510.0
-7490.0
-7470.0
-7470.0
-7470.0
-7460.0
-7450.0
-7440.0
-7460.0
-7470.0
-7470.0
-7450.0
-7440.0
-7470.0
-7510.0
-7500.0
-7520.0
-7540.0
-7530.0
-7530.0
-7530.0
-7530.0
-7560.0
-7540.0
-7540.0
-7560.0
-7580.0
-7600.0
-7590.0
-7580.0
-7640.0
-7620.0
-7620.0
-7640.0
-7680.0
-7690.0
-7700.0
-7710.0
-7710.0
-7700.0
-7760.0
-7740.0
-7720.0
-7710.0
-7690.0
-7690.0
-7710.0
-7710.0
-7710.0
-7720.0
-7730.0
-7720.0
-7700.0
-7700.0
-7690.0
-7720.0
-7720.0
-7740.0
-7740.0
-7720.0
-7750.0
-7750.0
-7750.0
-7750.0
-7750.0
-7760.0
-7770.0
-7790.0
-7770.0
-7790.0
-7800.0
-7810.0
-7800.0
-7820.0
-7810.0
-7810.0
-7800.0
-7800.0
-7790.0
-7810.0
-7790.0
-7770.0
-7750.0
-7730.0
-7710.0
-7690.0
-7700.0
-7710.0
-7700.0
-7740.0
-7740.0
-7760.0
-7760.0
-7740.0
-7730.0
-7730.0
-7740.0
-7730.0
-7730.0
-7720.0
-7710.0
-7710.0
-7700.0
-7750.0
-7750.0
-7760.0
-7760.0
-7740.0
-7740.0
-7770.0
-7760.0
-7810.0
-7810.0
-7820.0
-7860.0
-7840.0
-7820.0
-7830.0
-7860.0
-7940.0
-7930.0
-7940.0
-7950.0
-7960.0
-7960.0
-7950.0
-7940.0
-7980.0
-7980.0
-7960.0
-7960.0
-7940.0
-7920.0
-7910.0
-7900.0
-7920.0
-7900.0
-7900.0
-7940.0
-7930.0
-7930.0
-7920.0
-7950.0
-7930.0
-7920.0
-7930.0
-7980.0
-7970.0
-7950.0
-7930.0
-7930.0
-7920.0
-7900.0
-7980.0
-7990.0
-7980.0
-7960.0
-7960.0
-7960.0
-7970.0
-7970.0
-7960.0
-7960.0
-7960.0
-7960.0
-7960.0
-7950.0
-7950.0
-7940.0
-7930.0
-7960.0
-7980.0
-7960.0
-7960.0
-7950.0
-7930.0
-7930.0
-7980.0
-8000.0
-8000.0
-8010.0
-8040.0
-8070.0
-8060.0
-8070.0
-8060.0
-8060.0
-8040.0
-8030.0
-8020.0
-8010.0
-8010.0
-8000.0
-7980.0
-7970.0
-7970.0
-8010.0
-8020.0
-8010.0
-8010.0
-8020.0
-8060.0
-8050.0
-8050.0
-8060.0
-8050.0
-8060.0
-8060.0
-8040.0
-8050.0
-8040.0
-8030.0
-8020.0
-8040.0
-8020.0
-8000.0
-8010.0
-8010.0
-8030.0
-8070.0
-8060.0
-8040.0
-8030.0
-8040.0
-8060.0
-8070.0
-8050.0
-8030.0
-8040.0
-8030.0
-8020.0
-8050.0
-8070.0
-8060.0
-8060.0
-8100.0
-8080.0
-8080.0
-8060.0
-8070.0
-8060.0
-8070.0
-8080.0
-8090.0
-8110.0
-8100.0
-8120.0
-8190.0
-8180.0
-8180.0
-8170.0
-8190.0
-8250.0
-8250.0
-8260.0
-8250.0
-8290.0
-8280.0
-8290.0
-8280.0
-8270.0
-8300.0
-8320.0
-8370.0
-8410.0
-8410.0
-8450.0
-8480.0
-8510.0
-8530.0
-8530.0
-8550.0
-8540.0
-8590.0
-8590.0
-8590.0
-8600.0
-8600.0
-8640.0
-8640.0
-8630.0
-8610.0
-8600.0
-8590.0
-8640.0
-8640.0
-8630.0
-8630.0
-8610.0
-8600.0
-8630.0
-8630.0
-8650.0
-8680.0
-8660.0
-8650.0
-8660.0
-8660.0
-8640.0
-8640.0
-8620.0
-8610.0
-8670.0
-8670.0
-8670.0
-8710.0
-8690.0
-8690.0
-8680.0
-8670.0
-8660.0
-8650.0
-8660.0
-8680.0
-8720.0
-8720.0
-8760.0
-8760.0
-8750.0
-8750.0
-8750.0
-8750.0
-8760.0
-8760.0
-8740.0
-8760.0
-8760.0
-8760.0
-8750.0
-8740.0
-8720.0
-8700.0
-8680.0
-8660.0
-8730.0
-8740.0
-8740.0
-8750.0
-8780.0
-8780.0
-8760.0
-8770.0
-8800.0
-8820.0
-8830.0
-8820.0
-8870.0
-8890.0
-8880.0
-8860.0
-8910.0
-8910.0
-8940.0
-8950.0
-9000.0
-9040.0
-9050.0
-9030.0
-9060.0
-9070.0
-9070.0
-9060.0
-9100.0
-9110.0
-9090.0
-9080.0
-9060.0
-9050.0
-9080.0
-9080.0
-9070.0
-9080.0
-9110.0
-9130.0
-9140.0
-9150.0
-9170.0
-9160.0
-9150.0
-9140.0
-9190.0
-9200.0
-9190.0
-9170.0
-9150.0
-9140.0
-9150.0
-9140.0
-9120.0
-9130.0
-9120.0
-9120.0
-9100.0
-9110.0
-9120.0
-9110.0
-9110.0
-9130.0
-9120.0
-9110.0
-9090.0
-9110.0
-9110.0
-9100.0
-9080.0
-9070.0
-9080.0
-9090.0
-9080.0
-9080.0
-9080.0
-9100.0
-9080.0
-9060.0
-9110.0
-9150.0
-9210.0
-9310.0
-9360.0
-9370.0
-9420.0
-9410.0
-9410.0
-9410.0
-9410.0
-9400.0
-9390.0
-9380.0
-9420.0
-9410.0
-9390.0
-9410.0
-9400.0
-9430.0
-9430.0
-9410.0
-9440.0
-9460.0
-9460.0
-9460.0
-9480.0
-9490.0
-9530.0
-9540.0
-9550.0
-9570.0
-9590.0
-9600.0
-9600.0
-9600.0
-9600.0
-9600.0
-9590.0
-9630.0
-9630.0
-9630.0
-9640.0
-9630.0
-9640.0
-9630.0
-9710.0
-9710.0
-9700.0
-9710.0
-9700.0
-9680.0
-9660.0
-9650.0
-9630.0
-9690.0
-9710.0
-9700.0
-9700.0
-9710.0
-9760.0
-9750.0
-9770.0
-9760.0
-9760.0
-9810.0
-9810.0
-9810.0
-9810.0
-9810.0
-9850.0
-9930.0
-9920.0
-9920.0
-9900.0
-9930.0
-9910.0
-9940.0
-9930.0
-9940.0
-9940.0
-9950.0
-9930.0
-9940.0
-9970.0
-9960.0
-10000.0
-10020.0
-10030.0
-10020.0
-10020.0
-10010.0
-10080.0
-10110.0
-10090.0
-10080.0
-10070.0
-10130.0
-10150.0
-10130.0
-10120.0
-10100.0
-10110.0
-10110.0
-10110.0
-10090.0
-10080.0
-10100.0
-10080.0
-10080.0
-10110.0
-10090.0
-10150.0
-10130.0
-10140.0
-10140.0
-10120.0
-10120.0
-10130.0
-10150.0
-10150.0
-10150.0
-10160.0
-10160.0
-10180.0
-10160.0
-10200.0
-10210.0
-10210.0
-10220.0
-10210.0
-10190.0
-10250.0
-10280.0
-10290.0
-10290.0
-10300.0
-10300.0
-10310.0
-10320.0
-10320.0
-10320.0
-10350.0
-10350.0
-10350.0
-10350.0
-10380.0
-10370.0
-10370.0
-10430.0
-10430.0
-10430.0
-10460.0
-10450.0
-10450.0
-10450.0
-10480.0
-10480.0
-10570.0
-10620.0
-10600.0
-10580.0
-10570.0
-10580.0
-10570.0
-10560.0
-10600.0
-10600.0
-10610.0
-10600.0
-10590.0
-10590.0
-10580.0
-10590.0
-10650.0
-10680.0
-10670.0
-10660.0
-10650.0
-10640.0
-10650.0
-10710.0
-10710.0
-10740.0
-10800.0
-10780.0
-10770.0
-10760.0
-10750.0
-10730.0
-10740.0
-10750.0
-10750.0
-10760.0
-10820.0
-10810.0
-10790.0
-10820.0
-10840.0
-10830.0
-10810.0
-10810.0
-10840.0
-10850.0
-10870.0
-10850.0
-10840.0
-10910.0
-10910.0
-10960.0
-10980.0
-10970.0
-10960.0
-10960.0
-10990.0
-10970.0
-10990.0
-11020.0
-11040.0
-11040.0
-11080.0
-11090.0
-11080.0
-11100.0
-11100.0
-11130.0
-11120.0
-11150.0
-11170.0
-11160.0
-11160.0
-11170.0
-11150.0
-11130.0
-11160.0
-11160.0
-11140.0
-11130.0
-11140.0
-11150.0
-11150.0
-11160.0
-11170.0
-11180.0
-11180.0
-11200.0
-11190.0
-11210.0
-11210.0
-11240.0
-11240.0
-11250.0
-11250.0
-11230.0
-11250.0
-11230.0
-11230.0
-11240.0
