a = 0.8
g = 0.5
e = 0.1
random initial weights = false

-750.0
-760.0
-790.0
-840.0
-850.0
-900.0
-930.0
-940.0
-960.0
-970.0
-960.0
-950.0
-940.0
-940.0
-930.0
-910.0
-890.0
-870.0
-870.0
-850.0
-840.0
-820.0
-800.0
-790.0
-770.0
-760.0
-740.0
-720.0
-710.0
-690.0
-670.0
-660.0
-640.0
-620.0
-600.0
-590.0
-580.0
-560.0
-540.0
-530.0
-510.0
-490.0
-480.0
-460.0
-440.0
-440.0
-430.0
-410.0
-390.0
-370.0
-350.0
-330.0
-310.0
-290.0
-270.0
-250.0
-230.0
-210.0
-190.0
-170.0
-150.0
-130.0
-110.0
-90.0
-70.0
-50.0
-30.0
-20.0
0.0
10.0
10.0
30.0
40.0
60.0
80.0
100.0
120.0
140.0
160.0
180.0
200.0
220.0
240.0
250.0
270.0
270.0
290.0
310.0
310.0
330.0
350.0
370.0
380.0
400.0
410.0
430.0
450.0
470.0
490.0
510.0
530.0
540.0
560.0
580.0
600.0
620.0
640.0
660.0
680.0
690.0
700.0
720.0
740.0
760.0
780.0
790.0
810.0
830.0
850.0
860.0
880.0
900.0
920.0
940.0
960.0
980.0
1000.0
1020.0
1030.0
1050.0
1070.0
1080.0
1100.0
1120.0
1140.0
1160.0
1180.0
1200.0
1220.0
1240.0
1250.0
1260.0
1280.0
1300.0
1320.0
1340.0
1360.0
1360.0
1380.0
1400.0
1420.0
1430.0
1450.0
1460.0
1470.0
1490.0
1510.0
1530.0
1550.0
1560.0
1580.0
1600.0
1620.0
1640.0
1660.0
1680.0
1700.0
1720.0
1740.0
1740.0
1760.0
1780.0
1800.0
1820.0
1840.0
1850.0
1860.0
1880.0
1890.0
1910.0
1930.0
1950.0
1960.0
1980.0
2000.0
2000.0
2010.0
2030.0
2050.0
2070.0
2090.0
2110.0
2130.0
2150.0
2170.0
2190.0
2210.0
2220.0
2240.0
2260.0
2280.0
2290.0
2310.0
2330.0
2340.0
2360.0
2380.0
2400.0
2420.0
2440.0
2460.0
2480.0
2500.0
2520.0
2530.0
2550.0
2570.0
2580.0
2600.0
2620.0
2620.0
2630.0
2650.0
2670.0
2680.0
2690.0
2710.0
2720.0
2730.0
2750.0
2770.0
2790.0
2810.0
2820.0
2840.0
2850.0
2870.0
2890.0
2910.0
2930.0
2940.0
2950.0
2970.0
2990.0
3000.0
3000.0
3010.0
3030.0
3050.0
3070.0
3080.0
3100.0
3120.0
3140.0
3160.0
3180.0
3200.0
3220.0
3230.0
3240.0
3260.0
3280.0
3300.0
3320.0
3340.0
3360.0
3380.0
3400.0
3420.0
3440.0
3460.0
3480.0
3500.0
3520.0
3530.0
3550.0
3570.0
3580.0
3600.0
3620.0
3640.0
3650.0
3670.0
3690.0
3710.0
3730.0
3750.0
3760.0
3780.0
3800.0
3810.0
3830.0
3850.0
3870.0
3890.0
3910.0
3930.0
3940.0
3960.0
3960.0
3980.0
4000.0
4020.0
4040.0
4050.0
4070.0
4090.0
4100.0
4120.0
4140.0
4160.0
4170.0
4190.0
4210.0
4230.0
4250.0
4270.0
4290.0
4300.0
4310.0
4330.0
4350.0
4370.0
4390.0
4410.0
4430.0
4440.0
4460.0
4480.0
4500.0
4520.0
4540.0
4560.0
4570.0
4590.0
4610.0
4630.0
4640.0
4660.0
4680.0
4700.0
4720.0
4740.0
4760.0
4780.0
4800.0
4810.0
4830.0
4850.0
4870.0
4890.0
4910.0
4930.0
4950.0
4970.0
4980.0
5000.0
5020.0
5030.0
5050.0
5070.0
5090.0
5100.0
5110.0
5130.0
5140.0
5150.0
5170.0
5190.0
5200.0
5220.0
5240.0
5260.0
5270.0
5290.0
5310.0
5330.0
5350.0
5370.0
5390.0
5410.0
5430.0
5450.0
5470.0
5490.0
5500.0
5510.0
5530.0
5550.0
5570.0
5580.0
5600.0
5620.0
5640.0
5660.0
5680.0
5690.0
5710.0
5730.0
5750.0
5770.0
5790.0
5810.0
5830.0
5850.0
5860.0
5880.0
5900.0
5920.0
5940.0
5950.0
5970.0
5990.0
6010.0
6030.0
6050.0
6070.0
6090.0
6110.0
6120.0
6130.0
6150.0
6170.0
6190.0
6210.0
6230.0
6250.0
6250.0
6270.0
6280.0
6300.0
6310.0
6330.0
6350.0
6360.0
6370.0
6370.0
6390.0
6410.0
6430.0
6440.0
6460.0
6480.0
6500.0
6520.0
6540.0
6560.0
6580.0
6600.0
6620.0
6640.0
6660.0
6680.0
6690.0
6710.0
6730.0
6750.0
6770.0
6790.0
6810.0
6820.0
6830.0
6850.0
6850.0
6870.0
6890.0
6910.0
6930.0
6950.0
6970.0
6990.0
7010.0
7030.0
7050.0
7060.0
7080.0
7090.0
7100.0
7120.0
7140.0
7150.0
7170.0
7180.0
7200.0
7220.0
7230.0
7250.0
7250.0
7270.0
7290.0
7310.0
7330.0
7350.0
7370.0
7390.0
7410.0
7430.0
7450.0
7470.0
7490.0
7500.0
7520.0
7540.0
7560.0
7580.0
7600.0
7610.0
7630.0
7650.0
7670.0
7690.0
7710.0
7730.0
7750.0
7770.0
7790.0
7810.0
7820.0
7840.0
7860.0
7880.0
7900.0
7920.0
7940.0
7960.0
7980.0
7990.0
8010.0
8030.0
8040.0
8050.0
8070.0
8090.0
8110.0
8130.0
8150.0
8170.0
8180.0
8200.0
8210.0
8230.0
8250.0
8270.0
8290.0
8310.0
8320.0
8340.0
8360.0
8380.0
8390.0
8410.0
8430.0
8450.0
8470.0
8470.0
8490.0
8510.0
8530.0
8550.0
8570.0
8580.0
8600.0
8620.0
8640.0
8660.0
8670.0
8690.0
8710.0
8730.0
8740.0
8760.0
8780.0
8800.0
8820.0
8840.0
8860.0
8880.0
8890.0
8910.0
8910.0
8920.0
8930.0
8950.0
8970.0
8990.0
9010.0
9030.0
9040.0
9060.0
9080.0
9100.0
9120.0
9130.0
9150.0
9170.0
9190.0
9210.0
9210.0
9230.0
9250.0
9270.0
9280.0
9300.0
9310.0
9330.0
9350.0
9370.0
9390.0
9400.0
9410.0
9430.0
9450.0
9450.0
9470.0
9490.0
9500.0
9520.0
9540.0
9550.0
9570.0
9590.0
9610.0
9630.0
9650.0
9670.0
9690.0
9710.0
9730.0
9750.0
9770.0
9790.0
9810.0
9830.0
9850.0
9870.0
9890.0
9900.0
9920.0
9940.0
9960.0
9980.0
10000.0
10020.0
10040.0
10060.0
10080.0
10100.0
10120.0
10130.0
10150.0
10170.0
10160.0
10180.0
10200.0
10210.0
10230.0
10250.0
10270.0
10290.0
10310.0
10320.0
10340.0
10360.0
10370.0
10390.0
10410.0
10430.0
10450.0
10470.0
10490.0
10500.0
10520.0
10540.0
10560.0
10580.0
10600.0
10610.0
10630.0
10650.0
10670.0
10690.0
10710.0
10730.0
10750.0
10760.0
10780.0
10800.0
10820.0
10820.0
10830.0
10850.0
10870.0
10890.0
10910.0
10930.0
10940.0
10960.0
10980.0
11000.0
11020.0
11040.0
11060.0
11080.0
11100.0
11110.0
11130.0
11150.0
11170.0
11190.0
11210.0
11230.0
11250.0
11270.0
11290.0
11310.0
11320.0
11340.0
11360.0
11370.0
11390.0
11410.0
11430.0
11440.0
11450.0
11470.0
11490.0
11510.0
11530.0
11550.0
11570.0
11580.0
11600.0
11620.0
11630.0
11640.0
11660.0
11680.0
11700.0
11720.0
11730.0
11750.0
11770.0
11790.0
11810.0
11820.0
11830.0
11820.0
11840.0
11860.0
11870.0
11880.0
11900.0
11910.0
11920.0
11940.0
11960.0
11980.0
12000.0
12020.0
12040.0
12060.0
12080.0
12100.0
12120.0
12140.0
12160.0
12180.0
12200.0
12210.0
12230.0
12230.0
12240.0
12260.0
12280.0
12300.0
12320.0
12340.0
12360.0
12380.0
12390.0
12410.0
12430.0
12440.0
12460.0
12470.0
12490.0
12510.0
12530.0
12550.0
12570.0
12590.0
12600.0
12620.0
12640.0
12660.0
12680.0
12700.0
12720.0
12740.0
12760.0
12780.0
12800.0
12820.0
12830.0
12850.0
12870.0
12890.0
12910.0
12930.0
12950.0
12970.0
12980.0
13000.0
13020.0
13040.0
13060.0
13080.0
13100.0
13120.0
13140.0
13160.0
13170.0
13190.0
13210.0
13230.0
13250.0
13270.0
13290.0
13310.0
13330.0
13350.0
13370.0
13390.0
13410.0
13430.0
13450.0
13470.0
13480.0
13500.0
13520.0
13540.0
13560.0
13580.0
13600.0
13620.0
13640.0
13660.0
13680.0
13700.0
13710.0
13730.0
13750.0
13760.0
13780.0
13800.0
13820.0
13840.0
13860.0
13870.0
13890.0
13910.0
13930.0
13950.0
13970.0
13980.0
13990.0
14000.0
14020.0
14040.0
14050.0
14070.0
14090.0
14110.0
14130.0
14150.0
14160.0
14180.0
14200.0
14220.0
14240.0
14260.0
14280.0
14280.0
14300.0
14320.0
14340.0
14360.0
14380.0
14400.0
14420.0
14440.0
14450.0
14470.0
14490.0
14480.0
14500.0
14510.0
14530.0
14550.0
14570.0
14590.0
14610.0
14630.0
14650.0
14670.0
14690.0
14700.0
14720.0
14740.0
14760.0
14770.0
14790.0
14810.0
14830.0
14850.0
14870.0
14890.0
14910.0
14930.0
14950.0
14970.0
14990.0
15010.0
15020.0
15040.0
15050.0
15070.0
15090.0
15110.0
15120.0
15140.0
15160.0
15180.0
15190.0
15210.0
15220.0
15230.0
15240.0
15260.0
15280.0
15300.0
15300.0
15320.0
15340.0
15350.0
15360.0
15380.0
15400.0
15420.0
15440.0
15460.0
15480.0
15500.0
15520.0
15540.0
15560.0
15570.0
15580.0
15600.0
15620.0
15640.0
15660.0
15680.0
15700.0
15720.0
15740.0
15760.0
15770.0
15790.0
15810.0
15830.0
15850.0
15870.0
15880.0
15900.0
15920.0
15940.0
15960.0
15980.0
16000.0
16020.0
16040.0
16060.0
16080.0
16100.0
16120.0
16120.0
16140.0
16150.0
16170.0
16180.0
16200.0
16220.0
16240.0
16260.0
16280.0
16300.0
16320.0
16340.0
16350.0
16370.0
16380.0
16400.0
16420.0
16440.0
16460.0
16470.0
16480.0
16500.0
16520.0
16540.0
16550.0
16570.0
16590.0
16610.0
16630.0
16650.0
16670.0
16690.0
16710.0
16730.0
16750.0
16770.0
16790.0
16810.0
16830.0
16850.0
16870.0
16890.0
16910.0
16930.0
16950.0
16960.0
16970.0
16990.0
17010.0
17030.0
17050.0
17060.0
17080.0
17100.0
17120.0
17140.0
17160.0
17170.0
17190.0
17210.0
17230.0
17240.0
17260.0
17280.0
17300.0
17310.0
17330.0
17350.0
17350.0
17360.0
17370.0
17390.0
17410.0
17430.0
17440.0
17460.0
17480.0
17490.0
17510.0
17530.0
17550.0
17570.0
17590.0
17610.0
17620.0
17640.0
17660.0
17680.0
17690.0
17710.0
17730.0
17750.0
17770.0
17790.0
17810.0
17830.0
17850.0
17870.0
17890.0
17910.0
17930.0
17950.0
17970.0
17990.0
18010.0
18030.0
18050.0
18070.0
18090.0
18110.0
18130.0
18150.0
18170.0
18190.0
18210.0
18220.0
18240.0
18250.0
18270.0
18290.0
18310.0
18320.0
18340.0
18360.0
18380.0
18400.0
18420.0
18440.0
18460.0
18470.0
18490.0
18510.0
18520.0
18540.0
18550.0
18570.0
18590.0
18600.0
18620.0
18640.0
18660.0
18680.0
18700.0
18720.0
18740.0
18760.0
18780.0
18800.0
18820.0
18840.0
18860.0
18870.0
18890.0
18910.0
18930.0
18950.0
18970.0
18990.0
19010.0
19030.0
19040.0
19060.0
19080.0
19090.0
19110.0
19110.0
19120.0
19140.0
19160.0
19180.0
19200.0
19220.0
19240.0
19260.0
19280.0
19290.0
19310.0
19320.0
19330.0
19350.0
19370.0
19390.0
19410.0
19430.0
19450.0
19470.0
19490.0
19510.0
19530.0
19540.0
19550.0
19570.0
19590.0
19610.0
19630.0
19650.0
19670.0
19680.0
19700.0
19720.0
19740.0
19760.0
19780.0
19790.0
19810.0
19830.0
19850.0
19870.0
19890.0
19900.0
19920.0
19940.0
19950.0
19960.0
19980.0
20000.0
20020.0
20040.0
20060.0
20080.0
20090.0
20110.0
20120.0
20120.0
20120.0
20120.0
20140.0
20160.0
20180.0
20200.0
20220.0
20240.0
20260.0
20280.0
20300.0
20320.0
20320.0
20340.0
20360.0
20380.0
20390.0
20410.0
20430.0
20440.0
20460.0
20470.0
20490.0
20510.0
20520.0
20540.0
20560.0
20580.0
20600.0
20620.0
20630.0
20640.0
20660.0
20670.0
20690.0
20710.0
20720.0
20740.0
20760.0
20780.0
20790.0
20810.0
20830.0
20850.0
20860.0
20880.0
20900.0
20920.0
20930.0
20940.0
20950.0
20970.0
20990.0
21010.0
21030.0
21040.0
21060.0
21080.0
21100.0
21100.0
21120.0
21140.0
21160.0
21180.0
21200.0
21220.0
21240.0
21260.0
21280.0
21300.0
21320.0
21340.0
21350.0
21370.0
21390.0
21400.0
21420.0
21440.0
21450.0
21470.0
21490.0
21490.0
21510.0
21530.0
21550.0
21570.0
21590.0
21610.0
21630.0
21650.0
21670.0
21690.0
21710.0
21720.0
21740.0
21750.0
21730.0
21750.0
21770.0
21780.0
21800.0
21820.0
21840.0
21860.0
21880.0
21900.0
21920.0
21940.0
21940.0
21950.0
21970.0
21990.0
22010.0
22030.0
22050.0
22070.0
22090.0
22110.0
22130.0
22150.0
22170.0
22190.0
22200.0
22220.0
22240.0
22260.0
22270.0
22290.0
22300.0
22310.0
22330.0
22350.0
22360.0
22380.0
22400.0
22420.0
22440.0
22460.0
22480.0
22500.0
22520.0
22540.0
22560.0
22580.0
22600.0
22620.0
22640.0
22660.0
22680.0
22700.0
22720.0
22740.0
22760.0
22770.0
22790.0
22810.0
22820.0
22840.0
22850.0
22870.0
22880.0
22900.0
22920.0
22940.0
22960.0
22980.0
22970.0
22990.0
23010.0
23020.0
23040.0
23060.0
23080.0
23090.0
23110.0
23130.0
23130.0
23150.0
23170.0
23190.0
23190.0
23210.0
23230.0
23250.0
23270.0
23280.0
23290.0
23310.0
23330.0
23350.0
23370.0
23390.0
23410.0
23430.0
23450.0
23470.0
23490.0
23510.0
23530.0
23550.0
23570.0
23590.0
23610.0
23630.0
23650.0
23670.0
23680.0
23690.0
23710.0
23730.0
23740.0
23760.0
23780.0
23790.0
23810.0
23830.0
23850.0
23870.0
23890.0
23910.0
23930.0
23950.0
23970.0
23990.0
24010.0
24030.0
24050.0
24070.0
24060.0
24080.0
24100.0
24120.0
24130.0
24150.0
24170.0
24190.0
24210.0
24230.0
24250.0
24270.0
24290.0
24310.0
24330.0
24350.0
24370.0
24380.0
24400.0
24420.0
24440.0
24460.0
24480.0
24490.0
24510.0
24530.0
24550.0
24570.0
24590.0
24600.0
24620.0
24640.0
24650.0
24670.0
24690.0
24710.0
24730.0
24750.0
24770.0
24790.0
24810.0
24820.0
24840.0
24830.0
24850.0
24870.0
24890.0
24910.0
24930.0
24950.0
24970.0
24980.0
25000.0
25020.0
25040.0
25050.0
25070.0
25090.0
25110.0
25130.0
25150.0
