a = 0.2
g = 0.8
e = 0.1
random initial weights = false

-540.0
-630.0
-750.0
-770.0
-800.0
-900.0
-930.0
-990.0
-1040.0
-1050.0
-1040.0
-1020.0
-1000.0
-980.0
-980.0
-970.0
-970.0
-960.0
-940.0
-920.0
-900.0
-880.0
-860.0
-850.0
-830.0
-820.0
-810.0
-790.0
-770.0
-750.0
-730.0
-720.0
-700.0
-680.0
-670.0
-650.0
-630.0
-610.0
-590.0
-580.0
-560.0
-550.0
-530.0
-520.0
-500.0
-480.0
-470.0
-450.0
-430.0
-410.0
-390.0
-380.0
-360.0
-340.0
-320.0
-300.0
-280.0
-260.0
-240.0
-220.0
-210.0
-190.0
-170.0
-150.0
-130.0
-110.0
-90.0
-80.0
-60.0
-40.0
-30.0
-10.0
10.0
30.0
50.0
70.0
90.0
110.0
120.0
140.0
160.0
180.0
200.0
220.0
240.0
250.0
270.0
290.0
310.0
330.0
350.0
370.0
370.0
390.0
410.0
430.0
440.0
460.0
480.0
500.0
510.0
530.0
550.0
570.0
580.0
600.0
610.0
630.0
650.0
660.0
680.0
700.0
720.0
740.0
730.0
750.0
770.0
790.0
810.0
820.0
840.0
860.0
880.0
900.0
920.0
940.0
960.0
980.0
1000.0
1010.0
1030.0
1050.0
1070.0
1090.0
1110.0
1130.0
1150.0
1170.0
1190.0
1210.0
1220.0
1220.0
1240.0
1260.0
1280.0
1300.0
1320.0
1340.0
1360.0
1380.0
1400.0
1410.0
1430.0
1450.0
1460.0
1480.0
1500.0
1510.0
1530.0
1540.0
1560.0
1580.0
1600.0
1620.0
1630.0
1650.0
1670.0
1690.0
1710.0
1730.0
1750.0
1770.0
1790.0
1810.0
1830.0
1850.0
1870.0
1890.0
1910.0
1930.0
1950.0
1960.0
1980.0
2000.0
2020.0
2030.0
2050.0
2060.0
2080.0
2100.0
2120.0
2130.0
2150.0
2160.0
2180.0
2200.0
2220.0
2230.0
2250.0
2270.0
2290.0
2310.0
2330.0
2350.0
2370.0
2390.0
2410.0
2430.0
2450.0
2460.0
2480.0
2490.0
2510.0
2530.0
2550.0
2570.0
2580.0
2600.0
2620.0
2640.0
2650.0
2670.0
2690.0
2710.0
2720.0
2730.0
2750.0
2750.0
2770.0
2790.0
2810.0
2830.0
2850.0
2870.0
2890.0
2910.0
2930.0
2940.0
2960.0
2980.0
3000.0
3020.0
3040.0
3060.0
3080.0
3100.0
3120.0
3140.0
3150.0
3170.0
3190.0
3210.0
3230.0
3250.0
3270.0
3290.0
3310.0
3330.0
3350.0
3370.0
3380.0
3400.0
3420.0
3440.0
3460.0
3480.0
3500.0
3520.0
3540.0
3560.0
3580.0
3590.0
3610.0
3610.0
3630.0
3650.0
3670.0
3690.0
3710.0
3730.0
3750.0
3750.0
3770.0
3790.0
3810.0
3830.0
3850.0
3870.0
3890.0
3910.0
3930.0
3940.0
3940.0
3960.0
3980.0
4000.0
4020.0
4040.0
4060.0
4080.0
4100.0
4120.0
4140.0
4160.0
4170.0
4190.0
4210.0
4230.0
4250.0
4250.0
4270.0
4290.0
4300.0
4320.0
4340.0
4360.0
4380.0
4400.0
4420.0
4440.0
4450.0
4470.0
4480.0
4490.0
4510.0
4530.0
4550.0
4570.0
4590.0
4610.0
4630.0
4650.0
4670.0
4680.0
4700.0
4720.0
4740.0
4760.0
4780.0
4800.0
4820.0
4830.0
4850.0
4870.0
4880.0
4890.0
4910.0
4930.0
4940.0
4960.0
4980.0
5000.0
5020.0
5040.0
5060.0
5080.0
5100.0
5120.0
5140.0
5140.0
5160.0
5180.0
5200.0
5220.0
5240.0
5260.0
5280.0
5300.0
5310.0
5330.0
5350.0
5370.0
5390.0
5410.0
5420.0
5440.0
5460.0
5480.0
5490.0
5510.0
5530.0
5540.0
5560.0
5570.0
5590.0
5600.0
5620.0
5630.0
5650.0
5670.0
5690.0
5710.0
5730.0
5750.0
5770.0
5790.0
5810.0
5830.0
5840.0
5860.0
5880.0
5900.0
5920.0
5940.0
5960.0
5980.0
6000.0
6020.0
6040.0
6060.0
6080.0
6080.0
6100.0
6120.0
6140.0
6160.0
6180.0
6200.0
6220.0
6240.0
6260.0
6280.0
6300.0
6320.0
6340.0
6360.0
6370.0
6390.0
6410.0
6430.0
6450.0
6470.0
6490.0
6510.0
6530.0
6550.0
6570.0
6590.0
6600.0
6620.0
6640.0
6650.0
6670.0
6690.0
6710.0
6730.0
6750.0
6770.0
6790.0
6800.0
6820.0
6840.0
6860.0
6880.0
6900.0
6920.0
6940.0
6960.0
6960.0
6980.0
7000.0
7010.0
7030.0
7050.0
7070.0
7090.0
7110.0
7130.0
7150.0
7170.0
7190.0
7200.0
7210.0
7230.0
7250.0
7260.0
7280.0
7300.0
7320.0
7340.0
7360.0
7370.0
7390.0
7410.0
7430.0
7450.0
7470.0
7490.0
7510.0
7520.0
7520.0
7540.0
7560.0
7580.0
7600.0
7620.0
7640.0
7660.0
7670.0
7690.0
7710.0
7730.0
7750.0
7770.0
7790.0
7810.0
7830.0
7850.0
7860.0
7880.0
7900.0
7920.0
7940.0
7950.0
7970.0
7990.0
8000.0
8010.0
8030.0
8050.0
8070.0
8090.0
8110.0
8130.0
8150.0
8160.0
8180.0
8200.0
8220.0
8240.0
8250.0
8270.0
8290.0
8310.0
8330.0
8350.0
8370.0
8390.0
8410.0
8430.0
8450.0
8460.0
8480.0
8500.0
8520.0
8530.0
8540.0
8560.0
8580.0
8600.0
8610.0
8630.0
8650.0
8670.0
8680.0
8700.0
8720.0
8740.0
8760.0
8780.0
8800.0
8820.0
8830.0
8850.0
8870.0
8890.0
8900.0
8920.0
8940.0
8960.0
8980.0
9000.0
9020.0
9030.0
9050.0
9070.0
9070.0
9090.0
9110.0
9130.0
9150.0
9170.0
9190.0
9210.0
9230.0
9250.0
9270.0
9290.0
9310.0
9320.0
9340.0
9360.0
9380.0
9400.0
9420.0
9440.0
9460.0
9480.0
9490.0
9510.0
9530.0
9550.0
9570.0
9590.0
9600.0
9620.0
9640.0
9660.0
9680.0
9690.0
9710.0
9730.0
9750.0
9770.0
9780.0
9800.0
9820.0
9830.0
9850.0
9850.0
9860.0
9880.0
9890.0
9910.0
9930.0
9950.0
9950.0
9960.0
9980.0
10000.0
10000.0
10020.0
10040.0
10060.0
10080.0
10100.0
10110.0
10130.0
10150.0
10170.0
10190.0
10210.0
10230.0
10240.0
10260.0
10280.0
10300.0
10310.0
10330.0
10330.0
10350.0
10370.0
10380.0
10400.0
10420.0
10430.0
10450.0
10470.0
10480.0
10500.0
10520.0
10540.0
10560.0
10580.0
10600.0
10620.0
10640.0
10660.0
10680.0
10700.0
10720.0
10740.0
10760.0
10780.0
10790.0
10800.0
10820.0
10830.0
10850.0
10870.0
10890.0
10910.0
10930.0
10950.0
10970.0
10990.0
11010.0
11030.0
11050.0
11060.0
11070.0
11070.0
11090.0
11110.0
11130.0
11150.0
11170.0
11170.0
11190.0
11210.0
11230.0
11230.0
11250.0
11270.0
11290.0
11310.0
11330.0
11340.0
11360.0
11380.0
11400.0
11420.0
11440.0
11450.0
11460.0
11470.0
11490.0
11510.0
11530.0
11550.0
11570.0
11590.0
11610.0
11620.0
11640.0
11660.0
11680.0
11700.0
11710.0
11730.0
11750.0
11770.0
11790.0
11790.0
11800.0
11820.0
11840.0
11860.0
11880.0
11890.0
11910.0
11930.0
11950.0
11960.0
11980.0
12000.0
12020.0
12040.0
12060.0
12080.0
12100.0
12120.0
12140.0
12160.0
12180.0
12200.0
12220.0
12240.0
12250.0
12270.0
12280.0
12290.0
12310.0
12330.0
12350.0
12370.0
12390.0
12410.0
12430.0
12450.0
12470.0
12490.0
12510.0
12530.0
12550.0
12570.0
12580.0
12600.0
12620.0
12640.0
12660.0
12680.0
12700.0
12720.0
12740.0
12760.0
12780.0
12800.0
12820.0
12840.0
12860.0
12880.0
12900.0
12920.0
12940.0
12960.0
12970.0
12990.0
13010.0
13030.0
13050.0
13070.0
13090.0
13100.0
13120.0
13140.0
13160.0
13180.0
13200.0
13210.0
13230.0
13240.0
13260.0
13280.0
13300.0
13320.0
13340.0
13360.0
13380.0
13400.0
13410.0
13420.0
13440.0
13460.0
13480.0
13500.0
13520.0
13540.0
13560.0
13580.0
13600.0
13620.0
13630.0
13640.0
13650.0
13670.0
13680.0
13700.0
13720.0
13740.0
13760.0
13760.0
13780.0
13800.0
13810.0
13830.0
13850.0
13870.0
13890.0
13910.0
13930.0
13950.0
13970.0
13990.0
14010.0
14030.0
14040.0
14060.0
14080.0
14100.0
14120.0
14140.0
14160.0
14180.0
14200.0
14220.0
14240.0
14260.0
14280.0
14300.0
14320.0
14330.0
14350.0
14370.0
14390.0
14410.0
14430.0
14450.0
14470.0
14480.0
14500.0
14520.0
14530.0
14550.0
14570.0
14590.0
14610.0
14630.0
14650.0
14670.0
14690.0
14710.0
14730.0
14740.0
14760.0
14780.0
14800.0
14820.0
14840.0
14860.0
14880.0
14900.0
14920.0
14930.0
14940.0
14960.0
14970.0
14990.0
15010.0
15030.0
15050.0
15060.0
15080.0
15100.0
15110.0
15130.0
15150.0
15170.0
15190.0
15210.0
15230.0
15240.0
15260.0
15280.0
15300.0
15320.0
15340.0
15360.0
15380.0
15400.0
15420.0
15430.0
15450.0
15470.0
15490.0
15510.0
15520.0
15540.0
15560.0
15580.0
15590.0
15610.0
15630.0
15640.0
15660.0
15680.0
15700.0
15720.0
15740.0
15760.0
15780.0
15800.0
15820.0
15840.0
15860.0
15880.0
15900.0
15920.0
15940.0
15950.0
15960.0
15970.0
15990.0
16010.0
16030.0
16050.0
16070.0
16090.0
16110.0
16120.0
16140.0
16160.0
16180.0
16200.0
16220.0
16240.0
16260.0
16280.0
16300.0
16310.0
16330.0
16350.0
16370.0
16390.0
16410.0
16430.0
16440.0
16460.0
16480.0
16500.0
16520.0
16540.0
16560.0
16580.0
16600.0
16620.0
16640.0
16660.0
16680.0
16700.0
16720.0
16730.0
16750.0
16760.0
16780.0
16800.0
16810.0
16830.0
16850.0
16870.0
16890.0
16910.0
16920.0
16930.0
16950.0
16970.0
16990.0
17010.0
17030.0
17050.0
17070.0
17090.0
17110.0
17130.0
17150.0
17160.0
17180.0
17200.0
17220.0
17240.0
17250.0
17270.0
17290.0
17300.0
17320.0
17340.0
17360.0
17370.0
17390.0
17410.0
17430.0
17440.0
17460.0
17460.0
17470.0
17480.0
17500.0
17520.0
17540.0
17560.0
17580.0
17600.0
17620.0
17610.0
17630.0
17650.0
17670.0
17680.0
17700.0
17720.0
17740.0
17760.0
17780.0
17800.0
17820.0
17840.0
17860.0
17880.0
17890.0
17910.0
17930.0
17950.0
17960.0
17980.0
18000.0
18020.0
18040.0
18060.0
18080.0
18100.0
18110.0
18130.0
18150.0
18170.0
18190.0
18210.0
18220.0
18230.0
18250.0
18270.0
18280.0
18300.0
18320.0
18340.0
18360.0
18370.0
18390.0
18390.0
18400.0
18420.0
18440.0
18460.0
18480.0
18500.0
18520.0
18540.0
18560.0
18580.0
18600.0
18620.0
18630.0
18650.0
18670.0
18690.0
18700.0
18720.0
18740.0
18750.0
18770.0
18790.0
18810.0
18830.0
18840.0
18860.0
18880.0
18890.0
18910.0
18920.0
18930.0
18950.0
18960.0
18970.0
18990.0
19010.0
19030.0
19050.0
19070.0
19090.0
19080.0
19100.0
19120.0
19140.0
19160.0
19180.0
19200.0
19220.0
19240.0
19260.0
19270.0
19290.0
19300.0
19320.0
19340.0
19350.0
19370.0
19380.0
19400.0
19420.0
19430.0
19450.0
19470.0
19490.0
19500.0
19520.0
19540.0
19560.0
19580.0
19600.0
19620.0
19640.0
19660.0
19680.0
19700.0
19720.0
19730.0
19740.0
19760.0
19770.0
19790.0
19800.0
19820.0
19840.0
19860.0
19880.0
19900.0
19920.0
19940.0
19960.0
19980.0
20000.0
20020.0
20030.0
20030.0
20050.0
20060.0
20070.0
20090.0
20110.0
20130.0
20150.0
20170.0
20180.0
20200.0
20220.0
20240.0
20260.0
20280.0
20300.0
20320.0
20330.0
20330.0
20350.0
20370.0
20390.0
20410.0
20430.0
20450.0
20470.0
20490.0
20510.0
20530.0
20550.0
20570.0
20590.0
20610.0
20630.0
20650.0
20670.0
20690.0
20710.0
20730.0
20750.0
20770.0
20780.0
20790.0
20810.0
20830.0
20850.0
20870.0
20890.0
20910.0
20930.0
20950.0
20970.0
20990.0
21010.0
21020.0
21040.0
21060.0
21080.0
21100.0
21100.0
21120.0
21140.0
21160.0
21170.0
21190.0
21200.0
21220.0
21240.0
21260.0
21280.0
21300.0
21320.0
21340.0
21360.0
21370.0
21390.0
21410.0
21430.0
21450.0
21460.0
21480.0
21500.0
21520.0
21540.0
21560.0
21580.0
21600.0
21610.0
21630.0
21650.0
21670.0
21690.0
21700.0
21720.0
21740.0
21750.0
21770.0
21790.0
21810.0
21830.0
21840.0
21860.0
21880.0
21890.0
21910.0
21930.0
21950.0
21970.0
21990.0
22000.0
22020.0
22030.0
22050.0
22070.0
22090.0
22100.0
22120.0
22140.0
22150.0
22170.0
22190.0
22210.0
22230.0
22250.0
22270.0
22290.0
22310.0
22330.0
22350.0
22370.0
22390.0
22410.0
22430.0
22450.0
22470.0
22490.0
22510.0
22530.0
22530.0
22550.0
22570.0
22590.0
22600.0
22620.0
22640.0
22660.0
22680.0
22700.0
22720.0
22740.0
22750.0
22770.0
22790.0
22810.0
22820.0
22840.0
22860.0
22880.0
22900.0
22920.0
22940.0
22960.0
22980.0
23000.0
23020.0
23040.0
23060.0
23080.0
23090.0
23110.0
23130.0
23150.0
23170.0
23190.0
23210.0
23230.0
23250.0
23270.0
23280.0
23290.0
23310.0
23330.0
23350.0
23370.0
23390.0
23410.0
23430.0
23450.0
23470.0
23490.0
23500.0
23520.0
23540.0
23560.0
23580.0
23600.0
23610.0
23630.0
23650.0
23660.0
23680.0
23690.0
23710.0
23730.0
23750.0
23770.0
23780.0
23800.0
23820.0
23840.0
23860.0
23880.0
23900.0
23920.0
23940.0
23960.0
23980.0
24000.0
24020.0
24030.0
24050.0
24070.0
24090.0
24110.0
24130.0
24150.0
24170.0
24190.0
24210.0
24220.0
24240.0
24260.0
24280.0
24300.0
24320.0
24340.0
24350.0
24370.0
24390.0
24410.0
24430.0
24450.0
24460.0
24480.0
24500.0
24520.0
24530.0
24550.0
24570.0
24590.0
24610.0
24630.0
24650.0
24670.0
24690.0
24710.0
24720.0
24740.0
24760.0
24780.0
24800.0
24820.0
24840.0
24860.0
24880.0
24900.0
24920.0
24930.0
24950.0
24970.0
24990.0
25010.0
25020.0
25040.0
25060.0
25080.0
25100.0
25120.0
25140.0
25160.0
25180.0
25200.0
25220.0
25240.0
25260.0
25280.0
25300.0
25320.0
25340.0
25350.0
25370.0
25390.0
25410.0
25430.0
25450.0
25470.0
25490.0
25500.0
25520.0
25540.0
25560.0
25580.0
25600.0
25620.0
25640.0
25660.0
25680.0
25700.0
