a = 0.2
g = 0.2
e = 0.3
random initial weights = false

-540.0
-1030.0
-1230.0
-1290.0
-1270.0
-1260.0
-1360.0
-1430.0
-1490.0
-1620.0
-1620.0
-1620.0
-1630.0
-1670.0
-1670.0
-1710.0
-1760.0
-1810.0
-1810.0
-1800.0
-1810.0
-1800.0
-1800.0
-1800.0
-1780.0
-1780.0
-1760.0
-1750.0
-1730.0
-1730.0
-1740.0
-1720.0
-1710.0
-1700.0
-1690.0
-1690.0
-1710.0
-1690.0
-1670.0
-1650.0
-1660.0
-1680.0
-1670.0
-1670.0
-1650.0
-1630.0
-1610.0
-1640.0
-1630.0
-1610.0
-1620.0
-1600.0
-1590.0
-1570.0
-1550.0
-1550.0
-1540.0
-1520.0
-1510.0
-1490.0
-1470.0
-1480.0
-1460.0
-1440.0
-1420.0
-1410.0
-1390.0
-1370.0
-1350.0
-1330.0
-1330.0
-1310.0
-1310.0
-1290.0
-1270.0
-1260.0
-1270.0
-1250.0
-1230.0
-1210.0
-1190.0
-1170.0
-1150.0
-1130.0
-1110.0
-1090.0
-1090.0
-1080.0
-1070.0
-1060.0
-1050.0
-1030.0
-1020.0
-1030.0
-1010.0
-990.0
-980.0
-960.0
-950.0
-950.0
-940.0
-950.0
-930.0
-910.0
-890.0
-870.0
-850.0
-850.0
-840.0
-830.0
-810.0
-820.0
-830.0
-820.0
-800.0
-800.0
-780.0
-770.0
-760.0
-750.0
-750.0
-750.0
-740.0
-730.0
-720.0
-700.0
-680.0
-670.0
-670.0
-660.0
-660.0
-640.0
-620.0
-600.0
-590.0
-580.0
-560.0
-560.0
-540.0
-520.0
-520.0
-510.0
-490.0
-470.0
-460.0
-440.0
-430.0
-420.0
-430.0
-420.0
-410.0
-400.0
-390.0
-370.0
-350.0
-330.0
-320.0
-300.0
-300.0
-280.0
-280.0
-260.0
-240.0
-230.0
-210.0
-190.0
-180.0
-180.0
-160.0
-140.0
-120.0
-120.0
-100.0
-80.0
-70.0
-60.0
-40.0
-20.0
-10.0
0.0
-10.0
-10.0
10.0
10.0
30.0
50.0
70.0
80.0
100.0
120.0
140.0
130.0
140.0
160.0
180.0
190.0
210.0
210.0
220.0
230.0
230.0
240.0
250.0
270.0
290.0
280.0
300.0
290.0
310.0
330.0
350.0
360.0
370.0
390.0
410.0
430.0
440.0
440.0
460.0
470.0
460.0
470.0
490.0
480.0
500.0
500.0
520.0
540.0
530.0
540.0
550.0
550.0
570.0
570.0
580.0
590.0
590.0
600.0
620.0
640.0
660.0
680.0
700.0
700.0
720.0
740.0
720.0
710.0
730.0
740.0
750.0
770.0
760.0
780.0
800.0
790.0
800.0
820.0
830.0
840.0
840.0
850.0
860.0
880.0
890.0
900.0
920.0
940.0
920.0
940.0
960.0
960.0
970.0
980.0
970.0
990.0
1000.0
1010.0
1030.0
1030.0
1050.0
1070.0
1080.0
1100.0
1120.0
1110.0
1130.0
1150.0
1170.0
1190.0
1190.0
1210.0
1230.0
1250.0
1270.0
1260.0
1280.0
1290.0
1310.0
1320.0
1320.0
1320.0
1310.0
1320.0
1330.0
1340.0
1360.0
1370.0
1390.0
1410.0
1400.0
1410.0
1430.0
1450.0
1470.0
1480.0
1480.0
1480.0
1490.0
1510.0
1520.0
1540.0
1550.0
1530.0
1540.0
1540.0
1530.0
1550.0
1550.0
1570.0
1590.0
1600.0
1610.0
1630.0
1640.0
1660.0
1680.0
1690.0
1700.0
1720.0
1730.0
1750.0
1760.0
1780.0
1780.0
1780.0
1800.0
1810.0
1830.0
1850.0
1870.0
1860.0
1860.0
1880.0
1900.0
1920.0
1940.0
1950.0
1960.0
1980.0
1990.0
2010.0
2000.0
2000.0
2020.0
2040.0
2030.0
2030.0
2040.0
2050.0
2070.0
2080.0
2090.0
2110.0
2130.0
2150.0
2160.0
2180.0
2190.0
2210.0
2200.0
2210.0
2210.0
2230.0
2240.0
2250.0
2270.0
2290.0
2310.0
2300.0
2320.0
2340.0
2340.0
2340.0
2340.0
2360.0
2360.0
2370.0
2380.0
2390.0
2400.0
2420.0
2420.0
2430.0
2430.0
2440.0
2430.0
2420.0
2440.0
2460.0
2480.0
2500.0
2510.0
2500.0
2510.0
2530.0
2550.0
2570.0
2590.0
2600.0
2600.0
2600.0
2600.0
2620.0
2630.0
2650.0
2670.0
2670.0
2680.0
2700.0
2710.0
2730.0
2750.0
2760.0
2760.0
2780.0
2790.0
2800.0
2810.0
2810.0
2830.0
2850.0
2860.0
2850.0
2870.0
2890.0
2900.0
2910.0
2930.0
2940.0
2940.0
2950.0
2960.0
2980.0
3000.0
3020.0
3020.0
3020.0
3040.0
3050.0
3070.0
3080.0
3090.0
3110.0
3130.0
3150.0
3160.0
3160.0
3170.0
3170.0
3190.0
3210.0
3230.0
3240.0
3240.0
3260.0
3270.0
3280.0
3300.0
3310.0
3330.0
3340.0
3360.0
3380.0
3400.0
3410.0
3430.0
3440.0
3460.0
3470.0
3490.0
3510.0
3510.0
3530.0
3550.0
3570.0
3570.0
3580.0
3600.0
3620.0
3620.0
3620.0
3620.0
3630.0
3640.0
3650.0
3650.0
3670.0
3680.0
3700.0
3720.0
3720.0
3740.0
3750.0
3770.0
3790.0
3810.0
3810.0
3830.0
3840.0
3860.0
3870.0
3880.0
3900.0
3910.0
3920.0
3940.0
3960.0
3970.0
3990.0
3990.0
4010.0
4010.0
4010.0
4010.0
4030.0
4050.0
4050.0
4070.0
4090.0
4100.0
4120.0
4140.0
4160.0
4170.0
4180.0
4180.0
4190.0
4210.0
4210.0
4230.0
4250.0
4270.0
4280.0
4300.0
4320.0
4330.0
4350.0
4350.0
4360.0
4370.0
4360.0
4380.0
4390.0
4410.0
4410.0
4420.0
4430.0
4440.0
4440.0
4460.0
4480.0
4490.0
4500.0
4500.0
4510.0
4520.0
4540.0
4560.0
4580.0
4590.0
4610.0
4610.0
4630.0
4640.0
4660.0
4670.0
4680.0
4680.0
4690.0
4710.0
4730.0
4740.0
4750.0
4770.0
4790.0
4800.0
4810.0
4830.0
4840.0
4840.0
4860.0
4870.0
4880.0
4890.0
4880.0
4900.0
4910.0
4900.0
4910.0
4920.0
4920.0
4940.0
4960.0
4980.0
5000.0
5020.0
5040.0
5060.0
5060.0
5080.0
5070.0
5090.0
5110.0
5100.0
5120.0
5140.0
5160.0
5180.0
5200.0
5210.0
5210.0
5230.0
5250.0
5250.0
5270.0
5290.0
5310.0
5320.0
5340.0
5350.0
5370.0
5370.0
5390.0
5410.0
5420.0
5430.0
5450.0
5460.0
5480.0
5500.0
5520.0
5540.0
5560.0
5580.0
5580.0
5580.0
5590.0
5610.0
5620.0
5640.0
5660.0
5670.0
5690.0
5690.0
5710.0
5720.0
5730.0
5750.0
5760.0
5780.0
5760.0
5770.0
5750.0
5750.0
5760.0
5770.0
5790.0
5810.0
5790.0
5810.0
5830.0
5840.0
5840.0
5840.0
5840.0
5860.0
5880.0
5900.0
5920.0
5940.0
5960.0
5980.0
6000.0
6010.0
6020.0
6030.0
6040.0
6060.0
6060.0
6080.0
6100.0
6120.0
6130.0
6140.0
6140.0
6160.0
6170.0
6190.0
6200.0
6210.0
6210.0
6210.0
6220.0
6240.0
6260.0
6280.0
6260.0
6270.0
6290.0
6290.0
6310.0
6310.0
6330.0
6350.0
6360.0
6380.0
6400.0
6420.0
6440.0
6450.0
6460.0
6470.0
6470.0
6480.0
6500.0
6520.0
6530.0
6520.0
6530.0
6550.0
6560.0
6580.0
6600.0
6610.0
6620.0
6630.0
6650.0
6670.0
6680.0
6700.0
6700.0
6720.0
6740.0
6760.0
6750.0
6770.0
6790.0
6810.0
6830.0
6850.0
6860.0
6860.0
6870.0
6890.0
6900.0
6910.0
6930.0
6930.0
6950.0
6970.0
6990.0
7000.0
7000.0
7000.0
7010.0
7030.0
7030.0
7050.0
7060.0
7060.0
7080.0
7090.0
7110.0
7120.0
7140.0
7150.0
7170.0
7160.0
7180.0
7200.0
7210.0
7230.0
7240.0
7250.0
7270.0
7290.0
7280.0
7300.0
7320.0
7320.0
7340.0
7360.0
7360.0
7370.0
7370.0
7380.0
7390.0
7400.0
7420.0
7440.0
7440.0
7450.0
7470.0
7490.0
7500.0
7510.0
7530.0
7550.0
7560.0
7580.0
7600.0
7610.0
7620.0
7630.0
7620.0
7630.0
7650.0
7660.0
7670.0
7680.0
7700.0
7710.0
7730.0
7740.0
7760.0
7780.0
7800.0
7790.0
7800.0
7820.0
7840.0
7840.0
7860.0
7880.0
7890.0
7910.0
7900.0
7900.0
7920.0
7940.0
7960.0
7980.0
7950.0
7970.0
7980.0
7990.0
8000.0
8010.0
8020.0
8040.0
8030.0
8030.0
8040.0
8050.0
8050.0
8050.0
8070.0
8080.0
8080.0
8100.0
8120.0
8130.0
8150.0
8170.0
8150.0
8160.0
8180.0
8200.0
8210.0
8230.0
8220.0
8210.0
8230.0
8240.0
8250.0
8270.0
8290.0
8310.0
8320.0
8330.0
8350.0
8370.0
8390.0
8390.0
8400.0
8410.0
8420.0
8440.0
8440.0
8440.0
8440.0
8450.0
8470.0
8480.0
8500.0
8510.0
8520.0
8540.0
8530.0
8550.0
8540.0
8550.0
8560.0
8580.0
8570.0
8580.0
8580.0
8580.0
8590.0
8590.0
8580.0
8580.0
8590.0
8600.0
8600.0
8600.0
8620.0
8630.0
8610.0
8630.0
8650.0
8670.0
8680.0
8690.0
8710.0
8720.0
8730.0
8740.0
8760.0
8760.0
8770.0
8790.0
8770.0
8790.0
8800.0
8820.0
8840.0
8850.0
8860.0
8880.0
8890.0
8910.0
8930.0
8940.0
8940.0
8940.0
8960.0
8980.0
8990.0
9010.0
8990.0
9010.0
9030.0
9040.0
9030.0
9050.0
9070.0
9090.0
9090.0
9070.0
9090.0
9110.0
9130.0
9150.0
9160.0
9180.0
9190.0
9200.0
9220.0
9230.0
9240.0
9260.0
9270.0
9290.0
9270.0
9290.0
9300.0
9300.0
9300.0
9320.0
9330.0
9330.0
9310.0
9330.0
9350.0
9370.0
9390.0
9390.0
9400.0
9420.0
9430.0
9450.0
9450.0
9470.0
9490.0
9510.0
9530.0
9550.0
9560.0
9560.0
9560.0
9580.0
9600.0
9610.0
9620.0
9620.0
9640.0
9630.0
9640.0
9660.0
9660.0
9680.0
9690.0
9700.0
9710.0
9730.0
9740.0
9760.0
9780.0
9780.0
9790.0
9790.0
9810.0
9820.0
9840.0
9860.0
9880.0
9890.0
9900.0
9910.0
9920.0
9940.0
9950.0
9970.0
9990.0
10000.0
10020.0
10040.0
10040.0
10060.0
10070.0
10080.0
10090.0
10100.0
10080.0
10100.0
10120.0
10120.0
10130.0
10150.0
10170.0
10190.0
10190.0
10200.0
10220.0
10240.0
10230.0
10250.0
10270.0
10250.0
10270.0
10290.0
10290.0
10300.0
10320.0
10330.0
10350.0
10370.0
10390.0
10400.0
10400.0
10420.0
10440.0
10460.0
10460.0
10480.0
10450.0
10470.0
10490.0
10470.0
10480.0
10490.0
10510.0
10520.0
10530.0
10550.0
10570.0
10560.0
10570.0
10580.0
10590.0
10590.0
10580.0
10590.0
10590.0
10590.0
10590.0
10600.0
10600.0
10610.0
10610.0
10630.0
10640.0
10630.0
10650.0
10660.0
10680.0
10690.0
10680.0
10700.0
10710.0
10720.0
10730.0
10750.0
10770.0
10770.0
10790.0
10800.0
10820.0
10840.0
10860.0
10880.0
10890.0
10910.0
10910.0
10920.0
10940.0
10950.0
10960.0
10980.0
10990.0
11010.0
11030.0
11050.0
11060.0
11080.0
11090.0
11110.0
11120.0
11130.0
11120.0
11130.0
11150.0
11170.0
11170.0
11190.0
11180.0
11160.0
11180.0
11200.0
11200.0
11220.0
11240.0
11260.0
11280.0
11280.0
11290.0
11290.0
11310.0
11330.0
11310.0
11330.0
11340.0
11340.0
11360.0
11370.0
11370.0
11380.0
11400.0
11400.0
11410.0
11430.0
11450.0
11470.0
11490.0
11480.0
11490.0
11510.0
11520.0
11530.0
11550.0
11530.0
11540.0
11560.0
11570.0
11580.0
11590.0
11590.0
11600.0
11620.0
11620.0
11640.0
11650.0
11670.0
11690.0
11700.0
11720.0
11740.0
11750.0
11770.0
11780.0
11750.0
11750.0
11760.0
11780.0
11790.0
11810.0
11810.0
11830.0
11840.0
11840.0
11860.0
11860.0
11850.0
11850.0
11870.0
11880.0
11890.0
11900.0
11920.0
11940.0
11960.0
11970.0
11990.0
12010.0
12020.0
12040.0
12050.0
12040.0
12060.0
12070.0
12080.0
12080.0
12090.0
12110.0
12130.0
12130.0
12140.0
12150.0
12160.0
12180.0
12190.0
12210.0
12230.0
12250.0
12270.0
12290.0
12300.0
12320.0
12320.0
12330.0
12330.0
12350.0
12360.0
12370.0
12390.0
12380.0
12370.0
12360.0
12380.0
12390.0
12410.0
12420.0
12420.0
12430.0
12440.0
12460.0
12470.0
12490.0
12510.0
12530.0
12550.0
12570.0
12590.0
12590.0
12610.0
12620.0
12640.0
12650.0
12670.0
12660.0
12650.0
12660.0
12680.0
12670.0
12680.0
12690.0
12700.0
12710.0
12730.0
12720.0
12720.0
12740.0
12760.0
12780.0
12770.0
12790.0
12810.0
12820.0
12840.0
12850.0
12870.0
12880.0
12900.0
12920.0
12940.0
12950.0
12970.0
12980.0
12980.0
12990.0
12990.0
12990.0
13010.0
13030.0
13050.0
13070.0
13090.0
13090.0
13110.0
13130.0
13150.0
13170.0
13170.0
13190.0
13200.0
13220.0
13220.0
13240.0
13250.0
13240.0
13260.0
13270.0
13290.0
13290.0
13300.0
13320.0
13310.0
13320.0
13310.0
13330.0
13350.0
13370.0
13380.0
13360.0
13380.0
13370.0
13390.0
13410.0
13430.0
13450.0
13450.0
13470.0
13490.0
13490.0
13510.0
13520.0
13540.0
13560.0
13580.0
13590.0
13610.0
13630.0
13650.0
13660.0
13670.0
13690.0
13710.0
13720.0
13710.0
13730.0
13750.0
13760.0
13780.0
13800.0
13820.0
13830.0
13850.0
13860.0
13880.0
13890.0
13910.0
13910.0
13930.0
13950.0
13970.0
13970.0
13990.0
14000.0
13980.0
14000.0
14010.0
14020.0
14040.0
14020.0
14020.0
14040.0
14060.0
14050.0
14060.0
14070.0
14060.0
14070.0
14090.0
14100.0
14120.0
14140.0
14160.0
14180.0
14200.0
14210.0
14220.0
14240.0
14250.0
14270.0
14280.0
14270.0
14280.0
14280.0
14290.0
14270.0
14290.0
14300.0
14290.0
14300.0
14320.0
14340.0
14360.0
14350.0
14370.0
14380.0
14400.0
14400.0
14410.0
14410.0
14400.0
14410.0
14430.0
14440.0
14430.0
14440.0
14460.0
14460.0
14470.0
14490.0
14510.0
14530.0
14540.0
14550.0
14570.0
14590.0
14610.0
14600.0
14610.0
14620.0
14640.0
14660.0
14680.0
14680.0
14680.0
14680.0
14700.0
14690.0
14700.0
14720.0
14740.0
14760.0
14760.0
14750.0
14770.0
14780.0
14790.0
14810.0
14810.0
14820.0
14840.0
14850.0
14860.0
14850.0
14870.0
14880.0
14890.0
14900.0
14920.0
14920.0
14930.0
14940.0
14960.0
14960.0
