a = 0.5
g = 0.8
e = 0.1
random initial weights = true

-370.0
-370.0
-360.0
-350.0
-350.0
-360.0
-380.0
-370.0
-360.0
-350.0
-340.0
-330.0
-320.0
-320.0
-310.0
-310.0
-300.0
-290.0
-280.0
-280.0
-270.0
-250.0
-230.0
-220.0
-200.0
-190.0
-170.0
-150.0
-130.0
-120.0
-100.0
-90.0
-70.0
-60.0
-40.0
-20.0
0.0
20.0
40.0
60.0
80.0
100.0
120.0
140.0
160.0
180.0
200.0
220.0
240.0
260.0
280.0
300.0
320.0
320.0
340.0
360.0
380.0
400.0
420.0
440.0
460.0
480.0
490.0
490.0
510.0
530.0
550.0
570.0
590.0
610.0
630.0
650.0
670.0
690.0
710.0
720.0
740.0
760.0
770.0
790.0
810.0
830.0
850.0
870.0
890.0
910.0
930.0
940.0
960.0
980.0
1000.0
1020.0
1030.0
1050.0
1070.0
1090.0
1110.0
1130.0
1150.0
1170.0
1190.0
1210.0
1230.0
1250.0
1270.0
1290.0
1310.0
1330.0
1350.0
1370.0
1390.0
1400.0
1410.0
1430.0
1450.0
1470.0
1490.0
1510.0
1530.0
1550.0
1570.0
1590.0
1610.0
1630.0
1650.0
1670.0
1690.0
1710.0
1730.0
1750.0
1770.0
1790.0
1810.0
1830.0
1850.0
1870.0
1890.0
1910.0
1930.0
1950.0
1970.0
1990.0
2000.0
2020.0
2040.0
2060.0
2080.0
2090.0
2110.0
2130.0
2150.0
2170.0
2190.0
2190.0
2210.0
2220.0
2240.0
2260.0
2280.0
2300.0
2320.0
2330.0
2350.0
2370.0
2390.0
2410.0
2430.0
2450.0
2470.0
2490.0
2510.0
2530.0
2550.0
2570.0
2590.0
2600.0
2620.0
2640.0
2660.0
2680.0
2700.0
2720.0
2740.0
2760.0
2780.0
2800.0
2820.0
2840.0
2860.0
2880.0
2900.0
2920.0
2940.0
2960.0
2980.0
3000.0
3010.0
3030.0
3040.0
3050.0
3070.0
3090.0
3110.0
3130.0
3150.0
3170.0
3190.0
3210.0
3230.0
3240.0
3260.0
3280.0
3300.0
3320.0
3340.0
3360.0
3380.0
3390.0
3410.0
3430.0
3450.0
3470.0
3480.0
3500.0
3520.0
3540.0
3560.0
3570.0
3580.0
3600.0
3620.0
3640.0
3660.0
3670.0
3690.0
3710.0
3730.0
3750.0
3770.0
3790.0
3810.0
3830.0
3840.0
3860.0
3880.0
3900.0
3910.0
3920.0
3940.0
3960.0
3980.0
4000.0
4020.0
4040.0
4050.0
4070.0
4080.0
4100.0
4120.0
4140.0
4160.0
4180.0
4200.0
4220.0
4240.0
4260.0
4280.0
4300.0
4320.0
4340.0
4360.0
4380.0
4400.0
4420.0
4440.0
4450.0
4460.0
4480.0
4500.0
4520.0
4540.0
4560.0
4580.0
4590.0
4610.0
4630.0
4650.0
4660.0
4680.0
4700.0
4720.0
4740.0
4760.0
4780.0
4790.0
4810.0
4830.0
4850.0
4860.0
4880.0
4900.0
4920.0
4940.0
4960.0
4970.0
4990.0
5010.0
5030.0
5050.0
5070.0
5090.0
5110.0
5130.0
5150.0
5170.0
5190.0
5210.0
5230.0
5250.0
5270.0
5290.0
5310.0
5330.0
5350.0
5370.0
5390.0
5410.0
5430.0
5450.0
5460.0
5480.0
5500.0
5510.0
5530.0
5550.0
5570.0
5580.0
5600.0
5620.0
5640.0
5660.0
5670.0
5690.0
5710.0
5730.0
5750.0
5760.0
5770.0
5780.0
5800.0
5810.0
5830.0
5850.0
5870.0
5890.0
5900.0
5920.0
5930.0
5950.0
5960.0
5970.0
5990.0
6010.0
6030.0
6040.0
6060.0
6080.0
6090.0
6110.0
6120.0
6130.0
6150.0
6170.0
6190.0
6210.0
6230.0
6250.0
6270.0
6280.0
6300.0
6320.0
6330.0
6350.0
6370.0
6380.0
6400.0
6420.0
6440.0
6460.0
6480.0
6500.0
6520.0
6540.0
6560.0
6580.0
6600.0
6620.0
6640.0
6660.0
6680.0
6700.0
6710.0
6720.0
6740.0
6750.0
6770.0
6790.0
6810.0
6830.0
6850.0
6860.0
6880.0
6900.0
6910.0
6930.0
6950.0
6970.0
6980.0
7000.0
7020.0
7040.0
7060.0
7070.0
7090.0
7110.0
7130.0
7150.0
7170.0
7190.0
7210.0
7230.0
7250.0
7270.0
7290.0
7300.0
7320.0
7340.0
7360.0
7380.0
7400.0
7400.0
7420.0
7440.0
7460.0
7480.0
7500.0
7520.0
7540.0
7560.0
7580.0
7600.0
7620.0
7640.0
7660.0
7680.0
7700.0
7710.0
7730.0
7750.0
7770.0
7780.0
7800.0
7810.0
7820.0
7840.0
7860.0
7870.0
7890.0
7910.0
7930.0
7950.0
7970.0
7990.0
8010.0
8020.0
8040.0
8060.0
8080.0
8100.0
8110.0
8110.0
8130.0
8150.0
8170.0
8190.0
8210.0
8230.0
8250.0
8270.0
8290.0
8310.0
8330.0
8350.0
8370.0
8390.0
8410.0
8430.0
8450.0
8470.0
8490.0
8510.0
8530.0
8550.0
8570.0
8590.0
8610.0
8620.0
8640.0
8650.0
8670.0
8690.0
8710.0
8730.0
8750.0
8770.0
8790.0
8810.0
8830.0
8840.0
8860.0
8880.0
8890.0
8910.0
8930.0
8950.0
8970.0
8990.0
9010.0
9030.0
9050.0
9070.0
9090.0
9110.0
9130.0
9150.0
9170.0
9190.0
9210.0
9220.0
9230.0
9250.0
9270.0
9290.0
9310.0
9330.0
9350.0
9370.0
9390.0
9410.0
9430.0
9450.0
9470.0
9490.0
9510.0
9530.0
9550.0
9570.0
9590.0
9610.0
9630.0
9650.0
9670.0
9690.0
9710.0
9730.0
9750.0
9770.0
9780.0
9800.0
9820.0
9840.0
9860.0
9870.0
9890.0
9910.0
9930.0
9950.0
9960.0
9980.0
9990.0
10010.0
10030.0
10050.0
10070.0
10080.0
10100.0
10120.0
10140.0
10160.0
10180.0
10180.0
10200.0
10220.0
10240.0
10260.0
10280.0
10290.0
10310.0
10330.0
10350.0
10370.0
10390.0
10390.0
10410.0
10420.0
10440.0
10450.0
10470.0
10480.0
10500.0
10520.0
10540.0
10550.0
10570.0
10590.0
10610.0
10630.0
10650.0
10660.0
10680.0
10700.0
10720.0
10740.0
10760.0
10770.0
10790.0
10810.0
10830.0
10850.0
10870.0
10890.0
10910.0
10920.0
10940.0
10960.0
10980.0
11000.0
11020.0
11030.0
11050.0
11070.0
11090.0
11110.0
11130.0
11150.0
11170.0
11190.0
11210.0
11230.0
11250.0
11270.0
11290.0
11310.0
11330.0
11350.0
11370.0
11390.0
11410.0
11430.0
11450.0
11470.0
11490.0
11510.0
11530.0
11550.0
11570.0
11590.0
11610.0
11630.0
11640.0
11660.0
11680.0
11700.0
11710.0
11730.0
11740.0
11760.0
11780.0
11790.0
11810.0
11830.0
11850.0
11870.0
11890.0
11910.0
11930.0
11950.0
11970.0
11990.0
12010.0
12030.0
12050.0
12070.0
12090.0
12110.0
12130.0
12150.0
12160.0
12180.0
12200.0
12220.0
12240.0
12260.0
12280.0
12300.0
12310.0
12320.0
12340.0
12360.0
12380.0
12400.0
12420.0
12440.0
12460.0
12460.0
12480.0
12490.0
12500.0
12510.0
12520.0
12530.0
12540.0
12560.0
12580.0
12600.0
12620.0
12640.0
12660.0
12680.0
12700.0
12720.0
12730.0
12750.0
12770.0
12790.0
12810.0
12830.0
12850.0
12870.0
12880.0
12900.0
12920.0
12940.0
12960.0
12970.0
12980.0
13000.0
13020.0
13040.0
13050.0
13070.0
13090.0
13110.0
13130.0
13140.0
13160.0
13180.0
13200.0
13220.0
13240.0
13260.0
13280.0
13300.0
13320.0
13330.0
13350.0
13370.0
13390.0
13410.0
13430.0
13450.0
13470.0
13490.0
13510.0
13520.0
13520.0
13540.0
13550.0
13570.0
13590.0
13610.0
13630.0
13650.0
13670.0
13690.0
13700.0
13720.0
13740.0
13760.0
13780.0
13790.0
13810.0
13830.0
13840.0
13860.0
13880.0
13900.0
13910.0
13930.0
13950.0
13970.0
13990.0
14010.0
14030.0
14050.0
14070.0
14090.0
14110.0
14130.0
14150.0
14170.0
14190.0
14210.0
14230.0
14250.0
14260.0
14280.0
14300.0
14320.0
14340.0
14360.0
14360.0
14380.0
14400.0
14420.0
14440.0
14450.0
14470.0
14480.0
14500.0
14520.0
14540.0
14550.0
14560.0
14580.0
14600.0
14620.0
14640.0
14650.0
14660.0
14680.0
14690.0
14710.0
14730.0
14750.0
14770.0
14790.0
14810.0
14830.0
14850.0
14870.0
14890.0
14900.0
14920.0
14940.0
14960.0
14970.0
14990.0
15000.0
15020.0
15030.0
15050.0
15070.0
15090.0
15110.0
15130.0
15150.0
15170.0
15190.0
15210.0
15230.0
15250.0
15270.0
15290.0
15310.0
15330.0
15350.0
15370.0
15390.0
15410.0
15430.0
15450.0
15470.0
15490.0
15510.0
15520.0
15530.0
15550.0
15560.0
15570.0
15590.0
15610.0
15630.0
15650.0
15670.0
15690.0
15710.0
15730.0
15740.0
15760.0
15780.0
15790.0
15810.0
15810.0
15830.0
15850.0
15860.0
15880.0
15900.0
15920.0
15920.0
15940.0
15960.0
15980.0
16000.0
16020.0
16030.0
16050.0
16070.0
16090.0
16100.0
16120.0
16130.0
16150.0
16170.0
16190.0
16210.0
16230.0
16250.0
16270.0
16290.0
16310.0
16330.0
16350.0
16370.0
16390.0
16410.0
16430.0
16450.0
16460.0
16480.0
16500.0
16510.0
16530.0
16550.0
16570.0
16590.0
16610.0
16630.0
16650.0
16670.0
16690.0
16710.0
16730.0
16750.0
16770.0
16790.0
16810.0
16830.0
16850.0
16870.0
16890.0
16910.0
16930.0
16950.0
16970.0
16990.0
17000.0
17020.0
17040.0
17060.0
17070.0
17090.0
17110.0
17130.0
17150.0
17170.0
17190.0
17210.0
17230.0
17250.0
17270.0
17290.0
17310.0
17330.0
17350.0
17370.0
17390.0
17410.0
17430.0
17450.0
17470.0
17490.0
17500.0
17510.0
17530.0
17550.0
17570.0
17580.0
17600.0
17620.0
17640.0
17660.0
17680.0
17700.0
17710.0
17730.0
17750.0
17770.0
17780.0
17790.0
17810.0
17810.0
17830.0
17840.0
17850.0
17870.0
17890.0
17900.0
17920.0
17940.0
17950.0
17970.0
17980.0
18000.0
18020.0
18040.0
18060.0
18080.0
18100.0
18120.0
18140.0
18160.0
18170.0
18190.0
18210.0
18220.0
18240.0
18250.0
18270.0
18290.0
18310.0
18330.0
18340.0
18360.0
18380.0
18400.0
18420.0
18440.0
18460.0
18470.0
18490.0
18510.0
18530.0
18550.0
18570.0
18590.0
18610.0
18610.0
18630.0
18650.0
18670.0
18690.0
18710.0
18730.0
18750.0
18770.0
18790.0
18810.0
18820.0
18840.0
18860.0
18880.0
18900.0
18920.0
18940.0
18960.0
18980.0
19000.0
19020.0
19040.0
19060.0
19070.0
19080.0
19090.0
19110.0
19130.0
19150.0
19170.0
19190.0
19210.0
19230.0
19250.0
19270.0
19290.0
19310.0
19330.0
19350.0
19370.0
19390.0
19400.0
19420.0
19440.0
19460.0
19460.0
19480.0
19500.0
19520.0
19540.0
19560.0
19570.0
19590.0
19610.0
19630.0
19650.0
19640.0
19660.0
19680.0
19700.0
19720.0
19740.0
19760.0
19780.0
19800.0
19810.0
19830.0
19850.0
19870.0
19880.0
19900.0
19920.0
19940.0
19950.0
19970.0
19980.0
20000.0
20020.0
20020.0
20030.0
20050.0
20070.0
20090.0
20110.0
20120.0
20140.0
20160.0
20170.0
20190.0
20210.0
20230.0
20250.0
20270.0
20290.0
20310.0
20330.0
20350.0
20370.0
20390.0
20380.0
20400.0
20420.0
20440.0
20460.0
20480.0
20500.0
20520.0
20540.0
20560.0
20580.0
20600.0
20620.0
20640.0
20660.0
20680.0
20700.0
20720.0
20730.0
20750.0
20760.0
20780.0
20800.0
20820.0
20840.0
20860.0
20880.0
20900.0
20920.0
20940.0
20960.0
20980.0
21000.0
21020.0
21040.0
21060.0
21070.0
21090.0
21100.0
21110.0
21130.0
21150.0
21160.0
21180.0
21190.0
21210.0
21230.0
21250.0
21270.0
21290.0
21310.0
21330.0
21350.0
21370.0
21390.0
21400.0
21410.0
21430.0
21440.0
21460.0
21480.0
21500.0
21520.0
21530.0
21550.0
21560.0
21580.0
21600.0
21620.0
21640.0
21660.0
21680.0
21700.0
21710.0
21720.0
21740.0
21750.0
21770.0
21790.0
21810.0
21820.0
21840.0
21860.0
21880.0
21900.0
21920.0
21940.0
21960.0
21970.0
21990.0
22010.0
22030.0
22050.0
22070.0
22090.0
22110.0
22130.0
22150.0
22160.0
22180.0
22200.0
22220.0
22240.0
22260.0
22280.0
22300.0
22320.0
22340.0
22350.0
22370.0
22380.0
22400.0
22420.0
22440.0
22460.0
22480.0
22500.0
22520.0
22540.0
22560.0
22580.0
22600.0
22620.0
22630.0
22650.0
22670.0
22690.0
22710.0
22730.0
22750.0
22770.0
22790.0
22810.0
22830.0
22850.0
22870.0
22890.0
22910.0
22930.0
22950.0
22970.0
22990.0
23010.0
23030.0
23050.0
23070.0
23090.0
23110.0
23130.0
23140.0
23160.0
23180.0
23200.0
23220.0
23240.0
23260.0
23270.0
23280.0
23300.0
23320.0
23330.0
23350.0
23370.0
23390.0
23400.0
23420.0
23440.0
23460.0
23480.0
23500.0
23520.0
23540.0
23560.0
23570.0
23590.0
23610.0
23630.0
23650.0
23670.0
23690.0
23710.0
23720.0
23740.0
23760.0
23780.0
23790.0
23800.0
23820.0
23840.0
23860.0
23880.0
23900.0
23920.0
23940.0
23960.0
23980.0
24000.0
24020.0
24030.0
24040.0
24060.0
24080.0
24100.0
24120.0
24140.0
24160.0
24180.0
24200.0
24220.0
24240.0
24260.0
24270.0
24290.0
24310.0
24330.0
24350.0
24370.0
24390.0
24410.0
24430.0
24450.0
24470.0
24490.0
24510.0
24530.0
24550.0
24570.0
24590.0
24610.0
24620.0
24640.0
24660.0
24680.0
24700.0
24710.0
24730.0
24750.0
24770.0
24790.0
24810.0
24830.0
24850.0
24870.0
24890.0
24910.0
24930.0
24950.0
24960.0
24980.0
25000.0
25020.0
25040.0
25060.0
25080.0
25090.0
25110.0
25130.0
25150.0
25160.0
25180.0
25200.0
25220.0
25240.0
25260.0
25280.0
25300.0
25320.0
25340.0
25360.0
25380.0
25390.0
25410.0
25430.0
25450.0
25470.0
25490.0
25500.0
25520.0
25540.0
25560.0
25580.0
25590.0
25610.0
25630.0
25650.0
25670.0
25690.0
25710.0
25730.0
25750.0
25770.0
25790.0
25810.0
25820.0
25840.0
25860.0
25870.0
25890.0
25900.0
25920.0
25940.0
25950.0
25970.0
25980.0
26000.0
26010.0
26020.0
26040.0
26060.0
26080.0
26100.0
26110.0
26130.0
26150.0
26170.0
26190.0
26210.0
26230.0
26250.0
26270.0
26290.0
26310.0
26330.0
26350.0
26370.0
26380.0
26400.0
26420.0
26430.0
26450.0
26460.0
26480.0
26490.0
26510.0
26530.0
26550.0
26570.0
26590.0
26600.0
26610.0
26630.0
26650.0
