a = 0.8
g = 0.5
e = 0.1
random initial weights = true

-40.0
-80.0
-110.0
-110.0
-110.0
-110.0
-100.0
-90.0
-90.0
-80.0
-80.0
-80.0
-70.0
-60.0
-50.0
-40.0
-30.0
-60.0
-50.0
-40.0
-30.0
-20.0
0.0
20.0
40.0
60.0
80.0
100.0
120.0
130.0
150.0
170.0
190.0
210.0
230.0
250.0
270.0
280.0
300.0
320.0
340.0
360.0
380.0
400.0
420.0
440.0
460.0
480.0
500.0
520.0
540.0
550.0
570.0
590.0
610.0
620.0
630.0
650.0
670.0
680.0
700.0
720.0
740.0
760.0
780.0
800.0
820.0
830.0
850.0
870.0
890.0
910.0
930.0
950.0
970.0
990.0
1010.0
1030.0
1050.0
1070.0
1090.0
1110.0
1120.0
1140.0
1160.0
1180.0
1200.0
1220.0
1240.0
1260.0
1280.0
1300.0
1320.0
1340.0
1360.0
1370.0
1390.0
1410.0
1430.0
1450.0
1470.0
1490.0
1510.0
1530.0
1550.0
1570.0
1590.0
1610.0
1620.0
1630.0
1650.0
1640.0
1660.0
1680.0
1700.0
1720.0
1740.0
1760.0
1770.0
1780.0
1800.0
1820.0
1840.0
1860.0
1880.0
1900.0
1920.0
1940.0
1960.0
1980.0
1990.0
2010.0
2030.0
2050.0
2070.0
2090.0
2090.0
2110.0
2130.0
2140.0
2130.0
2150.0
2170.0
2190.0
2200.0
2220.0
2240.0
2260.0
2280.0
2300.0
2320.0
2340.0
2360.0
2380.0
2400.0
2420.0
2440.0
2460.0
2480.0
2500.0
2520.0
2540.0
2560.0
2580.0
2600.0
2620.0
2640.0
2660.0
2680.0
2700.0
2720.0
2730.0
2750.0
2770.0
2790.0
2810.0
2830.0
2850.0
2870.0
2880.0
2900.0
2920.0
2940.0
2960.0
2980.0
3000.0
3020.0
3040.0
3060.0
3070.0
3090.0
3110.0
3130.0
3150.0
3170.0
3190.0
3210.0
3230.0
3240.0
3260.0
3280.0
3300.0
3320.0
3340.0
3360.0
3380.0
3400.0
3420.0
3440.0
3460.0
3460.0
3480.0
3500.0
3520.0
3540.0
3560.0
3580.0
3600.0
3620.0
3640.0
3660.0
3680.0
3700.0
3720.0
3740.0
3760.0
3780.0
3800.0
3820.0
3840.0
3860.0
3870.0
3890.0
3910.0
3930.0
3950.0
3970.0
3990.0
4010.0
4030.0
4050.0
4070.0
4090.0
4110.0
4130.0
4150.0
4170.0
4190.0
4210.0
4230.0
4240.0
4260.0
4270.0
4280.0
4300.0
4320.0
4340.0
4360.0
4380.0
4400.0
4420.0
4440.0
4460.0
4480.0
4500.0
4520.0
4540.0
4560.0
4580.0
4600.0
4620.0
4640.0
4660.0
4680.0
4700.0
4720.0
4740.0
4760.0
4780.0
4800.0
4810.0
4830.0
4850.0
4870.0
4890.0
4910.0
4930.0
4950.0
4970.0
4990.0
5010.0
5030.0
5050.0
5070.0
5080.0
5090.0
5110.0
5130.0
5140.0
5160.0
5180.0
5200.0
5220.0
5240.0
5260.0
5280.0
5300.0
5320.0
5340.0
5360.0
5380.0
5400.0
5420.0
5440.0
5460.0
5470.0
5490.0
5500.0
5520.0
5540.0
5560.0
5580.0
5600.0
5620.0
5640.0
5660.0
5680.0
5690.0
5710.0
5730.0
5750.0
5770.0
5790.0
5810.0
5830.0
5850.0
5860.0
5880.0
5890.0
5910.0
5930.0
5940.0
5960.0
5980.0
6000.0
6010.0
6020.0
6040.0
6060.0
6080.0
6100.0
6120.0
6140.0
6160.0
6180.0
6200.0
6220.0
6230.0
6250.0
6270.0
6290.0
6310.0
6330.0
6350.0
6370.0
6390.0
6410.0
6430.0
6450.0
6470.0
6490.0
6510.0
6530.0
6550.0
6570.0
6590.0
6600.0
6620.0
6640.0
6650.0
6670.0
6690.0
6710.0
6730.0
6740.0
6760.0
6780.0
6800.0
6810.0
6830.0
6850.0
6870.0
6890.0
6910.0
6930.0
6950.0
6960.0
6980.0
6990.0
7010.0
7030.0
7050.0
7070.0
7090.0
7110.0
7130.0
7150.0
7170.0
7190.0
7210.0
7230.0
7250.0
7270.0
7290.0
7300.0
7320.0
7340.0
7360.0
7380.0
7390.0
7410.0
7430.0
7450.0
7460.0
7480.0
7500.0
7520.0
7540.0
7550.0
7570.0
7580.0
7590.0
7600.0
7620.0
7640.0
7660.0
7680.0
7690.0
7710.0
7730.0
7750.0
7770.0
7790.0
7810.0
7830.0
7850.0
7870.0
7890.0
7910.0
7930.0
7950.0
7960.0
7980.0
8000.0
8020.0
8030.0
8040.0
8060.0
8080.0
8100.0
8120.0
8140.0
8160.0
8170.0
8190.0
8210.0
8230.0
8250.0
8270.0
8290.0
8310.0
8330.0
8350.0
8370.0
8370.0
8390.0
8410.0
8430.0
8450.0
8470.0
8490.0
8510.0
8530.0
8550.0
8570.0
8590.0
8610.0
8630.0
8650.0
8670.0
8690.0
8710.0
8730.0
8750.0
8770.0
8790.0
8810.0
8830.0
8850.0
8870.0
8890.0
8900.0
8920.0
8940.0
8960.0
8980.0
9000.0
9020.0
9040.0
9060.0
9080.0
9100.0
9120.0
9140.0
9160.0
9180.0
9200.0
9220.0
9220.0
9240.0
9260.0
9280.0
9300.0
9320.0
9330.0
9350.0
9370.0
9390.0
9410.0
9430.0
9450.0
9460.0
9480.0
9500.0
9520.0
9540.0
9550.0
9570.0
9580.0
9600.0
9620.0
9640.0
9660.0
9680.0
9690.0
9710.0
9730.0
9750.0
9770.0
9790.0
9810.0
9830.0
9850.0
9870.0
9880.0
9900.0
9920.0
9930.0
9950.0
9970.0
9990.0
10010.0
10030.0
10040.0
10060.0
10080.0
10100.0
10120.0
10130.0
10150.0
10170.0
10190.0
10210.0
10230.0
10250.0
10270.0
10290.0
10310.0
10310.0
10330.0
10340.0
10360.0
10380.0
10400.0
10420.0
10440.0
10460.0
10480.0
10500.0
10520.0
10540.0
10560.0
10570.0
10590.0
10610.0
10630.0
10650.0
10670.0
10690.0
10710.0
10730.0
10750.0
10770.0
10790.0
10810.0
10830.0
10850.0
10870.0
10880.0
10900.0
10920.0
10930.0
10950.0
10970.0
10990.0
11010.0
11030.0
11050.0
11070.0
11090.0
11110.0
11130.0
11150.0
11170.0
11190.0
11210.0
11230.0
11250.0
11270.0
11290.0
11300.0
11320.0
11340.0
11360.0
11380.0
11400.0
11420.0
11440.0
11460.0
11480.0
11500.0
11520.0
11540.0
11550.0
11560.0
11580.0
11600.0
11620.0
11640.0
11660.0
11680.0
11700.0
11720.0
11740.0
11760.0
11760.0
11760.0
11780.0
11800.0
11820.0
11840.0
11860.0
11870.0
11890.0
11910.0
11930.0
11950.0
11970.0
11990.0
12000.0
12020.0
12040.0
12060.0
12080.0
12100.0
12120.0
12140.0
12160.0
12180.0
12200.0
12220.0
12240.0
12250.0
12270.0
12290.0
12310.0
12330.0
12340.0
12360.0
12370.0
12390.0
12410.0
12430.0
12440.0
12460.0
12480.0
12500.0
12510.0
12530.0
12540.0
12560.0
12580.0
12600.0
12620.0
12630.0
12640.0
12660.0
12680.0
12700.0
12710.0
12720.0
12740.0
12760.0
12780.0
12800.0
12820.0
12840.0
12860.0
12870.0
12890.0
12900.0
12920.0
12940.0
12960.0
12980.0
13000.0
13020.0
13040.0
13060.0
13070.0
13090.0
13110.0
13130.0
13150.0
13170.0
13190.0
13210.0
13230.0
13250.0
13270.0
13290.0
13310.0
13330.0
13350.0
13370.0
13390.0
13410.0
13430.0
13450.0
13470.0
13490.0
13510.0
13530.0
13550.0
13570.0
13590.0
13610.0
13620.0
13640.0
13660.0
13680.0
13700.0
13720.0
13740.0
13750.0
13770.0
13790.0
13810.0
13830.0
13850.0
13860.0
13880.0
13900.0
13920.0
13940.0
13960.0
13980.0
14000.0
14020.0
14030.0
14050.0
14070.0
14080.0
14100.0
14120.0
14140.0
14160.0
14180.0
14190.0
14210.0
14230.0
14250.0
14270.0
14280.0
14300.0
14320.0
14340.0
14340.0
14360.0
14370.0
14390.0
14410.0
14430.0
14450.0
14470.0
14490.0
14510.0
14520.0
14520.0
14540.0
14560.0
14580.0
14600.0
14620.0
14630.0
14650.0
14670.0
14690.0
14710.0
14720.0
14740.0
14750.0
14770.0
14790.0
14810.0
14830.0
14850.0
14870.0
14890.0
14910.0
14930.0
14950.0
14970.0
14990.0
15010.0
15030.0
15050.0
15070.0
15090.0
15110.0
15130.0
15150.0
15170.0
15190.0
15210.0
15230.0
15250.0
15270.0
15290.0
15310.0
15330.0
15350.0
15370.0
15390.0
15410.0
15430.0
15450.0
15470.0
15490.0
15510.0
15530.0
15550.0
15570.0
15590.0
15610.0
15630.0
15650.0
15660.0
15680.0
15700.0
15720.0
15740.0
15760.0
15780.0
15800.0
15820.0
15840.0
15860.0
15870.0
15880.0
15890.0
15910.0
15930.0
15950.0
15970.0
15980.0
16000.0
16020.0
16040.0
16060.0
16080.0
16100.0
16120.0
16140.0
16160.0
16170.0
16190.0
16210.0
16230.0
16250.0
16270.0
16290.0
16310.0
16330.0
16350.0
16370.0
16390.0
16410.0
16430.0
16450.0
16470.0
16490.0
16510.0
16530.0
16550.0
16560.0
16580.0
16600.0
16620.0
16640.0
16640.0
16650.0
16670.0
16690.0
16710.0
16730.0
16750.0
16770.0
16780.0
16800.0
16820.0
16840.0
16860.0
16880.0
16900.0
16920.0
16940.0
16960.0
16980.0
17000.0
17020.0
17040.0
17060.0
17070.0
17090.0
17110.0
17130.0
17150.0
17170.0
17190.0
17210.0
17230.0
17250.0
17270.0
17280.0
17300.0
17320.0
17340.0
17360.0
17380.0
17400.0
17420.0
17440.0
17460.0
17480.0
17490.0
17510.0
17530.0
17550.0
17570.0
17590.0
17610.0
17630.0
17650.0
17670.0
17690.0
17710.0
17730.0
17750.0
17770.0
17790.0
17810.0
17830.0
17850.0
17870.0
17890.0
17910.0
17930.0
17940.0
17960.0
17980.0
18000.0
18020.0
18040.0
18060.0
18080.0
18100.0
18120.0
18140.0
18160.0
18180.0
18190.0
18210.0
18220.0
18240.0
18260.0
18280.0
18300.0
18310.0
18330.0
18350.0
18370.0
18390.0
18410.0
18430.0
18440.0
18460.0
18480.0
18500.0
18520.0
18540.0
18560.0
18580.0
18590.0
18600.0
18620.0
18640.0
18660.0
18680.0
18700.0
18720.0
18740.0
18760.0
18780.0
18800.0
18820.0
18840.0
18860.0
18880.0
18900.0
18920.0
18940.0
18960.0
18980.0
19000.0
19020.0
19040.0
19060.0
19070.0
19090.0
19100.0
19120.0
19130.0
19150.0
19160.0
19180.0
19200.0
19220.0
19240.0
19260.0
19270.0
19290.0
19310.0
19330.0
19350.0
19370.0
19390.0
19410.0
19430.0
19450.0
19460.0
19480.0
19500.0
19520.0
19540.0
19560.0
19580.0
19600.0
19590.0
19610.0
19630.0
19650.0
19670.0
19690.0
19710.0
19730.0
19740.0
19760.0
19780.0
19800.0
19820.0
19840.0
19860.0
19880.0
19900.0
19920.0
19940.0
19960.0
19980.0
19990.0
20010.0
20030.0
20050.0
20070.0
20090.0
20110.0
20130.0
20150.0
20170.0
20190.0
20210.0
20230.0
20250.0
20270.0
20290.0
20310.0
20330.0
20350.0
20370.0
20380.0
20400.0
20420.0
20440.0
20460.0
20480.0
20500.0
20520.0
20540.0
20560.0
20580.0
20600.0
20620.0
20640.0
20660.0
20680.0
20700.0
20720.0
20740.0
20760.0
20770.0
20790.0
20810.0
20830.0
20850.0
20870.0
20890.0
20900.0
20920.0
20940.0
20960.0
20980.0
21000.0
21010.0
21030.0
21050.0
21060.0
21080.0
21100.0
21120.0
21140.0
21160.0
21180.0
21200.0
21220.0
21240.0
21260.0
21280.0
21300.0
21320.0
21340.0
21350.0
21370.0
21390.0
21410.0
21430.0
21450.0
21470.0
21490.0
21510.0
21530.0
21550.0
21570.0
21590.0
21610.0
21630.0
21650.0
21670.0
21670.0
21690.0
21710.0
21730.0
21750.0
21770.0
21790.0
21810.0
21830.0
21840.0
21860.0
21880.0
21900.0
21910.0
21930.0
21950.0
21970.0
21990.0
22010.0
22020.0
22040.0
22060.0
22080.0
22100.0
22110.0
22120.0
22140.0
22160.0
22180.0
22200.0
22210.0
22230.0
22250.0
22270.0
22290.0
22310.0
22330.0
22350.0
22370.0
22390.0
22400.0
22410.0
22430.0
22450.0
22470.0
22490.0
22500.0
22510.0
22530.0
22550.0
22570.0
22590.0
22610.0
22630.0
22650.0
22670.0
22690.0
22700.0
22720.0
22740.0
22750.0
22770.0
22790.0
22810.0
22830.0
22850.0
22870.0
22890.0
22910.0
22930.0
22950.0
22970.0
22990.0
23000.0
23020.0
23040.0
23060.0
23080.0
23100.0
23120.0
23140.0
23160.0
23180.0
23200.0
23210.0
23230.0
23250.0
23270.0
23280.0
23300.0
23320.0
23340.0
23360.0
23380.0
23400.0
23420.0
23440.0
23460.0
23480.0
23500.0
23520.0
23540.0
23560.0
23580.0
23600.0
23620.0
23640.0
23660.0
23680.0
23700.0
23700.0
23710.0
23720.0
23740.0
23760.0
23780.0
23800.0
23820.0
23840.0
23860.0
23880.0
23900.0
23920.0
23940.0
23960.0
23980.0
23990.0
24000.0
24020.0
24040.0
24060.0
24080.0
24090.0
24100.0
24120.0
24140.0
24160.0
24180.0
24190.0
24210.0
24230.0
24250.0
24270.0
24290.0
24310.0
24330.0
24350.0
24370.0
24390.0
24400.0
24420.0
24440.0
24460.0
24470.0
24490.0
24510.0
24530.0
24550.0
24570.0
24590.0
24610.0
24630.0
24650.0
24670.0
24680.0
24700.0
24720.0
24740.0
24760.0
24780.0
24800.0
24820.0
24840.0
24860.0
24880.0
24900.0
24920.0
24940.0
24960.0
24980.0
25000.0
25010.0
25030.0
25040.0
25060.0
25080.0
25100.0
25120.0
25140.0
25160.0
25180.0
25200.0
25220.0
25240.0
25250.0
25270.0
25290.0
25310.0
25330.0
25350.0
25370.0
25390.0
25410.0
25430.0
25450.0
25460.0
25470.0
25490.0
25510.0
25530.0
25550.0
25570.0
25590.0
25610.0
25630.0
25650.0
25670.0
25680.0
25700.0
25720.0
25720.0
25740.0
25760.0
25780.0
25800.0
25820.0
25840.0
25860.0
25880.0
25900.0
25920.0
25940.0
25960.0
25980.0
26000.0
26010.0
26030.0
26050.0
26070.0
26090.0
26110.0
26120.0
26130.0
26140.0
26160.0
26180.0
26200.0
26220.0
26240.0
26260.0
26280.0
26300.0
26310.0
26320.0
26340.0
26350.0
26370.0
26390.0
26410.0
26430.0
26450.0
26470.0
26490.0
26510.0
26530.0
26550.0
26560.0
26570.0
26590.0
26610.0
26630.0
26650.0
26670.0
26690.0
26700.0
26720.0
26740.0
26740.0
26760.0
26780.0
26800.0
26820.0
26840.0
26860.0
26870.0
26890.0
26910.0
26930.0
26950.0
26970.0
26990.0
27010.0
27030.0
27040.0
27060.0
27080.0
27100.0
27120.0
27140.0
27160.0
27180.0
27190.0
27210.0
27210.0
27230.0
27250.0
27270.0
27290.0
27290.0
27310.0
27330.0
27350.0
27370.0
