a = 0.8
g = 0.8
e = 0.1
random initial weights = true

-60.0
-50.0
-120.0
-120.0
-110.0
-100.0
-90.0
-70.0
-70.0
-120.0
-110.0
-100.0
-80.0
-60.0
-40.0
-20.0
0.0
10.0
30.0
50.0
70.0
80.0
100.0
120.0
140.0
160.0
170.0
190.0
210.0
230.0
250.0
270.0
290.0
310.0
330.0
350.0
370.0
390.0
410.0
420.0
440.0
460.0
480.0
500.0
520.0
540.0
560.0
580.0
600.0
620.0
630.0
650.0
670.0
690.0
690.0
710.0
720.0
740.0
760.0
780.0
800.0
820.0
840.0
860.0
880.0
900.0
910.0
920.0
940.0
950.0
970.0
990.0
1010.0
1020.0
1040.0
1060.0
1080.0
1100.0
1120.0
1140.0
1160.0
1180.0
1190.0
1210.0
1220.0
1240.0
1240.0
1260.0
1280.0
1300.0
1320.0
1330.0
1350.0
1370.0
1390.0
1410.0
1430.0
1450.0
1470.0
1490.0
1510.0
1530.0
1550.0
1570.0
1590.0
1610.0
1630.0
1650.0
1670.0
1690.0
1710.0
1730.0
1750.0
1770.0
1790.0
1810.0
1830.0
1850.0
1870.0
1880.0
1900.0
1900.0
1920.0
1930.0
1950.0
1970.0
1990.0
2000.0
2020.0
2040.0
2060.0
2080.0
2100.0
2120.0
2140.0
2160.0
2170.0
2190.0
2210.0
2230.0
2240.0
2250.0
2260.0
2280.0
2290.0
2310.0
2320.0
2340.0
2360.0
2380.0
2400.0
2420.0
2440.0
2460.0
2480.0
2500.0
2520.0
2540.0
2560.0
2580.0
2600.0
2610.0
2630.0
2650.0
2670.0
2690.0
2710.0
2720.0
2740.0
2760.0
2780.0
2780.0
2800.0
2820.0
2840.0
2860.0
2880.0
2900.0
2920.0
2940.0
2960.0
2980.0
3000.0
3020.0
3040.0
3060.0
3080.0
3100.0
3120.0
3130.0
3140.0
3140.0
3160.0
3180.0
3200.0
3210.0
3230.0
3250.0
3270.0
3290.0
3310.0
3330.0
3350.0
3370.0
3390.0
3410.0
3430.0
3450.0
3470.0
3490.0
3510.0
3530.0
3550.0
3570.0
3590.0
3610.0
3630.0
3650.0
3670.0
3690.0
3710.0
3730.0
3750.0
3770.0
3790.0
3810.0
3830.0
3850.0
3860.0
3880.0
3900.0
3920.0
3940.0
3960.0
3980.0
4000.0
4010.0
4030.0
4040.0
4060.0
4080.0
4090.0
4110.0
4130.0
4150.0
4170.0
4190.0
4210.0
4230.0
4250.0
4270.0
4290.0
4310.0
4330.0
4350.0
4370.0
4390.0
4410.0
4430.0
4450.0
4470.0
4480.0
4500.0
4520.0
4540.0
4560.0
4580.0
4600.0
4620.0
4640.0
4660.0
4680.0
4690.0
4710.0
4730.0
4750.0
4770.0
4790.0
4810.0
4830.0
4850.0
4870.0
4880.0
4900.0
4900.0
4920.0
4940.0
4960.0
4980.0
5000.0
5020.0
5030.0
5050.0
5070.0
5080.0
5100.0
5120.0
5140.0
5160.0
5180.0
5200.0
5220.0
5240.0
5260.0
5280.0
5300.0
5320.0
5340.0
5360.0
5380.0
5390.0
5410.0
5410.0
5430.0
5450.0
5470.0
5490.0
5510.0
5520.0
5540.0
5560.0
5570.0
5590.0
5600.0
5620.0
5630.0
5650.0
5670.0
5690.0
5710.0
5730.0
5750.0
5770.0
5790.0
5810.0
5830.0
5850.0
5870.0
5890.0
5900.0
5920.0
5940.0
5960.0
5980.0
5990.0
6010.0
6030.0
6050.0
6070.0
6090.0
6110.0
6120.0
6140.0
6160.0
6180.0
6200.0
6220.0
6240.0
6250.0
6270.0
6290.0
6300.0
6320.0
6340.0
6360.0
6380.0
6400.0
6420.0
6440.0
6460.0
6480.0
6500.0
6510.0
6530.0
6540.0
6560.0
6580.0
6600.0
6610.0
6630.0
6650.0
6660.0
6680.0
6700.0
6720.0
6740.0
6750.0
6770.0
6790.0
6810.0
6830.0
6850.0
6870.0
6890.0
6910.0
6930.0
6950.0
6970.0
6990.0
7010.0
7030.0
7040.0
7060.0
7080.0
7100.0
7120.0
7140.0
7160.0
7160.0
7180.0
7200.0
7220.0
7240.0
7260.0
7280.0
7300.0
7310.0
7320.0
7340.0
7350.0
7370.0
7390.0
7410.0
7430.0
7450.0
7470.0
7490.0
7510.0
7530.0
7550.0
7570.0
7590.0
7610.0
7630.0
7650.0
7660.0
7680.0
7700.0
7720.0
7740.0
7760.0
7780.0
7800.0
7810.0
7830.0
7850.0
7870.0
7890.0
7910.0
7930.0
7950.0
7970.0
7990.0
8000.0
8010.0
8020.0
8040.0
8060.0
8080.0
8100.0
8120.0
8130.0
8150.0
8170.0
8180.0
8200.0
8220.0
8240.0
8260.0
8280.0
8300.0
8320.0
8340.0
8360.0
8380.0
8400.0
8420.0
8440.0
8460.0
8480.0
8500.0
8520.0
8540.0
8560.0
8580.0
8600.0
8620.0
8640.0
8660.0
8670.0
8690.0
8710.0
8730.0
8730.0
8740.0
8760.0
8780.0
8800.0
8820.0
8840.0
8850.0
8870.0
8880.0
8890.0
8910.0
8930.0
8950.0
8970.0
8990.0
9010.0
9030.0
9050.0
9070.0
9090.0
9110.0
9130.0
9150.0
9170.0
9190.0
9210.0
9230.0
9240.0
9260.0
9280.0
9300.0
9320.0
9330.0
9340.0
9360.0
9380.0
9400.0
9420.0
9440.0
9460.0
9480.0
9500.0
9520.0
9540.0
9540.0
9560.0
9580.0
9590.0
9610.0
9630.0
9650.0
9670.0
9690.0
9710.0
9730.0
9750.0
9770.0
9790.0
9810.0
9830.0
9850.0
9870.0
9890.0
9910.0
9930.0
9950.0
9960.0
9980.0
10000.0
10020.0
10040.0
10060.0
10080.0
10100.0
10120.0
10140.0
10160.0
10180.0
10200.0
10220.0
10240.0
10260.0
10280.0
10300.0
10320.0
10340.0
10360.0
10380.0
10400.0
10420.0
10440.0
10460.0
10480.0
10500.0
10520.0
10540.0
10560.0
10580.0
10600.0
10620.0
10640.0
10660.0
10680.0
10700.0
10720.0
10740.0
10760.0
10780.0
10790.0
10810.0
10820.0
10840.0
10860.0
10880.0
10890.0
10910.0
10930.0
10950.0
10970.0
10990.0
11010.0
11030.0
11050.0
11070.0
11090.0
11110.0
11120.0
11140.0
11150.0
11170.0
11190.0
11210.0
11230.0
11250.0
11270.0
11290.0
11300.0
11320.0
11340.0
11360.0
11380.0
11400.0
11420.0
11440.0
11460.0
11480.0
11490.0
11510.0
11530.0
11550.0
11560.0
11580.0
11590.0
11610.0
11630.0
11650.0
11670.0
11690.0
11710.0
11730.0
11740.0
11760.0
11770.0
11790.0
11810.0
11820.0
11840.0
11860.0
11880.0
11890.0
11910.0
11930.0
11950.0
11970.0
11990.0
12010.0
12030.0
12050.0
12070.0
12090.0
12110.0
12130.0
12150.0
12170.0
12190.0
12200.0
12210.0
12230.0
12240.0
12260.0
12280.0
12300.0
12320.0
12340.0
12360.0
12380.0
12400.0
12420.0
12440.0
12450.0
12470.0
12490.0
12510.0
12530.0
12550.0
12570.0
12590.0
12600.0
12620.0
12640.0
12660.0
12680.0
12700.0
12720.0
12740.0
12760.0
12780.0
12790.0
12810.0
12830.0
12850.0
12870.0
12880.0
12900.0
12920.0
12940.0
12960.0
12980.0
13000.0
13020.0
13040.0
13060.0
13080.0
13100.0
13120.0
13140.0
13160.0
13180.0
13200.0
13210.0
13230.0
13250.0
13270.0
13290.0
13300.0
13320.0
13340.0
13360.0
13380.0
13400.0
13410.0
13430.0
13450.0
13470.0
13490.0
13510.0
13530.0
13550.0
13560.0
13580.0
13600.0
13610.0
13630.0
13650.0
13660.0
13680.0
13700.0
13710.0
13730.0
13750.0
13770.0
13790.0
13810.0
13830.0
13850.0
13870.0
13890.0
13900.0
13910.0
13930.0
13950.0
13960.0
13980.0
14000.0
14020.0
14040.0
14060.0
14080.0
14100.0
14120.0
14140.0
14160.0
14180.0
14200.0
14220.0
14240.0
14250.0
14260.0
14280.0
14300.0
14320.0
14340.0
14360.0
14380.0
14390.0
14410.0
14430.0
14450.0
14460.0
14470.0
14490.0
14510.0
14530.0
14550.0
14570.0
14590.0
14610.0
14630.0
14650.0
14670.0
14690.0
14710.0
14730.0
14740.0
14760.0
14780.0
14800.0
14820.0
14840.0
14860.0
14880.0
14900.0
14920.0
14940.0
14960.0
14980.0
15000.0
15020.0
15040.0
15060.0
15070.0
15090.0
15110.0
15130.0
15150.0
15170.0
15190.0
15210.0
15230.0
15250.0
15270.0
15290.0
15310.0
15330.0
15350.0
15370.0
15390.0
15400.0
15420.0
15440.0
15460.0
15480.0
15500.0
15520.0
15540.0
15550.0
15570.0
15590.0
15610.0
15630.0
15650.0
15670.0
15690.0
15710.0
15730.0
15750.0
15770.0
15790.0
15810.0
15830.0
15850.0
15870.0
15890.0
15900.0
15920.0
15940.0
15960.0
15980.0
16000.0
16020.0
16040.0
16050.0
16070.0
16080.0
16100.0
16120.0
16140.0
16160.0
16180.0
16200.0
16220.0
16240.0
16260.0
16280.0
16290.0
16310.0
16330.0
16340.0
16360.0
16380.0
16400.0
16420.0
16440.0
16460.0
16480.0
16500.0
16520.0
16540.0
16560.0
16580.0
16600.0
16620.0
16640.0
16660.0
16670.0
16690.0
16710.0
16730.0
16750.0
16770.0
16790.0
16810.0
16830.0
16850.0
16870.0
16890.0
16910.0
16930.0
16950.0
16970.0
16990.0
17010.0
17030.0
17050.0
17070.0
17080.0
17100.0
17120.0
17140.0
17160.0
17180.0
17200.0
17220.0
17240.0
17260.0
17280.0
17300.0
17320.0
17340.0
17360.0
17380.0
17400.0
17420.0
17440.0
17460.0
17480.0
17500.0
17520.0
17540.0
17560.0
17580.0
17600.0
17620.0
17640.0
17660.0
17680.0
17700.0
17720.0
17740.0
17760.0
17780.0
17800.0
17820.0
17840.0
17860.0
17880.0
17900.0
17910.0
17920.0
17940.0
17960.0
17980.0
18000.0
18020.0
18040.0
18060.0
18080.0
18100.0
18120.0
18140.0
18160.0
18180.0
18200.0
18220.0
18240.0
18260.0
18280.0
18300.0
18320.0
18340.0
18360.0
18380.0
18400.0
18420.0
18430.0
18450.0
18470.0
18490.0
18510.0
18520.0
18540.0
18550.0
18570.0
18590.0
18610.0
18630.0
18650.0
18670.0
18680.0
18700.0
18720.0
18730.0
18750.0
18770.0
18790.0
18810.0
18820.0
18840.0
18860.0
18880.0
18900.0
18920.0
18940.0
18960.0
18980.0
19000.0
19020.0
19040.0
19060.0
19080.0
19100.0
19120.0
19140.0
19160.0
19170.0
19190.0
19210.0
19230.0
19250.0
19270.0
19290.0
19310.0
19330.0
19350.0
19370.0
19390.0
19410.0
19430.0
19450.0
19470.0
19480.0
19500.0
19520.0
19540.0
19560.0
19580.0
19600.0
19620.0
19640.0
19660.0
19680.0
19700.0
19720.0
19740.0
19760.0
19780.0
19800.0
19820.0
19840.0
19860.0
19880.0
19900.0
19920.0
19940.0
19960.0
19980.0
20000.0
20020.0
20040.0
20060.0
20080.0
20090.0
20100.0
20120.0
20140.0
20160.0
20180.0
20200.0
20210.0
20230.0
20250.0
20270.0
20290.0
20310.0
20320.0
20340.0
20360.0
20380.0
20390.0
20410.0
20430.0
20450.0
20470.0
20490.0
20510.0
20530.0
20550.0
20570.0
20590.0
20600.0
20620.0
20640.0
20660.0
20680.0
20700.0
20720.0
20740.0
20760.0
20780.0
20800.0
20810.0
20830.0
20850.0
20860.0
20880.0
20900.0
20920.0
20940.0
20960.0
20980.0
21000.0
21020.0
21040.0
21060.0
21080.0
21100.0
21120.0
21140.0
21140.0
21160.0
21180.0
21200.0
21220.0
21240.0
21260.0
21270.0
21290.0
21310.0
21330.0
21350.0
21370.0
21390.0
21410.0
21430.0
21450.0
21470.0
21490.0
21510.0
21530.0
21550.0
21560.0
21570.0
21590.0
21610.0
21630.0
21650.0
21670.0
21690.0
21710.0
21730.0
21750.0
21770.0
21790.0
21810.0
21830.0
21850.0
21870.0
21890.0
21910.0
21920.0
21940.0
21960.0
21980.0
22000.0
22020.0
22040.0
22060.0
22080.0
22100.0
22120.0
22130.0
22150.0
22170.0
22190.0
22210.0
22230.0
22250.0
22270.0
22270.0
22290.0
22310.0
22320.0
22340.0
22360.0
22380.0
22390.0
22410.0
22430.0
22450.0
22470.0
22490.0
22510.0
22530.0
22550.0
22570.0
22590.0
22610.0
22630.0
22650.0
22670.0
22690.0
22710.0
22730.0
22750.0
22770.0
22790.0
22810.0
22830.0
22850.0
22870.0
22890.0
22910.0
22930.0
22940.0
22960.0
22980.0
23000.0
23020.0
23040.0
23060.0
23080.0
23100.0
23120.0
23140.0
23160.0
23180.0
23200.0
23200.0
23220.0
23240.0
23250.0
23270.0
23290.0
23310.0
23330.0
23350.0
23370.0
23390.0
23410.0
23430.0
23450.0
23470.0
23490.0
23510.0
23520.0
23540.0
23560.0
23580.0
23590.0
23610.0
23630.0
23650.0
23670.0
23690.0
23710.0
23730.0
23750.0
23770.0
23790.0
23810.0
23830.0
23850.0
23870.0
23890.0
23910.0
23930.0
23950.0
23970.0
23990.0
24010.0
24030.0
24050.0
24070.0
24090.0
24110.0
24130.0
24150.0
24170.0
24190.0
24210.0
24230.0
24250.0
24270.0
24290.0
24310.0
24330.0
24350.0
24370.0
24390.0
24400.0
24420.0
24440.0
24460.0
24480.0
24500.0
24520.0
24540.0
24560.0
24580.0
24600.0
24620.0
24630.0
24640.0
24660.0
24680.0
24700.0
24720.0
24740.0
24760.0
24780.0
24800.0
24820.0
24840.0
24860.0
24860.0
24870.0
24890.0
24910.0
24930.0
24950.0
24970.0
24990.0
25010.0
25030.0
25050.0
25070.0
25090.0
25110.0
25130.0
25150.0
25170.0
25190.0
25210.0
25230.0
25250.0
25270.0
25290.0
25310.0
25330.0
25350.0
25370.0
25390.0
25410.0
25420.0
25440.0
25450.0
25460.0
25460.0
25480.0
25500.0
25510.0
25530.0
25550.0
25570.0
25590.0
25610.0
25630.0
25650.0
25670.0
25690.0
25710.0
25730.0
25740.0
25760.0
25780.0
25800.0
25820.0
25840.0
25860.0
25880.0
25900.0
25920.0
25940.0
25960.0
25970.0
25990.0
26010.0
26030.0
26040.0
26050.0
26070.0
26090.0
26110.0
26130.0
26150.0
26170.0
26190.0
26210.0
26230.0
26250.0
26270.0
26290.0
26310.0
26320.0
26340.0
26360.0
26380.0
26400.0
26420.0
26440.0
26460.0
26480.0
26500.0
26520.0
26540.0
26550.0
26570.0
26590.0
26610.0
26630.0
26650.0
26670.0
26690.0
26710.0
26730.0
26750.0
26770.0
26790.0
26810.0
26820.0
26840.0
26860.0
26880.0
26890.0
26910.0
26930.0
26950.0
26970.0
26990.0
27010.0
27030.0
27050.0
27070.0
27080.0
27090.0
27110.0
27130.0
27150.0
27170.0
27190.0
27210.0
27230.0
27250.0
27270.0
27290.0
27310.0
27330.0
27350.0
27370.0
27390.0
27410.0
27430.0
27450.0
27470.0
27490.0
27510.0
27530.0
27550.0
27570.0
27590.0
27610.0
27630.0
27650.0
27670.0
27690.0
27710.0
