a = 0.8
g = 0.2
e = 0.1
random initial weights = true

-320.0
-620.0
-630.0
-630.0
-620.0
-630.0
-630.0
-630.0
-620.0
-670.0
-660.0
-660.0
-650.0
-650.0
-640.0
-650.0
-640.0
-650.0
-640.0
-650.0
-650.0
-630.0
-620.0
-640.0
-630.0
-620.0
-620.0
-610.0
-600.0
-600.0
-590.0
-580.0
-560.0
-580.0
-600.0
-620.0
-600.0
-580.0
-560.0
-540.0
-520.0
-520.0
-500.0
-490.0
-470.0
-450.0
-430.0
-420.0
-410.0
-400.0
-390.0
-380.0
-370.0
-350.0
-330.0
-310.0
-290.0
-270.0
-250.0
-230.0
-210.0
-190.0
-170.0
-150.0
-130.0
-110.0
-90.0
-70.0
-50.0
-40.0
-20.0
0.0
20.0
20.0
30.0
50.0
70.0
90.0
110.0
120.0
140.0
150.0
170.0
190.0
210.0
220.0
230.0
240.0
260.0
270.0
290.0
300.0
320.0
340.0
360.0
370.0
390.0
410.0
430.0
440.0
460.0
470.0
490.0
510.0
530.0
540.0
550.0
560.0
580.0
600.0
620.0
640.0
650.0
660.0
680.0
700.0
720.0
740.0
750.0
770.0
780.0
790.0
810.0
820.0
830.0
850.0
870.0
890.0
910.0
910.0
930.0
950.0
960.0
980.0
1000.0
1020.0
1040.0
1060.0
1080.0
1100.0
1120.0
1140.0
1160.0
1180.0
1190.0
1200.0
1220.0
1240.0
1250.0
1260.0
1280.0
1290.0
1310.0
1330.0
1350.0
1370.0
1390.0
1400.0
1410.0
1430.0
1440.0
1460.0
1460.0
1480.0
1500.0
1510.0
1530.0
1550.0
1560.0
1580.0
1600.0
1610.0
1630.0
1650.0
1670.0
1690.0
1710.0
1730.0
1750.0
1760.0
1780.0
1800.0
1810.0
1830.0
1840.0
1840.0
1860.0
1880.0
1900.0
1910.0
1920.0
1940.0
1950.0
1960.0
1980.0
2000.0
2020.0
2030.0
2040.0
2060.0
2080.0
2090.0
2110.0
2110.0
2130.0
2150.0
2170.0
2180.0
2190.0
2210.0
2230.0
2250.0
2260.0
2280.0
2280.0
2300.0
2310.0
2330.0
2340.0
2360.0
2380.0
2380.0
2390.0
2390.0
2410.0
2430.0
2450.0
2470.0
2490.0
2490.0
2500.0
2520.0
2530.0
2550.0
2570.0
2580.0
2600.0
2610.0
2620.0
2640.0
2660.0
2680.0
2700.0
2720.0
2740.0
2760.0
2770.0
2790.0
2810.0
2830.0
2850.0
2870.0
2890.0
2910.0
2920.0
2930.0
2940.0
2960.0
2970.0
2990.0
3010.0
3030.0
3050.0
3070.0
3090.0
3110.0
3130.0
3150.0
3170.0
3180.0
3190.0
3210.0
3230.0
3250.0
3270.0
3290.0
3310.0
3330.0
3350.0
3370.0
3390.0
3410.0
3420.0
3440.0
3460.0
3480.0
3500.0
3520.0
3530.0
3550.0
3570.0
3590.0
3610.0
3630.0
3640.0
3650.0
3670.0
3690.0
3710.0
3730.0
3750.0
3760.0
3780.0
3800.0
3820.0
3840.0
3860.0
3880.0
3890.0
3910.0
3920.0
3940.0
3960.0
3980.0
4000.0
4010.0
4030.0
4050.0
4070.0
4080.0
4100.0
4120.0
4140.0
4160.0
4180.0
4190.0
4210.0
4230.0
4240.0
4260.0
4280.0
4290.0
4310.0
4330.0
4350.0
4370.0
4390.0
4410.0
4430.0
4450.0
4470.0
4480.0
4500.0
4520.0
4540.0
4560.0
4580.0
4600.0
4620.0
4640.0
4660.0
4680.0
4700.0
4720.0
4740.0
4760.0
4780.0
4800.0
4820.0
4840.0
4860.0
4880.0
4900.0
4920.0
4930.0
4930.0
4950.0
4970.0
4990.0
5010.0
5030.0
5050.0
5070.0
5090.0
5110.0
5130.0
5150.0
5170.0
5190.0
5210.0
5220.0
5230.0
5250.0
5270.0
5280.0
5300.0
5320.0
5330.0
5350.0
5370.0
5390.0
5410.0
5430.0
5450.0
5470.0
5480.0
5480.0
5500.0
5520.0
5540.0
5560.0
5570.0
5590.0
5610.0
5620.0
5640.0
5660.0
5680.0
5700.0
5720.0
5740.0
5760.0
5780.0
5800.0
5820.0
5830.0
5850.0
5870.0
5890.0
5910.0
5930.0
5950.0
5970.0
5990.0
6010.0
6030.0
6050.0
6060.0
6070.0
6090.0
6110.0
6130.0
6150.0
6170.0
6190.0
6210.0
6220.0
6240.0
6260.0
6280.0
6300.0
6320.0
6340.0
6360.0
6380.0
6400.0
6410.0
6430.0
6450.0
6470.0
6490.0
6510.0
6530.0
6550.0
6570.0
6590.0
6610.0
6630.0
6650.0
6670.0
6690.0
6710.0
6730.0
6740.0
6760.0
6780.0
6800.0
6820.0
6840.0
6860.0
6880.0
6900.0
6920.0
6940.0
6960.0
6980.0
7000.0
7020.0
7040.0
7060.0
7080.0
7100.0
7120.0
7140.0
7160.0
7180.0
7190.0
7210.0
7230.0
7250.0
7270.0
7290.0
7310.0
7330.0
7350.0
7370.0
7390.0
7410.0
7430.0
7450.0
7460.0
7480.0
7500.0
7520.0
7540.0
7560.0
7580.0
7600.0
7620.0
7640.0
7660.0
7680.0
7700.0
7720.0
7740.0
7760.0
7780.0
7800.0
7820.0
7840.0
7860.0
7880.0
7900.0
7920.0
7940.0
7960.0
7980.0
8000.0
8020.0
8040.0
8060.0
8080.0
8100.0
8120.0
8140.0
8160.0
8180.0
8200.0
8220.0
8240.0
8260.0
8280.0
8300.0
8320.0
8340.0
8360.0
8380.0
8400.0
8420.0
8440.0
8460.0
8470.0
8490.0
8510.0
8530.0
8550.0
8570.0
8590.0
8610.0
8630.0
8650.0
8670.0
8690.0
8710.0
8720.0
8740.0
8750.0
8770.0
8790.0
8810.0
8830.0
8850.0
8870.0
8890.0
8910.0
8920.0
8940.0
8960.0
8980.0
9000.0
9020.0
9040.0
9060.0
9080.0
9100.0
9120.0
9140.0
9160.0
9180.0
9200.0
9220.0
9240.0
9260.0
9280.0
9300.0
9310.0
9330.0
9350.0
9370.0
9390.0
9410.0
9430.0
9440.0
9460.0
9470.0
9490.0
9510.0
9530.0
9550.0
9570.0
9590.0
9600.0
9620.0
9640.0
9660.0
9670.0
9690.0
9710.0
9730.0
9750.0
9770.0
9790.0
9810.0
9830.0
9850.0
9870.0
9890.0
9910.0
9930.0
9950.0
9970.0
9990.0
10010.0
10030.0
10050.0
10070.0
10090.0
10110.0
10130.0
10140.0
10160.0
10180.0
10200.0
10220.0
10240.0
10260.0
10280.0
10290.0
10300.0
10320.0
10340.0
10360.0
10380.0
10390.0
10410.0
10420.0
10440.0
10460.0
10480.0
10500.0
10520.0
10540.0
10550.0
10570.0
10590.0
10610.0
10630.0
10650.0
10670.0
10680.0
10700.0
10720.0
10740.0
10760.0
10780.0
10800.0
10820.0
10840.0
10860.0
10880.0
10900.0
10920.0
10940.0
10960.0
10980.0
11000.0
11020.0
11040.0
11050.0
11070.0
11090.0
11110.0
11130.0
11150.0
11170.0
11190.0
11210.0
11230.0
11250.0
11270.0
11290.0
11310.0
11320.0
11340.0
11360.0
11380.0
11390.0
11410.0
11430.0
11440.0
11460.0
11480.0
11500.0
11520.0
11540.0
11560.0
11580.0
11600.0
11620.0
11640.0
11660.0
11680.0
11700.0
11720.0
11740.0
11760.0
11780.0
11800.0
11820.0
11840.0
11850.0
11870.0
11890.0
11900.0
11920.0
11940.0
11960.0
11980.0
12000.0
12020.0
12040.0
12060.0
12080.0
12100.0
12120.0
12140.0
12160.0
12160.0
12180.0
12200.0
12220.0
12240.0
12260.0
12280.0
12300.0
12320.0
12340.0
12360.0
12380.0
12400.0
12420.0
12440.0
12460.0
12480.0
12500.0
12520.0
12540.0
12560.0
12580.0
12600.0
12620.0
12640.0
12660.0
12680.0
12700.0
12720.0
12740.0
12760.0
12780.0
12800.0
12820.0
12840.0
12860.0
12880.0
12900.0
12920.0
12940.0
12960.0
12980.0
13000.0
13020.0
13040.0
13060.0
13070.0
13090.0
13110.0
13130.0
13150.0
13170.0
13190.0
13210.0
13230.0
13250.0
13270.0
13290.0
13310.0
13330.0
13350.0
13370.0
13390.0
13410.0
13430.0
13450.0
13460.0
13480.0
13500.0
13520.0
13540.0
13560.0
13570.0
13590.0
13600.0
13620.0
13640.0
13660.0
13680.0
13700.0
13720.0
13740.0
13760.0
13780.0
13800.0
13810.0
13830.0
13850.0
13870.0
13890.0
13910.0
13930.0
13950.0
13970.0
13990.0
14010.0
14030.0
14050.0
14070.0
14090.0
14110.0
14120.0
14140.0
14160.0
14180.0
14200.0
14220.0
14240.0
14260.0
14280.0
14290.0
14310.0
14330.0
14350.0
14370.0
14390.0
14400.0
14420.0
14440.0
14460.0
14480.0
14500.0
14520.0
14540.0
14560.0
14580.0
14600.0
14600.0
14620.0
14640.0
14660.0
14680.0
14700.0
14720.0
14740.0
14760.0
14780.0
14800.0
14810.0
14830.0
14850.0
14870.0
14890.0
14910.0
14930.0
14950.0
14970.0
14990.0
15010.0
15030.0
15050.0
15070.0
15090.0
15110.0
15130.0
15150.0
15170.0
15190.0
15210.0
15230.0
15250.0
15270.0
15290.0
15310.0
15330.0
15350.0
15370.0
15390.0
15410.0
15430.0
15450.0
15470.0
15490.0
15510.0
15530.0
15550.0
15570.0
15590.0
15610.0
15630.0
15640.0
15660.0
15680.0
15700.0
15720.0
15740.0
15760.0
15780.0
15790.0
15810.0
15830.0
15840.0
15860.0
15880.0
15900.0
15920.0
15940.0
15960.0
15980.0
16000.0
16020.0
16020.0
16040.0
16060.0
16080.0
16100.0
16120.0
16140.0
16150.0
16170.0
16190.0
16210.0
16230.0
16250.0
16270.0
16290.0
16310.0
16320.0
16340.0
16360.0
16380.0
16400.0
16420.0
16440.0
16460.0
16480.0
16500.0
16510.0
16530.0
16550.0
16570.0
16590.0
16600.0
16620.0
16640.0
16650.0
16660.0
16680.0
16700.0
16710.0
16730.0
16750.0
16770.0
16790.0
16810.0
16830.0
16850.0
16870.0
16890.0
16900.0
16920.0
16940.0
16960.0
16970.0
16990.0
17010.0
17030.0
17050.0
17070.0
17090.0
17100.0
17120.0
17130.0
17150.0
17170.0
17190.0
17210.0
17230.0
17250.0
17270.0
17290.0
17310.0
17330.0
17350.0
17370.0
17390.0
17410.0
17420.0
17440.0
17460.0
17480.0
17500.0
17520.0
17540.0
17560.0
17580.0
17600.0
17620.0
17630.0
17650.0
17650.0
17670.0
17690.0
17710.0
17730.0
17750.0
17770.0
17790.0
17810.0
17830.0
17850.0
17860.0
17870.0
17890.0
17910.0
17930.0
17950.0
17970.0
17990.0
18010.0
18030.0
18050.0
18070.0
18090.0
18110.0
18130.0
18150.0
18170.0
18190.0
18210.0
18230.0
18250.0
18260.0
18280.0
18300.0
18320.0
18320.0
18340.0
18360.0
18380.0
18400.0
18420.0
18440.0
18460.0
18480.0
18500.0
18510.0
18530.0
18550.0
18570.0
18590.0
18610.0
18630.0
18650.0
18670.0
18690.0
18700.0
18720.0
18740.0
18760.0
18780.0
18800.0
18820.0
18840.0
18860.0
18880.0
18900.0
18920.0
18940.0
18950.0
18970.0
18990.0
19000.0
19020.0
19040.0
19040.0
19060.0
19080.0
19100.0
19120.0
19140.0
19160.0
19180.0
19200.0
19220.0
19240.0
19260.0
19280.0
19300.0
19320.0
19330.0
19350.0
19370.0
19390.0
19400.0
19420.0
19440.0
19460.0
19480.0
19500.0
19520.0
19520.0
19540.0
19560.0
19580.0
19590.0
19610.0
19630.0
19650.0
19670.0
19690.0
19710.0
19730.0
19750.0
19770.0
19790.0
19800.0
19820.0
19840.0
19860.0
19880.0
19900.0
19920.0
19940.0
19960.0
19980.0
20000.0
20020.0
20040.0
20060.0
20080.0
20100.0
20110.0
20130.0
20140.0
20160.0
20180.0
20200.0
20220.0
20240.0
20260.0
20280.0
20300.0
20320.0
20340.0
20360.0
20380.0
20400.0
20420.0
20440.0
20450.0
20470.0
20490.0
20510.0
20530.0
20550.0
20570.0
20590.0
20600.0
20620.0
20640.0
20660.0
20680.0
20690.0
20710.0
20730.0
20750.0
20770.0
20780.0
20800.0
20820.0
20840.0
20850.0
20860.0
20860.0
20880.0
20900.0
20910.0
20930.0
20950.0
20970.0
20990.0
21000.0
21020.0
21040.0
21060.0
21080.0
21100.0
21110.0
21130.0
21150.0
21170.0
21190.0
21210.0
21230.0
21250.0
21270.0
21280.0
21300.0
21300.0
21320.0
21340.0
21360.0
21370.0
21390.0
21410.0
21430.0
21450.0
21470.0
21490.0
21500.0
21520.0
21540.0
21560.0
21570.0
21590.0
21610.0
21630.0
21650.0
21670.0
21680.0
21700.0
21720.0
21740.0
21750.0
21770.0
21780.0
21790.0
21810.0
21820.0
21840.0
21850.0
21860.0
21880.0
21900.0
21920.0
21930.0
21950.0
21970.0
21990.0
22010.0
22020.0
22040.0
22060.0
22080.0
22100.0
22120.0
22130.0
22150.0
22160.0
22170.0
22190.0
22210.0
22230.0
22240.0
22260.0
22280.0
22300.0
22320.0
22340.0
22360.0
22380.0
22400.0
22410.0
22430.0
22450.0
22470.0
22490.0
22510.0
22530.0
22550.0
22560.0
22580.0
22600.0
22620.0
22640.0
22660.0
22680.0
22700.0
22720.0
22730.0
22750.0
22770.0
22790.0
22810.0
22830.0
22850.0
22870.0
22890.0
22910.0
22930.0
22940.0
22950.0
22970.0
22990.0
23010.0
23020.0
23040.0
23060.0
23080.0
23100.0
23120.0
23140.0
23160.0
23180.0
23200.0
23220.0
23240.0
23260.0
23280.0
23300.0
23320.0
23340.0
23360.0
23380.0
23400.0
23420.0
23440.0
23450.0
23470.0
23490.0
23510.0
23530.0
23550.0
23570.0
23580.0
23590.0
23610.0
23630.0
23650.0
23670.0
23690.0
23710.0
23720.0
23740.0
23740.0
23760.0
23770.0
23790.0
23810.0
23830.0
23850.0
23870.0
23890.0
23910.0
23930.0
23950.0
23970.0
23990.0
24010.0
24030.0
24050.0
24070.0
24090.0
24100.0
24120.0
24130.0
24150.0
24170.0
24180.0
24200.0
24220.0
24240.0
24260.0
24280.0
24300.0
24320.0
24340.0
24360.0
24380.0
24400.0
24420.0
24440.0
24460.0
24480.0
24500.0
24520.0
24530.0
24550.0
24570.0
24590.0
24610.0
24630.0
24650.0
24670.0
24690.0
24700.0
24720.0
24730.0
24730.0
24750.0
24770.0
24790.0
24810.0
24830.0
24840.0
24860.0
24880.0
24900.0
24920.0
24940.0
24960.0
24980.0
25000.0
25020.0
25040.0
25060.0
25080.0
25090.0
25110.0
25130.0
25150.0
25160.0
25180.0
25200.0
25220.0
25240.0
25260.0
25280.0
25300.0
25320.0
25340.0
25360.0
25380.0
25400.0
25420.0
25440.0
25460.0
25480.0
25500.0
25520.0
25540.0
25550.0
25570.0
25590.0
25610.0
25630.0
25650.0
25670.0
25690.0
25710.0
25730.0
25750.0
25770.0
25790.0
25810.0
25830.0
25850.0
25870.0
25890.0
25910.0
25930.0
25950.0
25970.0
25990.0
26010.0
26020.0
26040.0
26060.0
26080.0
26100.0
26120.0
26140.0
