a = 0.8
g = 0.8
e = 0.3
random initial weights = true

-310.0
-350.0
-350.0
-360.0
-390.0
-440.0
-570.0
-590.0
-590.0
-600.0
-640.0
-670.0
-710.0
-710.0
-710.0
-710.0
-700.0
-730.0
-790.0
-800.0
-780.0
-770.0
-750.0
-750.0
-730.0
-710.0
-700.0
-710.0
-690.0
-680.0
-660.0
-640.0
-630.0
-630.0
-610.0
-590.0
-580.0
-570.0
-550.0
-540.0
-560.0
-540.0
-520.0
-510.0
-500.0
-480.0
-470.0
-460.0
-440.0
-440.0
-430.0
-410.0
-390.0
-390.0
-400.0
-390.0
-370.0
-350.0
-360.0
-340.0
-320.0
-300.0
-290.0
-290.0
-270.0
-270.0
-250.0
-230.0
-230.0
-210.0
-190.0
-170.0
-160.0
-140.0
-120.0
-100.0
-90.0
-70.0
-60.0
-50.0
-40.0
-20.0
-10.0
10.0
20.0
30.0
50.0
70.0
90.0
110.0
130.0
150.0
170.0
190.0
200.0
220.0
230.0
240.0
250.0
270.0
270.0
290.0
280.0
300.0
320.0
320.0
330.0
350.0
360.0
380.0
390.0
400.0
420.0
440.0
460.0
470.0
480.0
500.0
500.0
510.0
480.0
500.0
520.0
540.0
560.0
570.0
590.0
610.0
610.0
590.0
560.0
560.0
580.0
600.0
610.0
610.0
630.0
650.0
660.0
680.0
700.0
710.0
710.0
720.0
740.0
760.0
780.0
790.0
790.0
790.0
800.0
810.0
820.0
840.0
860.0
880.0
880.0
900.0
920.0
930.0
950.0
970.0
990.0
1010.0
1030.0
1050.0
1070.0
1080.0
1090.0
1110.0
1130.0
1150.0
1170.0
1160.0
1180.0
1190.0
1200.0
1220.0
1230.0
1250.0
1270.0
1280.0
1300.0
1300.0
1320.0
1330.0
1340.0
1330.0
1350.0
1370.0
1390.0
1410.0
1430.0
1450.0
1470.0
1490.0
1510.0
1510.0
1520.0
1540.0
1550.0
1550.0
1560.0
1580.0
1590.0
1610.0
1620.0
1640.0
1650.0
1670.0
1690.0
1710.0
1730.0
1750.0
1770.0
1780.0
1790.0
1810.0
1830.0
1840.0
1860.0
1860.0
1880.0
1900.0
1910.0
1910.0
1930.0
1930.0
1950.0
1960.0
1970.0
1980.0
2000.0
2020.0
2030.0
2050.0
2050.0
2070.0
2080.0
2100.0
2110.0
2130.0
2130.0
2130.0
2150.0
2160.0
2170.0
2170.0
2190.0
2200.0
2220.0
2220.0
2240.0
2230.0
2240.0
2250.0
2240.0
2260.0
2280.0
2290.0
2290.0
2290.0
2300.0
2320.0
2340.0
2360.0
2370.0
2370.0
2370.0
2390.0
2400.0
2420.0
2410.0
2430.0
2430.0
2450.0
2450.0
2430.0
2450.0
2460.0
2480.0
2500.0
2520.0
2530.0
2540.0
2560.0
2570.0
2580.0
2600.0
2590.0
2610.0
2630.0
2650.0
2670.0
2690.0
2710.0
2720.0
2740.0
2760.0
2770.0
2790.0
2810.0
2810.0
2830.0
2820.0
2840.0
2860.0
2880.0
2900.0
2900.0
2910.0
2930.0
2940.0
2960.0
2980.0
2990.0
2990.0
3000.0
2970.0
2970.0
2990.0
2990.0
2990.0
3010.0
3030.0
3040.0
3060.0
3080.0
3090.0
3090.0
3110.0
3130.0
3150.0
3160.0
3170.0
3180.0
3200.0
3220.0
3230.0
3250.0
3270.0
3280.0
3300.0
3300.0
3310.0
3330.0
3350.0
3360.0
3370.0
3380.0
3400.0
3420.0
3440.0
3460.0
3480.0
3500.0
3510.0
3520.0
3520.0
3520.0
3530.0
3540.0
3560.0
3580.0
3590.0
3610.0
3620.0
3630.0
3620.0
3630.0
3630.0
3650.0
3670.0
3680.0
3680.0
3700.0
3710.0
3730.0
3740.0
3750.0
3760.0
3760.0
3770.0
3780.0
3800.0
3800.0
3820.0
3820.0
3820.0
3840.0
3830.0
3850.0
3860.0
3850.0
3860.0
3880.0
3890.0
3900.0
3910.0
3930.0
3950.0
3970.0
3990.0
4010.0
4020.0
4010.0
4010.0
4020.0
4030.0
4030.0
4050.0
4070.0
4070.0
4090.0
4110.0
4120.0
4140.0
4130.0
4150.0
4160.0
4160.0
4170.0
4180.0
4200.0
4220.0
4240.0
4260.0
4280.0
4290.0
4300.0
4320.0
4340.0
4350.0
4370.0
4390.0
4410.0
4410.0
4420.0
4430.0
4450.0
4470.0
4490.0
4500.0
4520.0
4540.0
4560.0
4560.0
4580.0
4560.0
4560.0
4570.0
4570.0
4590.0
4600.0
4600.0
4610.0
4620.0
4620.0
4620.0
4620.0
4640.0
4660.0
4680.0
4700.0
4720.0
4740.0
4740.0
4750.0
4760.0
4770.0
4790.0
4810.0
4830.0
4850.0
4870.0
4890.0
4910.0
4930.0
4950.0
4970.0
4990.0
5010.0
5020.0
5040.0
5060.0
5070.0
5080.0
5090.0
5100.0
5120.0
5130.0
5150.0
5170.0
5190.0
5210.0
5200.0
5220.0
5230.0
5250.0
5270.0
5290.0
5310.0
5320.0
5340.0
5350.0
5370.0
5380.0
5400.0
5400.0
5420.0
5440.0
5460.0
5480.0
5480.0
5490.0
5510.0
5520.0
5540.0
5540.0
5550.0
5560.0
5570.0
5590.0
5610.0
5620.0
5620.0
5620.0
5640.0
5660.0
5680.0
5700.0
5720.0
5740.0
5750.0
5750.0
5770.0
5780.0
5800.0
5810.0
5820.0
5830.0
5840.0
5850.0
5860.0
5870.0
5880.0
5860.0
5880.0
5880.0
5900.0
5920.0
5930.0
5920.0
5940.0
5950.0
5970.0
5990.0
6010.0
6020.0
6040.0
6050.0
6070.0
6090.0
6110.0
6070.0
6080.0
6090.0
6110.0
6110.0
6130.0
6140.0
6150.0
6160.0
6170.0
6190.0
6200.0
6220.0
6240.0
6230.0
6250.0
6260.0
6280.0
6280.0
6250.0
6270.0
6260.0
6280.0
6300.0
6320.0
6330.0
6340.0
6360.0
6370.0
6380.0
6400.0
6380.0
6400.0
6410.0
6420.0
6440.0
6460.0
6480.0
6490.0
6500.0
6520.0
6520.0
6530.0
6550.0
6570.0
6590.0
6610.0
6620.0
6620.0
6640.0
6660.0
6670.0
6680.0
6690.0
6710.0
6730.0
6730.0
6740.0
6750.0
6770.0
6790.0
6810.0
6830.0
6850.0
6870.0
6870.0
6880.0
6890.0
6910.0
6930.0
6950.0
6970.0
6990.0
7010.0
7020.0
7030.0
7030.0
7050.0
7060.0
7080.0
7100.0
7120.0
7140.0
7150.0
7150.0
7170.0
7190.0
7200.0
7210.0
7230.0
7220.0
7230.0
7240.0
7250.0
7270.0
7260.0
7270.0
7280.0
7300.0
7300.0
7310.0
7320.0
7330.0
7350.0
7370.0
7380.0
7380.0
7380.0
7390.0
7410.0
7430.0
7440.0
7460.0
7470.0
7480.0
7490.0
7510.0
7530.0
7550.0
7560.0
7580.0
7590.0
7610.0
7610.0
7630.0
7640.0
7660.0
7650.0
7660.0
7670.0
7690.0
7700.0
7720.0
7740.0
7760.0
7780.0
7770.0
7770.0
7790.0
7790.0
7800.0
7800.0
7810.0
7830.0
7850.0
7840.0
7860.0
7860.0
7880.0
7900.0
7920.0
7930.0
7940.0
7950.0
7960.0
7980.0
8000.0
8010.0
8020.0
8030.0
8050.0
8070.0
8090.0
8100.0
8120.0
8140.0
8150.0
8160.0
8180.0
8200.0
8200.0
8210.0
8230.0
8250.0
8270.0
8270.0
8280.0
8300.0
8320.0
8330.0
8330.0
8310.0
8330.0
8350.0
8370.0
8390.0
8410.0
8430.0
8450.0
8450.0
8470.0
8480.0
8500.0
8520.0
8540.0
8550.0
8560.0
8580.0
8580.0
8600.0
8600.0
8620.0
8630.0
8650.0
8670.0
8690.0
8710.0
8720.0
8730.0
8750.0
8770.0
8780.0
8800.0
8790.0
8810.0
8810.0
8820.0
8840.0
8860.0
8880.0
8870.0
8880.0
8900.0
8910.0
8920.0
8930.0
8940.0
8950.0
8970.0
8990.0
8990.0
9000.0
9020.0
9040.0
9040.0
9050.0
9050.0
9070.0
9090.0
9110.0
9130.0
9140.0
9160.0
9180.0
9200.0
9180.0
9170.0
9180.0
9200.0
9210.0
9220.0
9240.0
9260.0
9280.0
9300.0
9300.0
9320.0
9330.0
9330.0
9350.0
9350.0
9370.0
9360.0
9370.0
9380.0
9390.0
9390.0
9410.0
9420.0
9400.0
9420.0
9430.0
9450.0
9460.0
9460.0
9480.0
9500.0
9500.0
9500.0
9510.0
9530.0
9540.0
9550.0
9570.0
9590.0
9600.0
9610.0
9600.0
9610.0
9620.0
9630.0
9640.0
9660.0
9670.0
9680.0
9680.0
9700.0
9720.0
9730.0
9740.0
9750.0
9760.0
9770.0
9780.0
9800.0
9810.0
9820.0
9830.0
9820.0
9840.0
9850.0
9860.0
9870.0
9880.0
9880.0
9870.0
9890.0
9910.0
9930.0
9950.0
9960.0
9970.0
9980.0
10000.0
10020.0
10040.0
10060.0
10060.0
10080.0
10100.0
10110.0
10130.0
10150.0
10160.0
10180.0
10190.0
10200.0
10220.0
10220.0
10240.0
10250.0
10250.0
10240.0
10240.0
10260.0
10280.0
10290.0
10300.0
10310.0
10330.0
10350.0
10360.0
10380.0
10390.0
10390.0
10410.0
10430.0
10450.0
10470.0
10480.0
10500.0
10520.0
10530.0
10550.0
10570.0
10570.0
10590.0
10590.0
10610.0
10620.0
10640.0
10640.0
10660.0
10670.0
10690.0
10680.0
10700.0
10720.0
10730.0
10740.0
10750.0
10770.0
10790.0
10810.0
10830.0
10840.0
10860.0
10840.0
10840.0
10850.0
10870.0
10870.0
10890.0
10910.0
10920.0
10930.0
10950.0
10970.0
10990.0
11010.0
11030.0
11020.0
11040.0
11050.0
11070.0
11090.0
11080.0
11090.0
11110.0
11130.0
11140.0
11150.0
11160.0
11180.0
11160.0
11180.0
11200.0
11210.0
11230.0
11250.0
11260.0
11270.0
11280.0
11300.0
11300.0
11290.0
11310.0
11320.0
11330.0
11350.0
11370.0
11380.0
11400.0
11420.0
11440.0
11460.0
11480.0
11500.0
11510.0
11520.0
11530.0
11540.0
11550.0
11570.0
11570.0
11580.0
11580.0
11600.0
11600.0
11620.0
11630.0
11640.0
11660.0
11680.0
11700.0
11720.0
11740.0
11750.0
11770.0
11790.0
11810.0
11820.0
11830.0
11840.0
11860.0
11880.0
11880.0
11890.0
11890.0
11910.0
11920.0
11930.0
11950.0
11970.0
11990.0
12010.0
12020.0
12040.0
12050.0
12060.0
12080.0
12090.0
12110.0
12130.0
12130.0
12150.0
12170.0
12170.0
12180.0
12190.0
12200.0
12160.0
12180.0
12190.0
12210.0
12210.0
12220.0
12230.0
12250.0
12250.0
12270.0
12290.0
12290.0
12290.0
12310.0
12330.0
12340.0
12350.0
12360.0
12380.0
12390.0
12410.0
12420.0
12430.0
12450.0
12470.0
12480.0
12480.0
12500.0
12520.0
12530.0
12540.0
12520.0
12540.0
12560.0
12580.0
12590.0
12600.0
12610.0
12620.0
12630.0
12650.0
12660.0
12680.0
12690.0
12700.0
12710.0
12730.0
12750.0
12770.0
12790.0
12800.0
12820.0
12840.0
12860.0
12880.0
12900.0
12890.0
12910.0
12930.0
12930.0
12950.0
12970.0
12990.0
13000.0
13020.0
13030.0
13040.0
13060.0
13080.0
13100.0
13120.0
13140.0
13160.0
13170.0
13180.0
13190.0
13210.0
13220.0
13240.0
13260.0
13280.0
13300.0
13310.0
13330.0
13330.0
13340.0
13350.0
13340.0
13340.0
13360.0
13370.0
13380.0
13390.0
13410.0
13410.0
13420.0
13440.0
13460.0
13480.0
13490.0
13430.0
13450.0
13470.0
13490.0
13510.0
13510.0
13530.0
13550.0
13570.0
13590.0
13610.0
13620.0
13640.0
13660.0
13680.0
13700.0
13720.0
13720.0
13740.0
13740.0
13760.0
13750.0
13750.0
13760.0
13770.0
13790.0
13800.0
13820.0
13840.0
13860.0
13880.0
13880.0
13890.0
13890.0
13900.0
13920.0
13940.0
13950.0
13970.0
13980.0
14000.0
14020.0
14030.0
14050.0
14050.0
14070.0
14080.0
14100.0
14120.0
14130.0
14150.0
14170.0
14170.0
14190.0
14210.0
14230.0
14250.0
14260.0
14270.0
14280.0
14290.0
14310.0
14300.0
14310.0
14330.0
14350.0
14370.0
14390.0
14410.0
14420.0
14430.0
14430.0
14430.0
14450.0
14470.0
14490.0
14490.0
14500.0
14520.0
14530.0
14540.0
14550.0
14570.0
14560.0
14560.0
14580.0
14600.0
14610.0
14620.0
14640.0
14640.0
14660.0
14670.0
14690.0
14700.0
14720.0
14730.0
14750.0
14760.0
14780.0
14800.0
14780.0
14800.0
14820.0
14840.0
14860.0
14880.0
14900.0
14900.0
14920.0
14930.0
14950.0
14940.0
14950.0
14970.0
14980.0
14980.0
15000.0
15020.0
15020.0
15030.0
15040.0
15060.0
15070.0
15090.0
15100.0
15120.0
15130.0
15150.0
15160.0
15180.0
15200.0
15220.0
15240.0
15230.0
15240.0
15260.0
15280.0
15300.0
15310.0
15310.0
15320.0
15340.0
15330.0
15350.0
15370.0
15380.0
15390.0
15400.0
15410.0
15430.0
15440.0
15450.0
15470.0
15470.0
15470.0
15490.0
15510.0
15520.0
15510.0
15510.0
15530.0
15550.0
15560.0
15570.0
15590.0
15610.0
15610.0
15630.0
15650.0
15670.0
15670.0
15690.0
15710.0
15730.0
15750.0
15750.0
15740.0
15750.0
15760.0
15780.0
15790.0
15800.0
15810.0
15830.0
15840.0
15850.0
15860.0
15880.0
15890.0
15900.0
15900.0
15920.0
15940.0
15960.0
15970.0
15990.0
16010.0
16020.0
16040.0
16050.0
16070.0
16080.0
16100.0
16090.0
16110.0
16110.0
16110.0
16100.0
16110.0
16110.0
16130.0
16130.0
16150.0
16160.0
16180.0
16170.0
16190.0
16180.0
16200.0
16210.0
16230.0
16250.0
16270.0
16280.0
16300.0
16320.0
16320.0
16330.0
16340.0
16350.0
16360.0
16380.0
16380.0
16380.0
16380.0
16400.0
16420.0
16440.0
16460.0
16460.0
16480.0
16490.0
16510.0
16530.0
16540.0
16560.0
16580.0
16600.0
16620.0
16630.0
16640.0
16650.0
16660.0
16670.0
16690.0
16700.0
16720.0
16740.0
16750.0
16760.0
16770.0
16790.0
16810.0
16830.0
16850.0
16850.0
16870.0
16890.0
16900.0
16920.0
16940.0
16960.0
16950.0
16970.0
16990.0
17010.0
16980.0
16990.0
17010.0
17020.0
17040.0
17060.0
17080.0
17100.0
17120.0
17140.0
17160.0
17180.0
17200.0
17210.0
17220.0
17230.0
17250.0
17270.0
17290.0
17300.0
17320.0
17340.0
17350.0
17340.0
17350.0
17370.0
17390.0
17400.0
17400.0
17420.0
17440.0
17460.0
17480.0
17500.0
17510.0
17510.0
17520.0
17520.0
17530.0
17550.0
17570.0
17580.0
17600.0
17620.0
17630.0
17650.0
17670.0
17690.0
17710.0
17720.0
17730.0
17750.0
17740.0
17750.0
17760.0
17780.0
17790.0
17810.0
17820.0
17840.0
17850.0
17860.0
17880.0
17900.0
17900.0
17910.0
17930.0
17950.0
