a = 0.8
g = 0.5
e = 0.3
random initial weights = true

-420.0
-430.0
-440.0
-440.0
-460.0
-490.0
-500.0
-500.0
-490.0
-470.0
-450.0
-440.0
-420.0
-420.0
-410.0
-430.0
-410.0
-420.0
-400.0
-390.0
-380.0
-360.0
-340.0
-370.0
-350.0
-330.0
-310.0
-290.0
-290.0
-270.0
-250.0
-250.0
-240.0
-230.0
-230.0
-220.0
-220.0
-250.0
-280.0
-260.0
-250.0
-240.0
-230.0
-220.0
-220.0
-200.0
-180.0
-160.0
-150.0
-130.0
-130.0
-120.0
-100.0
-90.0
-70.0
-60.0
-60.0
-40.0
-30.0
-30.0
-10.0
10.0
30.0
40.0
50.0
60.0
60.0
80.0
100.0
120.0
130.0
130.0
150.0
170.0
190.0
210.0
220.0
230.0
240.0
260.0
270.0
290.0
310.0
300.0
320.0
330.0
340.0
360.0
380.0
400.0
420.0
430.0
450.0
460.0
480.0
490.0
490.0
500.0
500.0
520.0
540.0
540.0
550.0
570.0
590.0
610.0
630.0
630.0
650.0
660.0
680.0
700.0
720.0
740.0
760.0
780.0
800.0
820.0
820.0
830.0
840.0
840.0
860.0
860.0
870.0
890.0
910.0
930.0
950.0
960.0
980.0
1000.0
1000.0
1020.0
1040.0
1040.0
1060.0
1080.0
1090.0
1110.0
1130.0
1150.0
1170.0
1180.0
1200.0
1220.0
1230.0
1250.0
1260.0
1280.0
1270.0
1270.0
1290.0
1310.0
1330.0
1340.0
1360.0
1380.0
1390.0
1410.0
1420.0
1440.0
1460.0
1480.0
1500.0
1510.0
1530.0
1540.0
1560.0
1580.0
1590.0
1610.0
1630.0
1640.0
1660.0
1670.0
1680.0
1680.0
1700.0
1720.0
1740.0
1760.0
1780.0
1780.0
1790.0
1810.0
1820.0
1840.0
1860.0
1850.0
1870.0
1890.0
1900.0
1920.0
1940.0
1960.0
1950.0
1960.0
1970.0
1980.0
1990.0
1990.0
2000.0
2020.0
2030.0
2050.0
2050.0
2070.0
2090.0
2110.0
2130.0
2130.0
2150.0
2150.0
2170.0
2190.0
2200.0
2210.0
2230.0
2250.0
2260.0
2270.0
2290.0
2310.0
2330.0
2350.0
2370.0
2390.0
2410.0
2430.0
2450.0
2470.0
2490.0
2500.0
2520.0
2540.0
2550.0
2540.0
2560.0
2580.0
2590.0
2610.0
2630.0
2650.0
2670.0
2690.0
2710.0
2710.0
2720.0
2730.0
2750.0
2750.0
2770.0
2780.0
2800.0
2810.0
2830.0
2850.0
2870.0
2880.0
2900.0
2910.0
2930.0
2950.0
2950.0
2970.0
2990.0
3010.0
3030.0
3040.0
3050.0
3070.0
3090.0
3110.0
3120.0
3140.0
3160.0
3160.0
3160.0
3170.0
3180.0
3190.0
3210.0
3230.0
3240.0
3260.0
3250.0
3270.0
3290.0
3310.0
3330.0
3350.0
3360.0
3380.0
3400.0
3410.0
3430.0
3450.0
3460.0
3450.0
3450.0
3460.0
3480.0
3500.0
3510.0
3530.0
3540.0
3550.0
3570.0
3580.0
3580.0
3600.0
3620.0
3620.0
3640.0
3660.0
3670.0
3690.0
3700.0
3720.0
3740.0
3760.0
3760.0
3780.0
3790.0
3810.0
3820.0
3830.0
3850.0
3870.0
3890.0
3890.0
3900.0
3910.0
3920.0
3930.0
3930.0
3930.0
3940.0
3960.0
3980.0
4000.0
4020.0
4040.0
4050.0
4070.0
4090.0
4110.0
4130.0
4140.0
4160.0
4180.0
4190.0
4200.0
4210.0
4230.0
4240.0
4250.0
4270.0
4290.0
4310.0
4310.0
4330.0
4350.0
4370.0
4380.0
4400.0
4420.0
4430.0
4400.0
4420.0
4440.0
4450.0
4470.0
4490.0
4510.0
4530.0
4540.0
4560.0
4580.0
4600.0
4610.0
4630.0
4650.0
4670.0
4690.0
4710.0
4730.0
4750.0
4770.0
4790.0
4790.0
4800.0
4820.0
4840.0
4850.0
4850.0
4870.0
4870.0
4890.0
4910.0
4930.0
4950.0
4960.0
4980.0
5000.0
5010.0
5020.0
5010.0
5030.0
5050.0
5050.0
5060.0
5070.0
5080.0
5100.0
5100.0
5110.0
5120.0
5140.0
5160.0
5170.0
5180.0
5180.0
5190.0
5200.0
5210.0
5210.0
5210.0
5230.0
5250.0
5270.0
5280.0
5300.0
5310.0
5330.0
5350.0
5360.0
5380.0
5390.0
5380.0
5400.0
5410.0
5430.0
5450.0
5470.0
5490.0
5490.0
5490.0
5510.0
5530.0
5550.0
5570.0
5590.0
5610.0
5630.0
5650.0
5660.0
5680.0
5700.0
5720.0
5720.0
5740.0
5760.0
5780.0
5800.0
5820.0
5840.0
5850.0
5870.0
5860.0
5850.0
5860.0
5880.0
5880.0
5900.0
5920.0
5940.0
5960.0
5970.0
5980.0
5990.0
6000.0
6020.0
6040.0
6040.0
6060.0
6070.0
6090.0
6090.0
6100.0
6120.0
6130.0
6130.0
6140.0
6140.0
6160.0
6160.0
6170.0
6170.0
6190.0
6210.0
6230.0
6250.0
6270.0
6280.0
6290.0
6310.0
6330.0
6350.0
6370.0
6390.0
6400.0
6410.0
6430.0
6450.0
6470.0
6490.0
6510.0
6530.0
6550.0
6570.0
6590.0
6560.0
6570.0
6560.0
6530.0
6550.0
6560.0
6570.0
6590.0
6590.0
6610.0
6620.0
6640.0
6640.0
6660.0
6680.0
6700.0
6720.0
6740.0
6760.0
6770.0
6770.0
6790.0
6800.0
6800.0
6810.0
6820.0
6830.0
6850.0
6870.0
6880.0
6900.0
6910.0
6920.0
6930.0
6940.0
6950.0
6970.0
6990.0
7010.0
7020.0
7030.0
7030.0
7040.0
7060.0
7080.0
7060.0
7080.0
7080.0
7100.0
7120.0
7120.0
7140.0
7160.0
7180.0
7200.0
7210.0
7220.0
7230.0
7240.0
7260.0
7250.0
7250.0
7270.0
7280.0
7280.0
7300.0
7320.0
7310.0
7330.0
7340.0
7360.0
7380.0
7400.0
7410.0
7430.0
7440.0
7450.0
7460.0
7460.0
7470.0
7490.0
7510.0
7530.0
7530.0
7550.0
7560.0
7580.0
7590.0
7610.0
7620.0
7640.0
7660.0
7680.0
7690.0
7710.0
7730.0
7750.0
7760.0
7780.0
7800.0
7820.0
7820.0
7830.0
7840.0
7840.0
7850.0
7870.0
7880.0
7900.0
7920.0
7940.0
7960.0
7980.0
8000.0
8010.0
8030.0
8050.0
8070.0
8090.0
8110.0
8120.0
8130.0
8150.0
8170.0
8190.0
8210.0
8220.0
8230.0
8240.0
8260.0
8280.0
8300.0
8310.0
8320.0
8330.0
8350.0
8370.0
8390.0
8410.0
8430.0
8450.0
8470.0
8480.0
8490.0
8500.0
8520.0
8540.0
8540.0
8560.0
8580.0
8600.0
8620.0
8630.0
8650.0
8660.0
8680.0
8700.0
8720.0
8740.0
8760.0
8780.0
8800.0
8820.0
8840.0
8840.0
8840.0
8860.0
8880.0
8900.0
8920.0
8930.0
8920.0
8930.0
8930.0
8940.0
8950.0
8970.0
8990.0
9000.0
9010.0
9020.0
9040.0
9060.0
9040.0
9060.0
9080.0
9100.0
9120.0
9120.0
9130.0
9150.0
9160.0
9170.0
9190.0
9180.0
9200.0
9220.0
9230.0
9250.0
9270.0
9290.0
9290.0
9300.0
9320.0
9340.0
9360.0
9370.0
9360.0
9340.0
9360.0
9350.0
9340.0
9350.0
9350.0
9370.0
9370.0
9390.0
9390.0
9410.0
9410.0
9430.0
9450.0
9450.0
9470.0
9490.0
9510.0
9500.0
9520.0
9520.0
9540.0
9560.0
9580.0
9600.0
9620.0
9640.0
9660.0
9680.0
9680.0
9700.0
9710.0
9720.0
9730.0
9710.0
9720.0
9740.0
9740.0
9740.0
9750.0
9770.0
9790.0
9810.0
9820.0
9840.0
9860.0
9880.0
9900.0
9910.0
9930.0
9940.0
9960.0
9980.0
9990.0
9980.0
10000.0
10020.0
10000.0
10020.0
10030.0
10040.0
10040.0
10050.0
10060.0
10080.0
10090.0
10110.0
10110.0
10130.0
10130.0
10140.0
10150.0
10170.0
10190.0
10200.0
10220.0
10240.0
10250.0
10270.0
10290.0
10310.0
10320.0
10340.0
10340.0
10350.0
10370.0
10390.0
10410.0
10430.0
10450.0
10460.0
10480.0
10480.0
10500.0
10520.0
10520.0
10520.0
10540.0
10560.0
10570.0
10590.0
10600.0
10610.0
10630.0
10650.0
10670.0
10670.0
10690.0
10700.0
10720.0
10730.0
10750.0
10760.0
10770.0
10770.0
10780.0
10800.0
10810.0
10820.0
10840.0
10840.0
10860.0
10880.0
10890.0
10900.0
10920.0
10940.0
10940.0
10940.0
10960.0
10980.0
11000.0
11000.0
11000.0
11020.0
11020.0
11020.0
11040.0
11060.0
11080.0
11090.0
11090.0
11100.0
11120.0
11120.0
11140.0
11150.0
11170.0
11190.0
11190.0
11210.0
11220.0
11240.0
11260.0
11280.0
11300.0
11290.0
11310.0
11320.0
11330.0
11350.0
11370.0
11390.0
11400.0
11420.0
11420.0
11430.0
11450.0
11470.0
11470.0
11490.0
11510.0
11520.0
11540.0
11540.0
11560.0
11540.0
11540.0
11560.0
11570.0
11560.0
11580.0
11570.0
11580.0
11590.0
11610.0
11610.0
11620.0
11630.0
11640.0
11650.0
11670.0
11690.0
11700.0
11720.0
11720.0
11730.0
11730.0
11740.0
11760.0
11780.0
11780.0
11790.0
11810.0
11820.0
11840.0
11850.0
11870.0
11870.0
11880.0
11900.0
11910.0
11930.0
11950.0
11970.0
11980.0
11990.0
12010.0
12030.0
12050.0
12070.0
12090.0
12100.0
12110.0
12110.0
12100.0
12120.0
12130.0
12140.0
12160.0
12180.0
12180.0
12200.0
12220.0
12230.0
12230.0
12240.0
12260.0
12260.0
12270.0
12290.0
12290.0
12300.0
12310.0
12330.0
12350.0
12370.0
12380.0
12400.0
12420.0
12440.0
12450.0
12470.0
12490.0
12510.0
12510.0
12530.0
12550.0
12550.0
12550.0
12560.0
12570.0
12590.0
12600.0
12610.0
12580.0
12590.0
12600.0
12610.0
12620.0
12640.0
12630.0
12650.0
12660.0
12670.0
12690.0
12710.0
12730.0
12750.0
12770.0
12780.0
12800.0
12810.0
12820.0
12840.0
12860.0
12870.0
12860.0
12860.0
12880.0
12900.0
12920.0
12940.0
12960.0
12970.0
12990.0
13010.0
12990.0
12970.0
12980.0
12990.0
13010.0
13010.0
13020.0
13040.0
13060.0
13050.0
13060.0
13080.0
13100.0
13100.0
13120.0
13130.0
13140.0
13150.0
13170.0
13180.0
13200.0
13220.0
13240.0
13260.0
13280.0
13290.0
13310.0
13310.0
13320.0
13340.0
13360.0
13380.0
13400.0
13400.0
13400.0
13420.0
13430.0
13450.0
13470.0
13490.0
13510.0
13530.0
13550.0
13570.0
13590.0
13610.0
13630.0
13640.0
13660.0
13660.0
13680.0
13690.0
13710.0
13730.0
13750.0
13770.0
13790.0
13810.0
13830.0
13840.0
13850.0
13860.0
13860.0
13870.0
13890.0
13910.0
13900.0
13910.0
13930.0
13950.0
13960.0
13980.0
13990.0
14010.0
14030.0
14050.0
14050.0
14050.0
14060.0
14080.0
14090.0
14110.0
14120.0
14130.0
14140.0
14150.0
14150.0
14160.0
14170.0
14190.0
14200.0
14210.0
14210.0
14220.0
14240.0
14250.0
14260.0
14270.0
14290.0
14280.0
14300.0
14320.0
14330.0
14350.0
14370.0
14370.0
14390.0
14410.0
14400.0
14420.0
14440.0
14460.0
14480.0
14480.0
14480.0
14470.0
14480.0
14500.0
14520.0
14530.0
14530.0
14540.0
14560.0
14570.0
14590.0
14600.0
14620.0
14630.0
14610.0
14630.0
14630.0
14640.0
14660.0
14680.0
14690.0
14710.0
14720.0
14730.0
14750.0
14760.0
14770.0
14780.0
14790.0
14790.0
14810.0
14820.0
14810.0
14820.0
14840.0
14860.0
14880.0
14880.0
14900.0
14910.0
14930.0
14950.0
14970.0
14990.0
15000.0
15020.0
15030.0
15050.0
15060.0
15050.0
15060.0
15080.0
15100.0
15120.0
15140.0
15160.0
15160.0
15180.0
15200.0
15220.0
15230.0
15250.0
15250.0
15260.0
15280.0
15300.0
15320.0
15330.0
15350.0
15370.0
15390.0
15410.0
15430.0
15440.0
15450.0
15470.0
15490.0
15510.0
15520.0
15530.0
15540.0
15550.0
15560.0
15570.0
15590.0
15610.0
15620.0
15640.0
15660.0
15680.0
15700.0
15710.0
15730.0
15730.0
15740.0
15750.0
15770.0
15780.0
15780.0
15790.0
15810.0
15820.0
15830.0
15840.0
15860.0
15870.0
15890.0
15910.0
15920.0
15940.0
15960.0
15970.0
15990.0
16010.0
16030.0
16050.0
16050.0
16070.0
16080.0
16100.0
16120.0
16140.0
16150.0
16170.0
16170.0
16170.0
16180.0
16190.0
16210.0
16230.0
16250.0
16270.0
16290.0
16310.0
16320.0
16330.0
16340.0
16350.0
16370.0
16390.0
16400.0
16420.0
16440.0
16460.0
16480.0
16500.0
16510.0
16530.0
16550.0
16560.0
16550.0
16560.0
16570.0
16590.0
16610.0
16630.0
16610.0
16630.0
16650.0
16670.0
16690.0
16710.0
16720.0
16740.0
16740.0
16750.0
16770.0
16790.0
16800.0
16820.0
16840.0
16850.0
16870.0
16880.0
16900.0
16910.0
16930.0
16920.0
16930.0
16940.0
16960.0
16970.0
16990.0
17010.0
17030.0
17030.0
17030.0
17050.0
17060.0
17070.0
17090.0
17100.0
17110.0
17130.0
17130.0
17150.0
17170.0
17180.0
17200.0
17220.0
17220.0
17240.0
17260.0
17280.0
17290.0
17300.0
17320.0
17340.0
17350.0
17360.0
17360.0
17370.0
17390.0
17410.0
17430.0
17450.0
17470.0
17480.0
17500.0
17510.0
17530.0
17540.0
17560.0
17570.0
17590.0
17590.0
17610.0
17610.0
17620.0
17630.0
17650.0
17660.0
17680.0
17700.0
17720.0
17730.0
17750.0
17770.0
17780.0
17790.0
17800.0
17810.0
17810.0
17830.0
17850.0
17840.0
17860.0
17870.0
17890.0
17910.0
17930.0
17950.0
17970.0
17990.0
18010.0
18030.0
18040.0
18030.0
18030.0
18030.0
18050.0
18060.0
18070.0
18090.0
18110.0
18120.0
18130.0
18150.0
18160.0
18180.0
18200.0
18200.0
18200.0
18220.0
18240.0
18250.0
18270.0
18280.0
18290.0
18280.0
18290.0
18300.0
18310.0
18330.0
18350.0
18340.0
18360.0
18370.0
18390.0
18410.0
18430.0
18420.0
18420.0
18430.0
18450.0
18460.0
18470.0
18480.0
18500.0
18520.0
18540.0
18550.0
18570.0
18590.0
18580.0
18590.0
18600.0
18610.0
18630.0
18650.0
18670.0
18680.0
18700.0
18710.0
18730.0
18750.0
18750.0
18750.0
18750.0
18760.0
18770.0
18780.0
18800.0
18820.0
18840.0
18850.0
18870.0
18880.0
18890.0
18910.0
18920.0
18940.0
18960.0
18980.0
19000.0
19020.0
19040.0
19060.0
19080.0
19100.0
19120.0
19140.0
19140.0
19160.0
19180.0
19200.0
19220.0
19240.0
19250.0
19260.0
19270.0
19290.0
19310.0
19330.0
19340.0
19360.0
19360.0
19370.0
