a = 0.5
g = 0.5
e = 0.3
random initial weights = true

-220.0
-560.0
-700.0
-750.0
-750.0
-750.0
-810.0
-800.0
-810.0
-820.0
-800.0
-880.0
-930.0
-920.0
-900.0
-960.0
-960.0
-1000.0
-990.0
-980.0
-980.0
-960.0
-940.0
-930.0
-910.0
-930.0
-940.0
-920.0
-960.0
-950.0
-950.0
-930.0
-920.0
-910.0
-930.0
-910.0
-890.0
-870.0
-850.0
-830.0
-810.0
-810.0
-810.0
-820.0
-810.0
-800.0
-790.0
-780.0
-780.0
-760.0
-740.0
-720.0
-700.0
-680.0
-690.0
-680.0
-660.0
-640.0
-630.0
-620.0
-600.0
-580.0
-560.0
-550.0
-550.0
-540.0
-520.0
-520.0
-530.0
-510.0
-510.0
-510.0
-490.0
-470.0
-450.0
-450.0
-430.0
-410.0
-390.0
-390.0
-390.0
-370.0
-350.0
-340.0
-320.0
-300.0
-280.0
-270.0
-250.0
-240.0
-220.0
-200.0
-180.0
-170.0
-150.0
-160.0
-150.0
-140.0
-120.0
-110.0
-90.0
-70.0
-60.0
-50.0
-50.0
-50.0
-40.0
-50.0
-40.0
-20.0
0.0
20.0
40.0
50.0
70.0
90.0
110.0
120.0
140.0
150.0
170.0
180.0
190.0
200.0
210.0
220.0
230.0
240.0
260.0
280.0
300.0
300.0
320.0
340.0
350.0
370.0
350.0
360.0
370.0
380.0
390.0
400.0
410.0
430.0
450.0
450.0
470.0
490.0
490.0
510.0
530.0
510.0
530.0
550.0
550.0
570.0
570.0
590.0
610.0
620.0
620.0
620.0
630.0
640.0
660.0
680.0
700.0
690.0
690.0
710.0
720.0
710.0
730.0
750.0
760.0
770.0
780.0
780.0
800.0
820.0
840.0
860.0
880.0
890.0
910.0
930.0
950.0
970.0
990.0
1000.0
990.0
1010.0
1020.0
1040.0
1040.0
1060.0
1080.0
1080.0
1090.0
1110.0
1130.0
1140.0
1150.0
1160.0
1170.0
1180.0
1190.0
1210.0
1220.0
1240.0
1250.0
1240.0
1240.0
1260.0
1270.0
1270.0
1290.0
1310.0
1330.0
1340.0
1360.0
1380.0
1400.0
1400.0
1420.0
1440.0
1440.0
1460.0
1450.0
1470.0
1490.0
1510.0
1530.0
1550.0
1570.0
1580.0
1600.0
1610.0
1620.0
1620.0
1630.0
1650.0
1670.0
1690.0
1690.0
1690.0
1680.0
1700.0
1680.0
1690.0
1700.0
1720.0
1730.0
1730.0
1740.0
1720.0
1710.0
1710.0
1730.0
1740.0
1740.0
1750.0
1750.0
1770.0
1790.0
1810.0
1830.0
1850.0
1860.0
1860.0
1880.0
1900.0
1920.0
1930.0
1950.0
1970.0
1990.0
2010.0
2000.0
2020.0
2030.0
2030.0
2050.0
2070.0
2090.0
2100.0
2120.0
2140.0
2160.0
2160.0
2170.0
2180.0
2180.0
2200.0
2210.0
2200.0
2220.0
2230.0
2250.0
2260.0
2270.0
2280.0
2290.0
2280.0
2290.0
2310.0
2320.0
2320.0
2340.0
2360.0
2380.0
2390.0
2410.0
2420.0
2410.0
2420.0
2430.0
2450.0
2470.0
2490.0
2510.0
2530.0
2530.0
2540.0
2560.0
2570.0
2590.0
2610.0
2630.0
2640.0
2650.0
2670.0
2690.0
2690.0
2700.0
2700.0
2710.0
2720.0
2730.0
2730.0
2740.0
2760.0
2780.0
2800.0
2820.0
2840.0
2860.0
2880.0
2900.0
2910.0
2930.0
2940.0
2960.0
2980.0
3000.0
3020.0
3040.0
3050.0
3070.0
3080.0
3080.0
3080.0
3090.0
3100.0
3110.0
3130.0
3150.0
3170.0
3160.0
3180.0
3200.0
3210.0
3230.0
3250.0
3270.0
3290.0
3310.0
3330.0
3340.0
3350.0
3370.0
3390.0
3410.0
3420.0
3430.0
3450.0
3440.0
3460.0
3460.0
3480.0
3490.0
3500.0
3500.0
3510.0
3520.0
3530.0
3540.0
3560.0
3580.0
3590.0
3600.0
3620.0
3640.0
3640.0
3650.0
3660.0
3680.0
3700.0
3720.0
3730.0
3750.0
3760.0
3780.0
3780.0
3800.0
3820.0
3840.0
3850.0
3850.0
3860.0
3880.0
3880.0
3900.0
3920.0
3930.0
3940.0
3960.0
3980.0
3980.0
3970.0
3990.0
4000.0
4000.0
4020.0
4030.0
4050.0
4060.0
4070.0
4090.0
4090.0
4110.0
4130.0
4150.0
4160.0
4170.0
4190.0
4210.0
4230.0
4240.0
4260.0
4280.0
4300.0
4310.0
4320.0
4340.0
4340.0
4350.0
4360.0
4370.0
4380.0
4400.0
4420.0
4430.0
4450.0
4440.0
4460.0
4480.0
4490.0
4510.0
4530.0
4540.0
4560.0
4570.0
4580.0
4590.0
4610.0
4610.0
4630.0
4650.0
4670.0
4690.0
4700.0
4720.0
4730.0
4750.0
4750.0
4760.0
4760.0
4760.0
4780.0
4770.0
4780.0
4800.0
4810.0
4810.0
4820.0
4830.0
4840.0
4860.0
4870.0
4880.0
4880.0
4890.0
4900.0
4910.0
4910.0
4920.0
4940.0
4940.0
4960.0
4980.0
5000.0
5020.0
5040.0
5050.0
5040.0
5060.0
5060.0
5050.0
5050.0
5070.0
5090.0
5100.0
5120.0
5140.0
5160.0
5180.0
5190.0
5210.0
5220.0
5240.0
5260.0
5260.0
5280.0
5290.0
5310.0
5330.0
5350.0
5370.0
5390.0
5390.0
5410.0
5430.0
5450.0
5470.0
5490.0
5500.0
5510.0
5530.0
5550.0
5560.0
5540.0
5560.0
5550.0
5570.0
5570.0
5580.0
5590.0
5610.0
5630.0
5640.0
5660.0
5680.0
5690.0
5700.0
5720.0
5720.0
5730.0
5750.0
5760.0
5760.0
5780.0
5790.0
5800.0
5820.0
5840.0
5850.0
5870.0
5890.0
5900.0
5910.0
5910.0
5930.0
5950.0
5940.0
5950.0
5970.0
5980.0
5990.0
6010.0
6030.0
6040.0
6060.0
6080.0
6090.0
6110.0
6130.0
6130.0
6140.0
6160.0
6180.0
6200.0
6220.0
6230.0
6230.0
6250.0
6260.0
6270.0
6280.0
6300.0
6300.0
6320.0
6330.0
6350.0
6370.0
6360.0
6350.0
6370.0
6390.0
6410.0
6430.0
6420.0
6440.0
6460.0
6460.0
6480.0
6490.0
6490.0
6510.0
6500.0
6510.0
6510.0
6530.0
6540.0
6550.0
6540.0
6560.0
6580.0
6600.0
6620.0
6630.0
6650.0
6670.0
6680.0
6690.0
6710.0
6730.0
6730.0
6750.0
6750.0
6770.0
6770.0
6780.0
6800.0
6820.0
6820.0
6840.0
6860.0
6870.0
6880.0
6890.0
6910.0
6930.0
6950.0
6950.0
6970.0
6990.0
7010.0
7020.0
7020.0
7030.0
7050.0
7050.0
7050.0
7070.0
7090.0
7110.0
7120.0
7130.0
7130.0
7150.0
7170.0
7180.0
7190.0
7210.0
7230.0
7250.0
7260.0
7270.0
7290.0
7310.0
7320.0
7340.0
7350.0
7370.0
7380.0
7400.0
7420.0
7440.0
7460.0
7480.0
7490.0
7510.0
7500.0
7520.0
7530.0
7540.0
7560.0
7580.0
7600.0
7600.0
7620.0
7640.0
7640.0
7660.0
7680.0
7700.0
7720.0
7730.0
7750.0
7760.0
7750.0
7770.0
7790.0
7790.0
7800.0
7820.0
7840.0
7860.0
7870.0
7870.0
7890.0
7880.0
7900.0
7920.0
7910.0
7910.0
7930.0
7940.0
7960.0
7980.0
7990.0
8010.0
8030.0
8030.0
8050.0
8070.0
8090.0
8100.0
8100.0
8120.0
8120.0
8140.0
8160.0
8180.0
8180.0
8190.0
8210.0
8230.0
8230.0
8250.0
8260.0
8280.0
8300.0
8320.0
8340.0
8330.0
8340.0
8350.0
8370.0
8370.0
8390.0
8410.0
8420.0
8440.0
8450.0
8460.0
8480.0
8480.0
8500.0
8510.0
8530.0
8550.0
8570.0
8590.0
8590.0
8610.0
8630.0
8640.0
8620.0
8640.0
8630.0
8650.0
8660.0
8670.0
8690.0
8700.0
8720.0
8730.0
8750.0
8770.0
8790.0
8800.0
8820.0
8840.0
8860.0
8870.0
8860.0
8860.0
8880.0
8890.0
8900.0
8920.0
8930.0
8950.0
8970.0
8990.0
9010.0
9030.0
9050.0
9050.0
9060.0
9080.0
9090.0
9090.0
9110.0
9120.0
9140.0
9160.0
9180.0
9200.0
9210.0
9230.0
9220.0
9240.0
9240.0
9250.0
9270.0
9290.0
9280.0
9300.0
9310.0
9330.0
9350.0
9360.0
9380.0
9380.0
9370.0
9380.0
9390.0
9400.0
9420.0
9430.0
9450.0
9470.0
9480.0
9500.0
9520.0
9540.0
9550.0
9560.0
9540.0
9550.0
9560.0
9580.0
9590.0
9600.0
9600.0
9620.0
9640.0
9660.0
9680.0
9680.0
9700.0
9700.0
9720.0
9730.0
9750.0
9770.0
9790.0
9800.0
9820.0
9840.0
9850.0
9860.0
9870.0
9890.0
9910.0
9930.0
9950.0
9960.0
9980.0
10000.0
10010.0
10030.0
10040.0
10040.0
10040.0
10060.0
10060.0
10080.0
10100.0
10100.0
10120.0
10140.0
10160.0
10170.0
10190.0
10190.0
10200.0
10220.0
10230.0
10240.0
10260.0
10270.0
10260.0
10260.0
10260.0
10280.0
10280.0
10290.0
10310.0
10330.0
10350.0
10370.0
10380.0
10390.0
10400.0
10420.0
10440.0
10450.0
10450.0
10440.0
10460.0
10480.0
10490.0
10510.0
10500.0
10510.0
10520.0
10520.0
10540.0
10540.0
10560.0
10570.0
10590.0
10610.0
10630.0
10650.0
10660.0
10680.0
10700.0
10720.0
10740.0
10750.0
10770.0
10770.0
10790.0
10800.0
10820.0
10840.0
10850.0
10860.0
10860.0
10870.0
10890.0
10890.0
10910.0
10930.0
10950.0
10970.0
10970.0
10990.0
11010.0
11030.0
11030.0
11050.0
11070.0
11080.0
11080.0
11090.0
11110.0
11110.0
11120.0
11130.0
11150.0
11160.0
11180.0
11200.0
11220.0
11230.0
11250.0
11260.0
11260.0
11280.0
11300.0
11310.0
11320.0
11340.0
11350.0
11370.0
11390.0
11410.0
11430.0
11450.0
11450.0
11470.0
11490.0
11490.0
11490.0
11510.0
11520.0
11530.0
11550.0
11570.0
11580.0
11590.0
11610.0
11630.0
11650.0
11660.0
11670.0
11690.0
11690.0
11710.0
11720.0
11730.0
11740.0
11740.0
11760.0
11780.0
11780.0
11790.0
11810.0
11830.0
11850.0
11840.0
11850.0
11860.0
11860.0
11880.0
11900.0
11920.0
11940.0
11960.0
11980.0
12000.0
12020.0
12040.0
12040.0
12050.0
12040.0
12040.0
12060.0
12080.0
12090.0
12090.0
12100.0
12120.0
12130.0
12120.0
12140.0
12160.0
12180.0
12190.0
12210.0
12220.0
12230.0
12240.0
12250.0
12270.0
12280.0
12300.0
12300.0
12320.0
12320.0
12340.0
12360.0
12360.0
12370.0
12390.0
12400.0
12420.0
12440.0
12440.0
12460.0
12480.0
12480.0
12490.0
12510.0
12520.0
12540.0
12560.0
12570.0
12590.0
12610.0
12610.0
12630.0
12650.0
12650.0
12660.0
12660.0
12680.0
12700.0
12720.0
12740.0
12740.0
12740.0
12750.0
12770.0
12790.0
12810.0
12830.0
12830.0
12840.0
12840.0
12860.0
12860.0
12880.0
12890.0
12910.0
12930.0
12950.0
12970.0
12990.0
13010.0
13020.0
13040.0
13020.0
13030.0
13050.0
13070.0
13080.0
13100.0
13120.0
13130.0
13150.0
13160.0
13180.0
13190.0
13200.0
13220.0
13240.0
13250.0
13260.0
13280.0
13300.0
13320.0
13340.0
13350.0
13370.0
13390.0
13410.0
13420.0
13440.0
13450.0
13470.0
13480.0
13500.0
13520.0
13540.0
13560.0
13580.0
13580.0
13600.0
13620.0
13640.0
13650.0
13650.0
13670.0
13690.0
13710.0
13730.0
13750.0
13770.0
13780.0
13800.0
13810.0
13810.0
13830.0
13850.0
13870.0
13880.0
13900.0
13890.0
13910.0
13920.0
13940.0
13950.0
13960.0
13980.0
13980.0
14000.0
14020.0
14010.0
14030.0
14050.0
14060.0
14080.0
14100.0
14120.0
14140.0
14160.0
14180.0
14180.0
14190.0
14210.0
14230.0
14250.0
14270.0
14290.0
14310.0
14320.0
14330.0
14350.0
14360.0
14370.0
14380.0
14390.0
14400.0
14410.0
14410.0
14410.0
14430.0
14450.0
14460.0
14440.0
14450.0
14470.0
14470.0
14490.0
14500.0
14520.0
14540.0
14560.0
14580.0
14600.0
14620.0
14640.0
14620.0
14640.0
14640.0
14660.0
14680.0
14700.0
14690.0
14710.0
14720.0
14730.0
14750.0
14770.0
14790.0
14810.0
14830.0
14850.0
14870.0
14890.0
14900.0
14920.0
14940.0
14950.0
14930.0
14940.0
14960.0
14980.0
14990.0
15000.0
15010.0
15010.0
15030.0
15030.0
15050.0
15050.0
15060.0
15060.0
15070.0
15080.0
15100.0
15110.0
15120.0
15140.0
15150.0
15170.0
15190.0
15200.0
15210.0
15230.0
15250.0
15260.0
15280.0
15300.0
15320.0
15330.0
15350.0
15360.0
15350.0
15360.0
15360.0
15370.0
15370.0
15380.0
15390.0
15390.0
15400.0
15410.0
15430.0
15450.0
15460.0
15480.0
15490.0
15510.0
15520.0
15540.0
15550.0
15570.0
15560.0
15580.0
15590.0
15610.0
15620.0
15640.0
15650.0
15660.0
15650.0
15630.0
15650.0
15660.0
15670.0
15670.0
15690.0
15710.0
15710.0
15710.0
15700.0
15720.0
15740.0
15760.0
15770.0
15780.0
15800.0
15810.0
15810.0
15820.0
15840.0
15860.0
15870.0
15880.0
15900.0
15910.0
15930.0
15950.0
15970.0
15990.0
15990.0
16000.0
16020.0
16040.0
16060.0
16080.0
16080.0
16100.0
16120.0
16140.0
16150.0
16170.0
16180.0
16190.0
16210.0
16220.0
16240.0
16260.0
16280.0
16280.0
16300.0
16320.0
16330.0
16340.0
16340.0
16360.0
16360.0
16370.0
16380.0
16400.0
16420.0
16440.0
16460.0
16460.0
16460.0
16460.0
16460.0
16470.0
16470.0
16470.0
16460.0
16470.0
16480.0
16490.0
16500.0
16520.0
16520.0
16530.0
16550.0
16570.0
16580.0
16590.0
16610.0
16630.0
16650.0
16670.0
16680.0
16670.0
16690.0
16710.0
16710.0
16730.0
16740.0
16750.0
16750.0
16770.0
16770.0
16770.0
16790.0
16790.0
16800.0
16820.0
16840.0
16860.0
16880.0
16890.0
16910.0
16920.0
16920.0
16920.0
16900.0
16890.0
16910.0
16930.0
16940.0
16960.0
16980.0
17000.0
17020.0
17040.0
17060.0
17080.0
17100.0
17100.0
17110.0
17110.0
17110.0
17130.0
17150.0
17160.0
17180.0
17200.0
17220.0
17230.0
17230.0
17240.0
17260.0
17270.0
17290.0
17310.0
17330.0
17340.0
17320.0
17320.0
17340.0
17360.0
17380.0
17390.0
17410.0
17430.0
17450.0
17470.0
17480.0
17500.0
17510.0
17520.0
17520.0
17540.0
17560.0
17570.0
17580.0
17580.0
17590.0
17610.0
17620.0
17620.0
17630.0
17640.0
17660.0
17670.0
17670.0
17690.0
17710.0
17710.0
17730.0
17730.0
17740.0
