a = 0.2
g = 0.8
e = 0.1
random initial weights = true

-350.0
-470.0
-490.0
-490.0
-500.0
-540.0
-540.0
-530.0
-520.0
-520.0
-520.0
-520.0
-510.0
-500.0
-490.0
-480.0
-470.0
-460.0
-460.0
-450.0
-440.0
-430.0
-420.0
-420.0
-410.0
-410.0
-400.0
-410.0
-400.0
-390.0
-380.0
-370.0
-360.0
-350.0
-330.0
-320.0
-340.0
-330.0
-320.0
-360.0
-380.0
-360.0
-340.0
-330.0
-330.0
-310.0
-290.0
-270.0
-250.0
-230.0
-210.0
-190.0
-170.0
-150.0
-130.0
-110.0
-90.0
-80.0
-60.0
-50.0
-30.0
-10.0
10.0
30.0
50.0
60.0
80.0
100.0
80.0
100.0
120.0
140.0
160.0
170.0
190.0
200.0
220.0
240.0
250.0
270.0
290.0
310.0
330.0
350.0
370.0
380.0
400.0
420.0
440.0
460.0
470.0
490.0
510.0
530.0
550.0
570.0
590.0
600.0
620.0
640.0
660.0
680.0
690.0
710.0
730.0
750.0
770.0
790.0
810.0
830.0
850.0
870.0
890.0
910.0
910.0
930.0
950.0
970.0
990.0
1010.0
1030.0
1040.0
1060.0
1080.0
1090.0
1110.0
1130.0
1150.0
1170.0
1190.0
1210.0
1230.0
1250.0
1270.0
1280.0
1300.0
1320.0
1340.0
1360.0
1380.0
1400.0
1420.0
1440.0
1450.0
1470.0
1490.0
1510.0
1530.0
1550.0
1570.0
1580.0
1600.0
1620.0
1640.0
1660.0
1680.0
1700.0
1720.0
1740.0
1760.0
1780.0
1800.0
1820.0
1840.0
1850.0
1870.0
1890.0
1910.0
1920.0
1940.0
1960.0
1980.0
2000.0
2020.0
2040.0
2060.0
2080.0
2090.0
2110.0
2130.0
2150.0
2170.0
2190.0
2210.0
2230.0
2250.0
2270.0
2290.0
2310.0
2330.0
2350.0
2370.0
2390.0
2410.0
2430.0
2440.0
2460.0
2480.0
2500.0
2520.0
2540.0
2560.0
2580.0
2600.0
2620.0
2640.0
2660.0
2680.0
2700.0
2710.0
2730.0
2750.0
2770.0
2780.0
2800.0
2820.0
2840.0
2860.0
2870.0
2890.0
2910.0
2920.0
2940.0
2960.0
2980.0
3000.0
3020.0
3040.0
3060.0
3080.0
3100.0
3120.0
3140.0
3160.0
3180.0
3200.0
3220.0
3240.0
3250.0
3270.0
3290.0
3310.0
3330.0
3340.0
3360.0
3380.0
3400.0
3420.0
3440.0
3460.0
3480.0
3500.0
3520.0
3540.0
3550.0
3570.0
3590.0
3610.0
3630.0
3650.0
3670.0
3690.0
3710.0
3730.0
3750.0
3770.0
3790.0
3810.0
3830.0
3850.0
3870.0
3890.0
3910.0
3930.0
3940.0
3960.0
3970.0
3990.0
4010.0
4030.0
4050.0
4070.0
4090.0
4110.0
4130.0
4150.0
4170.0
4190.0
4210.0
4230.0
4240.0
4260.0
4280.0
4290.0
4310.0
4330.0
4350.0
4370.0
4390.0
4410.0
4430.0
4450.0
4470.0
4490.0
4510.0
4520.0
4540.0
4560.0
4580.0
4600.0
4620.0
4640.0
4660.0
4680.0
4700.0
4720.0
4730.0
4750.0
4770.0
4790.0
4810.0
4830.0
4850.0
4870.0
4890.0
4910.0
4930.0
4950.0
4970.0
4990.0
5010.0
5020.0
5040.0
5060.0
5080.0
5100.0
5120.0
5140.0
5160.0
5180.0
5200.0
5220.0
5240.0
5260.0
5280.0
5300.0
5320.0
5340.0
5350.0
5370.0
5380.0
5400.0
5420.0
5440.0
5460.0
5480.0
5500.0
5520.0
5540.0
5560.0
5580.0
5600.0
5620.0
5630.0
5650.0
5670.0
5690.0
5710.0
5730.0
5750.0
5770.0
5790.0
5810.0
5830.0
5850.0
5870.0
5890.0
5910.0
5930.0
5940.0
5960.0
5980.0
5990.0
6010.0
6030.0
6050.0
6070.0
6090.0
6110.0
6130.0
6150.0
6170.0
6190.0
6210.0
6220.0
6240.0
6260.0
6270.0
6290.0
6300.0
6320.0
6340.0
6360.0
6380.0
6400.0
6420.0
6440.0
6460.0
6480.0
6490.0
6510.0
6530.0
6550.0
6570.0
6590.0
6610.0
6630.0
6650.0
6670.0
6690.0
6710.0
6730.0
6750.0
6770.0
6790.0
6800.0
6820.0
6840.0
6860.0
6880.0
6900.0
6920.0
6940.0
6960.0
6980.0
7000.0
7020.0
7040.0
7060.0
7070.0
7090.0
7110.0
7130.0
7150.0
7170.0
7190.0
7210.0
7230.0
7240.0
7260.0
7280.0
7300.0
7320.0
7340.0
7350.0
7370.0
7390.0
7410.0
7430.0
7450.0
7470.0
7490.0
7510.0
7530.0
7550.0
7570.0
7590.0
7610.0
7630.0
7650.0
7670.0
7690.0
7710.0
7730.0
7750.0
7770.0
7790.0
7810.0
7830.0
7850.0
7870.0
7890.0
7910.0
7930.0
7950.0
7970.0
7990.0
8010.0
8030.0
8040.0
8060.0
8080.0
8100.0
8120.0
8140.0
8160.0
8180.0
8190.0
8210.0
8230.0
8250.0
8270.0
8290.0
8290.0
8310.0
8330.0
8350.0
8370.0
8390.0
8410.0
8430.0
8440.0
8460.0
8470.0
8490.0
8500.0
8520.0
8540.0
8550.0
8570.0
8590.0
8610.0
8630.0
8650.0
8670.0
8690.0
8710.0
8730.0
8750.0
8770.0
8790.0
8810.0
8830.0
8840.0
8860.0
8880.0
8900.0
8920.0
8940.0
8960.0
8980.0
8990.0
9010.0
9030.0
9050.0
9070.0
9090.0
9110.0
9130.0
9150.0
9170.0
9190.0
9210.0
9230.0
9250.0
9270.0
9290.0
9310.0
9330.0
9350.0
9370.0
9390.0
9410.0
9430.0
9450.0
9470.0
9490.0
9510.0
9530.0
9550.0
9570.0
9590.0
9610.0
9630.0
9650.0
9670.0
9690.0
9710.0
9720.0
9740.0
9760.0
9780.0
9800.0
9810.0
9830.0
9850.0
9870.0
9890.0
9910.0
9930.0
9950.0
9970.0
9980.0
10000.0
10020.0
10040.0
10060.0
10080.0
10090.0
10110.0
10130.0
10150.0
10170.0
10190.0
10210.0
10230.0
10240.0
10260.0
10280.0
10300.0
10320.0
10340.0
10360.0
10380.0
10400.0
10410.0
10430.0
10450.0
10470.0
10480.0
10500.0
10520.0
10540.0
10560.0
10580.0
10600.0
10620.0
10640.0
10660.0
10680.0
10700.0
10720.0
10730.0
10750.0
10770.0
10790.0
10810.0
10820.0
10840.0
10860.0
10880.0
10900.0
10920.0
10940.0
10960.0
10980.0
10990.0
11010.0
11030.0
11040.0
11060.0
11080.0
11100.0
11120.0
11140.0
11160.0
11180.0
11200.0
11220.0
11240.0
11260.0
11280.0
11300.0
11320.0
11340.0
11360.0
11380.0
11400.0
11420.0
11430.0
11450.0
11470.0
11490.0
11510.0
11530.0
11550.0
11570.0
11580.0
11600.0
11620.0
11640.0
11660.0
11680.0
11700.0
11720.0
11740.0
11760.0
11780.0
11800.0
11820.0
11840.0
11860.0
11880.0
11900.0
11920.0
11940.0
11960.0
11980.0
11990.0
12010.0
12030.0
12050.0
12070.0
12090.0
12110.0
12130.0
12150.0
12170.0
12190.0
12190.0
12210.0
12230.0
12250.0
12270.0
12280.0
12300.0
12310.0
12330.0
12350.0
12370.0
12390.0
12410.0
12430.0
12450.0
12470.0
12490.0
12510.0
12530.0
12550.0
12570.0
12580.0
12600.0
12620.0
12630.0
12650.0
12670.0
12690.0
12710.0
12730.0
12750.0
12770.0
12790.0
12810.0
12830.0
12850.0
12870.0
12890.0
12910.0
12930.0
12950.0
12970.0
12990.0
12990.0
13010.0
13030.0
13050.0
13070.0
13090.0
13110.0
13120.0
13140.0
13160.0
13180.0
13200.0
13220.0
13240.0
13260.0
13280.0
13300.0
13320.0
13340.0
13360.0
13380.0
13400.0
13420.0
13440.0
13460.0
13480.0
13500.0
13520.0
13540.0
13560.0
13580.0
13600.0
13620.0
13640.0
13650.0
13670.0
13690.0
13710.0
13730.0
13750.0
13770.0
13790.0
13810.0
13830.0
13850.0
13870.0
13890.0
13910.0
13930.0
13950.0
13970.0
13990.0
14010.0
14020.0
14040.0
14060.0
14080.0
14100.0
14120.0
14140.0
14160.0
14180.0
14190.0
14210.0
14230.0
14250.0
14270.0
14290.0
14310.0
14330.0
14350.0
14370.0
14390.0
14410.0
14430.0
14450.0
14470.0
14490.0
14510.0
14530.0
14550.0
14570.0
14590.0
14610.0
14630.0
14650.0
14670.0
14680.0
14700.0
14720.0
14740.0
14760.0
14780.0
14800.0
14820.0
14840.0
14830.0
14840.0
14860.0
14880.0
14900.0
14920.0
14940.0
14960.0
14980.0
15000.0
15020.0
15040.0
15060.0
15080.0
15100.0
15120.0
15140.0
15160.0
15180.0
15200.0
15220.0
15240.0
15260.0
15280.0
15300.0
15320.0
15340.0
15360.0
15380.0
15400.0
15420.0
15440.0
15460.0
15480.0
15500.0
15520.0
15540.0
15560.0
15580.0
15600.0
15620.0
15640.0
15650.0
15670.0
15690.0
15710.0
15730.0
15750.0
15770.0
15790.0
15810.0
15830.0
15850.0
15870.0
15890.0
15910.0
15930.0
15950.0
15970.0
15990.0
16010.0
16030.0
16050.0
16070.0
16090.0
16110.0
16130.0
16150.0
16150.0
16170.0
16190.0
16210.0
16230.0
16250.0
16270.0
16290.0
16310.0
16330.0
16350.0
16370.0
16390.0
16410.0
16430.0
16450.0
16460.0
16480.0
16490.0
16510.0
16530.0
16540.0
16560.0
16580.0
16600.0
16620.0
16640.0
16660.0
16680.0
16700.0
16710.0
16720.0
16740.0
16760.0
16780.0
16800.0
16820.0
16840.0
16860.0
16870.0
16890.0
16910.0
16930.0
16950.0
16970.0
16990.0
17010.0
17030.0
17050.0
17070.0
17090.0
17110.0
17120.0
17140.0
17160.0
17180.0
17200.0
17220.0
17240.0
17260.0
17280.0
17290.0
17310.0
17330.0
17350.0
17370.0
17380.0
17400.0
17420.0
17440.0
17460.0
17480.0
17490.0
17510.0
17520.0
17540.0
17560.0
17580.0
17600.0
17620.0
17640.0
17660.0
17680.0
17700.0
17720.0
17740.0
17760.0
17780.0
17800.0
17820.0
17840.0
17860.0
17880.0
17900.0
17920.0
17940.0
17960.0
17980.0
18000.0
18020.0
18040.0
18060.0
18080.0
18100.0
18120.0
18140.0
18160.0
18180.0
18200.0
18220.0
18230.0
18250.0
18270.0
18290.0
18310.0
18330.0
18350.0
18370.0
18390.0
18410.0
18430.0
18450.0
18470.0
18490.0
18510.0
18530.0
18550.0
18570.0
18590.0
18610.0
18630.0
18650.0
18670.0
18690.0
18710.0
18730.0
18750.0
18770.0
18790.0
18810.0
18830.0
18850.0
18870.0
18890.0
18910.0
18930.0
18950.0
18970.0
18990.0
19010.0
19030.0
19050.0
19070.0
19090.0
19110.0
19130.0
19150.0
19170.0
19190.0
19210.0
19230.0
19250.0
19260.0
19280.0
19300.0
19320.0
19340.0
19360.0
19380.0
19400.0
19420.0
19440.0
19460.0
19480.0
19480.0
19500.0
19520.0
19540.0
19560.0
19580.0
19600.0
19620.0
19640.0
19660.0
19680.0
19700.0
19700.0
19720.0
19740.0
19760.0
19780.0
19790.0
19810.0
19830.0
19850.0
19870.0
19890.0
19910.0
19930.0
19950.0
19970.0
19990.0
20010.0
20030.0
20050.0
20070.0
20090.0
20110.0
20120.0
20140.0
20160.0
20180.0
20200.0
20220.0
20240.0
20260.0
20280.0
20300.0
20320.0
20340.0
20350.0
20370.0
20390.0
20410.0
20420.0
20430.0
20440.0
20460.0
20480.0
20500.0
20520.0
20540.0
20560.0
20580.0
20600.0
20620.0
20640.0
20660.0
20680.0
20700.0
20720.0
20740.0
20760.0
20780.0
20800.0
20820.0
20840.0
20860.0
20880.0
20900.0
20920.0
20940.0
20960.0
20980.0
21000.0
21020.0
21040.0
21060.0
21080.0
21100.0
21120.0
21140.0
21150.0
21170.0
21190.0
21210.0
21230.0
21250.0
21260.0
21280.0
21300.0
21320.0
21340.0
21360.0
21380.0
21400.0
21420.0
21440.0
21460.0
21480.0
21500.0
21520.0
21540.0
21560.0
21580.0
21600.0
21620.0
21640.0
21660.0
21680.0
21700.0
21720.0
21740.0
21760.0
21780.0
21800.0
21820.0
21840.0
21860.0
21880.0
21900.0
21920.0
21940.0
21960.0
21980.0
22000.0
22020.0
22040.0
22060.0
22080.0
22100.0
22120.0
22140.0
22160.0
22180.0
22200.0
22220.0
22240.0
22260.0
22280.0
22300.0
22320.0
22340.0
22360.0
22380.0
22400.0
22420.0
22440.0
22460.0
22480.0
22500.0
22520.0
22530.0
22550.0
22570.0
22590.0
22610.0
22630.0
22650.0
22670.0
22690.0
22710.0
22730.0
22750.0
22770.0
22790.0
22810.0
22830.0
22850.0
22870.0
22890.0
22910.0
22920.0
22940.0
22960.0
22980.0
23000.0
23020.0
23040.0
23060.0
23080.0
23100.0
23120.0
23140.0
23160.0
23150.0
23170.0
23190.0
23210.0
23230.0
23250.0
23270.0
23290.0
23310.0
23330.0
23350.0
23370.0
23390.0
23410.0
23430.0
23450.0
23470.0
23490.0
23510.0
23510.0
23530.0
23550.0
23570.0
23590.0
23610.0
23630.0
23650.0
23660.0
23680.0
23700.0
23720.0
23740.0
23760.0
23780.0
23800.0
23810.0
23830.0
23830.0
23850.0
23870.0
23890.0
23910.0
23930.0
23950.0
23970.0
23990.0
24010.0
24030.0
24050.0
24070.0
24090.0
24110.0
24130.0
24150.0
24170.0
24190.0
24210.0
24230.0
24250.0
24270.0
24290.0
24310.0
24330.0
24350.0
24370.0
24390.0
24410.0
24430.0
24450.0
24470.0
24490.0
24510.0
24530.0
24550.0
24570.0
24590.0
24610.0
24630.0
24650.0
24670.0
24680.0
24700.0
24720.0
24740.0
24750.0
24760.0
24780.0
24800.0
24820.0
24840.0
24860.0
24880.0
24900.0
24920.0
24940.0
24960.0
24980.0
25000.0
25020.0
25040.0
25060.0
25060.0
25070.0
25080.0
25100.0
25120.0
25140.0
25160.0
25180.0
25200.0
25220.0
25240.0
25260.0
25280.0
25300.0
25320.0
25340.0
25360.0
25380.0
25400.0
25420.0
25440.0
25460.0
25470.0
25490.0
25510.0
25530.0
25550.0
25570.0
25590.0
25610.0
25630.0
25650.0
25650.0
25670.0
25680.0
25700.0
25720.0
25740.0
25760.0
25780.0
25800.0
25820.0
25830.0
25850.0
25870.0
25890.0
25910.0
25930.0
25950.0
25970.0
25990.0
26010.0
26030.0
26050.0
26070.0
26090.0
26110.0
26130.0
26150.0
26170.0
26190.0
26210.0
26220.0
26240.0
26260.0
26280.0
26300.0
26320.0
26340.0
26360.0
26380.0
26400.0
26400.0
26420.0
26440.0
26460.0
26480.0
26500.0
26510.0
26530.0
26550.0
26570.0
26590.0
26610.0
26630.0
26650.0
26670.0
26690.0
26710.0
26730.0
26750.0
26770.0
26790.0
26810.0
26830.0
26850.0
26870.0
26890.0
26910.0
26930.0
26950.0
26970.0
26990.0
27010.0
27030.0
27040.0
27060.0
27080.0
27100.0
27120.0
27140.0
27160.0
27180.0
27200.0
27220.0
27240.0
27260.0
27280.0
