a = 0.5
g = 0.2
e = 0.3
random initial weights = true

-300.0
-380.0
-490.0
-640.0
-660.0
-680.0
-820.0
-910.0
-900.0
-920.0
-930.0
-920.0
-920.0
-910.0
-910.0
-930.0
-980.0
-970.0
-960.0
-970.0
-960.0
-970.0
-980.0
-960.0
-940.0
-950.0
-930.0
-910.0
-900.0
-880.0
-870.0
-850.0
-840.0
-830.0
-840.0
-820.0
-820.0
-830.0
-820.0
-800.0
-780.0
-790.0
-780.0
-770.0
-770.0
-760.0
-760.0
-750.0
-790.0
-790.0
-790.0
-780.0
-770.0
-770.0
-760.0
-750.0
-740.0
-730.0
-730.0
-710.0
-710.0
-710.0
-690.0
-690.0
-690.0
-670.0
-650.0
-630.0
-610.0
-590.0
-570.0
-550.0
-550.0
-540.0
-550.0
-540.0
-520.0
-510.0
-500.0
-490.0
-490.0
-480.0
-460.0
-450.0
-430.0
-420.0
-410.0
-390.0
-400.0
-410.0
-390.0
-370.0
-350.0
-340.0
-330.0
-320.0
-310.0
-320.0
-300.0
-300.0
-280.0
-260.0
-250.0
-250.0
-230.0
-220.0
-210.0
-190.0
-170.0
-150.0
-140.0
-120.0
-100.0
-80.0
-70.0
-50.0
-60.0
-60.0
-40.0
-20.0
0.0
-10.0
0.0
20.0
30.0
20.0
20.0
40.0
60.0
60.0
70.0
80.0
90.0
110.0
120.0
140.0
160.0
180.0
190.0
190.0
210.0
210.0
200.0
190.0
210.0
230.0
230.0
250.0
270.0
290.0
300.0
320.0
330.0
350.0
370.0
390.0
410.0
420.0
420.0
440.0
460.0
480.0
500.0
500.0
500.0
520.0
530.0
550.0
540.0
550.0
560.0
580.0
600.0
620.0
640.0
660.0
640.0
660.0
680.0
700.0
710.0
730.0
750.0
760.0
770.0
780.0
790.0
800.0
820.0
830.0
840.0
850.0
870.0
890.0
910.0
910.0
930.0
950.0
940.0
960.0
980.0
990.0
990.0
1000.0
1010.0
1010.0
1030.0
1040.0
1050.0
1070.0
1090.0
1110.0
1120.0
1130.0
1150.0
1160.0
1170.0
1190.0
1190.0
1200.0
1220.0
1220.0
1240.0
1260.0
1270.0
1280.0
1300.0
1320.0
1320.0
1340.0
1350.0
1350.0
1360.0
1350.0
1370.0
1390.0
1390.0
1410.0
1430.0
1440.0
1460.0
1480.0
1500.0
1520.0
1540.0
1560.0
1570.0
1580.0
1590.0
1610.0
1620.0
1640.0
1660.0
1680.0
1690.0
1710.0
1720.0
1720.0
1740.0
1750.0
1750.0
1760.0
1770.0
1790.0
1810.0
1790.0
1810.0
1800.0
1820.0
1830.0
1850.0
1870.0
1890.0
1880.0
1900.0
1900.0
1900.0
1910.0
1920.0
1940.0
1940.0
1960.0
1980.0
2000.0
2010.0
2030.0
2050.0
2070.0
2090.0
2110.0
2130.0
2140.0
2110.0
2130.0
2150.0
2170.0
2190.0
2200.0
2210.0
2230.0
2250.0
2270.0
2280.0
2290.0
2300.0
2320.0
2330.0
2350.0
2360.0
2380.0
2400.0
2410.0
2430.0
2450.0
2470.0
2480.0
2500.0
2520.0
2530.0
2550.0
2570.0
2590.0
2610.0
2600.0
2620.0
2630.0
2630.0
2650.0
2670.0
2690.0
2700.0
2700.0
2720.0
2740.0
2760.0
2770.0
2790.0
2810.0
2830.0
2820.0
2840.0
2850.0
2870.0
2870.0
2880.0
2870.0
2870.0
2880.0
2880.0
2720.0
2740.0
2750.0
2760.0
2750.0
2750.0
2770.0
2790.0
2810.0
2820.0
2820.0
2840.0
2840.0
2860.0
2880.0
2900.0
2920.0
2930.0
2930.0
2950.0
2970.0
2980.0
2970.0
2980.0
2990.0
3010.0
3030.0
3050.0
3070.0
3070.0
3090.0
3080.0
3090.0
3110.0
3120.0
3140.0
3150.0
3150.0
3160.0
3180.0
3200.0
3200.0
3220.0
3230.0
3250.0
3270.0
3280.0
3300.0
3320.0
3330.0
3330.0
3340.0
3360.0
3370.0
3380.0
3400.0
3420.0
3440.0
3450.0
3450.0
3470.0
3490.0
3500.0
3510.0
3530.0
3550.0
3560.0
3580.0
3600.0
3610.0
3630.0
3630.0
3650.0
3670.0
3660.0
3680.0
3690.0
3690.0
3700.0
3710.0
3730.0
3750.0
3750.0
3770.0
3780.0
3790.0
3800.0
3800.0
3810.0
3810.0
3830.0
3850.0
3870.0
3890.0
3890.0
3910.0
3930.0
3950.0
3970.0
3990.0
4010.0
4030.0
4040.0
4060.0
4070.0
4080.0
4090.0
4100.0
4110.0
4130.0
4140.0
4150.0
4170.0
4180.0
4200.0
4180.0
4170.0
4180.0
4200.0
4220.0
4240.0
4260.0
4280.0
4300.0
4320.0
4340.0
4360.0
4360.0
4370.0
4380.0
4400.0
4410.0
4430.0
4450.0
4470.0
4470.0
4470.0
4490.0
4510.0
4530.0
4550.0
4570.0
4550.0
4570.0
4590.0
4600.0
4620.0
4620.0
4620.0
4640.0
4660.0
4680.0
4690.0
4690.0
4710.0
4730.0
4750.0
4760.0
4780.0
4790.0
4810.0
4810.0
4830.0
4840.0
4850.0
4870.0
4890.0
4900.0
4920.0
4930.0
4930.0
4930.0
4930.0
4950.0
4970.0
4990.0
4990.0
5000.0
5020.0
5040.0
5060.0
5070.0
5090.0
5110.0
5130.0
5140.0
5140.0
5150.0
5160.0
5180.0
5200.0
5220.0
5220.0
5240.0
5260.0
5270.0
5290.0
5290.0
5310.0
5330.0
5340.0
5360.0
5380.0
5400.0
5420.0
5430.0
5450.0
5470.0
5490.0
5500.0
5520.0
5520.0
5540.0
5560.0
5580.0
5580.0
5600.0
5620.0
5630.0
5630.0
5630.0
5640.0
5630.0
5620.0
5630.0
5630.0
5640.0
5640.0
5660.0
5670.0
5690.0
5700.0
5700.0
5700.0
5710.0
5730.0
5750.0
5770.0
5790.0
5800.0
5820.0
5840.0
5860.0
5850.0
5870.0
5870.0
5890.0
5900.0
5920.0
5920.0
5940.0
5960.0
5970.0
5980.0
5990.0
6000.0
6020.0
6030.0
6050.0
6060.0
6070.0
6090.0
6110.0
6120.0
6130.0
6150.0
6160.0
6180.0
6200.0
6210.0
6230.0
6250.0
6270.0
6260.0
6250.0
6270.0
6290.0
6290.0
6300.0
6300.0
6310.0
6330.0
6350.0
6360.0
6370.0
6390.0
6400.0
6420.0
6410.0
6410.0
6430.0
6440.0
6460.0
6460.0
6480.0
6490.0
6490.0
6490.0
6500.0
6510.0
6530.0
6540.0
6560.0
6570.0
6580.0
6600.0
6610.0
6620.0
6640.0
6650.0
6660.0
6670.0
6690.0
6710.0
6730.0
6750.0
6770.0
6770.0
6770.0
6770.0
6790.0
6790.0
6800.0
6820.0
6820.0
6830.0
6840.0
6850.0
6870.0
6880.0
6880.0
6890.0
6910.0
6910.0
6920.0
6930.0
6940.0
6960.0
6980.0
7000.0
7000.0
7020.0
7040.0
7050.0
7060.0
7040.0
7060.0
7060.0
7080.0
7090.0
7110.0
7130.0
7140.0
7150.0
7160.0
7180.0
7200.0
7210.0
7220.0
7240.0
7260.0
7280.0
7290.0
7310.0
7330.0
7340.0
7360.0
7380.0
7400.0
7410.0
7430.0
7450.0
7460.0
7480.0
7500.0
7520.0
7540.0
7560.0
7580.0
7600.0
7600.0
7620.0
7640.0
7630.0
7640.0
7640.0
7660.0
7660.0
7680.0
7700.0
7720.0
7730.0
7710.0
7710.0
7720.0
7740.0
7750.0
7770.0
7790.0
7800.0
7810.0
7800.0
7790.0
7810.0
7830.0
7850.0
7860.0
7860.0
7880.0
7900.0
7900.0
7920.0
7940.0
7930.0
7940.0
7960.0
7980.0
7990.0
8010.0
8030.0
8050.0
8060.0
8070.0
8090.0
8110.0
8120.0
8140.0
8160.0
8180.0
8200.0
8210.0
8220.0
8240.0
8260.0
8280.0
8300.0
8310.0
8330.0
8340.0
8360.0
8380.0
8400.0
8420.0
8440.0
8460.0
8480.0
8500.0
8480.0
8490.0
8510.0
8520.0
8520.0
8520.0
8540.0
8560.0
8570.0
8590.0
8610.0
8620.0
8640.0
8650.0
8670.0
8680.0
8690.0
8710.0
8720.0
8740.0
8750.0
8760.0
8770.0
8790.0
8800.0
8800.0
8800.0
8820.0
8830.0
8850.0
8870.0
8890.0
8910.0
8930.0
8930.0
8950.0
8970.0
8990.0
8980.0
8980.0
9000.0
9020.0
9020.0
9040.0
9060.0
9080.0
9100.0
9090.0
9100.0
9120.0
9130.0
9150.0
9170.0
9170.0
9180.0
9190.0
9190.0
9210.0
9220.0
9230.0
9240.0
9260.0
9270.0
9290.0
9310.0
9310.0
9330.0
9350.0
9360.0
9370.0
9390.0
9400.0
9410.0
9430.0
9440.0
9460.0
9470.0
9490.0
9510.0
9530.0
9550.0
9560.0
9570.0
9550.0
9550.0
9570.0
9590.0
9600.0
9620.0
9640.0
9650.0
9670.0
9680.0
9690.0
9700.0
9720.0
9740.0
9760.0
9780.0
9790.0
9810.0
9830.0
9830.0
9830.0
9850.0
9870.0
9890.0
9900.0
9910.0
9930.0
9950.0
9960.0
9970.0
9990.0
10000.0
10010.0
10030.0
10040.0
10060.0
10080.0
10100.0
10100.0
10100.0
10110.0
10130.0
10150.0
10170.0
10180.0
10200.0
10190.0
10210.0
10230.0
10250.0
10270.0
10290.0
10310.0
10330.0
10350.0
10360.0
10380.0
10400.0
10420.0
10430.0
10450.0
10470.0
10480.0
10500.0
10520.0
10540.0
10560.0
10580.0
10600.0
10610.0
10620.0
10630.0
10630.0
10650.0
10630.0
10630.0
10630.0
10640.0
10660.0
10600.0
10610.0
10620.0
10640.0
10660.0
10670.0
10680.0
10700.0
10720.0
10740.0
10760.0
10760.0
10780.0
10800.0
10810.0
10830.0
10850.0
10850.0
10860.0
10880.0
10900.0
10920.0
10940.0
10950.0
10970.0
10990.0
11000.0
11020.0
11040.0
11060.0
11060.0
11080.0
11100.0
11120.0
11110.0
11120.0
11140.0
11150.0
11170.0
11180.0
11200.0
11220.0
11220.0
11240.0
11240.0
11260.0
11270.0
11290.0
11310.0
11320.0
11340.0
11360.0
11380.0
11380.0
11400.0
11410.0
11430.0
11430.0
11440.0
11460.0
11480.0
11500.0
11510.0
11530.0
11540.0
11560.0
11580.0
11580.0
11600.0
11620.0
11640.0
11660.0
11680.0
11690.0
11700.0
11700.0
11690.0
11710.0
11730.0
11730.0
11750.0
11770.0
11780.0
11800.0
11820.0
11840.0
11860.0
11860.0
11880.0
11890.0
11910.0
11910.0
11920.0
11940.0
11940.0
11940.0
11960.0
11970.0
11990.0
11990.0
12000.0
12010.0
12020.0
12040.0
12040.0
12040.0
12060.0
12070.0
12070.0
12080.0
12080.0
12100.0
12120.0
12140.0
12160.0
12170.0
12190.0
12210.0
12230.0
12240.0
12260.0
12280.0
12300.0
12320.0
12340.0
12360.0
12370.0
12360.0
12360.0
12380.0
12380.0
12400.0
12420.0
12440.0
12460.0
12450.0
12460.0
12470.0
12470.0
12490.0
12500.0
12510.0
12510.0
12530.0
12550.0
12570.0
12590.0
12600.0
12620.0
12640.0
12660.0
12680.0
12700.0
12710.0
12730.0
12750.0
12760.0
12770.0
12790.0
12780.0
12800.0
12820.0
12810.0
12820.0
12830.0
12800.0
12820.0
12830.0
12830.0
12850.0
12860.0
12880.0
12890.0
12910.0
12920.0
12920.0
12930.0
12950.0
12960.0
12980.0
13000.0
13020.0
13030.0
13040.0
13060.0
13080.0
13090.0
13110.0
13130.0
13120.0
13130.0
13150.0
13170.0
13170.0
13190.0
13210.0
13220.0
13220.0
13230.0
13240.0
13260.0
13280.0
13300.0
13310.0
13330.0
13350.0
13350.0
13350.0
13370.0
13390.0
13400.0
13380.0
13370.0
13390.0
13410.0
13430.0
13450.0
13460.0
13470.0
13490.0
13510.0
13530.0
13550.0
13550.0
13570.0
13590.0
13610.0
13630.0
13640.0
13660.0
13680.0
13680.0
13690.0
13710.0
13730.0
13750.0
13760.0
13760.0
13780.0
13800.0
13820.0
13820.0
13840.0
13860.0
13880.0
13900.0
13920.0
13940.0
13930.0
13940.0
13960.0
13980.0
13990.0
13990.0
14000.0
14020.0
14030.0
14040.0
14060.0
14080.0
14080.0
14080.0
14080.0
14090.0
14100.0
14110.0
14120.0
14130.0
14140.0
14150.0
14160.0
14180.0
14200.0
14210.0
14220.0
14230.0
14250.0
14270.0
14280.0
14300.0
14320.0
14310.0
14330.0
14330.0
14350.0
14350.0
14370.0
14380.0
14400.0
14420.0
14440.0
14450.0
14440.0
14450.0
14470.0
14460.0
14480.0
14450.0
14470.0
14480.0
14490.0
14510.0
14530.0
14540.0
14550.0
14570.0
14590.0
14600.0
14620.0
14640.0
14640.0
14650.0
14650.0
14670.0
14680.0
14700.0
14710.0
14720.0
14740.0
14760.0
14780.0
14790.0
14800.0
14820.0
14830.0
14840.0
14840.0
14860.0
14880.0
14900.0
14920.0
14940.0
14960.0
14970.0
14980.0
15000.0
15010.0
15010.0
15030.0
15050.0
15060.0
15080.0
15100.0
15120.0
15130.0
15150.0
15160.0
15180.0
15200.0
15220.0
15240.0
15240.0
15260.0
15280.0
15300.0
15320.0
15330.0
15340.0
15350.0
15360.0
15380.0
15400.0
15420.0
15430.0
15450.0
15470.0
15490.0
15510.0
15530.0
15540.0
15560.0
15580.0
15590.0
15610.0
15610.0
15630.0
15650.0
15670.0
15670.0
15680.0
15690.0
15700.0
15720.0
15740.0
15750.0
15760.0
15760.0
15770.0
15790.0
15810.0
15830.0
15840.0
15850.0
15870.0
15880.0
15870.0
15890.0
15910.0
15930.0
15950.0
15940.0
15960.0
15980.0
16000.0
16000.0
16000.0
16010.0
16010.0
16010.0
16030.0
16050.0
16070.0
16090.0
16110.0
16120.0
16140.0
16160.0
16180.0
16190.0
16210.0
16230.0
16240.0
16250.0
16250.0
16270.0
16290.0
16310.0
16330.0
16330.0
16350.0
16370.0
16370.0
16390.0
16410.0
16420.0
16430.0
16450.0
16460.0
16460.0
16480.0
16500.0
16520.0
16540.0
16560.0
16580.0
16600.0
16620.0
16640.0
16650.0
16630.0
16650.0
16660.0
16680.0
16690.0
16710.0
16720.0
16740.0
16750.0
16770.0
16790.0
16810.0
16830.0
16840.0
16860.0
16880.0
16890.0
16910.0
16930.0
16950.0
16970.0
16990.0
17000.0
17010.0
17030.0
17050.0
17050.0
17070.0
17070.0
17090.0
17110.0
17110.0
17130.0
17150.0
17170.0
17170.0
17180.0
17200.0
17210.0
17210.0
17220.0
17240.0
17260.0
17270.0
17270.0
17280.0
17290.0
17310.0
17330.0
17340.0
17350.0
17350.0
17360.0
17370.0
17390.0
17410.0
17430.0
17450.0
17470.0
17470.0
17480.0
17490.0
17510.0
17530.0
17530.0
17540.0
17560.0
17570.0
17580.0
17590.0
17610.0
17620.0
17640.0
17650.0
17650.0
17650.0
17670.0
17690.0
17690.0
17700.0
17720.0
17740.0
17750.0
17760.0
17760.0
17780.0
17800.0
17800.0
17820.0
17840.0
17860.0
17880.0
17900.0
