a = 0.5
g = 0.5
e = 0.1
random initial weights = true

-120.0
-230.0
-230.0
-240.0
-270.0
-310.0
-650.0
-640.0
-640.0
-630.0
-620.0
-610.0
-600.0
-590.0
-580.0
-570.0
-560.0
-580.0
-560.0
-550.0
-540.0
-520.0
-510.0
-490.0
-470.0
-450.0
-450.0
-440.0
-430.0
-410.0
-390.0
-390.0
-370.0
-360.0
-350.0
-330.0
-310.0
-300.0
-280.0
-260.0
-240.0
-220.0
-200.0
-180.0
-160.0
-150.0
-130.0
-110.0
-100.0
-90.0
-70.0
-50.0
-30.0
-10.0
10.0
20.0
40.0
60.0
80.0
100.0
110.0
130.0
150.0
170.0
180.0
200.0
220.0
240.0
260.0
280.0
300.0
320.0
340.0
360.0
380.0
400.0
420.0
440.0
460.0
480.0
490.0
500.0
520.0
540.0
560.0
580.0
600.0
620.0
640.0
660.0
670.0
680.0
700.0
720.0
730.0
750.0
770.0
790.0
810.0
820.0
830.0
840.0
850.0
860.0
880.0
890.0
910.0
930.0
940.0
960.0
980.0
990.0
1000.0
1020.0
1040.0
1050.0
1070.0
1090.0
1110.0
1130.0
1140.0
1160.0
1180.0
1200.0
1220.0
1240.0
1250.0
1270.0
1290.0
1310.0
1330.0
1350.0
1370.0
1390.0
1400.0
1420.0
1440.0
1460.0
1480.0
1500.0
1520.0
1540.0
1560.0
1580.0
1600.0
1620.0
1640.0
1660.0
1680.0
1690.0
1710.0
1730.0
1750.0
1770.0
1790.0
1810.0
1830.0
1850.0
1870.0
1890.0
1910.0
1930.0
1940.0
1960.0
1980.0
2000.0
2010.0
2030.0
2050.0
2060.0
2080.0
2100.0
2120.0
2140.0
2160.0
2180.0
2190.0
2210.0
2230.0
2240.0
2240.0
2260.0
2280.0
2300.0
2310.0
2320.0
2340.0
2360.0
2370.0
2390.0
2410.0
2430.0
2450.0
2470.0
2480.0
2500.0
2520.0
2530.0
2550.0
2570.0
2590.0
2610.0
2630.0
2650.0
2670.0
2690.0
2710.0
2720.0
2740.0
2760.0
2780.0
2800.0
2820.0
2840.0
2860.0
2880.0
2900.0
2920.0
2940.0
2960.0
2980.0
2990.0
3010.0
3030.0
3050.0
3070.0
3090.0
3110.0
3130.0
3150.0
3170.0
3190.0
3210.0
3230.0
3250.0
3260.0
3280.0
3290.0
3310.0
3330.0
3350.0
3370.0
3390.0
3410.0
3420.0
3440.0
3460.0
3480.0
3500.0
3520.0
3540.0
3560.0
3570.0
3590.0
3610.0
3630.0
3650.0
3660.0
3680.0
3700.0
3720.0
3740.0
3760.0
3780.0
3800.0
3810.0
3830.0
3830.0
3840.0
3860.0
3880.0
3900.0
3920.0
3940.0
3950.0
3970.0
3990.0
4010.0
4030.0
4050.0
4070.0
4090.0
4110.0
4130.0
4150.0
4170.0
4190.0
4210.0
4230.0
4240.0
4260.0
4280.0
4300.0
4310.0
4330.0
4350.0
4370.0
4390.0
4410.0
4430.0
4450.0
4470.0
4490.0
4510.0
4510.0
4530.0
4550.0
4570.0
4570.0
4590.0
4600.0
4620.0
4640.0
4660.0
4680.0
4700.0
4720.0
4740.0
4760.0
4780.0
4790.0
4810.0
4830.0
4850.0
4870.0
4890.0
4900.0
4920.0
4940.0
4950.0
4960.0
4980.0
5000.0
5020.0
5040.0
5060.0
5080.0
5100.0
5110.0
5130.0
5150.0
5170.0
5190.0
5210.0
5230.0
5250.0
5260.0
5280.0
5300.0
5320.0
5330.0
5350.0
5360.0
5380.0
5400.0
5420.0
5440.0
5450.0
5470.0
5490.0
5510.0
5530.0
5550.0
5560.0
5570.0
5570.0
5590.0
5610.0
5630.0
5650.0
5670.0
5690.0
5710.0
5730.0
5750.0
5770.0
5780.0
5800.0
5820.0
5840.0
5860.0
5880.0
5900.0
5920.0
5940.0
5960.0
5980.0
6000.0
6010.0
6030.0
6050.0
6060.0
6080.0
6100.0
6120.0
6140.0
6160.0
6180.0
6200.0
6220.0
6240.0
6260.0
6280.0
6300.0
6320.0
6330.0
6350.0
6360.0
6380.0
6400.0
6420.0
6440.0
6460.0
6470.0
6490.0
6510.0
6530.0
6550.0
6570.0
6590.0
6610.0
6630.0
6640.0
6660.0
6680.0
6700.0
6720.0
6740.0
6760.0
6770.0
6790.0
6810.0
6830.0
6850.0
6870.0
6890.0
6910.0
6930.0
6950.0
6970.0
6980.0
7000.0
7020.0
7040.0
7050.0
7070.0
7080.0
7100.0
7120.0
7140.0
7160.0
7180.0
7200.0
7220.0
7240.0
7260.0
7280.0
7300.0
7310.0
7330.0
7350.0
7370.0
7390.0
7410.0
7430.0
7450.0
7470.0
7490.0
7500.0
7520.0
7540.0
7560.0
7580.0
7600.0
7620.0
7630.0
7650.0
7670.0
7690.0
7710.0
7730.0
7750.0
7770.0
7790.0
7810.0
7820.0
7840.0
7860.0
7880.0
7900.0
7920.0
7930.0
7950.0
7970.0
7990.0
8010.0
8030.0
8050.0
8070.0
8090.0
8110.0
8130.0
8150.0
8170.0
8190.0
8210.0
8230.0
8240.0
8260.0
8280.0
8300.0
8320.0
8340.0
8360.0
8380.0
8400.0
8420.0
8440.0
8460.0
8470.0
8490.0
8510.0
8530.0
8550.0
8570.0
8590.0
8610.0
8620.0
8640.0
8660.0
8680.0
8700.0
8720.0
8740.0
8760.0
8780.0
8800.0
8820.0
8840.0
8850.0
8870.0
8890.0
8910.0
8930.0
8950.0
8970.0
8990.0
9000.0
9020.0
9040.0
9060.0
9060.0
9080.0
9100.0
9120.0
9140.0
9160.0
9180.0
9190.0
9210.0
9230.0
9250.0
9270.0
9290.0
9310.0
9330.0
9350.0
9370.0
9390.0
9410.0
9430.0
9450.0
9470.0
9490.0
9510.0
9530.0
9550.0
9570.0
9590.0
9610.0
9630.0
9650.0
9660.0
9680.0
9700.0
9720.0
9740.0
9760.0
9780.0
9800.0
9820.0
9830.0
9850.0
9870.0
9890.0
9910.0
9930.0
9940.0
9960.0
9980.0
10000.0
10020.0
10040.0
10060.0
10080.0
10090.0
10110.0
10130.0
10150.0
10170.0
10190.0
10210.0
10230.0
10250.0
10260.0
10280.0
10300.0
10320.0
10340.0
10360.0
10380.0
10400.0
10420.0
10440.0
10460.0
10480.0
10500.0
10520.0
10540.0
10560.0
10580.0
10590.0
10610.0
10630.0
10650.0
10670.0
10690.0
10710.0
10730.0
10750.0
10770.0
10790.0
10810.0
10830.0
10850.0
10870.0
10890.0
10910.0
10930.0
10950.0
10970.0
10990.0
11010.0
11030.0
11050.0
11070.0
11090.0
11110.0
11120.0
11130.0
11150.0
11170.0
11190.0
11210.0
11220.0
11240.0
11260.0
11280.0
11300.0
11320.0
11340.0
11350.0
11370.0
11390.0
11390.0
11410.0
11430.0
11450.0
11470.0
11490.0
11510.0
11530.0
11550.0
11570.0
11590.0
11610.0
11630.0
11640.0
11660.0
11680.0
11700.0
11720.0
11740.0
11760.0
11780.0
11800.0
11820.0
11840.0
11860.0
11880.0
11900.0
11920.0
11940.0
11960.0
11980.0
12000.0
12010.0
12030.0
12050.0
12070.0
12090.0
12110.0
12130.0
12150.0
12170.0
12190.0
12210.0
12230.0
12250.0
12270.0
12290.0
12310.0
12320.0
12330.0
12350.0
12370.0
12390.0
12410.0
12430.0
12440.0
12450.0
12470.0
12490.0
12510.0
12530.0
12550.0
12570.0
12590.0
12590.0
12610.0
12630.0
12650.0
12670.0
12690.0
12710.0
12720.0
12740.0
12750.0
12770.0
12790.0
12810.0
12830.0
12850.0
12870.0
12890.0
12900.0
12920.0
12940.0
12960.0
12980.0
13000.0
13020.0
13040.0
13060.0
13080.0
13100.0
13120.0
13140.0
13160.0
13170.0
13190.0
13210.0
13230.0
13250.0
13270.0
13290.0
13310.0
13330.0
13350.0
13370.0
13380.0
13380.0
13390.0
13410.0
13430.0
13440.0
13460.0
13480.0
13490.0
13510.0
13530.0
13550.0
13570.0
13590.0
13610.0
13630.0
13650.0
13660.0
13680.0
13700.0
13720.0
13740.0
13760.0
13780.0
13790.0
13800.0
13820.0
13840.0
13860.0
13880.0
13900.0
13920.0
13940.0
13950.0
13970.0
13990.0
14010.0
14030.0
14050.0
14060.0
14080.0
14100.0
14120.0
14130.0
14150.0
14140.0
14160.0
14170.0
14180.0
14200.0
14220.0
14240.0
14260.0
14280.0
14300.0
14320.0
14340.0
14360.0
14380.0
14400.0
14420.0
14440.0
14460.0
14480.0
14500.0
14520.0
14540.0
14560.0
14580.0
14600.0
14620.0
14640.0
14660.0
14680.0
14700.0
14720.0
14740.0
14760.0
14780.0
14800.0
14820.0
14840.0
14860.0
14880.0
14900.0
14920.0
14930.0
14950.0
14970.0
14980.0
15000.0
15020.0
15040.0
15060.0
15080.0
15100.0
15120.0
15140.0
15160.0
15180.0
15200.0
15220.0
15240.0
15260.0
15270.0
15290.0
15310.0
15330.0
15340.0
15350.0
15370.0
15380.0
15400.0
15420.0
15440.0
15460.0
15480.0
15500.0
15520.0
15530.0
15540.0
15560.0
15580.0
15600.0
15620.0
15640.0
15660.0
15680.0
15700.0
15720.0
15730.0
15750.0
15770.0
15790.0
15810.0
15830.0
15850.0
15870.0
15890.0
15910.0
15930.0
15950.0
15970.0
15990.0
16010.0
16030.0
16050.0
16070.0
16090.0
16110.0
16130.0
16150.0
16170.0
16190.0
16210.0
16230.0
16250.0
16260.0
16280.0
16290.0
16310.0
16330.0
16350.0
16370.0
16390.0
16400.0
16420.0
16440.0
16460.0
16480.0
16500.0
16520.0
16540.0
16560.0
16580.0
16600.0
16620.0
16640.0
16660.0
16680.0
16690.0
16710.0
16730.0
16730.0
16750.0
16770.0
16790.0
16810.0
16830.0
16850.0
16860.0
16870.0
16890.0
16910.0
16930.0
16940.0
16950.0
16970.0
16990.0
17010.0
17030.0
17040.0
17060.0
17080.0
17100.0
17120.0
17140.0
17160.0
17180.0
17200.0
17220.0
17240.0
17260.0
17280.0
17290.0
17310.0
17320.0
17340.0
17350.0
17360.0
17380.0
17400.0
17420.0
17440.0
17460.0
17480.0
17500.0
17520.0
17540.0
17560.0
17580.0
17600.0
17620.0
17640.0
17660.0
17680.0
17700.0
17720.0
17740.0
17760.0
17780.0
17800.0
17820.0
17840.0
17860.0
17880.0
17900.0
17910.0
17930.0
17950.0
17970.0
17990.0
18010.0
18030.0
18040.0
18060.0
18080.0
18100.0
18120.0
18140.0
18150.0
18170.0
18190.0
18210.0
18230.0
18250.0
18270.0
18290.0
18310.0
18320.0
18340.0
18360.0
18380.0
18400.0
18420.0
18440.0
18460.0
18480.0
18500.0
18510.0
18530.0
18550.0
18570.0
18590.0
18610.0
18630.0
18650.0
18670.0
18670.0
18690.0
18710.0
18730.0
18750.0
18770.0
18790.0
18810.0
18830.0
18850.0
18870.0
18890.0
18910.0
18930.0
18950.0
18970.0
18990.0
19010.0
19030.0
19050.0
19070.0
19090.0
19100.0
19110.0
19130.0
19150.0
19170.0
19190.0
19210.0
19230.0
19240.0
19260.0
19280.0
19300.0
19320.0
19330.0
19350.0
19370.0
19390.0
19410.0
19420.0
19440.0
19460.0
19480.0
19500.0
19520.0
19530.0
19550.0
19570.0
19590.0
19610.0
19630.0
19640.0
19660.0
19670.0
19690.0
19710.0
19720.0
19740.0
19760.0
19780.0
19800.0
19820.0
19840.0
19860.0
19880.0
19890.0
19910.0
19930.0
19950.0
19970.0
19990.0
20010.0
20020.0
20040.0
20060.0
20080.0
20100.0
20110.0
20130.0
20150.0
20170.0
20190.0
20210.0
20230.0
20250.0
20270.0
20290.0
20310.0
20330.0
20350.0
20360.0
20380.0
20400.0
20420.0
20440.0
20460.0
20480.0
20490.0
20510.0
20530.0
20550.0
20570.0
20560.0
20580.0
20590.0
20610.0
20630.0
20650.0
20660.0
20680.0
20700.0
20720.0
20740.0
20750.0
20770.0
20780.0
20790.0
20810.0
20830.0
20850.0
20870.0
20890.0
20910.0
20930.0
20950.0
20970.0
20990.0
21010.0
21020.0
21040.0
21060.0
21080.0
21100.0
21110.0
21130.0
21140.0
21160.0
21180.0
21200.0
21220.0
21240.0
21260.0
21280.0
21300.0
21310.0
21320.0
21340.0
21360.0
21380.0
21400.0
21420.0
21430.0
21450.0
21470.0
21490.0
21510.0
21520.0
21540.0
21560.0
21580.0
21600.0
21610.0
21630.0
21650.0
21670.0
21690.0
21710.0
21730.0
21750.0
21770.0
21790.0
21810.0
21830.0
21850.0
21860.0
21880.0
21900.0
21910.0
21930.0
21950.0
21970.0
21990.0
22010.0
22030.0
22040.0
22040.0
22060.0
22080.0
22100.0
22120.0
22140.0
22160.0
22180.0
22200.0
22220.0
22240.0
22260.0
22280.0
22300.0
22320.0
22340.0
22360.0
22380.0
22390.0
22410.0
22430.0
22450.0
22470.0
22490.0
22510.0
22530.0
22550.0
22570.0
22590.0
22610.0
22630.0
22650.0
22670.0
22690.0
22710.0
22730.0
22740.0
22750.0
22770.0
22790.0
22810.0
22830.0
22850.0
22870.0
22890.0
22910.0
22930.0
22940.0
22960.0
22980.0
23000.0
23020.0
23040.0
23050.0
23040.0
23060.0
23060.0
23080.0
23090.0
23110.0
23120.0
23140.0
23160.0
23180.0
23200.0
23220.0
23240.0
23260.0
23280.0
23300.0
23310.0
23330.0
23350.0
23370.0
23380.0
23400.0
23420.0
23440.0
23460.0
23480.0
23500.0
23520.0
23530.0
23550.0
23570.0
23590.0
23610.0
23630.0
23650.0
23670.0
23690.0
23700.0
23720.0
23740.0
23760.0
23780.0
23790.0
23810.0
23820.0
23840.0
23860.0
23880.0
23900.0
23920.0
23940.0
23960.0
23980.0
24000.0
24020.0
24040.0
24060.0
24080.0
24100.0
24120.0
24140.0
24150.0
24170.0
24190.0
24210.0
24220.0
24240.0
24260.0
24280.0
24300.0
24320.0
24340.0
24360.0
24380.0
24400.0
24420.0
24430.0
24450.0
24470.0
24490.0
24510.0
24530.0
24550.0
24570.0
24590.0
24610.0
24630.0
24650.0
24670.0
24690.0
24710.0
24720.0
24740.0
24760.0
24780.0
24790.0
24810.0
24830.0
24850.0
24860.0
24880.0
24900.0
24910.0
24920.0
24940.0
24950.0
24960.0
24980.0
25000.0
25010.0
25030.0
25050.0
25060.0
25080.0
25100.0
25120.0
25140.0
25160.0
25180.0
25200.0
25220.0
25230.0
25250.0
25260.0
25280.0
25300.0
25320.0
25330.0
25340.0
25350.0
25370.0
25380.0
25390.0
25400.0
25420.0
25440.0
25460.0
25480.0
25490.0
25510.0
25530.0
25550.0
25570.0
25590.0
25590.0
25610.0
25630.0
25650.0
25670.0
25690.0
25710.0
25730.0
25730.0
25750.0
25770.0
25790.0
25810.0
25830.0
25840.0
25860.0
25880.0
25900.0
25920.0
25940.0
25960.0
25980.0
26000.0
26020.0
26040.0
26060.0
26080.0
26100.0
26110.0
26130.0
26150.0
26160.0
26180.0
26200.0
26210.0
26230.0
26250.0
26270.0
26290.0
26290.0
26300.0
26320.0
26340.0
26360.0
26380.0
26400.0
26420.0
26440.0
