a = 0.2
g = 0.2
e = 0.3
random initial weights = true

-280.0
-290.0
-400.0
-590.0
-720.0
-740.0
-790.0
-840.0
-920.0
-1190.0
-1200.0
-1250.0
-1240.0
-1340.0
-1490.0
-1630.0
-1650.0
-1660.0
-1870.0
-2020.0
-2250.0
-2260.0
-2280.0
-2360.0
-2380.0
-2560.0
-2550.0
-2600.0
-2620.0
-2640.0
-2680.0
-2700.0
-2750.0
-2760.0
-2800.0
-2790.0
-2810.0
-2820.0
-2870.0
-2860.0
-2860.0
-2870.0
-2860.0
-2940.0
-2940.0
-2930.0
-2940.0
-2930.0
-2920.0
-2940.0
-2930.0
-2980.0
-2980.0
-2970.0
-3030.0
-3050.0
-3080.0
-3070.0
-3060.0
-3070.0
-3100.0
-3100.0
-3170.0
-3180.0
-3210.0
-3220.0
-3290.0
-3280.0
-3280.0
-3270.0
-3340.0
-3400.0
-3390.0
-3400.0
-3390.0
-3390.0
-3380.0
-3380.0
-3390.0
-3380.0
-3370.0
-3380.0
-3460.0
-3440.0
-3450.0
-3500.0
-3500.0
-3520.0
-3570.0
-3570.0
-3560.0
-3570.0
-3570.0
-3590.0
-3610.0
-3590.0
-3580.0
-3570.0
-3570.0
-3550.0
-3540.0
-3540.0
-3540.0
-3540.0
-3520.0
-3520.0
-3530.0
-3570.0
-3550.0
-3540.0
-3540.0
-3530.0
-3520.0
-3500.0
-3480.0
-3480.0
-3460.0
-3470.0
-3460.0
-3450.0
-3430.0
-3420.0
-3400.0
-3410.0
-3410.0
-3400.0
-3390.0
-3370.0
-3350.0
-3350.0
-3360.0
-3350.0
-3360.0
-3370.0
-3360.0
-3370.0
-3400.0
-3380.0
-3360.0
-3350.0
-3340.0
-3330.0
-3320.0
-3310.0
-3300.0
-3310.0
-3290.0
-3270.0
-3260.0
-3530.0
-3560.0
-3550.0
-3540.0
-3540.0
-3520.0
-3540.0
-3530.0
-3540.0
-3520.0
-3520.0
-3510.0
-3490.0
-3490.0
-3470.0
-3460.0
-3440.0
-3420.0
-3410.0
-3390.0
-3370.0
-3350.0
-3330.0
-3320.0
-3310.0
-3290.0
-3280.0
-3260.0
-3250.0
-3230.0
-3280.0
-3260.0
-3250.0
-3240.0
-3230.0
-3210.0
-3200.0
-3220.0
-3270.0
-3250.0
-3230.0
-3220.0
-3200.0
-3180.0
-3160.0
-3150.0
-3140.0
-3120.0
-3100.0
-3080.0
-3070.0
-3070.0
-3060.0
-3040.0
-3030.0
-3010.0
-2990.0
-3040.0
-3030.0
-3010.0
-3040.0
-3020.0
-3010.0
-2990.0
-2980.0
-3020.0
-3030.0
-3010.0
-3000.0
-2980.0
-2980.0
-2970.0
-2980.0
-2970.0
-2950.0
-2940.0
-2940.0
-2940.0
-2920.0
-2910.0
-2910.0
-2900.0
-2890.0
-2900.0
-2880.0
-2860.0
-2850.0
-2840.0
-2820.0
-2810.0
-2790.0
-2780.0
-2770.0
-2750.0
-2750.0
-2750.0
-2730.0
-2710.0
-2710.0
-2690.0
-2670.0
-2650.0
-2670.0
-2650.0
-2640.0
-2640.0
-2620.0
-2660.0
-2650.0
-2650.0
-2630.0
-2640.0
-2640.0
-2630.0
-2610.0
-2660.0
-2640.0
-2620.0
-2650.0
-2630.0
-2610.0
-2590.0
-2580.0
-2580.0
-2560.0
-2540.0
-2540.0
-2530.0
-2520.0
-2530.0
-2520.0
-2500.0
-2480.0
-2460.0
-2440.0
-2490.0
-2480.0
-2460.0
-2440.0
-2420.0
-2400.0
-2390.0
-2380.0
-2360.0
-2350.0
-2340.0
-2430.0
-2410.0
-2430.0
-2430.0
-2430.0
-2420.0
-2410.0
-2400.0
-2390.0
-2390.0
-2370.0
-2350.0
-2330.0
-2330.0
-2340.0
-2330.0
-2320.0
-2320.0
-2310.0
-2310.0
-2290.0
-2300.0
-2310.0
-2310.0
-2290.0
-2270.0
-2270.0
-2280.0
-2270.0
-2250.0
-2230.0
-2220.0
-2220.0
-2200.0
-2180.0
-2160.0
-2140.0
-2130.0
-2120.0
-2100.0
-2100.0
-2080.0
-2080.0
-2060.0
-2070.0
-2050.0
-2040.0
-2020.0
-2000.0
-1980.0
-1990.0
-1970.0
-1950.0
-1930.0
-1910.0
-1900.0
-1900.0
-1890.0
-1880.0
-1870.0
-1850.0
-1840.0
-1820.0
-1800.0
-1790.0
-1770.0
-1770.0
-1770.0
-1750.0
-1730.0
-1720.0
-1710.0
-1690.0
-1670.0
-1650.0
-1630.0
-1610.0
-1590.0
-1580.0
-1560.0
-1560.0
-1540.0
-1520.0
-1510.0
-1490.0
-1470.0
-1460.0
-1450.0
-1440.0
-1430.0
-1420.0
-1420.0
-1410.0
-1400.0
-1380.0
-1370.0
-1350.0
-1340.0
-1320.0
-1300.0
-1280.0
-1260.0
-1270.0
-1250.0
-1240.0
-1260.0
-1250.0
-1250.0
-1230.0
-1230.0
-1220.0
-1200.0
-1180.0
-1170.0
-1150.0
-1140.0
-1120.0
-1110.0
-1100.0
-1090.0
-1070.0
-1050.0
-1040.0
-1020.0
-1010.0
-990.0
-980.0
-980.0
-960.0
-940.0
-930.0
-910.0
-910.0
-890.0
-870.0
-850.0
-830.0
-820.0
-800.0
-790.0
-770.0
-750.0
-730.0
-720.0
-730.0
-720.0
-740.0
-720.0
-710.0
-720.0
-700.0
-680.0
-660.0
-640.0
-640.0
-620.0
-620.0
-600.0
-590.0
-570.0
-560.0
-540.0
-520.0
-500.0
-480.0
-480.0
-460.0
-440.0
-420.0
-400.0
-380.0
-360.0
-340.0
-340.0
-330.0
-320.0
-310.0
-310.0
-310.0
-290.0
-270.0
-260.0
-250.0
-240.0
-220.0
-200.0
-190.0
-180.0
-160.0
-140.0
-140.0
-120.0
-100.0
-90.0
-100.0
-90.0
-70.0
-70.0
-50.0
-30.0
-20.0
-20.0
-10.0
10.0
30.0
50.0
30.0
50.0
50.0
60.0
80.0
90.0
100.0
110.0
130.0
140.0
160.0
180.0
200.0
200.0
220.0
220.0
240.0
260.0
270.0
280.0
290.0
290.0
300.0
320.0
320.0
330.0
350.0
370.0
380.0
390.0
400.0
420.0
440.0
440.0
440.0
440.0
450.0
470.0
490.0
510.0
520.0
530.0
530.0
550.0
570.0
580.0
600.0
620.0
640.0
640.0
640.0
660.0
660.0
680.0
700.0
720.0
730.0
750.0
770.0
770.0
780.0
800.0
790.0
810.0
820.0
840.0
830.0
850.0
870.0
890.0
900.0
920.0
920.0
900.0
920.0
910.0
920.0
940.0
960.0
960.0
970.0
980.0
970.0
980.0
1000.0
1020.0
1030.0
1050.0
1050.0
1060.0
1080.0
1090.0
1110.0
1120.0
1140.0
1160.0
1180.0
1190.0
1190.0
1210.0
1230.0
1250.0
1260.0
1260.0
1270.0
1290.0
1300.0
1290.0
1270.0
1290.0
1310.0
1310.0
1330.0
1350.0
1370.0
1390.0
1410.0
1430.0
1450.0
1470.0
1470.0
1490.0
1510.0
1520.0
1530.0
1550.0
1570.0
1590.0
1600.0
1600.0
1590.0
1600.0
1620.0
1640.0
1650.0
1660.0
1650.0
1650.0
1640.0
1660.0
1670.0
1670.0
1690.0
1710.0
1710.0
1720.0
1740.0
1750.0
1760.0
1770.0
1770.0
1790.0
1810.0
1830.0
1830.0
1840.0
1860.0
1880.0
1900.0
1920.0
1940.0
1950.0
1960.0
1980.0
1990.0
1980.0
2000.0
2010.0
2030.0
2050.0
2070.0
2080.0
2090.0
2100.0
2110.0
2130.0
2140.0
2150.0
2150.0
2160.0
2180.0
2200.0
2190.0
2210.0
2230.0
2240.0
2260.0
2280.0
2290.0
2290.0
2310.0
2330.0
2340.0
2350.0
2360.0
2360.0
2380.0
2400.0
2410.0
2380.0
2400.0
2420.0
2440.0
2450.0
2450.0
2470.0
2490.0
2510.0
2530.0
2530.0
2530.0
2550.0
2570.0
2580.0
2580.0
2590.0
2580.0
2590.0
2610.0
2620.0
2640.0
2660.0
2680.0
2680.0
2700.0
2690.0
2700.0
2710.0
2710.0
2690.0
2680.0
2680.0
2700.0
2720.0
2740.0
2760.0
2760.0
2780.0
2800.0
2790.0
2800.0
2820.0
2830.0
2840.0
2850.0
2850.0
2870.0
2890.0
2890.0
2900.0
2920.0
2920.0
2930.0
2930.0
2930.0
2930.0
2940.0
2960.0
2980.0
3000.0
3020.0
3040.0
3050.0
3060.0
3080.0
3100.0
3120.0
3140.0
3150.0
3160.0
3180.0
3190.0
3200.0
3210.0
3230.0
3250.0
3260.0
3280.0
3300.0
3310.0
3330.0
3350.0
3370.0
3380.0
3400.0
3420.0
3430.0
3440.0
3460.0
3480.0
3500.0
3520.0
3530.0
3550.0
3570.0
3570.0
3590.0
3600.0
3620.0
3630.0
3650.0
3670.0
3690.0
3680.0
3690.0
3710.0
3720.0
3740.0
3750.0
3770.0
3780.0
3780.0
3800.0
3810.0
3830.0
3850.0
3870.0
3890.0
3890.0
3880.0
3890.0
3910.0
3930.0
3950.0
3970.0
3990.0
3990.0
4010.0
4020.0
4040.0
4050.0
4060.0
4070.0
4080.0
4100.0
4120.0
4140.0
4160.0
4170.0
4190.0
4200.0
4220.0
4240.0
4250.0
4270.0
4280.0
4300.0
4300.0
4310.0
4330.0
4350.0
4350.0
4330.0
4340.0
4360.0
4370.0
4390.0
4410.0
4430.0
4450.0
4470.0
4490.0
4490.0
4500.0
4520.0
4510.0
4530.0
4510.0
4520.0
4540.0
4560.0
4570.0
4590.0
4610.0
4630.0
4650.0
4660.0
4680.0
4690.0
4710.0
4730.0
4740.0
4710.0
4730.0
4750.0
4770.0
4790.0
4810.0
4820.0
4840.0
4850.0
4840.0
4860.0
4880.0
4900.0
4920.0
4940.0
4930.0
4950.0
4970.0
4990.0
5010.0
5030.0
5050.0
5060.0
5080.0
5100.0
5110.0
5120.0
5120.0
5140.0
5150.0
5150.0
5170.0
5180.0
5200.0
5220.0
5230.0
5240.0
5260.0
5280.0
5290.0
5300.0
5320.0
5340.0
5360.0
5380.0
5400.0
5420.0
5430.0
5440.0
5450.0
5460.0
5480.0
5470.0
5490.0
5510.0
5530.0
5550.0
5560.0
5580.0
5590.0
5610.0
5620.0
5640.0
5650.0
5660.0
5670.0
5670.0
5680.0
5690.0
5710.0
5710.0
5700.0
5720.0
5740.0
5740.0
5760.0
5780.0
5790.0
5800.0
5820.0
5830.0
5850.0
5850.0
5860.0
5870.0
5890.0
5900.0
5920.0
5940.0
5930.0
5950.0
5970.0
5990.0
6010.0
6030.0
5960.0
5960.0
5980.0
5990.0
6000.0
6020.0
6040.0
6040.0
6060.0
6070.0
6090.0
6110.0
6100.0
6120.0
6140.0
6160.0
6180.0
6180.0
6190.0
6210.0
6230.0
6250.0
6260.0
6270.0
6290.0
6310.0
6310.0
6310.0
6330.0
6340.0
6360.0
6380.0
6400.0
6420.0
6440.0
6450.0
6470.0
6490.0
6490.0
6510.0
6530.0
6550.0
6570.0
6590.0
6610.0
6630.0
6650.0
6670.0
6690.0
6710.0
6730.0
6750.0
6750.0
6770.0
6780.0
6800.0
6810.0
6820.0
6830.0
6840.0
6860.0
6880.0
6900.0
6920.0
6930.0
6950.0
6950.0
6970.0
6990.0
7010.0
7030.0
7040.0
7060.0
7070.0
7080.0
7090.0
7110.0
7130.0
7150.0
7170.0
7190.0
7210.0
7220.0
7230.0
7240.0
7240.0
7250.0
7250.0
7270.0
7280.0
7300.0
7310.0
6930.0
6950.0
6970.0
6970.0
6990.0
7010.0
7030.0
7030.0
7050.0
7010.0
7030.0
7040.0
7040.0
7060.0
7070.0
7080.0
7070.0
7090.0
7110.0
7130.0
7140.0
7150.0
7170.0
7160.0
7180.0
7200.0
7210.0
7230.0
7240.0
7260.0
7280.0
7300.0
7320.0
7320.0
7320.0
7330.0
7330.0
7340.0
7360.0
7350.0
7360.0
7370.0
7370.0
7390.0
7390.0
7410.0
7430.0
7450.0
7470.0
7480.0
7500.0
7500.0
7490.0
7510.0
7520.0
7520.0
7540.0
7550.0
7570.0
7590.0
7600.0
7600.0
7620.0
7620.0
7620.0
7610.0
7630.0
7630.0
7650.0
7670.0
7690.0
7700.0
7710.0
7730.0
7740.0
7760.0
7780.0
7790.0
7810.0
7810.0
7820.0
7840.0
7830.0
7830.0
7850.0
7870.0
7880.0
7900.0
7920.0
7930.0
7950.0
7960.0
7980.0
8000.0
8020.0
8030.0
8050.0
8070.0
8090.0
8090.0
8100.0
8120.0
8120.0
8140.0
8160.0
8170.0
8160.0
8180.0
8200.0
8220.0
8220.0
8240.0
8250.0
8270.0
8290.0
8310.0
8330.0
8350.0
8360.0
8380.0
8400.0
8410.0
8420.0
8410.0
8420.0
8420.0
8440.0
8450.0
8470.0
8460.0
8460.0
8470.0
8490.0
8510.0
8520.0
8520.0
8530.0
8540.0
8550.0
8570.0
8590.0
8600.0
8610.0
8630.0
8640.0
8660.0
8680.0
8700.0
8710.0
8730.0
8740.0
8750.0
8770.0
8790.0
8810.0
8820.0
8840.0
8850.0
8860.0
8860.0
8870.0
8880.0
8900.0
8900.0
8920.0
8940.0
8960.0
8970.0
8990.0
9000.0
9000.0
9000.0
9000.0
9000.0
9010.0
9030.0
9050.0
9060.0
9080.0
9100.0
9100.0
9120.0
9120.0
9140.0
9120.0
9140.0
9130.0
9150.0
9150.0
9160.0
9170.0
9170.0
9190.0
9200.0
9210.0
9210.0
9200.0
9220.0
9240.0
9250.0
9260.0
9260.0
9280.0
9300.0
9310.0
9320.0
9330.0
9350.0
9370.0
9370.0
9360.0
9370.0
9380.0
9380.0
9380.0
9400.0
9420.0
9440.0
9460.0
9480.0
9500.0
9500.0
9510.0
9530.0
9540.0
9560.0
9580.0
9600.0
9600.0
9610.0
9620.0
9640.0
9650.0
9660.0
9670.0
9680.0
9690.0
9690.0
9710.0
9730.0
9740.0
9750.0
9760.0
9780.0
9800.0
9820.0
9830.0
9850.0
9870.0
9890.0
9910.0
9930.0
9950.0
9950.0
9960.0
9980.0
10000.0
10000.0
10020.0
10040.0
10060.0
10070.0
10080.0
10100.0
10120.0
10140.0
10150.0
10150.0
10160.0
10150.0
10160.0
10180.0
10200.0
10210.0
10230.0
10250.0
10270.0
10280.0
10290.0
10310.0
10320.0
10330.0
10330.0
10350.0
10370.0
10390.0
10410.0
10430.0
10450.0
10470.0
10490.0
10500.0
10520.0
10520.0
10530.0
10540.0
10560.0
10580.0
10600.0
10620.0
10640.0
10650.0
10670.0
10690.0
10710.0
10730.0
10720.0
10730.0
10750.0
10760.0
10780.0
10790.0
10810.0
10810.0
10830.0
10840.0
10850.0
10860.0
10880.0
10900.0
10920.0
10930.0
10950.0
10970.0
10970.0
10990.0
10990.0
11010.0
11020.0
11040.0
11060.0
11070.0
11090.0
11100.0
11120.0
11140.0
11130.0
11140.0
11160.0
11160.0
11180.0
11190.0
11200.0
11200.0
11210.0
11230.0
11230.0
11250.0
11270.0
11260.0
11240.0
11260.0
11270.0
11280.0
11290.0
11310.0
11310.0
11320.0
11340.0
11360.0
11380.0
11370.0
11390.0
11410.0
11430.0
11450.0
11460.0
11470.0
11490.0
11510.0
11530.0
11550.0
11560.0
11580.0
11570.0
11580.0
11600.0
11610.0
11630.0
11640.0
11660.0
11670.0
11690.0
11690.0
11710.0
11730.0
11750.0
11750.0
11770.0
11770.0
11780.0
11790.0
11810.0
11830.0
11850.0
11870.0
11880.0
11880.0
11900.0
11920.0
11920.0
11920.0
11940.0
11950.0
11970.0
11980.0
12000.0
12020.0
12040.0
12050.0
12050.0
12070.0
12080.0
12090.0
12090.0
12100.0
12120.0
12140.0
12160.0
12160.0
12170.0
12190.0
12210.0
12230.0
12250.0
12270.0
12280.0
12300.0
12320.0
12340.0
