a = 0.2
g = 0.2
e = 0.1
random initial weights = true

-90.0
-120.0
-160.0
-150.0
-160.0
-170.0
-160.0
-150.0
-150.0
-180.0
-190.0
-200.0
-190.0
-180.0
-170.0
-210.0
-200.0
-190.0
-180.0
-170.0
-170.0
-160.0
-150.0
-150.0
-140.0
-140.0
-130.0
-120.0
-110.0
-100.0
-90.0
-70.0
-70.0
-60.0
-60.0
-50.0
-40.0
-40.0
-40.0
-30.0
-30.0
-20.0
-10.0
0.0
0.0
10.0
30.0
40.0
50.0
50.0
60.0
60.0
70.0
80.0
90.0
100.0
70.0
70.0
80.0
100.0
100.0
110.0
120.0
130.0
130.0
130.0
140.0
150.0
160.0
160.0
100.0
110.0
110.0
120.0
140.0
160.0
170.0
190.0
210.0
220.0
220.0
240.0
250.0
260.0
280.0
290.0
310.0
320.0
330.0
350.0
370.0
380.0
400.0
420.0
440.0
460.0
470.0
490.0
500.0
500.0
520.0
540.0
560.0
570.0
590.0
600.0
620.0
640.0
660.0
680.0
700.0
710.0
730.0
740.0
760.0
780.0
800.0
820.0
840.0
860.0
880.0
900.0
910.0
930.0
950.0
960.0
980.0
1000.0
1010.0
1030.0
1050.0
1070.0
1090.0
1110.0
1130.0
1150.0
1170.0
1170.0
1180.0
1200.0
1220.0
1240.0
1260.0
1260.0
1280.0
1300.0
1300.0
1320.0
1340.0
1360.0
1380.0
1400.0
1420.0
1430.0
1450.0
1470.0
1480.0
1500.0
1520.0
1540.0
1560.0
1580.0
1590.0
1610.0
1630.0
1650.0
1670.0
1690.0
1690.0
1710.0
1720.0
1740.0
1760.0
1780.0
1790.0
1810.0
1830.0
1850.0
1860.0
1880.0
1900.0
1920.0
1930.0
1950.0
1950.0
1970.0
1990.0
2010.0
2030.0
2050.0
2070.0
2090.0
2110.0
2120.0
2140.0
2160.0
2180.0
2200.0
2220.0
2240.0
2260.0
2280.0
2290.0
2300.0
2320.0
2340.0
2360.0
2380.0
2400.0
2420.0
2440.0
2460.0
2470.0
2480.0
2500.0
2520.0
2540.0
2550.0
2570.0
2590.0
2600.0
2620.0
2630.0
2650.0
2670.0
2690.0
2710.0
2730.0
2740.0
2760.0
2780.0
2800.0
2820.0
2840.0
2860.0
2880.0
2900.0
2920.0
2940.0
2960.0
2980.0
2990.0
3010.0
3030.0
3010.0
3030.0
3050.0
3070.0
3090.0
3100.0
3120.0
3140.0
3160.0
3180.0
3190.0
3210.0
3230.0
3250.0
3260.0
3280.0
3300.0
3310.0
3330.0
3350.0
3370.0
3390.0
3410.0
3430.0
3450.0
3470.0
3490.0
3510.0
3510.0
3530.0
3540.0
3560.0
3570.0
3560.0
3560.0
3570.0
3570.0
3570.0
3580.0
3600.0
3620.0
3640.0
3660.0
3680.0
3700.0
3720.0
3740.0
3760.0
3770.0
3790.0
3810.0
3830.0
3850.0
3860.0
3880.0
3900.0
3920.0
3940.0
3960.0
3980.0
4000.0
4020.0
4040.0
4060.0
4080.0
4100.0
4120.0
4140.0
4160.0
4180.0
4180.0
4190.0
4210.0
4220.0
4240.0
4260.0
4280.0
4300.0
4320.0
4340.0
4350.0
4370.0
4390.0
4400.0
4420.0
4440.0
4460.0
4480.0
4500.0
4520.0
4540.0
4560.0
4580.0
4590.0
4610.0
4630.0
4650.0
4650.0
4670.0
4680.0
4700.0
4720.0
4740.0
4760.0
4780.0
4790.0
4810.0
4830.0
4850.0
4870.0
4890.0
4910.0
4930.0
4950.0
4970.0
4990.0
5010.0
5030.0
5050.0
5070.0
5090.0
5110.0
5120.0
5140.0
5160.0
5180.0
5200.0
5220.0
5240.0
5260.0
5270.0
5290.0
5310.0
5320.0
5340.0
5360.0
5370.0
5390.0
5410.0
5430.0
5450.0
5470.0
5490.0
5510.0
5520.0
5540.0
5560.0
5580.0
5600.0
5620.0
5640.0
5660.0
5670.0
5690.0
5710.0
5730.0
5730.0
5750.0
5750.0
5770.0
5790.0
5800.0
5820.0
5830.0
5850.0
5870.0
5890.0
5910.0
5930.0
5950.0
5970.0
5990.0
6010.0
6020.0
6040.0
6060.0
6080.0
6100.0
6120.0
6140.0
6160.0
6180.0
6200.0
6220.0
6240.0
6260.0
6270.0
6290.0
6310.0
6330.0
6350.0
6370.0
6390.0
6410.0
6430.0
6440.0
6460.0
6480.0
6500.0
6520.0
6520.0
6540.0
6560.0
6580.0
6590.0
6600.0
6620.0
6640.0
6660.0
6680.0
6700.0
6720.0
6740.0
6760.0
6780.0
6800.0
6820.0
6840.0
6860.0
6880.0
6900.0
6920.0
6940.0
6960.0
6980.0
6990.0
7010.0
7030.0
7050.0
7070.0
7090.0
7110.0
7130.0
7150.0
7160.0
7180.0
7200.0
7220.0
7240.0
7260.0
7280.0
7300.0
7320.0
7340.0
7360.0
7370.0
7390.0
7410.0
7430.0
7440.0
7460.0
7480.0
7500.0
7520.0
7540.0
7560.0
7580.0
7600.0
7600.0
7620.0
7640.0
7650.0
7670.0
7690.0
7710.0
7730.0
7750.0
7760.0
7780.0
7800.0
7820.0
7840.0
7860.0
7880.0
7900.0
7920.0
7940.0
7960.0
7980.0
7990.0
8010.0
8030.0
8050.0
8070.0
8080.0
8100.0
8120.0
8140.0
8150.0
8150.0
8170.0
8180.0
8200.0
8220.0
8240.0
8260.0
8280.0
8290.0
8310.0
8330.0
8350.0
8370.0
8390.0
8410.0
8430.0
8450.0
8470.0
8490.0
8510.0
8520.0
8540.0
8560.0
8570.0
8590.0
8610.0
8620.0
8640.0
8660.0
8680.0
8690.0
8710.0
8720.0
8740.0
8760.0
8780.0
8800.0
8820.0
8840.0
8860.0
8880.0
8900.0
8920.0
8940.0
8960.0
8980.0
9000.0
9020.0
9040.0
9060.0
9080.0
9100.0
9120.0
9140.0
9160.0
9180.0
9190.0
9210.0
9230.0
9250.0
9270.0
9290.0
9310.0
9330.0
9350.0
9370.0
9390.0
9410.0
9430.0
9450.0
9470.0
9490.0
9510.0
9530.0
9550.0
9570.0
9590.0
9610.0
9630.0
9650.0
9670.0
9690.0
9710.0
9720.0
9740.0
9760.0
9780.0
9800.0
9820.0
9840.0
9860.0
9880.0
9890.0
9910.0
9920.0
9940.0
9960.0
9970.0
9990.0
10010.0
10030.0
10050.0
10070.0
10090.0
10110.0
10130.0
10150.0
10170.0
10190.0
10210.0
10230.0
10250.0
10270.0
10290.0
10300.0
10320.0
10320.0
10340.0
10360.0
10380.0
10400.0
10420.0
10440.0
10460.0
10480.0
10500.0
10520.0
10530.0
10550.0
10570.0
10590.0
10610.0
10630.0
10650.0
10670.0
10690.0
10710.0
10730.0
10750.0
10770.0
10790.0
10810.0
10830.0
10850.0
10870.0
10880.0
10900.0
10920.0
10940.0
10960.0
10980.0
11000.0
11020.0
11040.0
11060.0
11080.0
11100.0
11120.0
11140.0
11160.0
11180.0
11200.0
11210.0
11220.0
11240.0
11260.0
11270.0
11290.0
11310.0
11330.0
11350.0
11370.0
11390.0
11410.0
11430.0
11450.0
11470.0
11490.0
11510.0
11530.0
11550.0
11560.0
11580.0
11600.0
11620.0
11640.0
11660.0
11680.0
11700.0
11720.0
11740.0
11760.0
11780.0
11800.0
11820.0
11840.0
11860.0
11880.0
11890.0
11910.0
11930.0
11950.0
11970.0
11980.0
11990.0
12000.0
12020.0
12030.0
12050.0
12070.0
12090.0
12110.0
12130.0
12150.0
12160.0
12180.0
12200.0
12220.0
12240.0
12260.0
12280.0
12300.0
12310.0
12330.0
12350.0
12370.0
12380.0
12390.0
12410.0
12430.0
12450.0
12470.0
12490.0
12510.0
12520.0
12540.0
12560.0
12580.0
12600.0
12620.0
12640.0
12660.0
12680.0
12700.0
12720.0
12740.0
12760.0
12780.0
12800.0
12820.0
12840.0
12860.0
12880.0
12890.0
12910.0
12930.0
12950.0
12960.0
12980.0
13000.0
13020.0
13040.0
13060.0
13080.0
13100.0
13120.0
13140.0
13160.0
13180.0
13200.0
13210.0
13230.0
13250.0
13270.0
13290.0
13310.0
13330.0
13340.0
13360.0
13380.0
13390.0
13410.0
13430.0
13450.0
13470.0
13490.0
13510.0
13530.0
13540.0
13560.0
13580.0
13600.0
13620.0
13640.0
13660.0
13680.0
13700.0
13720.0
13740.0
13760.0
13780.0
13800.0
13820.0
13840.0
13860.0
13870.0
13890.0
13910.0
13930.0
13950.0
13970.0
13990.0
14010.0
14030.0
14050.0
14070.0
14090.0
14110.0
14130.0
14150.0
14170.0
14190.0
14210.0
14230.0
14250.0
14260.0
14270.0
14280.0
14300.0
14320.0
14340.0
14350.0
14370.0
14390.0
14400.0
14420.0
14440.0
14460.0
14480.0
14490.0
14510.0
14530.0
14550.0
14570.0
14590.0
14610.0
14630.0
14650.0
14670.0
14690.0
14710.0
14730.0
14750.0
14770.0
14790.0
14800.0
14820.0
14840.0
14860.0
14880.0
14900.0
14920.0
14940.0
14960.0
14980.0
15000.0
15020.0
15040.0
15060.0
15050.0
15070.0
15090.0
15110.0
15130.0
15150.0
15150.0
15160.0
15180.0
15200.0
15220.0
15240.0
15260.0
15280.0
15290.0
15310.0
15330.0
15350.0
15370.0
15390.0
15410.0
15430.0
15450.0
15470.0
15490.0
15480.0
15500.0
15520.0
15540.0
15540.0
15560.0
15580.0
15600.0
15620.0
15630.0
15650.0
15670.0
15690.0
15710.0
15730.0
15750.0
15770.0
15790.0
15800.0
15810.0
15830.0
15850.0
15860.0
15880.0
15900.0
15920.0
15940.0
15960.0
15980.0
16000.0
16020.0
16040.0
16060.0
16080.0
16100.0
16110.0
16130.0
16150.0
16170.0
16190.0
16210.0
16230.0
16240.0
16260.0
16280.0
16300.0
16320.0
16340.0
16360.0
16380.0
16400.0
16420.0
16440.0
16460.0
16480.0
16500.0
16520.0
16540.0
16550.0
16570.0
16590.0
16600.0
16620.0
16640.0
16650.0
16670.0
16690.0
16710.0
16730.0
16750.0
16770.0
16790.0
16810.0
16830.0
16840.0
16860.0
16860.0
16880.0
16900.0
16910.0
16930.0
16950.0
16970.0
16990.0
17010.0
17030.0
17050.0
17060.0
17080.0
17100.0
17120.0
17140.0
17160.0
17180.0
17200.0
17220.0
17240.0
17260.0
17280.0
17300.0
17320.0
17340.0
17360.0
17380.0
17400.0
17420.0
17440.0
17460.0
17480.0
17500.0
17520.0
17530.0
17550.0
17560.0
17580.0
17600.0
17620.0
17640.0
17660.0
17680.0
17700.0
17720.0
17740.0
17760.0
17770.0
17790.0
17810.0
17830.0
17850.0
17870.0
17890.0
17910.0
17930.0
17940.0
17960.0
17980.0
18000.0
18020.0
18030.0
18050.0
18060.0
18080.0
18090.0
18110.0
18110.0
18130.0
18150.0
18170.0
18190.0
18210.0
18230.0
18250.0
18270.0
18290.0
18310.0
18330.0
18350.0
18370.0
18390.0
18410.0
18430.0
18450.0
18470.0
18490.0
18500.0
18520.0
18540.0
18560.0
18580.0
18600.0
18610.0
18630.0
18650.0
18660.0
18680.0
18700.0
18720.0
18740.0
18750.0
18770.0
18790.0
18810.0
18830.0
18850.0
18870.0
18890.0
18910.0
18930.0
18950.0
18970.0
18990.0
19010.0
19030.0
19050.0
19070.0
19090.0
19110.0
19130.0
19150.0
19170.0
19190.0
19210.0
19230.0
19250.0
19270.0
19290.0
19300.0
19300.0
19320.0
19340.0
19360.0
19380.0
19390.0
19410.0
19430.0
19450.0
19470.0
19480.0
19500.0
19520.0
19540.0
19560.0
19570.0
19570.0
19590.0
19600.0
19620.0
19640.0
19660.0
19680.0
19700.0
19720.0
19720.0
19740.0
19760.0
19780.0
19800.0
19820.0
19840.0
19860.0
19880.0
19900.0
19910.0
19930.0
19950.0
19970.0
19990.0
20010.0
20020.0
20040.0
20060.0
20080.0
20090.0
20110.0
20130.0
20150.0
20170.0
20190.0
20210.0
20220.0
20240.0
20260.0
20270.0
20290.0
20310.0
20330.0
20350.0
20360.0
20380.0
20400.0
20420.0
20440.0
20460.0
20480.0
20500.0
20520.0
20540.0
20560.0
20580.0
20600.0
20600.0
20620.0
20640.0
20660.0
20680.0
20700.0
20720.0
20730.0
20730.0
20750.0
20770.0
20790.0
20810.0
20830.0
20840.0
20860.0
20880.0
20900.0
20920.0
20940.0
20960.0
20980.0
21000.0
21020.0
21040.0
21060.0
21080.0
21100.0
21120.0
21140.0
21160.0
21180.0
21190.0
21210.0
21230.0
21250.0
21270.0
21290.0
21310.0
21330.0
21350.0
21360.0
21380.0
21400.0
21420.0
21440.0
21460.0
21480.0
21500.0
21520.0
21540.0
21560.0
21580.0
21600.0
21610.0
21630.0
21650.0
21670.0
21680.0
21700.0
21710.0
21730.0
21740.0
21760.0
21780.0
21800.0
21820.0
21840.0
21860.0
21880.0
21900.0
21910.0
21930.0
21950.0
21970.0
21990.0
22010.0
22030.0
22050.0
22070.0
22080.0
22100.0
22120.0
22140.0
22150.0
22170.0
22180.0
22200.0
22220.0
22240.0
22260.0
22280.0
22300.0
22320.0
22340.0
22360.0
22380.0
22400.0
22420.0
22440.0
22450.0
22470.0
22490.0
22490.0
22510.0
22530.0
22550.0
22570.0
22580.0
22600.0
22620.0
22640.0
22660.0
22680.0
22690.0
22710.0
22730.0
22750.0
22770.0
22790.0
22810.0
22830.0
22850.0
22870.0
22890.0
22910.0
22930.0
22940.0
22960.0
22980.0
23000.0
23010.0
23030.0
23050.0
23060.0
23080.0
23100.0
23120.0
23140.0
23160.0
23180.0
23200.0
23210.0
23230.0
23250.0
23270.0
23280.0
23300.0
23320.0
23340.0
23360.0
23370.0
23390.0
23410.0
23430.0
23450.0
23470.0
23490.0
23510.0
23530.0
23550.0
23570.0
23590.0
23610.0
23630.0
23650.0
23660.0
23680.0
23700.0
23710.0
23730.0
23750.0
23770.0
23790.0
23810.0
23830.0
23850.0
23870.0
23890.0
23910.0
23930.0
23950.0
23970.0
23990.0
24010.0
24030.0
24050.0
24070.0
24090.0
24100.0
24120.0
24140.0
24160.0
24180.0
24200.0
24220.0
24240.0
24260.0
24280.0
24290.0
24310.0
24330.0
24340.0
24360.0
24380.0
24400.0
24420.0
24440.0
24460.0
24480.0
24490.0
24510.0
24530.0
24550.0
24570.0
24590.0
24610.0
24630.0
24650.0
24670.0
24690.0
24710.0
24730.0
24750.0
24770.0
24790.0
24810.0
24820.0
24840.0
24860.0
24880.0
24900.0
24920.0
24940.0
24950.0
24970.0
24990.0
25010.0
25030.0
25050.0
25070.0
25090.0
25110.0
25130.0
25150.0
25170.0
25190.0
25210.0
25230.0
25240.0
25260.0
25280.0
25300.0
25310.0
25320.0
25340.0
25360.0
25380.0
25400.0
25420.0
25430.0
25450.0
25470.0
25490.0
25510.0
25530.0
25550.0
25570.0
25590.0
25600.0
25620.0
25640.0
25640.0
25650.0
25670.0
25690.0
25710.0
25730.0
25750.0
25770.0
25790.0
25810.0
25820.0
25840.0
25850.0
25870.0
25880.0
25890.0
25910.0
25930.0
25950.0
25970.0
25980.0
