a = 0.5
g = 0.5
e = 0.3
random initial weights = true

-150.0
-550.0
-580.0
-620.0
-720.0
-720.0
-820.0
-840.0
-850.0
-850.0
-870.0
-910.0
-960.0
-990.0
-1110.0
-1170.0
-1170.0
-1160.0
-1150.0
-1180.0
-1200.0
-1200.0
-1180.0
-1170.0
-1160.0
-1150.0
-1130.0
-1150.0
-1150.0
-1140.0
-1130.0
-1150.0
-1130.0
-1120.0
-1110.0
-1120.0
-1120.0
-1110.0
-1100.0
-1080.0
-1070.0
-1060.0
-1040.0
-1030.0
-1010.0
-1030.0
-1020.0
-1010.0
-990.0
-980.0
-970.0
-960.0
-940.0
-980.0
-980.0
-960.0
-950.0
-940.0
-940.0
-920.0
-910.0
-900.0
-880.0
-860.0
-840.0
-820.0
-800.0
-790.0
-780.0
-760.0
-750.0
-730.0
-710.0
-700.0
-680.0
-680.0
-680.0
-680.0
-660.0
-640.0
-640.0
-620.0
-610.0
-590.0
-590.0
-570.0
-570.0
-550.0
-530.0
-520.0
-510.0
-490.0
-470.0
-460.0
-460.0
-440.0
-420.0
-420.0
-400.0
-400.0
-390.0
-370.0
-350.0
-330.0
-330.0
-320.0
-300.0
-290.0
-270.0
-270.0
-250.0
-250.0
-240.0
-220.0
-210.0
-190.0
-170.0
-160.0
-150.0
-130.0
-120.0
-100.0
-90.0
-70.0
-70.0
-60.0
-50.0
-50.0
-30.0
-30.0
-40.0
-50.0
-30.0
-10.0
10.0
20.0
40.0
60.0
70.0
90.0
90.0
110.0
130.0
150.0
170.0
180.0
190.0
210.0
230.0
250.0
240.0
220.0
240.0
260.0
280.0
300.0
300.0
320.0
330.0
330.0
340.0
350.0
370.0
390.0
410.0
420.0
440.0
460.0
470.0
490.0
510.0
510.0
520.0
540.0
540.0
560.0
580.0
600.0
610.0
610.0
610.0
630.0
650.0
670.0
670.0
680.0
700.0
700.0
720.0
730.0
740.0
760.0
770.0
760.0
780.0
790.0
810.0
800.0
790.0
810.0
820.0
840.0
860.0
880.0
900.0
910.0
930.0
950.0
960.0
980.0
990.0
1000.0
1020.0
1030.0
1040.0
1010.0
1030.0
1050.0
1070.0
1050.0
1060.0
1080.0
1090.0
1110.0
1130.0
1150.0
1150.0
1160.0
1180.0
1190.0
1200.0
1220.0
1240.0
1260.0
1270.0
1280.0
1300.0
1320.0
1340.0
1350.0
1360.0
1380.0
1400.0
1420.0
1430.0
1440.0
1440.0
1450.0
1450.0
1440.0
1460.0
1470.0
1490.0
1510.0
1530.0
1530.0
1540.0
1560.0
1560.0
1570.0
1550.0
1550.0
1560.0
1570.0
1590.0
1610.0
1610.0
1630.0
1640.0
1660.0
1670.0
1690.0
1700.0
1710.0
1720.0
1710.0
1720.0
1720.0
1740.0
1750.0
1760.0
1780.0
1750.0
1760.0
1780.0
1800.0
1810.0
1830.0
1850.0
1860.0
1880.0
1890.0
1900.0
1910.0
1890.0
1900.0
1920.0
1930.0
1940.0
1960.0
1970.0
1990.0
2010.0
2030.0
2050.0
2060.0
2080.0
2100.0
2120.0
2130.0
2150.0
2160.0
2180.0
2200.0
2220.0
2230.0
2250.0
2270.0
2280.0
2280.0
2300.0
2320.0
2340.0
2360.0
2380.0
2380.0
2390.0
2410.0
2430.0
2450.0
2470.0
2480.0
2490.0
2510.0
2510.0
2530.0
2550.0
2560.0
2580.0
2600.0
2610.0
2620.0
2640.0
2650.0
2670.0
2690.0
2710.0
2720.0
2740.0
2750.0
2760.0
2770.0
2780.0
2790.0
2780.0
2790.0
2810.0
2820.0
2840.0
2850.0
2860.0
2870.0
2890.0
2910.0
2920.0
2880.0
2900.0
2910.0
2920.0
2940.0
2960.0
2970.0
2990.0
3010.0
3030.0
3050.0
3050.0
3070.0
3080.0
3090.0
3090.0
3100.0
3110.0
3100.0
3110.0
3130.0
3130.0
3140.0
3160.0
3170.0
3170.0
3190.0
3190.0
3210.0
3230.0
3250.0
3250.0
3270.0
3260.0
3280.0
3300.0
3290.0
3290.0
3310.0
3330.0
3340.0
3350.0
3350.0
3360.0
3370.0
3380.0
3400.0
3400.0
3390.0
3410.0
3420.0
3410.0
3410.0
3430.0
3450.0
3460.0
3470.0
3490.0
3500.0
3500.0
3520.0
3540.0
3560.0
3580.0
3580.0
3590.0
3600.0
3590.0
3610.0
3630.0
3640.0
3660.0
3660.0
3670.0
3680.0
3700.0
3720.0
3740.0
3760.0
3770.0
3780.0
3790.0
3800.0
3800.0
3790.0
3810.0
3810.0
3830.0
3850.0
3850.0
3860.0
3850.0
3860.0
3870.0
3890.0
3910.0
3920.0
3940.0
3960.0
3950.0
3960.0
3970.0
3990.0
4010.0
4030.0
4040.0
4060.0
4060.0
4080.0
4100.0
4120.0
4140.0
4150.0
4160.0
4170.0
4190.0
4190.0
4210.0
4230.0
4240.0
4250.0
4240.0
4250.0
4260.0
4270.0
4280.0
4300.0
4320.0
4340.0
4350.0
4370.0
4390.0
4410.0
4410.0
4430.0
4440.0
4460.0
4470.0
4480.0
4500.0
4520.0
4540.0
4560.0
4550.0
4570.0
4590.0
4610.0
4630.0
4650.0
4670.0
4650.0
4650.0
4650.0
4660.0
4680.0
4700.0
4720.0
4740.0
4750.0
4760.0
4780.0
4800.0
4800.0
4810.0
4820.0
4820.0
4830.0
4850.0
4870.0
4880.0
4890.0
4910.0
4910.0
4900.0
4910.0
4930.0
4940.0
4930.0
4930.0
4950.0
4970.0
4980.0
4990.0
5000.0
5020.0
5040.0
5060.0
5080.0
5090.0
5100.0
5120.0
5120.0
5120.0
5140.0
5160.0
5160.0
5160.0
5170.0
5180.0
5170.0
5190.0
5200.0
5220.0
5230.0
5250.0
5270.0
5290.0
5310.0
5320.0
5340.0
5350.0
5350.0
5370.0
5390.0
5410.0
5430.0
5440.0
5460.0
5470.0
5490.0
5500.0
5520.0
5520.0
5540.0
5550.0
5560.0
5570.0
5580.0
5600.0
5610.0
5620.0
5640.0
5650.0
5660.0
5680.0
5700.0
5710.0
5730.0
5750.0
5750.0
5770.0
5790.0
5800.0
5820.0
5840.0
5860.0
5860.0
5850.0
5870.0
5890.0
5900.0
5900.0
5920.0
5940.0
5950.0
5960.0
5980.0
5990.0
6010.0
6020.0
6040.0
6060.0
6080.0
6100.0
6120.0
6130.0
6150.0
6170.0
6190.0
6210.0
6220.0
6230.0
6210.0
6220.0
6190.0
6210.0
6230.0
6250.0
6270.0
6290.0
6310.0
6320.0
6330.0
6350.0
6370.0
6370.0
6380.0
6390.0
6410.0
6400.0
6410.0
6420.0
6440.0
6450.0
6460.0
6480.0
6490.0
6500.0
6520.0
6530.0
6540.0
6560.0
6550.0
6560.0
6570.0
6590.0
6590.0
6610.0
6630.0
6650.0
6660.0
6680.0
6700.0
6720.0
6740.0
6750.0
6770.0
6790.0
6810.0
6820.0
6830.0
6830.0
6850.0
6870.0
6890.0
6910.0
6930.0
6950.0
6950.0
6970.0
6990.0
6980.0
7000.0
7020.0
7020.0
7040.0
7060.0
7070.0
7090.0
7110.0
7130.0
7140.0
7150.0
7170.0
7190.0
7210.0
7230.0
7250.0
7270.0
7270.0
7290.0
7300.0
7310.0
7330.0
7340.0
7360.0
7370.0
7380.0
7400.0
7420.0
7440.0
7450.0
7460.0
7480.0
7490.0
7500.0
7500.0
7520.0
7510.0
7520.0
7540.0
7550.0
7560.0
7570.0
7560.0
7560.0
7580.0
7580.0
7600.0
7610.0
7610.0
7600.0
7610.0
7600.0
7620.0
7640.0
7660.0
7680.0
7700.0
7710.0
7730.0
7750.0
7770.0
7780.0
7760.0
7770.0
7780.0
7790.0
7790.0
7780.0
7780.0
7790.0
7800.0
7810.0
7820.0
7840.0
7850.0
7830.0
7840.0
7860.0
7880.0
7900.0
7920.0
7940.0
7960.0
7980.0
8000.0
8010.0
8030.0
8040.0
8060.0
8050.0
8040.0
8060.0
8070.0
8090.0
8100.0
8110.0
8100.0
8100.0
8110.0
8120.0
8140.0
8160.0
8180.0
8200.0
8220.0
8240.0
8260.0
8280.0
8300.0
8310.0
8300.0
8310.0
8320.0
8330.0
8330.0
8350.0
8370.0
8390.0
8400.0
8420.0
8440.0
8460.0
8470.0
8480.0
8490.0
8490.0
8510.0
8520.0
8540.0
8550.0
8530.0
8540.0
8540.0
8550.0
8560.0
8580.0
8580.0
8600.0
8600.0
8620.0
8630.0
8630.0
8650.0
8660.0
8680.0
8680.0
8690.0
8710.0
8720.0
8740.0
8750.0
8750.0
8760.0
8750.0
8770.0
8790.0
8810.0
8830.0
8820.0
8830.0
8840.0
8860.0
8880.0
8900.0
8910.0
8930.0
8950.0
8970.0
8980.0
8980.0
8990.0
9010.0
9020.0
9030.0
9050.0
9040.0
9050.0
9050.0
9060.0
9060.0
9070.0
9070.0
9070.0
9080.0
9100.0
9110.0
9120.0
9120.0
9140.0
9160.0
9160.0
9180.0
9190.0
9200.0
9210.0
9210.0
9220.0
9240.0
9260.0
9280.0
9300.0
9300.0
9310.0
9330.0
9330.0
9350.0
9370.0
9390.0
9410.0
9430.0
9420.0
9440.0
9450.0
9470.0
9490.0
9500.0
9520.0
9530.0
9540.0
9560.0
9570.0
9570.0
9570.0
9580.0
9600.0
9610.0
9620.0
9640.0
9660.0
9680.0
9690.0
9700.0
9710.0
9730.0
9710.0
9720.0
9740.0
9760.0
9780.0
9800.0
9800.0
9820.0
9830.0
9850.0
9850.0
9870.0
9890.0
9890.0
9900.0
9920.0
9940.0
9960.0
9960.0
9960.0
9950.0
9970.0
9980.0
9990.0
9960.0
9970.0
9970.0
9970.0
9980.0
10000.0
10010.0
10030.0
10050.0
10050.0
10070.0
10090.0
10110.0
10130.0
10150.0
10170.0
10170.0
10190.0
10210.0
10230.0
10250.0
10270.0
10290.0
10310.0
10320.0
10330.0
10340.0
10360.0
10340.0
10350.0
10370.0
10370.0
10380.0
10400.0
10400.0
10420.0
10430.0
10440.0
10440.0
10430.0
10440.0
10460.0
10480.0
10490.0
10510.0
10520.0
10530.0
10550.0
10550.0
10570.0
10590.0
10600.0
10600.0
10620.0
10630.0
10620.0
10620.0
10630.0
10640.0
10660.0
10670.0
10690.0
10710.0
10730.0
10720.0
10740.0
10740.0
10760.0
10780.0
10800.0
10800.0
10810.0
10830.0
10840.0
10860.0
10880.0
10880.0
10890.0
10910.0
10930.0
10930.0
10950.0
10960.0
10980.0
11000.0
11010.0
11020.0
11040.0
11060.0
11080.0
11080.0
11100.0
11110.0
11110.0
11120.0
11130.0
11150.0
11170.0
11180.0
11190.0
11200.0
11210.0
11220.0
11200.0
11220.0
11220.0
11230.0
11240.0
11260.0
11270.0
11280.0
11300.0
11320.0
11340.0
11360.0
11370.0
11390.0
11410.0
11420.0
11430.0
11430.0
11430.0
11450.0
11470.0
11490.0
11510.0
11530.0
11540.0
11550.0
11570.0
11550.0
11560.0
11580.0
11590.0
11610.0
11610.0
11630.0
11630.0
11650.0
11670.0
11680.0
11690.0
11700.0
11720.0
11740.0
11760.0
11770.0
11780.0
11790.0
11810.0
11830.0
11850.0
11870.0
11880.0
11870.0
11880.0
11900.0
11890.0
11910.0
11930.0
11950.0
11970.0
11960.0
11980.0
12000.0
12000.0
12020.0
12010.0
12010.0
12020.0
12040.0
12060.0
12080.0
12100.0
12110.0
12130.0
12150.0
12170.0
12170.0
12180.0
12200.0
12210.0
12210.0
12220.0
12230.0
12240.0
12250.0
12270.0
12290.0
12310.0
12330.0
12340.0
12350.0
12350.0
12370.0
12390.0
12410.0
12430.0
12450.0
12460.0
12470.0
12480.0
12470.0
12490.0
12510.0
12530.0
12550.0
12560.0
12580.0
12590.0
12600.0
12600.0
12620.0
12640.0
12640.0
12660.0
12680.0
12680.0
12690.0
12700.0
12710.0
12730.0
12740.0
12750.0
12770.0
12780.0
12800.0
12820.0
12820.0
12820.0
12840.0
12860.0
12880.0
12900.0
12920.0
12930.0
12950.0
12970.0
12970.0
12990.0
13000.0
13020.0
13030.0
13040.0
13030.0
13050.0
13070.0
13080.0
13100.0
13110.0
13130.0
13150.0
13170.0
13180.0
13200.0
13210.0
13210.0
13230.0
13250.0
13260.0
13280.0
13290.0
13300.0
13320.0
13340.0
13350.0
13370.0
13390.0
13410.0
13400.0
13410.0
13430.0
13450.0
13470.0
13470.0
13490.0
13510.0
13530.0
13540.0
13540.0
13560.0
13580.0
13600.0
13620.0
13630.0
13640.0
13650.0
13670.0
13670.0
13690.0
13710.0
13730.0
13750.0
13760.0
13770.0
13790.0
13810.0
13830.0
13850.0
13870.0
13890.0
13910.0
13930.0
13940.0
13960.0
13980.0
14000.0
14010.0
14030.0
14030.0
14050.0
14070.0
14080.0
14090.0
14080.0
14100.0
14120.0
14130.0
14150.0
14170.0
14190.0
14200.0
14220.0
14230.0
14230.0
14230.0
14250.0
14250.0
14270.0
14290.0
14290.0
14310.0
14310.0
14320.0
14340.0
14360.0
14370.0
14390.0
14400.0
14400.0
14410.0
14420.0
14440.0
14440.0
14450.0
14460.0
14480.0
14490.0
14510.0
14520.0
14530.0
14550.0
14560.0
14570.0
14590.0
14610.0
14620.0
14620.0
14640.0
14650.0
14670.0
14680.0
14690.0
14700.0
14710.0
14720.0
14730.0
14750.0
14740.0
14760.0
14770.0
14790.0
14810.0
14830.0
14850.0
14860.0
14870.0
14890.0
14900.0
14910.0
14930.0
14950.0
14970.0
14980.0
14990.0
15010.0
15010.0
15020.0
15040.0
15060.0
15070.0
15090.0
15110.0
15130.0
15140.0
15140.0
15160.0
15170.0
15180.0
15200.0
15220.0
15230.0
15240.0
15260.0
15250.0
15270.0
15290.0
15290.0
15300.0
15300.0
15310.0
15320.0
15340.0
15340.0
15360.0
15370.0
15390.0
15410.0
15410.0
15430.0
15430.0
15430.0
15430.0
15440.0
15460.0
15480.0
15500.0
15510.0
15510.0
15510.0
15520.0
15540.0
15540.0
15550.0
15570.0
15590.0
15590.0
15590.0
15610.0
15630.0
15650.0
15670.0
15690.0
15710.0
15710.0
15730.0
15740.0
15760.0
15780.0
15790.0
15810.0
15830.0
15850.0
15870.0
15880.0
15890.0
15880.0
15890.0
15910.0
15920.0
15930.0
15940.0
15950.0
15960.0
15970.0
15990.0
16000.0
16000.0
16020.0
16030.0
16050.0
16070.0
16080.0
16090.0
16110.0
16110.0
16130.0
16150.0
16170.0
16190.0
16210.0
16230.0
16250.0
16270.0
16290.0
16310.0
16290.0
16310.0
16330.0
16350.0
16370.0
16390.0
16410.0
16430.0
16440.0
16450.0
16470.0
16490.0
16500.0
16520.0
16540.0
16550.0
16540.0
16550.0
16560.0
16580.0
16600.0
16610.0
16620.0
16630.0
16650.0
16670.0
16670.0
16680.0
16700.0
16720.0
16720.0
16740.0
16760.0
16770.0
16780.0
16790.0
16800.0
16820.0
16840.0
16860.0
16880.0
16890.0
16900.0
16920.0
16920.0
16940.0
16960.0
16980.0
17000.0
17010.0
17030.0
17040.0
17060.0
17080.0
17080.0
17100.0
17120.0
17130.0
17150.0
