a = 0.8
g = 0.2
e = 0.5
random initial weights = true

-5680.0
-6280.0
-6410.0
-6490.0
-6540.0
-6620.0
-6630.0
-6640.0
-6660.0
-6700.0
-6720.0
-6720.0
-6730.0
-6760.0
-6760.0
-6780.0
-6780.0
-6810.0
-6820.0
-6820.0
-6950.0
-6950.0
-6940.0
-6940.0
-6930.0
-6940.0
-6960.0
-6950.0
-6970.0
-7000.0
-6990.0
-7010.0
-6990.0
-7000.0
-7120.0
-7180.0
-7200.0
-7200.0
-7330.0
-7340.0
-7320.0
-7340.0
-7340.0
-7400.0
-7390.0
-7400.0
-7390.0
-7390.0
-7500.0
-7520.0
-7510.0
-7520.0
-7530.0
-7550.0
-7570.0
-7580.0
-7570.0
-7580.0
-7640.0
-7660.0
-7660.0
-7670.0
-7660.0
-7670.0
-7660.0
-7680.0
-7660.0
-7720.0
-7720.0
-7700.0
-7710.0
-7690.0
-7690.0
-7690.0
-7680.0
-7680.0
-7690.0
-7680.0
-7660.0
-7650.0
-7630.0
-7610.0
-7620.0
-7600.0
-7580.0
-7580.0
-7590.0
-7610.0
-7590.0
-7580.0
-7580.0
-7610.0
-7610.0
-7600.0
-7640.0
-7640.0
-7620.0
-7610.0
-7620.0
-7630.0
-7620.0
-7620.0
-7630.0
-7620.0
-7620.0
-7620.0
-7620.0
-7620.0
-7620.0
-7600.0
-7600.0
-7650.0
-7650.0
-7650.0
-7660.0
-7690.0
-7690.0
-7670.0
-7670.0
-7660.0
-7650.0
-7670.0
-7660.0
-7660.0
-7670.0
-7680.0
-7660.0
-7640.0
-7640.0
-7620.0
-7620.0
-7620.0
-7620.0
-7610.0
-7610.0
-7600.0
-7610.0
-7610.0
-7600.0
-7580.0
-7580.0
-7570.0
-7570.0
-7550.0
-7560.0
-7540.0
-7540.0
-7530.0
-7540.0
-7520.0
-7520.0
-7510.0
-7510.0
-7520.0
-7510.0
-7510.0
-7510.0
-7490.0
-7490.0
-7580.0
-7600.0
-7610.0
-7610.0
-7600.0
-7590.0
-7600.0
-7610.0
-7590.0
-7580.0
-7600.0
-7620.0
-7600.0
-7640.0
-7620.0
-7600.0
-7590.0
-7590.0
-7640.0
-7620.0
-7620.0
-7610.0
-7620.0
-7620.0
-7620.0
-7680.0
-7710.0
-7700.0
-7680.0
-7660.0
-7640.0
-7640.0
-7660.0
-7640.0
-7640.0
-7640.0
-7650.0
-7630.0
-7660.0
-7650.0
-7650.0
-7630.0
-7670.0
-7690.0
-7710.0
-7700.0
-7690.0
-7720.0
-7730.0
-7740.0
-7740.0
-7730.0
-7730.0
-7730.0
-7710.0
-7730.0
-7710.0
-7740.0
-7760.0
-7740.0
-7760.0
-7760.0
-7740.0
-7730.0
-7750.0
-7800.0
-7810.0
-7790.0
-7790.0
-7780.0
-7780.0
-7790.0
-7790.0
-7780.0
-7790.0
-7780.0
-7790.0
-7780.0
-7760.0
-7760.0
-7770.0
-7780.0
-7800.0
-7790.0
-7780.0
-7780.0
-7760.0
-7750.0
-7750.0
-7740.0
-7740.0
-7730.0
-7730.0
-7720.0
-7710.0
-7750.0
-7730.0
-7750.0
-7760.0
-7760.0
-7800.0
-7840.0
-7820.0
-7810.0
-7880.0
-7860.0
-7840.0
-7830.0
-7820.0
-7830.0
-7830.0
-7820.0
-7800.0
-7780.0
-7770.0
-7760.0
-7740.0
-7720.0
-7700.0
-7720.0
-7720.0
-7720.0
-7700.0
-7700.0
-7700.0
-7680.0
-7680.0
-7680.0
-7670.0
-7660.0
-7640.0
-7620.0
-7610.0
-7610.0
-7590.0
-7570.0
-7570.0
-7550.0
-7580.0
-7590.0
-7580.0
-7590.0
-7570.0
-7570.0
-7550.0
-7540.0
-7540.0
-7550.0
-7620.0
-7620.0
-7610.0
-7620.0
-7610.0
-7620.0
-7630.0
-7690.0
-7700.0
-7690.0
-7690.0
-7680.0
-7660.0
-7710.0
-7690.0
-7680.0
-7700.0
-7680.0
-7690.0
-7690.0
-7700.0
-7690.0
-7680.0
-7680.0
-7670.0
-7680.0
-7680.0
-7670.0
-7650.0
-7630.0
-7610.0
-7600.0
-7630.0
-7630.0
-7650.0
-7630.0
-7640.0
-7640.0
-7670.0
-7700.0
-7740.0
-7740.0
-7730.0
-7730.0
-7710.0
-7700.0
-7690.0
-7670.0
-7670.0
-7660.0
-7700.0
-7690.0
-7690.0
-7700.0
-7730.0
-7710.0
-7700.0
-7710.0
-7700.0
-7690.0
-7680.0
-7720.0
-7700.0
-7700.0
-7690.0
-7680.0
-7660.0
-7670.0
-7690.0
-7680.0
-7660.0
-7700.0
-7750.0
-7740.0
-7730.0
-7740.0
-7760.0
-7760.0
-7740.0
-7800.0
-7820.0
-7850.0
-7830.0
-7810.0
-7800.0
-7810.0
-7820.0
-7840.0
-7850.0
-7850.0
-7860.0
-7870.0
-7910.0
-7900.0
-7880.0
-7880.0
-7870.0
-7870.0
-7880.0
-7900.0
-7880.0
-7890.0
-7870.0
-7850.0
-7840.0
-7860.0
-7850.0
-7870.0
-7860.0
-7880.0
-7870.0
-7880.0
-7870.0
-7890.0
-7870.0
-7850.0
-7840.0
-7880.0
-7860.0
-7850.0
-7850.0
-7870.0
-7870.0
-7880.0
-7870.0
-7850.0
-7880.0
-7870.0
-7870.0
-7930.0
-7920.0
-7940.0
-7930.0
-7910.0
-7920.0
-7900.0
-7880.0
-7870.0
-7850.0
-7840.0
-7870.0
-7870.0
-7860.0
-7840.0
-7820.0
-7820.0
-7830.0
-7810.0
-7790.0
-7790.0
-7790.0
-7770.0
-7770.0
-7760.0
-7760.0
-7740.0
-7730.0
-7730.0
-7730.0
-7720.0
-7730.0
-7740.0
-7730.0
-7730.0
-7710.0
-7710.0
-7730.0
-7740.0
-7740.0
-7720.0
-7700.0
-7680.0
-7710.0
-7690.0
-7690.0
-7680.0
-7680.0
-7670.0
-7700.0
-7680.0
-7660.0
-7680.0
-7660.0
-7640.0
-7660.0
-7690.0
-7680.0
-7720.0
-7700.0
-7710.0
-7710.0
-7690.0
-7680.0
-7700.0
-7700.0
-7710.0
-7700.0
-7740.0
-7730.0
-7720.0
-7710.0
-7710.0
-7700.0
-7760.0
-7760.0
-7760.0
-7770.0
-7750.0
-7750.0
-7740.0
-7730.0
-7730.0
-7740.0
-7750.0
-7760.0
-7800.0
-7780.0
-7790.0
-7780.0
-7770.0
-7770.0
-7760.0
-7760.0
-7820.0
-7840.0
-7830.0
-7810.0
-7800.0
-7830.0
-7820.0
-7820.0
-7830.0
-7820.0
-7820.0
-7810.0
-7810.0
-7800.0
-7820.0
-7810.0
-7800.0
-7780.0
-7770.0
-7780.0
-7770.0
-7770.0
-7750.0
-7760.0
-7750.0
-7780.0
-7760.0
-7750.0
-7730.0
-7720.0
-7710.0
-7700.0
-7710.0
-7730.0
-7720.0
-7710.0
-7710.0
-7720.0
-7720.0
-7710.0
-7690.0
-7670.0
-7680.0
-7670.0
-7690.0
-7710.0
-7700.0
-7740.0
-7760.0
-7760.0
-7770.0
-7770.0
-7770.0
-7780.0
-7780.0
-7780.0
-7780.0
-7770.0
-7800.0
-7790.0
-7800.0
-7800.0
-7800.0
-7820.0
-7830.0
-7830.0
-7840.0
-7840.0
-7860.0
-7850.0
-7850.0
-7880.0
-7880.0
-7890.0
-7890.0
-7890.0
-7910.0
-7910.0
-7890.0
-7870.0
-7860.0
-7850.0
-7850.0
-7850.0
-7860.0
-7880.0
-7870.0
-7880.0
-7870.0
-7860.0
-7840.0
-7850.0
-7830.0
-7870.0
-7880.0
-7880.0
-7890.0
-7900.0
-7900.0
-7920.0
-7910.0
-7910.0
-7930.0
-7920.0
-7920.0
-7900.0
-7900.0
-7910.0
-7940.0
-7970.0
-7960.0
-7950.0
-7960.0
-7970.0
-7950.0
-7970.0
-7950.0
-7960.0
-7940.0
-7930.0
-7920.0
-7920.0
-7910.0
-7890.0
-7900.0
-7880.0
-7860.0
-7870.0
-7860.0
-7860.0
-7850.0
-7830.0
-7840.0
-7820.0
-7800.0
-7790.0
-7810.0
-7790.0
-7800.0
-7790.0
-7790.0
-7820.0
-7860.0
-7840.0
-7820.0
-7810.0
-7790.0
-7800.0
-7800.0
-7780.0
-7760.0
-7760.0
-7780.0
-7790.0
-7780.0
-7770.0
-7750.0
-7750.0
-7740.0
-7730.0
-7760.0
-7790.0
-7780.0
-7810.0
-7800.0
-7810.0
-7820.0
-7810.0
-7800.0
-7810.0
-7790.0
-7790.0
-7780.0
-7760.0
-7830.0
-7830.0
-7820.0
-7820.0
-7800.0
-7800.0
-7820.0
-7810.0
-7800.0
-7820.0
-7810.0
-7790.0
-7770.0
-7760.0
-7760.0
-7770.0
-7760.0
-7750.0
-7740.0
-7760.0
-7780.0
-7790.0
-7780.0
-7790.0
-7770.0
-7770.0
-7770.0
-7780.0
-7770.0
-7790.0
-7770.0
-7750.0
-7730.0
-7750.0
-7760.0
-7760.0
-7750.0
-7750.0
-7750.0
-7750.0
-7750.0
-7770.0
-7810.0
-7790.0
-7810.0
-7790.0
-7810.0
-7810.0
-7810.0
-7830.0
-7810.0
-7800.0
-7800.0
-7810.0
-7810.0
-7790.0
-7780.0
-7790.0
-7810.0
-7800.0
-7870.0
-7850.0
-7840.0
-7840.0
-7830.0
-7820.0
-7830.0
-7830.0
-7870.0
-7850.0
-7840.0
-7830.0
-7810.0
-7810.0
-7810.0
-7800.0
-7790.0
-7790.0
-7770.0
-7780.0
-7780.0
-7760.0
-7780.0
-7830.0
-7880.0
-7880.0
-7890.0
-7890.0
-7870.0
-7850.0
-7830.0
-7830.0
-7820.0
-7810.0
-7800.0
-7800.0
-7810.0
-7820.0
-7800.0
-7810.0
-7800.0
-7790.0
-7820.0
-7800.0
-7790.0
-7790.0
-7810.0
-7790.0
-7770.0
-7790.0
-7790.0
-7770.0
-7760.0
-7760.0
-7770.0
-7790.0
-7780.0
-7800.0
-7790.0
-7780.0
-7770.0
-7760.0
-7750.0
-7790.0
-7780.0
-7760.0
-7740.0
-7730.0
-7720.0
-7700.0
-7700.0
-7710.0
-7690.0
-7700.0
-7700.0
-7710.0
-7710.0
-7760.0
-7740.0
-7720.0
-7710.0
-7690.0
-7700.0
-7690.0
-7680.0
-7670.0
-7710.0
-7720.0
-7700.0
-7720.0
-7710.0
-7690.0
-7680.0
-7660.0
-7680.0
-7690.0
-7730.0
-7720.0
-7710.0
-7710.0
-7710.0
-7710.0
-7720.0
-7700.0
-7730.0
-7730.0
-7710.0
-7730.0
-7760.0
-7760.0
-7750.0
-7790.0
-7780.0
-7760.0
-7740.0
-7730.0
-7710.0
-7710.0
-7690.0
-7680.0
-7760.0
-7740.0
-7720.0
-7700.0
-7710.0
-7700.0
-7700.0
-7690.0
-7700.0
-7690.0
-7680.0
-7720.0
-7720.0
-7700.0
-7710.0
-7710.0
-7730.0
-7740.0
-7720.0
-7700.0
-7700.0
-7710.0
-7700.0
-7690.0
-7700.0
-7700.0
-7710.0
-7700.0
-7690.0
-7680.0
-7670.0
-7660.0
-7660.0
-7650.0
-7630.0
-7630.0
-7610.0
-7600.0
-7620.0
-7650.0
-7670.0
-7670.0
-7650.0
-7650.0
-7650.0
-7680.0
-7670.0
-7670.0
-7690.0
-7690.0
-7670.0
-7680.0
-7660.0
-7660.0
-7650.0
-7700.0
-7720.0
-7710.0
-7770.0
-7770.0
-7750.0
-7740.0
-7750.0
-7760.0
-7790.0
-7790.0
-7780.0
-7780.0
-7780.0
-7760.0
-7740.0
-7750.0
-7760.0
-7760.0
-7740.0
-7720.0
-7720.0
-7720.0
-7700.0
-7720.0
-7710.0
-7690.0
-7670.0
-7670.0
-7670.0
-7650.0
-7630.0
-7620.0
-7620.0
-7630.0
-7620.0
-7640.0
-7640.0
-7630.0
-7630.0
-7640.0
-7630.0
-7680.0
-7690.0
-7720.0
-7700.0
-7720.0
-7730.0
-7790.0
-7770.0
-7770.0
-7770.0
-7770.0
-7790.0
-7770.0
-7770.0
-7790.0
-7790.0
-7780.0
-7780.0
-7780.0
-7810.0
-7790.0
-7790.0
-7790.0
-7800.0
-7820.0
-7820.0
-7840.0
-7820.0
-7810.0
-7830.0
-7840.0
-7840.0
-7840.0
-7830.0
-7840.0
-7850.0
-7840.0
-7820.0
-7800.0
-7790.0
-7800.0
-7790.0
-7780.0
-7810.0
-7830.0
-7830.0
-7820.0
-7820.0
-7800.0
-7800.0
-7810.0
-7810.0
-7800.0
-7790.0
-7770.0
-7780.0
-7790.0
-7790.0
-7770.0
-7750.0
-7740.0
-7740.0
-7760.0
-7760.0
-7770.0
-7780.0
-7770.0
-7750.0
-7780.0
-7770.0
-7750.0
-7770.0
-7770.0
-7800.0
-7800.0
-7790.0
-7810.0
-7820.0
-7820.0
-7810.0
-7830.0
-7830.0
-7820.0
-7810.0
-7830.0
-7820.0
-7810.0
-7820.0
-7850.0
-7850.0
-7830.0
-7820.0
-7840.0
-7870.0
-7880.0
-7880.0
-7870.0
-7860.0
-7840.0
-7870.0
-7870.0
-7890.0
-7890.0
-7870.0
-7910.0
-7900.0
-7930.0
-7960.0
-7940.0
-7960.0
-8010.0
-8030.0
-8020.0
-8010.0
-8000.0
-8020.0
-8010.0
-8000.0
-8000.0
-7990.0
-7990.0
-8030.0
-8020.0
-8050.0
-8040.0
-8040.0
-8080.0
-8060.0
-8050.0
-8040.0
-8050.0
-8040.0
-8030.0
-8040.0
-8020.0
-8030.0
-8040.0
-8040.0
-8040.0
-8050.0
-8090.0
-8100.0
-8120.0
-8130.0
-8140.0
-8130.0
-8190.0
-8210.0
-8210.0
-8220.0
-8200.0
-8190.0
-8180.0
-8160.0
-8160.0
-8160.0
-8170.0
-8160.0
-8160.0
-8160.0
-8140.0
-8170.0
-8200.0
-8200.0
-8190.0
-8190.0
-8200.0
-8190.0
-8190.0
-8180.0
-8170.0
-8170.0
-8160.0
-8150.0
-8150.0
-8130.0
-8110.0
-8110.0
-8120.0
-8100.0
-8100.0
-8100.0
-8100.0
-8100.0
-8100.0
-8100.0
-8110.0
-8100.0
-8090.0
-8090.0
-8090.0
-8080.0
-8060.0
-8090.0
-8130.0
-8120.0
-8100.0
-8090.0
-8090.0
-8090.0
-8080.0
-8080.0
-8060.0
-8040.0
-8020.0
-8010.0
-7990.0
-7970.0
-7970.0
-7950.0
-7930.0
-7920.0
-7910.0
-7900.0
-7920.0
-7930.0
-7910.0
-7900.0
-7900.0
-7880.0
-7890.0
-7890.0
-7870.0
-7890.0
-7900.0
-7920.0
-7920.0
-7900.0
-7910.0
-7910.0
-7910.0
-7890.0
-7870.0
-7860.0
-7870.0
-7860.0
-7860.0
-7850.0
-7850.0
-7850.0
-7840.0
-7870.0
-7880.0
-7880.0
-7860.0
-7860.0
-7870.0
-7870.0
-7850.0
-7870.0
-7860.0
-7860.0
-7850.0
-7870.0
-7870.0
-7860.0
-7860.0
-7840.0
-7840.0
-7860.0
-7890.0
-7870.0
-7860.0
-7840.0
-7830.0
-7810.0
-7810.0
-7790.0
-7780.0
-7800.0
-7790.0
-7810.0
-7790.0
-7790.0
-7790.0
-7820.0
-7860.0
-7850.0
-7830.0
-7810.0
-7850.0
-7860.0
-7880.0
-7880.0
-7860.0
-7870.0
-7880.0
-7920.0
-7910.0
-7910.0
-7900.0
-7890.0
-7870.0
-7860.0
-7850.0
-7870.0
-7870.0
-7850.0
-7830.0
-7820.0
-7810.0
-7830.0
-7860.0
-7840.0
-7840.0
-7830.0
-7810.0
-7790.0
-7790.0
-7780.0
-7770.0
-7750.0
-7730.0
-7720.0
-7730.0
-7720.0
-7710.0
-7690.0
-7670.0
-7710.0
-7700.0
-7700.0
-7700.0
-7700.0
-7700.0
-7700.0
-7690.0
-7690.0
-7700.0
-7690.0
-7670.0
-7650.0
-7650.0
-7640.0
-7640.0
-7650.0
-7640.0
-7620.0
-7610.0
-7590.0
-7590.0
-7580.0
-7580.0
-7560.0
-7560.0
-7550.0
-7600.0
-7580.0
-7580.0
-7600.0
-7600.0
-7600.0
-7580.0
-7570.0
-7550.0
-7550.0
-7550.0
-7530.0
-7530.0
-7520.0
-7520.0
-7520.0
-7500.0
-7540.0
-7540.0
-7520.0
-7560.0
-7560.0
-7570.0
-7550.0
-7570.0
-7570.0
-7580.0
-7570.0
-7550.0
-7580.0
-7560.0
-7550.0
-7550.0
-7540.0
-7530.0
-7530.0
-7520.0
-7520.0
-7530.0
-7530.0
-7520.0
-7510.0
-7500.0
-7510.0
-7510.0
-7510.0
-7560.0
-7540.0
-7540.0
-7550.0
-7540.0
-7530.0
-7540.0
-7530.0
-7550.0
-7530.0
-7540.0
-7520.0
-7500.0
-7480.0
-7470.0
-7470.0
-7470.0
-7470.0
-7480.0
-7500.0
-7490.0
-7520.0
-7530.0
-7540.0
-7540.0
-7580.0
-7560.0
-7560.0
-7540.0
-7540.0
-7550.0
-7570.0
-7600.0
-7590.0
-7610.0
-7600.0
-7580.0
-7560.0
-7550.0
-7530.0
-7530.0
-7540.0
-7540.0
-7540.0
-7530.0
-7520.0
-7580.0
-7560.0
-7570.0
-7550.0
-7580.0
-7580.0
-7580.0
-7570.0
-7550.0
-7530.0
-7600.0
-7590.0
-7590.0
-7600.0
-7620.0
-7600.0
-7590.0
-7600.0
-7590.0
-7580.0
-7560.0
-7590.0
-7580.0
-7570.0
-7580.0
-7580.0
-7580.0
-7580.0
-7580.0
-7590.0
-7610.0
-7610.0
-7620.0
-7610.0
-7610.0
-7590.0
-7630.0
-7710.0
-7700.0
-7690.0
-7680.0
-7680.0
-7670.0
-7660.0
-7690.0
-7710.0
-7700.0
-7690.0
-7670.0
-7660.0
-7650.0
-7670.0
-7650.0
-7630.0
-7670.0
-7700.0
-7720.0
-7760.0
-7740.0
-7720.0
-7710.0
-7720.0
-7710.0
-7700.0
-7690.0
-7690.0
-7690.0
-7680.0
-7700.0
-7680.0
-7660.0
-7660.0
-7640.0
-7660.0
-7650.0
-7630.0
-7610.0
-7630.0
-7610.0
-7590.0
-7590.0
