a = 0.5
g = 0.8
e = 0.3
random initial weights = true

-770.0
-900.0
-920.0
-1150.0
-1250.0
-1240.0
-1260.0
-1270.0
-1290.0
-1360.0
-1420.0
-1430.0
-1430.0
-1420.0
-1410.0
-1430.0
-1410.0
-1390.0
-1370.0
-1370.0
-1360.0
-1340.0
-1330.0
-1310.0
-1300.0
-1290.0
-1280.0
-1260.0
-1250.0
-1230.0
-1210.0
-1200.0
-1180.0
-1160.0
-1150.0
-1130.0
-1120.0
-1100.0
-1080.0
-1070.0
-1050.0
-1030.0
-1020.0
-1060.0
-1110.0
-1090.0
-1070.0
-1050.0
-1030.0
-1020.0
-1010.0
-1000.0
-980.0
-960.0
-940.0
-940.0
-920.0
-920.0
-900.0
-890.0
-870.0
-870.0
-860.0
-850.0
-830.0
-810.0
-790.0
-770.0
-760.0
-740.0
-730.0
-710.0
-710.0
-690.0
-670.0
-660.0
-640.0
-620.0
-600.0
-590.0
-580.0
-560.0
-550.0
-530.0
-520.0
-500.0
-490.0
-470.0
-470.0
-450.0
-450.0
-430.0
-420.0
-410.0
-410.0
-400.0
-380.0
-360.0
-350.0
-330.0
-310.0
-290.0
-270.0
-250.0
-230.0
-210.0
-200.0
-180.0
-160.0
-160.0
-150.0
-130.0
-110.0
-100.0
-100.0
-100.0
-100.0
-80.0
-60.0
-40.0
-30.0
-10.0
10.0
20.0
40.0
60.0
80.0
100.0
120.0
140.0
150.0
170.0
190.0
210.0
230.0
240.0
260.0
250.0
260.0
270.0
280.0
300.0
290.0
300.0
310.0
310.0
330.0
340.0
340.0
340.0
360.0
370.0
380.0
400.0
410.0
420.0
430.0
430.0
450.0
450.0
470.0
480.0
480.0
500.0
520.0
520.0
540.0
550.0
550.0
570.0
580.0
580.0
600.0
610.0
620.0
630.0
650.0
670.0
690.0
700.0
700.0
720.0
740.0
760.0
780.0
790.0
810.0
830.0
840.0
840.0
850.0
870.0
870.0
890.0
910.0
930.0
950.0
960.0
980.0
990.0
1010.0
1030.0
1040.0
1060.0
1080.0
1090.0
1100.0
1110.0
1100.0
1120.0
1130.0
1150.0
1170.0
1190.0
1200.0
1220.0
1230.0
1250.0
1250.0
1270.0
1270.0
1290.0
1300.0
1310.0
1330.0
1340.0
1350.0
1370.0
1390.0
1410.0
1430.0
1430.0
1450.0
1470.0
1490.0
1510.0
1520.0
1540.0
1540.0
1560.0
1570.0
1580.0
1590.0
1610.0
1610.0
1630.0
1640.0
1660.0
1680.0
1680.0
1700.0
1720.0
1720.0
1710.0
1730.0
1750.0
1770.0
1790.0
1800.0
1820.0
1820.0
1840.0
1860.0
1870.0
1890.0
1910.0
1920.0
1930.0
1950.0
1960.0
1980.0
1990.0
1990.0
2010.0
2020.0
2040.0
2060.0
2080.0
2100.0
2120.0
2140.0
2150.0
2170.0
2180.0
2190.0
2210.0
2220.0
2230.0
2250.0
2270.0
2290.0
2310.0
2330.0
2340.0
2360.0
2380.0
2400.0
2420.0
2440.0
2450.0
2470.0
2490.0
2510.0
2480.0
2490.0
2480.0
2500.0
2520.0
2510.0
2530.0
2550.0
2570.0
2590.0
2610.0
2630.0
2650.0
2650.0
2670.0
2670.0
2670.0
2690.0
2700.0
2710.0
2720.0
2740.0
2760.0
2770.0
2790.0
2810.0
2820.0
2830.0
2850.0
2860.0
2880.0
2880.0
2900.0
2910.0
2930.0
2940.0
2960.0
2980.0
3000.0
3020.0
3040.0
3040.0
3060.0
3080.0
3070.0
3080.0
3090.0
3110.0
3120.0
3140.0
3160.0
3170.0
3190.0
3210.0
3210.0
3230.0
3240.0
3260.0
3280.0
3300.0
3310.0
3330.0
3350.0
3370.0
3380.0
3400.0
3410.0
3420.0
3440.0
3450.0
3460.0
3480.0
3490.0
3500.0
3520.0
3540.0
3560.0
3580.0
3590.0
3600.0
3610.0
3630.0
3620.0
3630.0
3650.0
3650.0
3660.0
3650.0
3660.0
3650.0
3670.0
3690.0
3680.0
3700.0
3720.0
3730.0
3750.0
3760.0
3780.0
3800.0
3820.0
3830.0
3850.0
3870.0
3870.0
3890.0
3890.0
3910.0
3930.0
3940.0
3960.0
3970.0
3990.0
4010.0
4020.0
4030.0
4050.0
4060.0
4080.0
4100.0
4110.0
4130.0
4130.0
4150.0
4170.0
4190.0
4210.0
4230.0
4250.0
4270.0
4280.0
4270.0
4290.0
4310.0
4320.0
4330.0
4330.0
4340.0
4350.0
4350.0
4370.0
4380.0
4400.0
4420.0
4430.0
4450.0
4460.0
4470.0
4480.0
4490.0
4510.0
4530.0
4530.0
4540.0
4560.0
4580.0
4580.0
4600.0
4620.0
4630.0
4650.0
4670.0
4660.0
4680.0
4700.0
4720.0
4720.0
4740.0
4760.0
4780.0
4790.0
4800.0
4820.0
4840.0
4830.0
4840.0
4860.0
4880.0
4900.0
4910.0
4920.0
4940.0
4950.0
4970.0
4990.0
4980.0
5000.0
5010.0
5010.0
5030.0
5050.0
5050.0
5070.0
5080.0
5080.0
5100.0
5110.0
5130.0
5150.0
5170.0
5190.0
5190.0
5200.0
5220.0
5240.0
5250.0
5270.0
5290.0
5310.0
5320.0
5330.0
5350.0
5370.0
5380.0
5400.0
5400.0
5420.0
5440.0
5450.0
5460.0
5460.0
5460.0
5450.0
5440.0
5450.0
5470.0
5480.0
5490.0
5500.0
5520.0
5540.0
5560.0
5570.0
5580.0
5600.0
5620.0
5640.0
5660.0
5680.0
5680.0
5680.0
5700.0
5720.0
5740.0
5760.0
5770.0
5790.0
5810.0
5830.0
5850.0
5870.0
5880.0
5900.0
5920.0
5940.0
5960.0
5980.0
6000.0
6010.0
6010.0
6020.0
6040.0
6050.0
6070.0
6090.0
6110.0
6130.0
6140.0
6150.0
6170.0
6190.0
6210.0
6230.0
6250.0
6270.0
6290.0
6290.0
6300.0
6320.0
6320.0
6320.0
6320.0
6330.0
6350.0
6370.0
6390.0
6410.0
6430.0
6440.0
6460.0
6470.0
6490.0
6500.0
6520.0
6520.0
6540.0
6550.0
6570.0
6590.0
6610.0
6630.0
6650.0
6660.0
6680.0
6700.0
6710.0
6720.0
6740.0
6760.0
6780.0
6800.0
6820.0
6840.0
6860.0
6880.0
6880.0
6880.0
6900.0
6910.0
6910.0
6930.0
6940.0
6960.0
6970.0
6990.0
7000.0
7010.0
7030.0
7050.0
7070.0
7070.0
7090.0
7100.0
7120.0
7140.0
7160.0
7150.0
7160.0
7180.0
7190.0
7210.0
7230.0
7250.0
7270.0
7280.0
7290.0
7290.0
7300.0
7310.0
7320.0
7330.0
7350.0
7370.0
7390.0
7380.0
7400.0
7420.0
7430.0
7450.0
7470.0
7480.0
7480.0
7480.0
7500.0
7510.0
7530.0
7540.0
7550.0
7560.0
7580.0
7590.0
7570.0
7590.0
7610.0
7630.0
7650.0
7660.0
7680.0
7690.0
7680.0
7700.0
7720.0
7730.0
7740.0
7750.0
7770.0
7780.0
7780.0
7800.0
7820.0
7840.0
7860.0
7880.0
7880.0
7880.0
7890.0
7910.0
7920.0
7940.0
7950.0
7970.0
7990.0
8010.0
8030.0
8050.0
8070.0
8080.0
8100.0
8120.0
8140.0
8150.0
8170.0
8170.0
8190.0
8200.0
8210.0
8230.0
8230.0
8240.0
8230.0
8240.0
8250.0
8240.0
8260.0
8270.0
8290.0
8310.0
8330.0
8350.0
8370.0
8380.0
8360.0
8380.0
8400.0
8410.0
8420.0
8440.0
8460.0
8460.0
8480.0
8500.0
8520.0
8530.0
8550.0
8560.0
8580.0
8590.0
8610.0
8620.0
8640.0
8660.0
8680.0
8700.0
8710.0
8720.0
8740.0
8750.0
8760.0
8770.0
8780.0
8790.0
8810.0
8820.0
8840.0
8860.0
8870.0
8870.0
8890.0
8900.0
8920.0
8920.0
8930.0
8940.0
8950.0
8970.0
8980.0
8990.0
9010.0
9030.0
9020.0
9020.0
9040.0
9050.0
9040.0
9060.0
9080.0
9100.0
9120.0
9110.0
9130.0
9150.0
9170.0
9170.0
9170.0
9190.0
9190.0
9210.0
9200.0
9210.0
9230.0
9250.0
9270.0
9280.0
9290.0
9310.0
9300.0
9310.0
9310.0
9330.0
9350.0
9370.0
9370.0
9360.0
9380.0
9400.0
9420.0
9440.0
9460.0
9480.0
9500.0
9500.0
9500.0
9520.0
9530.0
9540.0
9560.0
9580.0
9600.0
9610.0
9620.0
9610.0
9630.0
9630.0
9650.0
9650.0
9670.0
9690.0
9710.0
9730.0
9750.0
9770.0
9790.0
9770.0
9760.0
9780.0
9800.0
9810.0
9830.0
9850.0
9850.0
9860.0
9870.0
9890.0
9910.0
9900.0
9920.0
9940.0
9960.0
9980.0
9990.0
10010.0
10020.0
10010.0
10020.0
10040.0
10050.0
10070.0
10090.0
10070.0
10080.0
10100.0
10120.0
10140.0
10160.0
10160.0
10180.0
10180.0
10190.0
10210.0
10230.0
10240.0
10260.0
10280.0
10300.0
10310.0
10330.0
10350.0
10370.0
10380.0
10400.0
10400.0
10420.0
10430.0
10440.0
10460.0
10460.0
10460.0
10470.0
10480.0
10500.0
10490.0
10510.0
10530.0
10540.0
10550.0
10570.0
10580.0
10580.0
10590.0
10600.0
10620.0
10640.0
10650.0
10670.0
10690.0
10710.0
10730.0
10740.0
10750.0
10770.0
10790.0
10810.0
10830.0
10850.0
10850.0
10860.0
10840.0
10840.0
10860.0
10860.0
10880.0
10890.0
10890.0
10880.0
10870.0
10890.0
10900.0
10920.0
10940.0
10950.0
10950.0
10970.0
10980.0
10990.0
11000.0
11000.0
11000.0
11020.0
11030.0
11050.0
11050.0
11070.0
11070.0
11090.0
11110.0
11130.0
11150.0
11140.0
11150.0
11160.0
11180.0
11200.0
11220.0
11230.0
11250.0
11270.0
11290.0
11290.0
11310.0
11320.0
11320.0
11340.0
11330.0
11340.0
11360.0
11350.0
11350.0
11370.0
11390.0
11410.0
11410.0
11420.0
11440.0
11450.0
11470.0
11480.0
11500.0
11510.0
11530.0
11540.0
11550.0
11570.0
11570.0
11590.0
11600.0
11610.0
11620.0
11640.0
11660.0
11670.0
11690.0
11670.0
11690.0
11710.0
11730.0
11720.0
11740.0
11750.0
11770.0
11790.0
11780.0
11800.0
11800.0
11810.0
11830.0
11840.0
11860.0
11870.0
11880.0
11890.0
11880.0
11900.0
11910.0
11890.0
11910.0
11930.0
11940.0
11930.0
11940.0
11960.0
11980.0
11970.0
11990.0
12010.0
12030.0
12040.0
12050.0
12050.0
12070.0
12080.0
12100.0
12100.0
12110.0
12120.0
12140.0
12140.0
12140.0
12150.0
12160.0
12160.0
12170.0
12180.0
12190.0
12200.0
12210.0
12200.0
12220.0
12230.0
12250.0
12260.0
12240.0
12260.0
12280.0
12300.0
12320.0
12340.0
12330.0
12350.0
12370.0
12380.0
12390.0
12410.0
12430.0
12450.0
12470.0
12490.0
12510.0
12530.0
12550.0
12570.0
12590.0
12610.0
12620.0
12640.0
12650.0
12650.0
12660.0
12680.0
12690.0
12700.0
12710.0
12710.0
12720.0
12740.0
12750.0
12760.0
12770.0
12760.0
12780.0
12800.0
12800.0
12810.0
12830.0
12850.0
12840.0
12860.0
12880.0
12890.0
12910.0
12920.0
12920.0
12900.0
12900.0
12920.0
12940.0
12960.0
12970.0
12990.0
13000.0
13010.0
13020.0
13030.0
13030.0
13050.0
13070.0
13090.0
13110.0
13120.0
13120.0
13100.0
13110.0
13130.0
13130.0
13150.0
13160.0
13160.0
13150.0
13160.0
13160.0
13170.0
13160.0
13180.0
13170.0
13190.0
13200.0
13220.0
13240.0
13230.0
13250.0
13250.0
13270.0
13280.0
13280.0
13300.0
13310.0
13320.0
13330.0
13340.0
13350.0
13360.0
13370.0
13370.0
13380.0
13400.0
13410.0
13420.0
13430.0
13450.0
13440.0
13460.0
13460.0
13470.0
13460.0
13470.0
13490.0
13500.0
13520.0
13540.0
13560.0
13580.0
13590.0
13610.0
13630.0
13640.0
13660.0
13680.0
13660.0
13680.0
13690.0
13700.0
13710.0
13730.0
13750.0
13760.0
13780.0
13800.0
13810.0
13820.0
13840.0
13850.0
13860.0
13870.0
13890.0
13900.0
13910.0
13920.0
13940.0
13940.0
13950.0
13960.0
13970.0
13990.0
14010.0
14000.0
13990.0
14000.0
13990.0
14010.0
14000.0
14020.0
14020.0
14040.0
14060.0
14080.0
14100.0
14110.0
14120.0
14110.0
14130.0
14140.0
14160.0
14180.0
14200.0
14200.0
14220.0
14240.0
14230.0
14250.0
14270.0
14280.0
14290.0
14270.0
14290.0
14310.0
14330.0
14350.0
14360.0
14380.0
14370.0
14390.0
14410.0
14430.0
14430.0
14440.0
14440.0
14460.0
14470.0
14490.0
14500.0
14510.0
14530.0
14550.0
14560.0
14570.0
14580.0
14600.0
14610.0
14620.0
14620.0
14630.0
14630.0
14650.0
14640.0
14660.0
14680.0
14700.0
14720.0
14720.0
14740.0
14760.0
14770.0
14790.0
14810.0
14830.0
14850.0
14870.0
14890.0
14900.0
14920.0
14940.0
14960.0
14950.0
14950.0
14960.0
14970.0
14980.0
15000.0
15010.0
15030.0
15050.0
15050.0
15070.0
15080.0
15070.0
15090.0
15110.0
15120.0
15140.0
15160.0
15180.0
15190.0
15210.0
15230.0
15240.0
15250.0
15260.0
15280.0
15300.0
15320.0
15310.0
15310.0
15330.0
15340.0
15350.0
15370.0
15370.0
15390.0
15410.0
15430.0
15430.0
15450.0
15460.0
15470.0
15470.0
15480.0
15500.0
15520.0
15530.0
15550.0
15560.0
15560.0
15580.0
15590.0
15610.0
15620.0
15640.0
15660.0
15670.0
15680.0
15700.0
15720.0
15720.0
15710.0
15730.0
15740.0
15730.0
15740.0
15760.0
15780.0
15790.0
15800.0
15820.0
15840.0
15860.0
15880.0
15890.0
15900.0
15910.0
15930.0
15950.0
15960.0
15980.0
16000.0
16000.0
16020.0
16040.0
16060.0
16080.0
16090.0
16110.0
16080.0
16080.0
16090.0
16100.0
16120.0
16130.0
16140.0
16160.0
16160.0
16180.0
16200.0
16220.0
16240.0
16260.0
16270.0
16280.0
16300.0
16310.0
16320.0
16320.0
16340.0
16360.0
16370.0
16380.0
16390.0
16400.0
16420.0
16410.0
16410.0
16430.0
16440.0
16460.0
16480.0
16470.0
16490.0
16510.0
16490.0
16500.0
16510.0
16520.0
16510.0
16530.0
16550.0
16560.0
16570.0
16560.0
16580.0
16600.0
16620.0
16630.0
16650.0
16660.0
16670.0
16690.0
16700.0
16720.0
16730.0
16740.0
16760.0
16770.0
16780.0
16800.0
16810.0
16830.0
16850.0
16870.0
16890.0
16900.0
16900.0
16890.0
16900.0
16900.0
16920.0
16910.0
16920.0
16940.0
16960.0
16970.0
16970.0
16980.0
16990.0
17010.0
17020.0
17040.0
17060.0
17070.0
17070.0
17080.0
17100.0
17120.0
17140.0
17140.0
17150.0
17170.0
17190.0
17190.0
17200.0
17210.0
17210.0
17230.0
17240.0
17260.0
17280.0
17300.0
17310.0
17330.0
17340.0
17340.0
17330.0
17340.0
17350.0
17340.0
17350.0
17370.0
17390.0
17390.0
17410.0
