a = 0.2
g = 0.2
e = 0.1
random initial weights = true

-280.0
-320.0
-470.0
-670.0
-930.0
-930.0
-1080.0
-1440.0
-1500.0
-1700.0
-1750.0
-1840.0
-1910.0
-1900.0
-1890.0
-1880.0
-1890.0
-1880.0
-1890.0
-1880.0
-1880.0
-1870.0
-1850.0
-1840.0
-1830.0
-1830.0
-1820.0
-1820.0
-1830.0
-1840.0
-1830.0
-1820.0
-1810.0
-1800.0
-1790.0
-1780.0
-1760.0
-1750.0
-1740.0
-1730.0
-1720.0
-1710.0
-1700.0
-1690.0
-1680.0
-1670.0
-1660.0
-1650.0
-1640.0
-1640.0
-1640.0
-1630.0
-1620.0
-1620.0
-1620.0
-1620.0
-1620.0
-1610.0
-1600.0
-1590.0
-1570.0
-1570.0
-1560.0
-1550.0
-1540.0
-1530.0
-1520.0
-1500.0
-1490.0
-1490.0
-1490.0
-1490.0
-1480.0
-1480.0
-1470.0
-1460.0
-1450.0
-1450.0
-1440.0
-1440.0
-1430.0
-1420.0
-1410.0
-1400.0
-1400.0
-1390.0
-1390.0
-1380.0
-1380.0
-1370.0
-1360.0
-1370.0
-1350.0
-1340.0
-1330.0
-1310.0
-1300.0
-1280.0
-1280.0
-1260.0
-1260.0
-1250.0
-1230.0
-1220.0
-1210.0
-1190.0
-1180.0
-1170.0
-1150.0
-1140.0
-1120.0
-1110.0
-1090.0
-1080.0
-1070.0
-1060.0
-1040.0
-1020.0
-1000.0
-1000.0
-1000.0
-980.0
-970.0
-950.0
-930.0
-930.0
-920.0
-900.0
-890.0
-870.0
-850.0
-830.0
-810.0
-790.0
-770.0
-760.0
-740.0
-720.0
-720.0
-710.0
-690.0
-680.0
-660.0
-640.0
-620.0
-610.0
-590.0
-570.0
-550.0
-540.0
-520.0
-500.0
-490.0
-470.0
-450.0
-430.0
-420.0
-400.0
-380.0
-370.0
-350.0
-330.0
-310.0
-300.0
-280.0
-260.0
-250.0
-240.0
-220.0
-210.0
-190.0
-170.0
-150.0
-130.0
-110.0
-100.0
-80.0
-70.0
-50.0
-30.0
-10.0
10.0
20.0
40.0
60.0
80.0
100.0
120.0
140.0
160.0
180.0
200.0
220.0
240.0
260.0
280.0
300.0
320.0
340.0
360.0
380.0
400.0
420.0
440.0
460.0
470.0
490.0
510.0
530.0
550.0
570.0
590.0
600.0
620.0
640.0
660.0
680.0
700.0
720.0
730.0
750.0
770.0
790.0
810.0
830.0
850.0
870.0
890.0
910.0
930.0
950.0
960.0
980.0
1000.0
1020.0
1040.0
1060.0
1080.0
1100.0
1120.0
1140.0
1160.0
1180.0
1200.0
1220.0
1240.0
1260.0
1270.0
1290.0
1300.0
1320.0
1340.0
1360.0
1380.0
1400.0
1420.0
1440.0
1460.0
1480.0
1500.0
1520.0
1540.0
1560.0
1580.0
1600.0
1620.0
1640.0
1660.0
1680.0
1700.0
1720.0
1740.0
1760.0
1770.0
1790.0
1800.0
1820.0
1840.0
1860.0
1880.0
1900.0
1920.0
1940.0
1960.0
1970.0
1990.0
2010.0
2020.0
2040.0
2050.0
2070.0
2090.0
2110.0
2130.0
2150.0
2160.0
2180.0
2200.0
2210.0
2210.0
2230.0
2250.0
2270.0
2290.0
2310.0
2330.0
2350.0
2370.0
2390.0
2410.0
2430.0
2450.0
2470.0
2490.0
2510.0
2530.0
2540.0
2560.0
2580.0
2600.0
2620.0
2640.0
2660.0
2680.0
2700.0
2720.0
2740.0
2760.0
2780.0
2800.0
2820.0
2840.0
2860.0
2880.0
2890.0
2910.0
2930.0
2950.0
2970.0
2990.0
3010.0
3020.0
3040.0
3060.0
3080.0
3100.0
3120.0
3140.0
3160.0
3180.0
3200.0
3220.0
3240.0
3260.0
3280.0
3300.0
3320.0
3340.0
3360.0
3370.0
3390.0
3410.0
3430.0
3450.0
3460.0
3480.0
3490.0
3500.0
3520.0
3530.0
3550.0
3570.0
3590.0
3610.0
3630.0
3650.0
3670.0
3690.0
3710.0
3720.0
3740.0
3750.0
3770.0
3790.0
3810.0
3830.0
3840.0
3860.0
3880.0
3900.0
3910.0
3930.0
3950.0
3970.0
3980.0
4000.0
4020.0
4030.0
4050.0
4070.0
4090.0
4110.0
4130.0
4150.0
4170.0
4190.0
4210.0
4230.0
4250.0
4270.0
4280.0
4300.0
4310.0
4330.0
4350.0
4370.0
4380.0
4400.0
4420.0
4430.0
4450.0
4470.0
4490.0
4510.0
4530.0
4540.0
4560.0
4580.0
4600.0
4620.0
4630.0
4650.0
4670.0
4690.0
4700.0
4710.0
4720.0
4740.0
4760.0
4780.0
4800.0
4820.0
4840.0
4860.0
4870.0
4890.0
4910.0
4930.0
4940.0
4960.0
4980.0
5000.0
5020.0
5040.0
5060.0
5070.0
5090.0
5110.0
5130.0
5150.0
5170.0
5190.0
5210.0
5230.0
5250.0
5270.0
5290.0
5310.0
5320.0
5340.0
5350.0
5370.0
5390.0
5410.0
5430.0
5440.0
5460.0
5480.0
5480.0
5500.0
5510.0
5520.0
5540.0
5560.0
5570.0
5580.0
5600.0
5620.0
5640.0
5660.0
5680.0
5690.0
5710.0
5730.0
5750.0
5770.0
5780.0
5800.0
5820.0
5840.0
5850.0
5860.0
5870.0
5880.0
5900.0
5920.0
5940.0
5950.0
5970.0
5990.0
6010.0
6020.0
6040.0
6060.0
6070.0
6090.0
6100.0
6120.0
6120.0
6140.0
6150.0
6170.0
6190.0
6210.0
6230.0
6250.0
6270.0
6290.0
6300.0
6320.0
6340.0
6360.0
6380.0
6400.0
6410.0
6420.0
6440.0
6460.0
6460.0
6480.0
6500.0
6520.0
6540.0
6560.0
6580.0
6600.0
6620.0
6640.0
6660.0
6680.0
6700.0
6720.0
6740.0
6720.0
6740.0
6760.0
6780.0
6800.0
6820.0
6840.0
6860.0
6880.0
6900.0
6920.0
6940.0
6950.0
6970.0
6990.0
7010.0
7020.0
7040.0
7060.0
7080.0
7100.0
7120.0
7130.0
7140.0
7150.0
7170.0
7190.0
7210.0
7230.0
7250.0
7270.0
7280.0
7300.0
7320.0
7340.0
7340.0
7350.0
7370.0
7380.0
7400.0
7420.0
7440.0
7460.0
7480.0
7500.0
7520.0
7540.0
7560.0
7580.0
7590.0
7610.0
7630.0
7650.0
7670.0
7690.0
7710.0
7730.0
7750.0
7770.0
7790.0
7810.0
7830.0
7850.0
7850.0
7870.0
7870.0
7890.0
7910.0
7930.0
7950.0
7970.0
7990.0
8010.0
8030.0
8050.0
8070.0
8090.0
8110.0
8130.0
8150.0
8170.0
8190.0
8200.0
8220.0
8240.0
8260.0
8280.0
8300.0
8320.0
8340.0
8340.0
8360.0
8380.0
8400.0
8420.0
8440.0
8460.0
8480.0
8500.0
8500.0
8520.0
8540.0
8560.0
8580.0
8600.0
8620.0
8640.0
8660.0
8680.0
8700.0
8720.0
8740.0
8760.0
8760.0
8780.0
8800.0
8820.0
8840.0
8860.0
8880.0
8900.0
8920.0
8940.0
8960.0
8970.0
8990.0
9010.0
9030.0
9050.0
9070.0
9080.0
9100.0
9120.0
9140.0
9160.0
9180.0
9200.0
9220.0
9240.0
9260.0
9280.0
9300.0
9320.0
9340.0
9360.0
9380.0
9400.0
9420.0
9440.0
9460.0
9480.0
9500.0
9520.0
9540.0
9550.0
9570.0
9590.0
9610.0
9630.0
9650.0
9670.0
9680.0
9700.0
9720.0
9740.0
9760.0
9780.0
9800.0
9820.0
9840.0
9860.0
9880.0
9900.0
9920.0
9940.0
9950.0
9970.0
9990.0
10010.0
10030.0
10050.0
10070.0
10090.0
10110.0
10130.0
10150.0
10170.0
10190.0
10210.0
10230.0
10250.0
10270.0
10290.0
10310.0
10330.0
10340.0
10350.0
10370.0
10390.0
10410.0
10430.0
10450.0
10470.0
10490.0
10510.0
10530.0
10550.0
10570.0
10590.0
10610.0
10630.0
10650.0
10670.0
10690.0
10710.0
10720.0
10740.0
10760.0
10780.0
10800.0
10820.0
10840.0
10860.0
10880.0
10900.0
10910.0
10930.0
10950.0
10960.0
10980.0
11000.0
11020.0
11040.0
11060.0
11080.0
11100.0
11120.0
11140.0
11150.0
11170.0
11180.0
11190.0
11200.0
11220.0
11230.0
11250.0
11270.0
11280.0
11300.0
11310.0
11330.0
11350.0
11370.0
11390.0
11410.0
11430.0
11450.0
11470.0
11490.0
11500.0
11520.0
11540.0
11560.0
11570.0
11590.0
11610.0
11630.0
11640.0
11660.0
11680.0
11700.0
11710.0
11730.0
11740.0
11750.0
11770.0
11790.0
11810.0
11830.0
11850.0
11870.0
11890.0
11910.0
11930.0
11950.0
11970.0
11990.0
12010.0
12030.0
12050.0
12070.0
12090.0
12110.0
12130.0
12150.0
12170.0
12190.0
12210.0
12230.0
12240.0
12260.0
12280.0
12300.0
12320.0
12340.0
12360.0
12380.0
12390.0
12410.0
12430.0
12450.0
12460.0
12480.0
12500.0
12520.0
12540.0
12560.0
12580.0
12600.0
12620.0
12640.0
12660.0
12670.0
12690.0
12710.0
12730.0
12740.0
12760.0
12770.0
12790.0
12810.0
12830.0
12850.0
12870.0
12890.0
12900.0
12920.0
12940.0
12960.0
12980.0
13000.0
13020.0
13040.0
13060.0
13080.0
13100.0
13120.0
13140.0
13160.0
13180.0
13200.0
13220.0
13240.0
13260.0
13280.0
13300.0
13320.0
13340.0
13360.0
13380.0
13390.0
13400.0
13410.0
13430.0
13450.0
13470.0
13470.0
13490.0
13510.0
13530.0
13550.0
13560.0
13580.0
13600.0
13620.0
13640.0
13660.0
13680.0
13700.0
13720.0
13740.0
13760.0
13780.0
13800.0
13820.0
13840.0
13860.0
13880.0
13900.0
13920.0
13940.0
13940.0
13960.0
13970.0
13990.0
14010.0
14030.0
14050.0
14070.0
14090.0
14100.0
14120.0
14140.0
14160.0
14170.0
14190.0
14210.0
14230.0
14250.0
14270.0
14290.0
14310.0
14320.0
14340.0
14360.0
14370.0
14390.0
14410.0
14430.0
14440.0
14460.0
14470.0
14490.0
14510.0
14530.0
14550.0
14570.0
14590.0
14610.0
14630.0
14650.0
14670.0
14690.0
14700.0
14720.0
14740.0
14760.0
14780.0
14800.0
14820.0
14840.0
14860.0
14880.0
14900.0
14910.0
14920.0
14940.0
14960.0
14980.0
15000.0
15020.0
15040.0
15060.0
15080.0
15100.0
15120.0
15140.0
15160.0
15180.0
15200.0
15220.0
15240.0
15250.0
15270.0
15290.0
15300.0
15320.0
15330.0
15350.0
15370.0
15390.0
15410.0
15430.0
15450.0
15470.0
15490.0
15510.0
15530.0
15540.0
15560.0
15580.0
15590.0
15610.0
15630.0
15650.0
15670.0
15690.0
15710.0
15730.0
15750.0
15770.0
15790.0
15810.0
15830.0
15850.0
15870.0
15890.0
15910.0
15930.0
15950.0
15970.0
15990.0
16010.0
16030.0
16050.0
16070.0
16090.0
16110.0
16130.0
16140.0
16160.0
16180.0
16190.0
16200.0
16220.0
16240.0
16260.0
16270.0
16290.0
16310.0
16330.0
16350.0
16370.0
16380.0
16390.0
16410.0
16430.0
16450.0
16470.0
16490.0
16510.0
16520.0
16530.0
16550.0
16570.0
16590.0
16610.0
16630.0
16650.0
16670.0
16690.0
16710.0
16730.0
16750.0
16760.0
16780.0
16790.0
16810.0
16830.0
16850.0
16870.0
16890.0
16910.0
16920.0
16940.0
16960.0
16980.0
17000.0
17020.0
17040.0
17060.0
17080.0
17090.0
17110.0
17130.0
17140.0
17160.0
17180.0
17200.0
17220.0
17240.0
17260.0
17270.0
17290.0
17310.0
17330.0
17350.0
17370.0
17390.0
17410.0
17430.0
17450.0
17470.0
17490.0
17500.0
17520.0
17530.0
17550.0
17570.0
17590.0
17610.0
17630.0
17640.0
17660.0
17680.0
17700.0
17720.0
17740.0
17760.0
17780.0
17800.0
17820.0
17840.0
17860.0
17880.0
17900.0
17920.0
17940.0
17950.0
17970.0
17990.0
18010.0
18020.0
18040.0
18050.0
18070.0
18090.0
18110.0
18130.0
18150.0
18160.0
18180.0
18200.0
18220.0
18240.0
18260.0
18280.0
18300.0
18320.0
18340.0
18360.0
18380.0
18390.0
18410.0
18420.0
18430.0
18450.0
18470.0
18490.0
18510.0
18530.0
18550.0
18570.0
18590.0
18610.0
18630.0
18650.0
18670.0
18690.0
18710.0
18730.0
18750.0
18770.0
18780.0
18790.0
18810.0
18830.0
18850.0
18870.0
18890.0
18910.0
18930.0
18950.0
18960.0
18980.0
19000.0
19020.0
19040.0
19060.0
19080.0
19100.0
19120.0
19140.0
19150.0
19170.0
19190.0
19210.0
19230.0
19240.0
19260.0
19280.0
19300.0
19320.0
19340.0
19360.0
19380.0
19400.0
19410.0
19430.0
19450.0
19470.0
19490.0
19510.0
19530.0
19550.0
19560.0
19580.0
19600.0
19620.0
19630.0
19650.0
19670.0
19690.0
19710.0
19730.0
19750.0
19770.0
19790.0
19810.0
19830.0
19850.0
19870.0
19890.0
19910.0
19930.0
19950.0
19970.0
19990.0
20000.0
20020.0
20040.0
20060.0
20070.0
20090.0
20110.0
20130.0
20150.0
20170.0
20190.0
20210.0
20230.0
20250.0
20270.0
20290.0
20310.0
20330.0
20350.0
20370.0
20390.0
20410.0
20430.0
20450.0
20470.0
20490.0
20510.0
20530.0
20550.0
20560.0
20570.0
20590.0
20610.0
20630.0
20650.0
20670.0
20690.0
20710.0
20730.0
20750.0
20770.0
20790.0
20810.0
20830.0
20850.0
20870.0
20890.0
20910.0
20920.0
20930.0
20950.0
20970.0
20990.0
21010.0
21020.0
21040.0
21060.0
21080.0
21090.0
21110.0
21130.0
21150.0
21170.0
21190.0
21210.0
21230.0
21250.0
21270.0
21290.0
21310.0
21330.0
21350.0
21370.0
21390.0
21410.0
21430.0
21450.0
21470.0
21490.0
21510.0
21530.0
21550.0
21570.0
21580.0
21600.0
21620.0
21630.0
21650.0
21670.0
21690.0
21710.0
21730.0
21750.0
21770.0
21790.0
21810.0
21830.0
21850.0
21860.0
21880.0
21880.0
21900.0
21920.0
21940.0
21960.0
21980.0
21980.0
22000.0
22020.0
22040.0
22060.0
22080.0
22090.0
22100.0
22120.0
22140.0
22150.0
22170.0
22190.0
22210.0
22230.0
22240.0
22260.0
22280.0
22300.0
22320.0
22340.0
22360.0
22380.0
22400.0
22420.0
22440.0
22460.0
22480.0
22500.0
22520.0
22540.0
22560.0
22580.0
22600.0
22600.0
22610.0
22630.0
22650.0
22670.0
22680.0
22700.0
22720.0
22740.0
22760.0
22780.0
22800.0
22820.0
22840.0
22860.0
22880.0
22900.0
22920.0
22940.0
22960.0
22980.0
23000.0
23020.0
23040.0
23060.0
23070.0
23090.0
23110.0
23130.0
23150.0
23160.0
23180.0
23200.0
23220.0
23240.0
23260.0
23280.0
23290.0
23310.0
23330.0
23350.0
23370.0
23390.0
23400.0
23400.0
23420.0
23440.0
23450.0
23470.0
23490.0
23510.0
23530.0
23550.0
23570.0
23570.0
23590.0
23610.0
23630.0
23650.0
23670.0
23690.0
23710.0
23730.0
23740.0
23750.0
23770.0
23780.0
23800.0
23820.0
23840.0
23860.0
23880.0
23900.0
23920.0
23940.0
23960.0
23980.0
23990.0
24010.0
24010.0
24030.0
24050.0
24070.0
24090.0
24110.0
24130.0
24150.0
24170.0
24190.0
