a = 0.8
g = 0.5
e = 0.3
random initial weights = true

-310.0
-340.0
-370.0
-430.0
-440.0
-460.0
-480.0
-530.0
-530.0
-510.0
-540.0
-570.0
-550.0
-530.0
-520.0
-560.0
-550.0
-560.0
-590.0
-590.0
-570.0
-570.0
-580.0
-570.0
-600.0
-610.0
-600.0
-580.0
-570.0
-560.0
-540.0
-530.0
-550.0
-540.0
-540.0
-550.0
-530.0
-510.0
-500.0
-490.0
-470.0
-450.0
-440.0
-420.0
-410.0
-410.0
-390.0
-370.0
-360.0
-360.0
-350.0
-330.0
-320.0
-300.0
-290.0
-280.0
-260.0
-240.0
-240.0
-220.0
-200.0
-220.0
-210.0
-210.0
-190.0
-180.0
-160.0
-160.0
-150.0
-130.0
-110.0
-90.0
-80.0
-70.0
-50.0
-30.0
-20.0
-20.0
-20.0
-10.0
10.0
30.0
40.0
20.0
20.0
40.0
50.0
60.0
70.0
80.0
100.0
120.0
140.0
160.0
160.0
180.0
170.0
180.0
190.0
210.0
230.0
240.0
260.0
270.0
290.0
280.0
300.0
320.0
340.0
360.0
380.0
400.0
420.0
440.0
460.0
470.0
490.0
490.0
510.0
490.0
480.0
480.0
490.0
500.0
500.0
500.0
520.0
530.0
530.0
530.0
550.0
540.0
560.0
580.0
600.0
610.0
620.0
620.0
640.0
650.0
650.0
670.0
690.0
710.0
710.0
730.0
740.0
760.0
780.0
800.0
820.0
840.0
860.0
870.0
880.0
890.0
910.0
920.0
940.0
960.0
980.0
1000.0
1020.0
1020.0
1030.0
1030.0
1050.0
1070.0
1080.0
1090.0
1080.0
1090.0
1110.0
1120.0
1120.0
1120.0
1130.0
1150.0
1160.0
1170.0
1150.0
1170.0
1180.0
1200.0
1220.0
1230.0
1230.0
1250.0
1250.0
1270.0
1290.0
1300.0
1310.0
1330.0
1350.0
1360.0
1370.0
1390.0
1410.0
1430.0
1450.0
1460.0
1470.0
1480.0
1500.0
1520.0
1540.0
1540.0
1560.0
1570.0
1570.0
1590.0
1600.0
1610.0
1630.0
1640.0
1660.0
1680.0
1690.0
1700.0
1720.0
1740.0
1760.0
1770.0
1790.0
1790.0
1810.0
1830.0
1850.0
1870.0
1890.0
1910.0
1930.0
1950.0
1960.0
1970.0
1990.0
2010.0
2010.0
2030.0
2020.0
2030.0
2050.0
2070.0
2070.0
2060.0
2080.0
2090.0
2110.0
2130.0
2140.0
2160.0
2140.0
2160.0
2180.0
2200.0
2210.0
2230.0
2240.0
2250.0
2250.0
2270.0
2280.0
2290.0
2300.0
2310.0
2320.0
2320.0
2340.0
2350.0
2370.0
2380.0
2400.0
2420.0
2440.0
2450.0
2470.0
2480.0
2480.0
2490.0
2500.0
2500.0
2520.0
2510.0
2520.0
2520.0
2530.0
2540.0
2550.0
2550.0
2570.0
2570.0
2580.0
2570.0
2580.0
2580.0
2590.0
2600.0
2580.0
2590.0
2590.0
2580.0
2570.0
2550.0
2570.0
2580.0
2590.0
2610.0
2620.0
2640.0
2660.0
2680.0
2700.0
2710.0
2730.0
2750.0
2750.0
2770.0
2790.0
2770.0
2790.0
2810.0
2820.0
2820.0
2840.0
2860.0
2870.0
2860.0
2870.0
2890.0
2910.0
2910.0
2930.0
2950.0
2960.0
2970.0
2970.0
2990.0
3010.0
3030.0
3030.0
3050.0
3060.0
3080.0
3090.0
3110.0
3130.0
3140.0
3160.0
3160.0
3160.0
3180.0
3170.0
3190.0
3210.0
3210.0
3220.0
3230.0
3250.0
3270.0
3280.0
3290.0
3310.0
3320.0
3330.0
3350.0
3370.0
3390.0
3400.0
3420.0
3430.0
3430.0
3430.0
3430.0
3440.0
3440.0
3440.0
3440.0
3460.0
3470.0
3490.0
3490.0
3510.0
3530.0
3540.0
3560.0
3570.0
3590.0
3600.0
3620.0
3640.0
3660.0
3670.0
3690.0
3690.0
3710.0
3730.0
3750.0
3760.0
3780.0
3800.0
3820.0
3840.0
3840.0
3850.0
3860.0
3880.0
3880.0
3880.0
3890.0
3880.0
3900.0
3900.0
3920.0
3930.0
3940.0
3960.0
3970.0
3980.0
3990.0
4010.0
4030.0
4030.0
4050.0
4070.0
4090.0
4110.0
4130.0
4150.0
4160.0
4180.0
4190.0
4210.0
4230.0
4240.0
4250.0
4250.0
4260.0
4280.0
4300.0
4300.0
4310.0
4310.0
4320.0
4340.0
4350.0
4370.0
4380.0
4400.0
4420.0
4440.0
4450.0
4470.0
4470.0
4490.0
4510.0
4530.0
4540.0
4550.0
4570.0
4590.0
4610.0
4630.0
4630.0
4640.0
4660.0
4660.0
4670.0
4660.0
4680.0
4690.0
4700.0
4720.0
4730.0
4740.0
4730.0
4750.0
4760.0
4780.0
4800.0
4810.0
4830.0
4820.0
4840.0
4850.0
4860.0
4840.0
4860.0
4860.0
4870.0
4860.0
4880.0
4900.0
4910.0
4930.0
4950.0
4970.0
4980.0
5000.0
5000.0
5010.0
5020.0
5040.0
5060.0
5070.0
5080.0
5100.0
5120.0
5120.0
5130.0
5130.0
5140.0
5150.0
5170.0
5180.0
5200.0
5220.0
5220.0
5230.0
5250.0
5270.0
5280.0
5270.0
5280.0
5290.0
5290.0
5290.0
5300.0
5320.0
5340.0
5360.0
5380.0
5390.0
5400.0
5410.0
5420.0
5410.0
5430.0
5440.0
5460.0
5470.0
5490.0
5510.0
5510.0
5520.0
5530.0
5540.0
5560.0
5580.0
5600.0
5600.0
5620.0
5640.0
5660.0
5680.0
5690.0
5710.0
5730.0
5740.0
5760.0
5770.0
5790.0
5810.0
5830.0
5840.0
5860.0
5880.0
5890.0
5900.0
5910.0
5930.0
5950.0
5970.0
5980.0
6000.0
6010.0
6020.0
6040.0
6040.0
6060.0
6060.0
6070.0
6090.0
6110.0
6130.0
6140.0
6160.0
6150.0
6140.0
6140.0
6160.0
6180.0
6190.0
6210.0
6210.0
6220.0
6240.0
6260.0
6280.0
6290.0
6280.0
6300.0
6290.0
6290.0
6310.0
6320.0
6340.0
6360.0
6380.0
6400.0
6420.0
6430.0
6430.0
6450.0
6460.0
6480.0
6500.0
6510.0
6530.0
6550.0
6550.0
6570.0
6590.0
6580.0
6590.0
6600.0
6620.0
6620.0
6610.0
6630.0
6640.0
6660.0
6680.0
6690.0
6690.0
6710.0
6730.0
6720.0
6740.0
6760.0
6780.0
6790.0
6810.0
6810.0
6830.0
6850.0
6870.0
6870.0
6890.0
6910.0
6930.0
6930.0
6940.0
6960.0
6970.0
6990.0
6990.0
7010.0
7030.0
7050.0
7070.0
7090.0
7110.0
7130.0
7140.0
7160.0
7180.0
7190.0
7200.0
7190.0
7210.0
7220.0
7240.0
7260.0
7260.0
7260.0
7280.0
7300.0
7320.0
7340.0
7350.0
7360.0
7380.0
7390.0
7400.0
7410.0
7430.0
7440.0
7460.0
7440.0
7460.0
7450.0
7470.0
7480.0
7490.0
7480.0
7490.0
7500.0
7520.0
7530.0
7530.0
7550.0
7560.0
7570.0
7590.0
7610.0
7630.0
7650.0
7670.0
7690.0
7710.0
7720.0
7720.0
7740.0
7750.0
7760.0
7780.0
7790.0
7810.0
7830.0
7830.0
7830.0
7850.0
7860.0
7880.0
7900.0
7920.0
7920.0
7910.0
7930.0
7950.0
7970.0
7990.0
8010.0
8030.0
8050.0
8060.0
8080.0
8090.0
8100.0
8100.0
8120.0
8140.0
8160.0
8160.0
8170.0
8190.0
8190.0
8210.0
8220.0
8220.0
8230.0
8250.0
8270.0
8280.0
8290.0
8310.0
8310.0
8330.0
8350.0
8370.0
8360.0
8370.0
8390.0
8390.0
8410.0
8400.0
8410.0
8410.0
8410.0
8430.0
8440.0
8460.0
8470.0
8490.0
8500.0
8520.0
8540.0
8560.0
8580.0
8590.0
8600.0
8610.0
8630.0
8650.0
8670.0
8690.0
8710.0
8720.0
8730.0
8750.0
8750.0
8770.0
8790.0
8810.0
8820.0
8840.0
8850.0
8850.0
8870.0
8880.0
8880.0
8880.0
8870.0
8880.0
8900.0
8910.0
8920.0
8930.0
8950.0
8970.0
8980.0
8990.0
9010.0
9030.0
9050.0
9070.0
9090.0
9100.0
9120.0
9140.0
9160.0
9170.0
9180.0
9190.0
9200.0
9220.0
9240.0
9250.0
9260.0
9280.0
9290.0
9300.0
9320.0
9340.0
9340.0
9350.0
9370.0
9380.0
9390.0
9410.0
9410.0
9430.0
9450.0
9450.0
9470.0
9490.0
9510.0
9520.0
9540.0
9550.0
9570.0
9590.0
9600.0
9620.0
9620.0
9640.0
9630.0
9650.0
9660.0
9670.0
9680.0
9690.0
9660.0
9660.0
9670.0
9680.0
9690.0
9700.0
9720.0
9730.0
9730.0
9740.0
9760.0
9780.0
9790.0
9770.0
9770.0
9790.0
9810.0
9830.0
9830.0
9850.0
9850.0
9860.0
9880.0
9900.0
9920.0
9940.0
9940.0
9950.0
9970.0
9990.0
10010.0
10000.0
10020.0
10040.0
10060.0
10040.0
10050.0
10070.0
10090.0
10110.0
10080.0
10090.0
10100.0
10120.0
10110.0
10120.0
10120.0
10140.0
10130.0
10150.0
10160.0
10180.0
10180.0
10200.0
10190.0
10210.0
10230.0
10250.0
10270.0
10290.0
10300.0
10320.0
10340.0
10360.0
10380.0
10400.0
10400.0
10420.0
10420.0
10440.0
10450.0
10470.0
10490.0
10490.0
10480.0
10490.0
10510.0
10530.0
10550.0
10550.0
10560.0
10580.0
10590.0
10600.0
10620.0
10640.0
10640.0
10650.0
10660.0
10660.0
10680.0
10700.0
10710.0
10730.0
10750.0
10760.0
10770.0
10790.0
10800.0
10790.0
10790.0
10800.0
10820.0
10830.0
10840.0
10860.0
10870.0
10890.0
10900.0
10920.0
10930.0
10940.0
10960.0
10960.0
10980.0
10980.0
11000.0
11020.0
11040.0
11040.0
11050.0
11070.0
11090.0
11110.0
11110.0
11110.0
11120.0
11140.0
11160.0
11150.0
11160.0
11180.0
11190.0
11180.0
11200.0
11210.0
11230.0
11240.0
11260.0
11280.0
11300.0
11300.0
11310.0
11330.0
11350.0
11350.0
11360.0
11370.0
11390.0
11410.0
11430.0
11440.0
11440.0
11450.0
11460.0
11480.0
11490.0
11500.0
11500.0
11520.0
11540.0
11560.0
11570.0
11590.0
11610.0
11620.0
11610.0
11630.0
11620.0
11620.0
11620.0
11630.0
11640.0
11640.0
11640.0
11660.0
11660.0
11670.0
11680.0
11690.0
11710.0
11720.0
11740.0
11750.0
11760.0
11770.0
11790.0
11790.0
11800.0
11810.0
11830.0
11840.0
11860.0
11870.0
11890.0
11910.0
11920.0
11940.0
11960.0
11980.0
11970.0
11980.0
12000.0
12020.0
12020.0
12040.0
12050.0
12060.0
12080.0
12100.0
12120.0
12130.0
12140.0
12160.0
12180.0
12200.0
12220.0
12240.0
12260.0
12280.0
12300.0
12310.0
12330.0
12350.0
12350.0
12360.0
12380.0
12400.0
12420.0
12420.0
12440.0
12440.0
12460.0
12470.0
12480.0
12500.0
12490.0
12500.0
12520.0
12540.0
12560.0
12580.0
12600.0
12610.0
12620.0
12640.0
12650.0
12670.0
12690.0
12680.0
12700.0
12710.0
12730.0
12720.0
12730.0
12750.0
12770.0
12770.0
12790.0
12810.0
12810.0
12820.0
12840.0
12840.0
12860.0
12870.0
12870.0
12870.0
12870.0
12860.0
12860.0
12860.0
12870.0
12890.0
12910.0
12930.0
12950.0
12950.0
12970.0
12980.0
13000.0
13020.0
13040.0
13030.0
13050.0
13040.0
13060.0
13080.0
13100.0
13120.0
13140.0
13150.0
13140.0
13160.0
13180.0
13180.0
13180.0
13200.0
13180.0
13200.0
13210.0
13230.0
13240.0
13230.0
13250.0
13270.0
13290.0
13310.0
13330.0
13350.0
13370.0
13390.0
13410.0
13430.0
13440.0
13460.0
13460.0
13480.0
13490.0
13460.0
13450.0
13470.0
13480.0
13480.0
13500.0
13520.0
13540.0
13550.0
13570.0
13580.0
13590.0
13610.0
13620.0
13620.0
13630.0
13650.0
13670.0
13690.0
13700.0
13720.0
13740.0
13750.0
13740.0
13750.0
13770.0
13790.0
13810.0
13800.0
13810.0
13830.0
13850.0
13850.0
13870.0
13890.0
13910.0
13920.0
13940.0
13960.0
13960.0
13970.0
13990.0
14000.0
14020.0
14030.0
14050.0
14070.0
14050.0
14060.0
14070.0
14070.0
14080.0
14100.0
14120.0
14120.0
14140.0
14150.0
14140.0
14160.0
14180.0
14190.0
14190.0
14190.0
14210.0
14230.0
14250.0
14270.0
14290.0
14290.0
14310.0
14330.0
14340.0
14350.0
14370.0
14340.0
14360.0
14380.0
14390.0
14410.0
14400.0
14420.0
14440.0
14460.0
14450.0
14470.0
14480.0
14480.0
14490.0
14490.0
14510.0
14510.0
14520.0
14510.0
14510.0
14520.0
14540.0
14560.0
14540.0
14560.0
14570.0
14590.0
14600.0
14600.0
14610.0
14600.0
14600.0
14620.0
14640.0
14650.0
14660.0
14680.0
14700.0
14710.0
14730.0
14720.0
14740.0
14760.0
14770.0
14790.0
14800.0
14820.0
14840.0
14850.0
14870.0
14890.0
14900.0
14910.0
14920.0
14940.0
14940.0
14960.0
14980.0
15000.0
15020.0
15040.0
15020.0
15040.0
15060.0
15070.0
15090.0
15110.0
15130.0
15150.0
15160.0
15170.0
15180.0
15200.0
15220.0
15240.0
15240.0
15260.0
15280.0
15270.0
15280.0
15290.0
15300.0
15310.0
15330.0
15340.0
15360.0
15380.0
15400.0
15410.0
15430.0
15450.0
15430.0
15450.0
15460.0
15480.0
15490.0
15480.0
15500.0
15510.0
15530.0
15540.0
15560.0
15580.0
15600.0
15590.0
15610.0
15630.0
15640.0
15660.0
15670.0
15690.0
15710.0
15720.0
15740.0
15750.0
15770.0
15790.0
15800.0
15820.0
15830.0
15850.0
15860.0
15880.0
15900.0
15910.0
15930.0
15950.0
15960.0
15980.0
15990.0
16000.0
16020.0
16030.0
16040.0
16060.0
16080.0
16080.0
16100.0
16110.0
16120.0
16090.0
16110.0
16130.0
16140.0
16160.0
16170.0
16190.0
16210.0
16230.0
16250.0
16270.0
16290.0
16310.0
16320.0
16340.0
16360.0
16370.0
16390.0
16410.0
16410.0
16430.0
16450.0
16470.0
16490.0
16510.0
16500.0
16520.0
16540.0
16560.0
16580.0
16600.0
16610.0
16630.0
16650.0
16660.0
16680.0
16700.0
16720.0
16730.0
16740.0
16750.0
16760.0
16780.0
16800.0
16810.0
16820.0
16810.0
16810.0
16820.0
16840.0
16860.0
16870.0
16880.0
16890.0
16910.0
16910.0
16930.0
16950.0
16970.0
16990.0
16950.0
16970.0
16990.0
17000.0
16990.0
17010.0
17030.0
17050.0
17070.0
17060.0
17080.0
17090.0
17110.0
17120.0
17140.0
17160.0
17150.0
17130.0
17150.0
17150.0
17160.0
17180.0
17190.0
17210.0
17230.0
17230.0
17230.0
17230.0
17250.0
17260.0
17280.0
17290.0
17310.0
17330.0
17340.0
17360.0
17380.0
17400.0
17410.0
17420.0
17420.0
17440.0
17460.0
17480.0
