a = 0.2
g = 0.2
e = 0.5
random initial weights = true

-20.0
-400.0
-450.0
-590.0
-680.0
-710.0
-710.0
-730.0
-820.0
-1020.0
-1110.0
-1370.0
-1480.0
-1490.0
-1630.0
-1670.0
-1740.0
-1870.0
-2090.0
-2260.0
-2310.0
-2430.0
-2460.0
-2480.0
-2510.0
-2560.0
-2780.0
-2880.0
-2880.0
-2980.0
-3000.0
-3100.0
-3230.0
-3440.0
-3470.0
-3510.0
-3510.0
-3520.0
-3640.0
-3730.0
-3860.0
-3890.0
-3890.0
-3890.0
-3930.0
-4000.0
-4090.0
-4110.0
-4180.0
-4160.0
-4160.0
-4240.0
-4320.0
-4500.0
-4520.0
-4510.0
-4540.0
-4530.0
-4560.0
-4600.0
-4830.0
-4870.0
-4890.0
-5280.0
-5270.0
-5310.0
-5320.0
-5640.0
-5730.0
-5900.0
-5970.0
-6050.0
-6200.0
-6210.0
-6350.0
-6350.0
-6390.0
-6470.0
-6520.0
-6520.0
-6560.0
-6560.0
-6590.0
-6580.0
-6560.0
-6680.0
-6770.0
-6800.0
-6840.0
-6890.0
-7000.0
-7060.0
-7080.0
-7070.0
-7200.0
-7220.0
-7240.0
-7270.0
-7280.0
-7290.0
-7290.0
-7330.0
-7490.0
-7480.0
-7510.0
-7510.0
-7530.0
-7570.0
-7640.0
-7630.0
-7650.0
-7640.0
-7670.0
-7670.0
-7660.0
-7680.0
-7720.0
-7790.0
-7800.0
-7810.0
-7890.0
-7900.0
-7890.0
-7950.0
-7970.0
-7990.0
-7980.0
-8000.0
-8010.0
-8020.0
-8110.0
-8160.0
-8160.0
-8150.0
-8140.0
-8280.0
-8280.0
-8380.0
-8480.0
-8480.0
-8500.0
-8520.0
-8500.0
-8510.0
-8520.0
-8510.0
-8500.0
-8490.0
-8570.0
-8570.0
-8580.0
-8600.0
-8610.0
-8610.0
-8590.0
-8590.0
-8630.0
-8660.0
-8670.0
-8680.0
-8700.0
-8700.0
-8700.0
-8710.0
-8730.0
-8740.0
-8740.0
-8740.0
-8750.0
-8750.0
-8770.0
-8790.0
-8770.0
-8750.0
-8840.0
-8890.0
-8880.0
-8870.0
-8870.0
-8920.0
-8920.0
-8930.0
-8980.0
-9010.0
-8990.0
-9010.0
-9010.0
-9030.0
-9030.0
-9080.0
-9080.0
-9080.0
-9120.0
-9110.0
-9100.0
-9100.0
-9080.0
-9080.0
-9070.0
-9140.0
-9210.0
-9210.0
-9250.0
-9240.0
-9290.0
-9270.0
-9260.0
-9320.0
-9330.0
-9340.0
-9430.0
-9430.0
-9450.0
-9430.0
-9430.0
-9440.0
-9420.0
-9500.0
-9530.0
-9530.0
-9570.0
-9580.0
-9610.0
-9620.0
-9610.0
-9610.0
-9610.0
-9660.0
-9690.0
-9690.0
-9700.0
-9700.0
-9680.0
-9670.0
-9680.0
-9720.0
-9730.0
-9730.0
-9720.0
-9700.0
-9740.0
-9730.0
-9770.0
-9780.0
-9790.0
-9780.0
-9790.0
-9780.0
-9780.0
-9760.0
-9750.0
-9750.0
-9760.0
-9760.0
-9750.0
-9730.0
-9760.0
-9790.0
-9800.0
-9780.0
-9770.0
-9770.0
-9750.0
-9740.0
-9730.0
-9730.0
-9750.0
-9750.0
-9760.0
-9750.0
-9750.0
-9750.0
-9770.0
-9760.0
-9760.0
-9830.0
-9860.0
-9870.0
-9850.0
-9850.0
-9830.0
-9830.0
-9830.0
-9840.0
-9820.0
-9810.0
-9800.0
-9810.0
-9810.0
-9830.0
-9830.0
-9840.0
-9830.0
-9810.0
-9870.0
-9870.0
-9900.0
-9910.0
-9910.0
-9910.0
-9940.0
-9970.0
-9980.0
-9990.0
-9980.0
-9960.0
-9960.0
-9950.0
-9960.0
-9950.0
-9930.0
-9950.0
-9940.0
-9930.0
-9910.0
-9910.0
-9930.0
-9920.0
-9960.0
-9950.0
-9960.0
-9990.0
-9970.0
-9990.0
-10000.0
-10020.0
-10050.0
-10060.0
-10130.0
-10110.0
-10120.0
-10120.0
-10160.0
-10160.0
-10150.0
-10130.0
-10120.0
-10110.0
-10100.0
-10080.0
-10080.0
-10100.0
-10090.0
-10120.0
-10130.0
-10110.0
-10110.0
-10130.0
-10130.0
-10130.0
-10120.0
-10120.0
-10100.0
-10170.0
-10150.0
-10210.0
-10210.0
-10210.0
-10210.0
-10230.0
-10250.0
-10240.0
-10220.0
-10260.0
-10270.0
-10270.0
-10290.0
-10320.0
-10350.0
-10340.0
-10340.0
-10330.0
-10340.0
-10350.0
-10330.0
-10340.0
-10330.0
-10320.0
-10310.0
-10300.0
-10300.0
-10310.0
-10320.0
-10320.0
-10300.0
-10290.0
-10270.0
-10300.0
-10280.0
-10260.0
-10240.0
-10260.0
-10260.0
-10250.0
-10250.0
-10240.0
-10220.0
-10210.0
-10210.0
-10190.0
-10170.0
-10150.0
-10190.0
-10190.0
-10220.0
-10210.0
-10240.0
-10220.0
-10230.0
-10220.0
-10200.0
-10200.0
-10210.0
-10190.0
-10190.0
-10180.0
-10280.0
-10290.0
-10310.0
-10310.0
-10300.0
-10300.0
-10320.0
-10310.0
-10330.0
-10310.0
-10290.0
-10290.0
-10270.0
-10250.0
-10270.0
-10270.0
-10310.0
-10310.0
-10340.0
-10340.0
-10410.0
-10420.0
-10400.0
-10460.0
-10440.0
-10470.0
-10460.0
-10460.0
-10450.0
-10440.0
-10460.0
-10440.0
-10430.0
-10450.0
-10440.0
-10420.0
-10410.0
-10410.0
-10420.0
-10440.0
-10470.0
-10460.0
-10530.0
-10520.0
-10500.0
-10510.0
-10500.0
-10510.0
-10490.0
-10480.0
-10460.0
-10440.0
-10420.0
-10410.0
-10400.0
-10400.0
-10390.0
-10370.0
-10380.0
-10380.0
-10420.0
-10420.0
-10420.0
-10400.0
-10380.0
-10370.0
-10390.0
-10420.0
-10400.0
-10380.0
-10370.0
-10360.0
-10370.0
-10360.0
-10340.0
-10330.0
-10320.0
-10310.0
-10300.0
-10290.0
-10290.0
-10280.0
-10260.0
-10280.0
-10280.0
-10270.0
-10260.0
-10240.0
-10240.0
-10230.0
-10220.0
-10210.0
-10190.0
-10180.0
-10180.0
-10170.0
-10180.0
-10160.0
-10150.0
-10150.0
-10180.0
-10170.0
-10160.0
-10150.0
-10140.0
-10140.0
-10150.0
-10180.0
-10190.0
-10200.0
-10220.0
-10200.0
-10220.0
-10220.0
-10240.0
-10280.0
-10280.0
-10290.0
-10320.0
-10300.0
-10290.0
-10280.0
-10270.0
-10270.0
-10260.0
-10250.0
-10270.0
-10250.0
-10260.0
-10240.0
-10250.0
-10250.0
-10300.0
-10290.0
-10270.0
-10310.0
-10290.0
-10270.0
-10340.0
-10350.0
-10390.0
-10400.0
-10400.0
-10380.0
-10360.0
-10400.0
-10410.0
-10400.0
-10400.0
-10430.0
-10440.0
-10440.0
-10440.0
-10430.0
-10430.0
-10440.0
-10460.0
-10450.0
-10430.0
-10420.0
-10410.0
-10390.0
-10370.0
-10350.0
-10360.0
-10400.0
-10400.0
-10400.0
-10430.0
-10410.0
-10400.0
-10420.0
-10410.0
-10390.0
-10380.0
-10380.0
-10430.0
-10440.0
-10440.0
-10450.0
-10440.0
-10440.0
-10420.0
-10420.0
-10400.0
-10400.0
-10420.0
-10420.0
-10410.0
-10420.0
-10430.0
-10440.0
-10420.0
-10420.0
-10450.0
-10440.0
-10420.0
-10400.0
-10390.0
-10380.0
-10360.0
-10340.0
-10330.0
-10330.0
-10330.0
-10320.0
-10300.0
-10300.0
-10280.0
-10310.0
-10290.0
-10280.0
-10260.0
-10240.0
-10250.0
-10260.0
-10250.0
-10250.0
-10270.0
-10250.0
-10240.0
-10220.0
-10210.0
-10210.0
-10220.0
-10200.0
-10220.0
-10210.0
-10190.0
-10180.0
-10180.0
-10170.0
-10150.0
-10140.0
-10170.0
-10150.0
-10190.0
-10180.0
-10170.0
-10240.0
-10270.0
-10290.0
-10340.0
-10350.0
-10420.0
-10410.0
-10410.0
-10440.0
-10420.0
-10450.0
-10500.0
-10480.0
-10470.0
-10480.0
-10520.0
-10500.0
-10480.0
-10470.0
-10460.0
-10450.0
-10440.0
-10430.0
-10430.0
-10440.0
-10430.0
-10490.0
-10500.0
-10500.0
-10490.0
-10470.0
-10470.0
-10460.0
-10490.0
-10510.0
-10540.0
-10530.0
-10550.0
-10550.0
-10590.0
-10590.0
-10570.0
-10570.0
-10570.0
-10570.0
-10570.0
-10550.0
-10540.0
-10560.0
-10560.0
-10570.0
-10570.0
-10580.0
-10560.0
-10550.0
-10540.0
-10520.0
-10530.0
-10520.0
-10500.0
-10520.0
-10510.0
-10500.0
-10510.0
-10490.0
-10480.0
-10460.0
-10510.0
-10540.0
-10530.0
-10540.0
-10520.0
-10540.0
-10550.0
-10580.0
-10560.0
-10540.0
-10530.0
-10570.0
-10560.0
-10550.0
-10540.0
-10530.0
-10520.0
-10520.0
-10500.0
-10480.0
-10470.0
-10480.0
-10480.0
-10520.0
-10520.0
-10500.0
-10500.0
-10490.0
-10470.0
-10470.0
-10460.0
-10470.0
-10450.0
-10440.0
-10450.0
-10430.0
-10420.0
-10470.0
-10460.0
-10480.0
-10490.0
-10490.0
-10490.0
-10490.0
-10500.0
-10480.0
-10500.0
-10500.0
-10500.0
-10500.0
-10490.0
-10480.0
-10480.0
-10460.0
-10470.0
-10460.0
-10470.0
-10460.0
-10470.0
-10510.0
-10540.0
-10520.0
-10560.0
-10590.0
-10580.0
-10570.0
-10580.0
-10570.0
-10570.0
-10550.0
-10560.0
-10550.0
-10560.0
-10550.0
-10560.0
-10570.0
-10560.0
-10580.0
-10570.0
-10560.0
-10550.0
-10540.0
-10530.0
-10510.0
-10530.0
-10520.0
-10520.0
-10520.0
-10500.0
-10540.0
-10530.0
-10510.0
-10500.0
-10480.0
-10510.0
-10510.0
-10560.0
-10550.0
-10530.0
-10600.0
-10620.0
-10660.0
-10640.0
-10630.0
-10630.0
-10610.0
-10630.0
-10670.0
-10690.0
-10700.0
-10700.0
-10700.0
-10700.0
-10690.0
-10700.0
-10730.0
-10720.0
-10730.0
-10710.0
-10700.0
-10680.0
-10710.0
-10760.0
-10780.0
-10850.0
-10830.0
-10850.0
-10840.0
-10820.0
-10800.0
-10780.0
-10760.0
-10750.0
-10750.0
-10750.0
-10750.0
-10750.0
-10760.0
-10750.0
-10750.0
-10740.0
-10730.0
-10730.0
-10730.0
-10750.0
-10750.0
-10760.0
-10760.0
-10760.0
-10750.0
-10740.0
-10720.0
-10720.0
-10750.0
-10760.0
-10780.0
-10760.0
-10750.0
-10780.0
-10770.0
-10750.0
-10760.0
-10740.0
-10740.0
-10750.0
-10750.0
-10750.0
-10750.0
-10730.0
-10760.0
-10800.0
-10820.0
-10820.0
-10820.0
-10810.0
-10800.0
-10810.0
-10790.0
-10790.0
-10770.0
-10760.0
-10750.0
-10730.0
-10720.0
-10700.0
-10700.0
-10690.0
-10680.0
-10660.0
-10640.0
-10630.0
-10630.0
-10620.0
-10640.0
-10640.0
-10640.0
-10640.0
-10620.0
-10600.0
-10690.0
-10690.0
-10720.0
-10730.0
-10730.0
-10730.0
-10770.0
-10760.0
-10770.0
-10750.0
-10730.0
-10720.0
-10720.0
-10720.0
-10710.0
-10730.0
-10730.0
-10710.0
-10740.0
-10720.0
-10720.0
-10710.0
-10710.0
-10690.0
-10690.0
-10720.0
-10760.0
-10770.0
-10750.0
-10750.0
-10740.0
-10760.0
-10740.0
-10730.0
-10710.0
-10690.0
-10670.0
-10660.0
-10650.0
-10670.0
-10670.0
-10660.0
-10710.0
-10710.0
-10700.0
-10680.0
-10680.0
-10660.0
-10670.0
-10670.0
-10690.0
-10710.0
-10700.0
-10700.0
-10680.0
-10670.0
-10650.0
-10660.0
-10640.0
-10630.0
-10660.0
-10670.0
-10650.0
-10700.0
-10700.0
-10700.0
-10700.0
-10730.0
-10720.0
-10730.0
-10740.0
-10720.0
-10700.0
-10680.0
-10670.0
-10660.0
-10650.0
-10640.0
-10640.0
-10640.0
-10630.0
-10620.0
-10640.0
-10680.0
-10660.0
-10730.0
-10710.0
-10720.0
-10730.0
-10760.0
-10750.0
-10730.0
-10720.0
-10700.0
-10740.0
-10780.0
-10780.0
-10760.0
-10740.0
-10790.0
-10810.0
-10850.0
-10830.0
-10820.0
-10820.0
-10820.0
-10820.0
-10810.0
-10800.0
-10800.0
-10780.0
-10780.0
-10820.0
-10820.0
-10820.0
-10820.0
-10840.0
-10830.0
-10820.0
-10810.0
-10790.0
-10770.0
-10780.0
-10780.0
-10760.0
-10750.0
-10730.0
-10740.0
-10720.0
-10720.0
-10720.0
-10750.0
-10740.0
-10730.0
-10810.0
-10800.0
-10800.0
-10800.0
-10790.0
-10780.0
-10790.0
-10790.0
-10770.0
-10830.0
-10810.0
-10790.0
-10820.0
-10830.0
-10830.0
-10810.0
-10820.0
-10820.0
-10840.0
-10840.0
-10850.0
-10870.0
-10850.0
-10850.0
-10870.0
-10850.0
-10890.0
-11020.0
-11020.0
-11010.0
-10990.0
-10990.0
-11020.0
-11010.0
-11010.0
-11090.0
-11090.0
-11080.0
-11070.0
-11060.0
-11050.0
-11080.0
-11070.0
-11130.0
-11130.0
-11140.0
-11130.0
-11120.0
-11160.0
-11170.0
-11190.0
-11210.0
-11200.0
-11190.0
-11220.0
-11240.0
-11240.0
-11320.0
-11370.0
-11380.0
-11380.0
-11420.0
-11400.0
-11390.0
-11390.0
-11380.0
-11390.0
-11440.0
-11450.0
-11430.0
-11430.0
-11410.0
-11390.0
-11400.0
-11420.0
-11430.0
-11450.0
-11430.0
-11410.0
-11420.0
-11420.0
-11410.0
-11430.0
-11420.0
-11410.0
-11400.0
-11430.0
-11450.0
-11460.0
-11470.0
-11470.0
-11480.0
-11460.0
-11450.0
-11460.0
-11470.0
-11460.0
-11440.0
-11440.0
-11430.0
-11420.0
-11430.0
-11420.0
-11420.0
-11420.0
-11400.0
-11410.0
-11430.0
-11470.0
-11460.0
-11450.0
-11450.0
-11450.0
-11460.0
-11460.0
-11500.0
-11490.0
-11500.0
-11500.0
-11500.0
-11510.0
-11490.0
-11490.0
-11490.0
-11470.0
-11500.0
-11480.0
-11480.0
-11500.0
-11490.0
-11480.0
-11470.0
-11470.0
-11460.0
-11460.0
-11440.0
-11420.0
-11480.0
-11460.0
-11490.0
-11480.0
-11510.0
-11540.0
-11530.0
-11510.0
-11490.0
-11480.0
-11490.0
-11490.0
-11480.0
-11470.0
-11470.0
-11450.0
-11470.0
-11470.0
-11470.0
-11490.0
-11500.0
-11510.0
-11550.0
-11540.0
-11560.0
-11580.0
-11570.0
-11550.0
-11540.0
-11520.0
-11510.0
-11490.0
-11470.0
-11480.0
-11460.0
-11490.0
-11540.0
-11530.0
-11520.0
-11590.0
-11570.0
-11600.0
-11600.0
-11630.0
-11620.0
-11610.0
-11650.0
-11630.0
-11610.0
-11600.0
-11580.0
-11560.0
-11550.0
-11590.0
-11580.0
-11570.0
-11550.0
-11550.0
-11560.0
-11550.0
-11540.0
-11570.0
-11620.0
-11610.0
-11600.0
-11600.0
-11600.0
-11590.0
-11590.0
-11580.0
-11560.0
-11580.0
-11560.0
-11590.0
-11580.0
-11600.0
-11610.0
-11600.0
-11610.0
-11610.0
-11620.0
-11610.0
-11610.0
-11600.0
-11650.0
-11640.0
-11640.0
-11630.0
-11620.0
-11610.0
-11600.0
-11590.0
-11580.0
-11580.0
-11600.0
-11580.0
-11570.0
-11580.0
-11560.0
-11590.0
-11570.0
-11560.0
-11590.0
-11580.0
-11590.0
-11610.0
-11590.0
-11570.0
-11560.0
-11550.0
-11550.0
-11540.0
-11540.0
-11540.0
-11550.0
-11530.0
-11570.0
-11560.0
-11560.0
-11560.0
-11590.0
-11580.0
-11630.0
-11680.0
-11730.0
-11730.0
-11710.0
-11700.0
-11720.0
-11710.0
-11730.0
-11730.0
-11720.0
-11710.0
-11720.0
-11700.0
-11680.0
-11680.0
-11690.0
-11680.0
-11660.0
-11660.0
-11650.0
-11630.0
-11610.0
-11590.0
-11590.0
-11570.0
-11550.0
-11540.0
-11520.0
-11510.0
-11490.0
-11500.0
-11520.0
-11520.0
-11550.0
-11530.0
-11520.0
-11500.0
-11510.0
-11510.0
-11500.0
-11520.0
-11510.0
-11500.0
-11480.0
-11510.0
-11490.0
-11480.0
-11500.0
-11480.0
-11460.0
-11440.0
-11450.0
-11440.0
-11440.0
-11430.0
-11440.0
-11430.0
-11410.0
-11410.0
-11420.0
-11400.0
-11440.0
-11420.0
-11420.0
-11420.0
-11430.0
-11410.0
-11390.0
-11370.0
-11360.0
-11350.0
-11360.0
-11350.0
-11360.0
-11400.0
-11380.0
-11410.0
-11390.0
-11380.0
-11370.0
-11360.0
-11350.0
-11350.0
-11340.0
-11330.0
-11330.0
-11330.0
-11320.0
-11300.0
-11310.0
-11300.0
-11280.0
-11270.0
-11320.0
-11310.0
-11290.0
-11280.0
-11280.0
-11270.0
-11260.0
-11250.0
-11240.0
-11360.0
-11370.0
-11390.0
-11390.0
-11440.0
-11430.0
-11460.0
-11440.0
-11430.0
-11420.0
-11400.0
-11390.0
-11380.0
-11370.0
-11380.0
-11360.0
-11350.0
-11340.0
-11320.0
-11360.0
-11350.0
-11380.0
-11410.0
-11400.0
-11390.0
-11390.0
-11370.0
-11380.0
-11390.0
-11370.0
-11390.0
-11380.0
-11400.0
-11410.0
-11410.0
-11410.0
-11450.0
-11440.0
-11420.0
-11400.0
-11400.0
-11400.0
-11430.0
-11440.0
-11420.0
-11420.0
-11410.0
-11440.0
-11450.0
-11450.0
-11440.0
-11440.0
-11440.0
-11430.0
-11430.0
-11440.0
-11420.0
-11430.0
-11420.0
-11450.0
-11510.0
-11540.0
-11550.0
-11550.0
-11550.0
-11540.0
-11550.0
-11530.0
-11530.0
-11590.0
-11620.0
-11650.0
-11670.0
-11690.0
-11700.0
-11680.0
-11720.0
-11700.0
-11700.0
-11700.0
-11690.0
-11690.0
-11690.0
