a = 0.8
g = 0.8
e = 0.1
random initial weights = true

-140.0
-160.0
-5140.0
-5250.0
-5250.0
-5240.0
-5240.0
-5230.0
-10220.0
-10220.0
-10200.0
-10250.0
-10230.0
-10210.0
-10190.0
-10170.0
-10150.0
-10130.0
-10110.0
-10090.0
-10080.0
-10060.0
-10040.0
-10020.0
-10010.0
-9990.0
-9970.0
-9950.0
-9930.0
-9910.0
-9890.0
-9870.0
-9850.0
-9840.0
-9820.0
-9800.0
-9780.0
-9760.0
-9740.0
-9730.0
-9710.0
-9700.0
-9690.0
-9670.0
-9650.0
-9640.0
-9620.0
-9600.0
-9580.0
-9560.0
-9540.0
-9520.0
-9500.0
-9490.0
-9470.0
-9460.0
-9440.0
-9430.0
-9410.0
-9390.0
-9370.0
-9350.0
-9330.0
-9310.0
-9290.0
-9270.0
-9270.0
-9250.0
-9230.0
-9210.0
-9190.0
-9170.0
-9150.0
-9130.0
-9110.0
-9090.0
-9070.0
-9050.0
-9040.0
-9020.0
-9000.0
-8980.0
-8970.0
-8950.0
-8930.0
-8970.0
-8960.0
-8940.0
-8920.0
-8900.0
-8880.0
-8860.0
-8840.0
-8820.0
-8800.0
-8780.0
-8760.0
-8740.0
-8720.0
-8700.0
-8680.0
-8660.0
-8640.0
-8640.0
-8620.0
-8600.0
-8580.0
-8560.0
-8540.0
-8520.0
-8500.0
-8480.0
-8460.0
-8440.0
-8420.0
-8400.0
-8380.0
-8360.0
-8340.0
-8330.0
-8320.0
-8300.0
-8280.0
-8260.0
-8240.0
-8220.0
-8200.0
-8180.0
-8160.0
-8140.0
-8120.0
-8100.0
-8080.0
-8060.0
-8040.0
-8020.0
-8000.0
-7980.0
-7960.0
-7940.0
-7930.0
-7910.0
-7890.0
-7870.0
-7850.0
-7830.0
-7810.0
-7790.0
-7780.0
-7760.0
-7740.0
-7720.0
-7700.0
-7680.0
-7660.0
-7640.0
-7620.0
-7600.0
-7590.0
-7570.0
-7550.0
-7530.0
-7510.0
-7490.0
-7470.0
-7450.0
-7430.0
-7410.0
-7390.0
-7370.0
-7350.0
-7330.0
-7310.0
-7290.0
-7270.0
-7260.0
-7240.0
-7220.0
-7200.0
-7180.0
-7170.0
-7150.0
-7130.0
-7110.0
-7090.0
-7080.0
-7060.0
-7040.0
-7020.0
-7000.0
-6980.0
-6960.0
-6940.0
-6920.0
-6900.0
-6890.0
-6870.0
-6860.0
-6840.0
-6820.0
-6800.0
-6780.0
-6770.0
-6750.0
-6730.0
-6710.0
-6690.0
-6670.0
-6650.0
-6630.0
-6610.0
-6590.0
-6570.0
-6570.0
-6550.0
-6530.0
-6510.0
-6500.0
-6480.0
-6460.0
-6440.0
-6420.0
-6400.0
-6380.0
-6360.0
-6340.0
-6320.0
-6300.0
-6280.0
-6260.0
-6240.0
-6220.0
-6200.0
-6180.0
-6160.0
-6140.0
-6130.0
-6110.0
-6090.0
-6070.0
-6050.0
-6040.0
-6020.0
-6000.0
-5980.0
-5960.0
-5940.0
-5920.0
-5900.0
-5880.0
-5870.0
-5850.0
-5830.0
-5810.0
-5790.0
-5770.0
-5750.0
-5730.0
-5710.0
-5690.0
-5670.0
-5650.0
-5630.0
-5610.0
-5590.0
-5570.0
-5550.0
-5530.0
-5510.0
-5500.0
-5480.0
-5460.0
-5440.0
-5420.0
-5400.0
-5380.0
-5360.0
-5340.0
-5320.0
-5300.0
-5280.0
-5260.0
-5240.0
-5220.0
-5200.0
-5180.0
-5160.0
-5140.0
-5120.0
-5100.0
-5080.0
-5060.0
-5040.0
-5020.0
-5000.0
-4980.0
-4960.0
-4940.0
-4920.0
-4900.0
-4880.0
-4870.0
-4850.0
-4840.0
-4830.0
-4810.0
-4790.0
-4790.0
-4770.0
-4750.0
-4730.0
-4710.0
-4690.0
-4680.0
-4660.0
-4650.0
-4640.0
-4620.0
-4610.0
-4590.0
-4570.0
-4550.0
-4530.0
-4510.0
-4490.0
-4470.0
-4450.0
-4430.0
-4410.0
-4390.0
-4380.0
-4360.0
-4340.0
-4320.0
-4300.0
-4280.0
-4260.0
-4240.0
-4230.0
-4210.0
-4190.0
-4170.0
-4150.0
-4140.0
-4120.0
-4100.0
-4080.0
-4060.0
-4040.0
-4020.0
-4000.0
-3980.0
-3960.0
-3940.0
-3920.0
-3900.0
-3880.0
-3860.0
-3840.0
-3820.0
-3800.0
-3780.0
-3760.0
-3740.0
-3720.0
-3700.0
-3680.0
-3660.0
-3640.0
-3620.0
-3600.0
-3580.0
-3560.0
-3540.0
-3520.0
-3500.0
-3480.0
-3460.0
-3460.0
-3440.0
-3420.0
-3400.0
-3380.0
-3360.0
-3350.0
-3330.0
-3310.0
-3290.0
-3270.0
-3250.0
-3230.0
-3220.0
-3200.0
-3180.0
-3160.0
-3140.0
-3120.0
-3100.0
-3080.0
-3060.0
-3040.0
-3030.0
-3010.0
-2990.0
-2970.0
-2950.0
-2930.0
-2910.0
-2890.0
-2870.0
-2850.0
-2830.0
-2810.0
-2790.0
-2770.0
-2750.0
-2740.0
-2720.0
-2700.0
-2680.0
-2660.0
-2640.0
-2620.0
-2600.0
-2590.0
-2580.0
-2560.0
-2540.0
-2520.0
-2500.0
-2480.0
-2460.0
-2440.0
-2420.0
-2400.0
-2380.0
-2370.0
-2350.0
-2330.0
-2310.0
-2290.0
-2270.0
-2260.0
-2240.0
-2230.0
-2210.0
-2190.0
-2170.0
-2160.0
-2140.0
-2120.0
-2100.0
-2080.0
-2060.0
-2040.0
-2020.0
-2000.0
-1980.0
-1960.0
-1950.0
-1930.0
-1920.0
-1900.0
-1880.0
-1860.0
-1840.0
-1820.0
-1800.0
-1780.0
-1760.0
-1740.0
-1720.0
-1700.0
-1680.0
-1660.0
-1650.0
-1630.0
-1610.0
-1590.0
-1570.0
-1550.0
-1530.0
-1510.0
-1490.0
-1470.0
-1450.0
-1430.0
-1410.0
-1390.0
-1370.0
-1350.0
-1330.0
-1320.0
-1310.0
-1290.0
-1270.0
-1260.0
-1240.0
-1220.0
-1200.0
-1180.0
-1160.0
-1140.0
-1130.0
-1110.0
-1090.0
-1080.0
-1060.0
-1040.0
-1020.0
-1000.0
-980.0
-960.0
-940.0
-920.0
-900.0
-880.0
-860.0
-840.0
-820.0
-800.0
-790.0
-770.0
-750.0
-730.0
-710.0
-690.0
-670.0
-650.0
-630.0
-610.0
-590.0
-580.0
-560.0
-540.0
-520.0
-510.0
-490.0
-470.0
-450.0
-430.0
-410.0
-390.0
-370.0
-350.0
-330.0
-320.0
-310.0
-290.0
-270.0
-250.0
-230.0
-210.0
-190.0
-170.0
-150.0
-130.0
-110.0
-90.0
-70.0
-60.0
-40.0
-20.0
0.0
20.0
40.0
60.0
80.0
100.0
120.0
140.0
160.0
180.0
200.0
220.0
240.0
260.0
280.0
300.0
320.0
330.0
340.0
360.0
380.0
400.0
420.0
440.0
460.0
470.0
480.0
500.0
520.0
540.0
560.0
570.0
590.0
610.0
630.0
650.0
670.0
680.0
700.0
720.0
740.0
760.0
780.0
800.0
820.0
840.0
860.0
880.0
900.0
920.0
940.0
950.0
970.0
990.0
1010.0
1030.0
1050.0
1070.0
1090.0
1110.0
1130.0
1150.0
1170.0
1180.0
1190.0
1210.0
1230.0
1250.0
1270.0
1290.0
1300.0
1320.0
1340.0
1360.0
1380.0
1400.0
1420.0
1440.0
1460.0
1480.0
1500.0
1520.0
1530.0
1550.0
1570.0
1590.0
1610.0
1630.0
1650.0
1670.0
1690.0
1700.0
1720.0
1730.0
1750.0
1770.0
1790.0
1810.0
1830.0
1850.0
1870.0
1890.0
1910.0
1930.0
1950.0
1970.0
1990.0
2010.0
2030.0
2050.0
2070.0
2090.0
2110.0
2130.0
2140.0
2160.0
2180.0
2200.0
2220.0
2230.0
2250.0
2270.0
2290.0
2300.0
2320.0
2340.0
2350.0
2370.0
2390.0
2410.0
2430.0
2450.0
2460.0
2480.0
2500.0
2520.0
2540.0
2560.0
2580.0
2600.0
2620.0
2640.0
2660.0
2680.0
2700.0
2720.0
2740.0
2760.0
2780.0
2800.0
2820.0
2840.0
2860.0
2880.0
2900.0
2920.0
2940.0
2950.0
2970.0
2990.0
3010.0
3020.0
3040.0
3060.0
3080.0
3100.0
3120.0
3140.0
3160.0
3180.0
3200.0
3220.0
3240.0
3260.0
3280.0
3300.0
3320.0
3340.0
3360.0
3380.0
3400.0
3420.0
3440.0
3460.0
3480.0
3500.0
3520.0
3540.0
3560.0
3570.0
3590.0
3610.0
3630.0
3650.0
3670.0
3690.0
3710.0
3730.0
3750.0
3770.0
3790.0
3810.0
3830.0
3850.0
3870.0
3890.0
3910.0
3930.0
3950.0
3970.0
3990.0
4010.0
4030.0
4050.0
4070.0
4080.0
4100.0
4120.0
4140.0
4160.0
4180.0
4200.0
4220.0
4240.0
4260.0
4280.0
4300.0
4320.0
4340.0
4360.0
4380.0
4400.0
4420.0
4440.0
4460.0
4480.0
4480.0
4500.0
4520.0
4540.0
4560.0
4580.0
4600.0
4620.0
4630.0
4650.0
4670.0
4680.0
4700.0
4720.0
4730.0
4750.0
4770.0
4790.0
4810.0
4830.0
4850.0
4870.0
4890.0
4910.0
4930.0
4950.0
4970.0
4990.0
5010.0
5020.0
5040.0
5060.0
5070.0
5090.0
5110.0
5130.0
5150.0
5170.0
5190.0
5210.0
5230.0
5250.0
5270.0
5290.0
5310.0
5330.0
5350.0
5370.0
5380.0
5400.0
5420.0
5440.0
5460.0
5480.0
5500.0
5520.0
5540.0
5560.0
5580.0
5590.0
5610.0
5630.0
5650.0
5670.0
5690.0
5710.0
5720.0
5740.0
5750.0
5770.0
5780.0
5800.0
5820.0
5840.0
5860.0
5880.0
5900.0
5920.0
5940.0
5960.0
5980.0
6000.0
6020.0
6040.0
6060.0
6080.0
6100.0
6120.0
6140.0
6160.0
6170.0
6190.0
6210.0
6230.0
6250.0
6270.0
6290.0
6310.0
6330.0
6350.0
6370.0
6390.0
6410.0
6430.0
6440.0
6460.0
6470.0
6490.0
6510.0
6530.0
6530.0
6550.0
6570.0
6590.0
6610.0
6630.0
6650.0
6670.0
6690.0
6700.0
6710.0
6730.0
6750.0
6770.0
6790.0
6800.0
6820.0
6840.0
6860.0
6870.0
6890.0
6910.0
6930.0
6950.0
6960.0
6980.0
7000.0
7020.0
7040.0
7060.0
7080.0
7100.0
7110.0
7130.0
7140.0
7160.0
7180.0
7200.0
7220.0
7240.0
7260.0
7280.0
7290.0
7310.0
7330.0
7350.0
7370.0
7390.0
7410.0
7430.0
7450.0
7460.0
7480.0
7500.0
7520.0
7540.0
7560.0
7580.0
7600.0
7620.0
7640.0
7660.0
7680.0
7700.0
7720.0
7740.0
7760.0
7780.0
7800.0
7810.0
7830.0
7850.0
7870.0
7890.0
7890.0
7910.0
7930.0
7950.0
7970.0
7990.0
8000.0
8010.0
8030.0
8050.0
8070.0
8090.0
8100.0
8120.0
8130.0
8150.0
8170.0
8190.0
8210.0
8230.0
8250.0
8270.0
8290.0
8310.0
8320.0
8340.0
8360.0
8380.0
8400.0
8420.0
8440.0
8460.0
8480.0
8500.0
8520.0
8540.0
8560.0
8570.0
8590.0
8610.0
8630.0
8650.0
8670.0
8690.0
8710.0
8730.0
8750.0
8770.0
8790.0
8800.0
8820.0
8840.0
8860.0
8880.0
8900.0
8920.0
8940.0
8960.0
8970.0
8980.0
9000.0
9020.0
9040.0
9050.0
9070.0
9080.0
9100.0
9110.0
9130.0
9150.0
9170.0
9190.0
9210.0
9230.0
9230.0
9250.0
9270.0
9290.0
9310.0
9330.0
9350.0
9360.0
9380.0
9390.0
9410.0
9430.0
9440.0
9450.0
9460.0
9480.0
9500.0
9520.0
9540.0
9560.0
9580.0
9600.0
9610.0
9630.0
9650.0
9670.0
9690.0
9710.0
9730.0
9750.0
9770.0
9790.0
9810.0
9820.0
9830.0
9850.0
9870.0
9890.0
9910.0
9930.0
9950.0
9970.0
9990.0
10010.0
10030.0
10050.0
10070.0
10090.0
10110.0
10130.0
10140.0
10160.0
10180.0
10200.0
10220.0
10240.0
10260.0
10280.0
10300.0
10320.0
10340.0
10350.0
10370.0
10390.0
10410.0
10430.0
10450.0
10470.0
10490.0
10510.0
10530.0
10550.0
10570.0
10590.0
10600.0
10620.0
10640.0
10660.0
10680.0
10700.0
10710.0
10720.0
10740.0
10760.0
10760.0
10780.0
10800.0
10820.0
10840.0
10860.0
10880.0
10900.0
10920.0
10940.0
10960.0
10980.0
11000.0
11020.0
11040.0
11050.0
11070.0
11090.0
11110.0
11130.0
11150.0
11170.0
11190.0
11210.0
11230.0
11250.0
11270.0
11290.0
11310.0
11330.0
11350.0
11370.0
11390.0
11410.0
11430.0
11450.0
11470.0
11490.0
11500.0
11520.0
11540.0
11560.0
11580.0
11600.0
11620.0
11640.0
11660.0
11680.0
11700.0
11720.0
11740.0
11760.0
11780.0
11800.0
11820.0
11840.0
11860.0
11880.0
11900.0
11920.0
11940.0
11950.0
11970.0
11990.0
12010.0
12030.0
12050.0
12070.0
12090.0
12110.0
12130.0
12140.0
12160.0
12180.0
12200.0
12220.0
12240.0
12260.0
12280.0
12300.0
12320.0
12340.0
12360.0
12380.0
12400.0
12420.0
12440.0
12430.0
12450.0
12470.0
12490.0
12510.0
12530.0
12550.0
12560.0
12580.0
12600.0
12620.0
12640.0
12650.0
12670.0
12690.0
12710.0
12730.0
12750.0
12770.0
12790.0
12810.0
12830.0
12850.0
12870.0
12890.0
12910.0
12930.0
12950.0
12970.0
12990.0
13010.0
13030.0
13050.0
13070.0
13090.0
13110.0
13120.0
13140.0
13160.0
13180.0
13200.0
13220.0
13240.0
13260.0
13270.0
13290.0
13310.0
13330.0
13350.0
13370.0
13390.0
13410.0
13430.0
13450.0
13460.0
13480.0
13490.0
13510.0
13530.0
13550.0
13570.0
13590.0
13610.0
13630.0
13650.0
13670.0
13690.0
13710.0
13730.0
13750.0
13770.0
13790.0
13810.0
13830.0
13850.0
13870.0
13890.0
13910.0
13930.0
13940.0
13960.0
13980.0
14000.0
14010.0
14030.0
14050.0
14060.0
14080.0
14100.0
14120.0
14140.0
14160.0
14180.0
14200.0
14220.0
14240.0
14260.0
14280.0
14300.0
14320.0
14340.0
14360.0
14370.0
14390.0
14410.0
14430.0
14440.0
14460.0
14480.0
14500.0
14520.0
14530.0
14550.0
14570.0
14590.0
14610.0
14620.0
14640.0
14660.0
14680.0
14700.0
14720.0
14740.0
14750.0
14770.0
14790.0
14810.0
14820.0
14840.0
14860.0
14880.0
14900.0
14920.0
14940.0
14960.0
14980.0
15000.0
15020.0
15040.0
15060.0
15070.0
15090.0
15100.0
15120.0
15140.0
15160.0
15180.0
15190.0
15210.0
15230.0
15240.0
15260.0
15280.0
15300.0
15320.0
15340.0
15360.0
15380.0
15400.0
15420.0
15440.0
15460.0
15480.0
15500.0
15510.0
15530.0
15550.0
15570.0
15590.0
15610.0
15630.0
15650.0
15670.0
15690.0
15710.0
15730.0
15750.0
15770.0
15790.0
15810.0
15820.0
15840.0
15860.0
15880.0
15900.0
15920.0
15940.0
15960.0
15980.0
16000.0
16020.0
16040.0
16060.0
16080.0
16100.0
16120.0
16140.0
16160.0
16180.0
16200.0
16220.0
16230.0
16250.0
16270.0
16290.0
16310.0
16330.0
16350.0
16370.0
16390.0
16410.0
16430.0
16450.0
16470.0
16490.0
16510.0
16530.0
16550.0
16570.0
16590.0
16610.0
16620.0
16640.0
16660.0
16680.0
16700.0
16720.0
16740.0
16760.0
16780.0
16800.0
16820.0
16840.0
16860.0
16880.0
16900.0
16920.0
16940.0
16950.0
16970.0
16990.0
17010.0
17030.0
17050.0
17070.0
17090.0
17110.0
17120.0
17140.0
17160.0
17180.0
17200.0
17220.0
17240.0
17260.0
17280.0
17300.0
17320.0
17340.0
17360.0
17380.0
17400.0
17420.0
17440.0
17460.0
17480.0
17500.0
17520.0
17540.0
17560.0
17580.0
17600.0
