a = 0.5
g = 0.8
e = 0.5
random initial weights = true

-320.0
-440.0
-650.0
-900.0
-1560.0
-1600.0
-1620.0
-1670.0
-1810.0
-1800.0
-1810.0
-1840.0
-1830.0
-1830.0
-1840.0
-1990.0
-2010.0
-2030.0
-2040.0
-2060.0
-2050.0
-2060.0
-2090.0
-2100.0
-2090.0
-2080.0
-2070.0
-2080.0
-2060.0
-2070.0
-2100.0
-2100.0
-2100.0
-2110.0
-2120.0
-2110.0
-2100.0
-2120.0
-2140.0
-2140.0
-2140.0
-2130.0
-2130.0
-2110.0
-2090.0
-2080.0
-2100.0
-2170.0
-2170.0
-2190.0
-2190.0
-2170.0
-2150.0
-2150.0
-2140.0
-2120.0
-2120.0
-2110.0
-2100.0
-2100.0
-2090.0
-2090.0
-2080.0
-2090.0
-2110.0
-2110.0
-2120.0
-2100.0
-2100.0
-2090.0
-2130.0
-2120.0
-2110.0
-2090.0
-2080.0
-2060.0
-2060.0
-2050.0
-2060.0
-2040.0
-2040.0
-2020.0
-2050.0
-2070.0
-2050.0
-2040.0
-2050.0
-2040.0
-2040.0
-2020.0
-2000.0
-1990.0
-1990.0
-1990.0
-1970.0
-1960.0
-1950.0
-1970.0
-1970.0
-1960.0
-1950.0
-1950.0
-1950.0
-1950.0
-1940.0
-1950.0
-1950.0
-1940.0
-1920.0
-1960.0
-1960.0
-1960.0
-1980.0
-1990.0
-1970.0
-1970.0
-1950.0
-1930.0
-1930.0
-1930.0
-1920.0
-1960.0
-1940.0
-1920.0
-1900.0
-1910.0
-1890.0
-1910.0
-1890.0
-1870.0
-1880.0
-1880.0
-1860.0
-1890.0
-1870.0
-1880.0
-1910.0
-1890.0
-1880.0
-1900.0
-1940.0
-1920.0
-1930.0
-1920.0
-1960.0
-1960.0
-1950.0
-1930.0
-1940.0
-1940.0
-1940.0
-1930.0
-1910.0
-1910.0
-1890.0
-1890.0
-1950.0
-1940.0
-1930.0
-1930.0
-1910.0
-1920.0
-1920.0
-1920.0
-1910.0
-1890.0
-1980.0
-2010.0
-2040.0
-2020.0
-2020.0
-2000.0
-1980.0
-1960.0
-1960.0
-1950.0
-1930.0
-1930.0
-1910.0
-1930.0
-1950.0
-1950.0
-1940.0
-1940.0
-1930.0
-1910.0
-1890.0
-1880.0
-1880.0
-1860.0
-1840.0
-1910.0
-1900.0
-1880.0
-1870.0
-1850.0
-1880.0
-1940.0
-1930.0
-1920.0
-1900.0
-1890.0
-1890.0
-1870.0
-1870.0
-1870.0
-1860.0
-1850.0
-1850.0
-1870.0
-1860.0
-1850.0
-1850.0
-1880.0
-1870.0
-1870.0
-1850.0
-1830.0
-1820.0
-1810.0
-1790.0
-1770.0
-1760.0
-1760.0
-1740.0
-1750.0
-1750.0
-1730.0
-1720.0
-1700.0
-1710.0
-1710.0
-1710.0
-1690.0
-1690.0
-1680.0
-1660.0
-1660.0
-1650.0
-1640.0
-1650.0
-1640.0
-1670.0
-1680.0
-1680.0
-1680.0
-1690.0
-1670.0
-1660.0
-1660.0
-1650.0
-1710.0
-1720.0
-1750.0
-1760.0
-1760.0
-1740.0
-1740.0
-1750.0
-1770.0
-1750.0
-1760.0
-1800.0
-1790.0
-1800.0
-1840.0
-1850.0
-1900.0
-1890.0
-1870.0
-1860.0
-1880.0
-1860.0
-1850.0
-1840.0
-1820.0
-1800.0
-1790.0
-1780.0
-1770.0
-1770.0
-1770.0
-1790.0
-1780.0
-1760.0
-1740.0
-1740.0
-1730.0
-1730.0
-1720.0
-1730.0
-1780.0
-1780.0
-1770.0
-1780.0
-1780.0
-1780.0
-1770.0
-1790.0
-1770.0
-1750.0
-1740.0
-1740.0
-1720.0
-1700.0
-1700.0
-1680.0
-1690.0
-1670.0
-1650.0
-1660.0
-1650.0
-1650.0
-1630.0
-1620.0
-1640.0
-1630.0
-1640.0
-1630.0
-1630.0
-1610.0
-1590.0
-1600.0
-1620.0
-1600.0
-1580.0
-1580.0
-1580.0
-1570.0
-1550.0
-1550.0
-1570.0
-1550.0
-1560.0
-1560.0
-1540.0
-1560.0
-1570.0
-1600.0
-1590.0
-1630.0
-1610.0
-1620.0
-1630.0
-1620.0
-1670.0
-1710.0
-1740.0
-1740.0
-1730.0
-1730.0
-1720.0
-1710.0
-1720.0
-1760.0
-1780.0
-1770.0
-1760.0
-1760.0
-1760.0
-1760.0
-1750.0
-1750.0
-1790.0
-1770.0
-1760.0
-1740.0
-1740.0
-1740.0
-1730.0
-1730.0
-1740.0
-1740.0
-1730.0
-1720.0
-1710.0
-1760.0
-1750.0
-1760.0
-1760.0
-1760.0
-1760.0
-1750.0
-1760.0
-1750.0
-1730.0
-1730.0
-1740.0
-1720.0
-1710.0
-1740.0
-1720.0
-1740.0
-1750.0
-1750.0
-1750.0
-1730.0
-1720.0
-1700.0
-1700.0
-1730.0
-1760.0
-1750.0
-1760.0
-1740.0
-1720.0
-1760.0
-1750.0
-1750.0
-1740.0
-1730.0
-1720.0
-1720.0
-1700.0
-1680.0
-1670.0
-1660.0
-1640.0
-1630.0
-1630.0
-1620.0
-1630.0
-1610.0
-1610.0
-1620.0
-1650.0
-1670.0
-1680.0
-1680.0
-1670.0
-1670.0
-1660.0
-1640.0
-1620.0
-1650.0
-1630.0
-1630.0
-1620.0
-1610.0
-1630.0
-1610.0
-1620.0
-1620.0
-1600.0
-1590.0
-1580.0
-1610.0
-1630.0
-1640.0
-1640.0
-1640.0
-1620.0
-1610.0
-1600.0
-1610.0
-1610.0
-1670.0
-1680.0
-1690.0
-1710.0
-1710.0
-1700.0
-1690.0
-1710.0
-1730.0
-1710.0
-1730.0
-1800.0
-1790.0
-1770.0
-1800.0
-1790.0
-1770.0
-1790.0
-1770.0
-1750.0
-1730.0
-1720.0
-1720.0
-1730.0
-1710.0
-1730.0
-1720.0
-1720.0
-1720.0
-1750.0
-1740.0
-1740.0
-1740.0
-1740.0
-1730.0
-1740.0
-1740.0
-1770.0
-1760.0
-1780.0
-1770.0
-1760.0
-1750.0
-1730.0
-1720.0
-1700.0
-1680.0
-1660.0
-1670.0
-1650.0
-1670.0
-1650.0
-1650.0
-1660.0
-1650.0
-1670.0
-1650.0
-1680.0
-1660.0
-1660.0
-1720.0
-1740.0
-1740.0
-1760.0
-1790.0
-1820.0
-1840.0
-1820.0
-1820.0
-1800.0
-1780.0
-1800.0
-1790.0
-1770.0
-1750.0
-1770.0
-1770.0
-1780.0
-1770.0
-1790.0
-1800.0
-1810.0
-1810.0
-1810.0
-1810.0
-1790.0
-1770.0
-1780.0
-1770.0
-1760.0
-1750.0
-1750.0
-1740.0
-1740.0
-1720.0
-1700.0
-1730.0
-1730.0
-1740.0
-1730.0
-1720.0
-1720.0
-1710.0
-1700.0
-1710.0
-1690.0
-1700.0
-1760.0
-1760.0
-1760.0
-1750.0
-1730.0
-1710.0
-1710.0
-1730.0
-1730.0
-1750.0
-1740.0
-1750.0
-1750.0
-1750.0
-1750.0
-1730.0
-1720.0
-1760.0
-1740.0
-1760.0
-1740.0
-1720.0
-1780.0
-1780.0
-1790.0
-1800.0
-1810.0
-1810.0
-1790.0
-1800.0
-1800.0
-1800.0
-1800.0
-1810.0
-1790.0
-1770.0
-1760.0
-1750.0
-1790.0
-1840.0
-1820.0
-1810.0
-1790.0
-1780.0
-1790.0
-1780.0
-1760.0
-1740.0
-1730.0
-1720.0
-1700.0
-1710.0
-1690.0
-1710.0
-1700.0
-1740.0
-1750.0
-1740.0
-1730.0
-1740.0
-1730.0
-1710.0
-1700.0
-1700.0
-1690.0
-1680.0
-1670.0
-1680.0
-1670.0
-1680.0
-1660.0
-1660.0
-1650.0
-1670.0
-1700.0
-1720.0
-1720.0
-1750.0
-1770.0
-1780.0
-1810.0
-1800.0
-1780.0
-1770.0
-1760.0
-1790.0
-1830.0
-1870.0
-1860.0
-1880.0
-1900.0
-1890.0
-1960.0
-1950.0
-1950.0
-1950.0
-1940.0
-1990.0
-1990.0
-2000.0
-1990.0
-1990.0
-1970.0
-1950.0
-1950.0
-1970.0
-2010.0
-1990.0
-1980.0
-1970.0
-1980.0
-1970.0
-1960.0
-1960.0
-1980.0
-1990.0
-1990.0
-2030.0
-2010.0
-2020.0
-2010.0
-2040.0
-2030.0
-2010.0
-1990.0
-1980.0
-1980.0
-2030.0
-2020.0
-2010.0
-2010.0
-2020.0
-2040.0
-2040.0
-2030.0
-2060.0
-2060.0
-2050.0
-2040.0
-2030.0
-2020.0
-2020.0
-2010.0
-2010.0
-2060.0
-2040.0
-2050.0
-2060.0
-2060.0
-2040.0
-2040.0
-2050.0
-2040.0
-2090.0
-2100.0
-2090.0
-2070.0
-2070.0
-2070.0
-2060.0
-2080.0
-2100.0
-2080.0
-2080.0
-2060.0
-2050.0
-2060.0
-2050.0
-2030.0
-2020.0
-2000.0
-2010.0
-2020.0
-2020.0
-2000.0
-2000.0
-2010.0
-2010.0
-2000.0
-2010.0
-2020.0
-2080.0
-2090.0
-2090.0
-2100.0
-2130.0
-2130.0
-2120.0
-2130.0
-2120.0
-2140.0
-2140.0
-2140.0
-2190.0
-2180.0
-2170.0
-2170.0
-2160.0
-2140.0
-2130.0
-2120.0
-2120.0
-2110.0
-2090.0
-2080.0
-2070.0
-2060.0
-2080.0
-2070.0
-2070.0
-2050.0
-2040.0
-2050.0
-2060.0
-2090.0
-2090.0
-2080.0
-2100.0
-2110.0
-2120.0
-2100.0
-2090.0
-2080.0
-2090.0
-2070.0
-2070.0
-2050.0
-2040.0
-2020.0
-2020.0
-2020.0
-2010.0
-1990.0
-2000.0
-1990.0
-2010.0
-2030.0
-2030.0
-2020.0
-2000.0
-2000.0
-2010.0
-2030.0
-2040.0
-2030.0
-2020.0
-2010.0
-2110.0
-2110.0
-2140.0
-2140.0
-2150.0
-2140.0
-2120.0
-2130.0
-2130.0
-2120.0
-2120.0
-2100.0
-2080.0
-2080.0
-2100.0
-2080.0
-2110.0
-2150.0
-2130.0
-2110.0
-2090.0
-2080.0
-2080.0
-2060.0
-2040.0
-2040.0
-2050.0
-2040.0
-2080.0
-2080.0
-2080.0
-2070.0
-2070.0
-2060.0
-2050.0
-2030.0
-2020.0
-2020.0
-2020.0
-2020.0
-2030.0
-2030.0
-2010.0
-1990.0
-1980.0
-1970.0
-1970.0
-2010.0
-2030.0
-2040.0
-2030.0
-2030.0
-2030.0
-2030.0
-2020.0
-2040.0
-2050.0
-2040.0
-2040.0
-2020.0
-2050.0
-2040.0
-2030.0
-2010.0
-2010.0
-2010.0
-2000.0
-1980.0
-1960.0
-2010.0
-2010.0
-2020.0
-2060.0
-2080.0
-2080.0
-2060.0
-2050.0
-2080.0
-2060.0
-2050.0
-2060.0
-2040.0
-2020.0
-2040.0
-2030.0
-2010.0
-2040.0
-2030.0
-2020.0
-2020.0
-2050.0
-2050.0
-2030.0
-2030.0
-2020.0
-2000.0
-1980.0
-1970.0
-1960.0
-1960.0
-1940.0
-1950.0
-1950.0
-1940.0
-1920.0
-1920.0
-1900.0
-1900.0
-1890.0
-1900.0
-1930.0
-1920.0
-1930.0
-1930.0
-1930.0
-1920.0
-1940.0
-1950.0
-1950.0
-1940.0
-1930.0
-1930.0
-1940.0
-1940.0
-1990.0
-1970.0
-1950.0
-1950.0
-2010.0
-2020.0
-2020.0
-2060.0
-2050.0
-2030.0
-2020.0
-2010.0
-2010.0
-2030.0
-2020.0
-2000.0
-1980.0
-2000.0
-1980.0
-2000.0
-2000.0
-2040.0
-2020.0
-2010.0
-2010.0
-2010.0
-2030.0
-2020.0
-2010.0
-2010.0
-2000.0
-1980.0
-1980.0
-1970.0
-1950.0
-1940.0
-1930.0
-1920.0
-1940.0
-1980.0
-1970.0
-1990.0
-1970.0
-1970.0
-1970.0
-1990.0
-1990.0
-1980.0
-1980.0
-1990.0
-2000.0
-1980.0
-1990.0
-2000.0
-2040.0
-2030.0
-2030.0
-2020.0
-2020.0
-2020.0
-2020.0
-2000.0
-1990.0
-2000.0
-1990.0
-2000.0
-1990.0
-1970.0
-2020.0
-2000.0
-2050.0
-2060.0
-2090.0
-2080.0
-2070.0
-2070.0
-2070.0
-2070.0
-2070.0
-2070.0
-2050.0
-2040.0
-2070.0
-2060.0
-2060.0
-2040.0
-2030.0
-2030.0
-2010.0
-2030.0
-2040.0
-2030.0
-2020.0
-2000.0
-1990.0
-2010.0
-2000.0
-1990.0
-2010.0
-2010.0
-2020.0
-2020.0
-2010.0
-2000.0
-2010.0
-1990.0
-2000.0
-2020.0
-2040.0
-2080.0
-2080.0
-2080.0
-2070.0
-2070.0
-2070.0
-2060.0
-2040.0
-2030.0
-2050.0
-2030.0
-2040.0
-2060.0
-2040.0
-2020.0
-2000.0
-1990.0
-2010.0
-2010.0
-2000.0
-2000.0
-1990.0
-1980.0
-1980.0
-2000.0
-2020.0
-2010.0
-2000.0
-2000.0
-2020.0
-2000.0
-1990.0
-1970.0
-1960.0
-1950.0
-1930.0
-1940.0
-1930.0
-1910.0
-1890.0
-1870.0
-1860.0
-1880.0
-1870.0
-1900.0
-1900.0
-1910.0
-1900.0
-1930.0
-1910.0
-1900.0
-1880.0
-1910.0
-1930.0
-1910.0
-1910.0
-1890.0
-1890.0
-1870.0
-1850.0
-1870.0
-1850.0
-1830.0
-1850.0
-1840.0
-1840.0
-1870.0
-1890.0
-1880.0
-1900.0
-1920.0
-1950.0
-1940.0
-1930.0
-1930.0
-1910.0
-1890.0
-1900.0
-1880.0
-1870.0
-1850.0
-1850.0
-1850.0
-1830.0
-1820.0
-1800.0
-1810.0
-1800.0
-1800.0
-1820.0
-1830.0
-1850.0
-1830.0
-1810.0
-1800.0
-1810.0
-1790.0
-1770.0
-1780.0
-1780.0
-1780.0
-1760.0
-1790.0
-1790.0
-1770.0
-1760.0
-1740.0
-1730.0
-1740.0
-1720.0
-1730.0
-1740.0
-1740.0
-1730.0
-1720.0
-1710.0
-1720.0
-1710.0
-1700.0
-1690.0
-1680.0
-1680.0
-1660.0
-1660.0
-1680.0
-1660.0
-1650.0
-1650.0
-1640.0
-1650.0
-1660.0
-1660.0
-1650.0
-1690.0
-1670.0
-1660.0
-1670.0
-1650.0
-1680.0
-1670.0
-1660.0
-1650.0
-1640.0
-1670.0
-1680.0
-1730.0
-1720.0
-1700.0
-1700.0
-1700.0
-1710.0
-1690.0
-1680.0
-1660.0
-1670.0
-1670.0
-1660.0
-1670.0
-1650.0
-1650.0
-1650.0
-1670.0
-1650.0
-1650.0
-1630.0
-1630.0
-1610.0
-1610.0
-1590.0
-1600.0
-1590.0
-1570.0
-1560.0
-1560.0
-1550.0
-1540.0
-1530.0
-1530.0
-1540.0
-1570.0
-1550.0
-1550.0
-1540.0
-1530.0
-1520.0
-1500.0
-1490.0
-1490.0
-1470.0
-1460.0
-1450.0
-1440.0
-1430.0
-1410.0
-1400.0
-1420.0
-1410.0
-1390.0
-1380.0
-1380.0
-1430.0
-1430.0
-1410.0
-1400.0
-1400.0
-1410.0
-1390.0
-1370.0
-1360.0
-1350.0
-1350.0
-1350.0
-1340.0
-1340.0
-1340.0
-1320.0
-1310.0
-1300.0
-1290.0
-1340.0
-1350.0
-1330.0
-1320.0
-1340.0
-1320.0
-1340.0
-1360.0
-1370.0
-1370.0
-1370.0
-1360.0
-1370.0
-1350.0
-1330.0
-1330.0
-1310.0
-1300.0
-1280.0
-1300.0
-1280.0
-1270.0
-1290.0
-1280.0
-1280.0
-1270.0
-1280.0
-1300.0
-1350.0
-1330.0
-1330.0
-1320.0
-1310.0
-1340.0
-1340.0
-1320.0
-1320.0
-1350.0
-1340.0
-1350.0
-1340.0
-1340.0
-1340.0
-1320.0
-1320.0
-1350.0
-1350.0
-1330.0
-1330.0
-1350.0
-1360.0
-1380.0
-1400.0
-1390.0
-1370.0
-1370.0
-1420.0
-1430.0
-1410.0
-1420.0
-1400.0
-1410.0
-1460.0
-1470.0
-1460.0
-1480.0
-1470.0
-1510.0
-1530.0
-1560.0
-1560.0
-1550.0
-1530.0
-1520.0
-1550.0
-1580.0
-1560.0
-1570.0
-1560.0
-1590.0
-1590.0
-1580.0
-1590.0
-1570.0
-1570.0
-1560.0
-1580.0
-1570.0
-1560.0
-1580.0
-1560.0
-1580.0
-1570.0
-1570.0
-1610.0
-1620.0
-1600.0
-1580.0
-1570.0
-1560.0
-1540.0
-1530.0
-1530.0
-1510.0
-1490.0
-1470.0
-1470.0
-1470.0
-1460.0
-1440.0
-1440.0
-1430.0
-1420.0
-1450.0
-1470.0
-1460.0
-1460.0
-1450.0
-1450.0
-1480.0
-1460.0
-1450.0
-1440.0
-1430.0
-1460.0
-1450.0
-1450.0
-1440.0
-1440.0
-1420.0
-1410.0
-1400.0
-1400.0
-1390.0
-1380.0
-1370.0
-1370.0
-1390.0
-1450.0
-1470.0
-1460.0
-1500.0
-1490.0
-1480.0
-1480.0
-1470.0
-1480.0
-1460.0
-1460.0
-1470.0
-1460.0
-1490.0
-1520.0
-1550.0
-1540.0
-1540.0
-1520.0
-1510.0
-1500.0
-1490.0
-1490.0
-1490.0
-1530.0
-1510.0
-1530.0
-1520.0
-1510.0
-1500.0
-1480.0
-1470.0
-1460.0
-1440.0
-1440.0
-1420.0
-1440.0
-1430.0
-1450.0
-1450.0
-1440.0
-1470.0
-1480.0
-1480.0
-1490.0
-1490.0
-1520.0
-1510.0
-1500.0
-1510.0
-1530.0
-1520.0
-1550.0
-1530.0
-1550.0
-1550.0
-1530.0
-1520.0
-1510.0
-1510.0
-1530.0
-1520.0
-1510.0
-1510.0
-1520.0
-1520.0
-1510.0
-1510.0
-1500.0
-1490.0
-1480.0
-1480.0
-1460.0
-1470.0
-1450.0
-1510.0
-1520.0
-1530.0
-1510.0
-1510.0
-1490.0
-1490.0
-1510.0
-1490.0
-1480.0
-1470.0
-1460.0
-1460.0
-1440.0
-1420.0
-1420.0
-1410.0
-1400.0
-1400.0
-1400.0
-1410.0
-1390.0
-1370.0
-1390.0
-1370.0
