a = 0.2
g = 0.5
e = 0.1
random initial weights = true

-110.0
-170.0
-230.0
-260.0
-270.0
-260.0
-270.0
-260.0
-250.0
-270.0
-270.0
-260.0
-250.0
-250.0
-240.0
-260.0
-270.0
-260.0
-250.0
-240.0
-250.0
-400.0
-400.0
-390.0
-380.0
-370.0
-370.0
-380.0
-380.0
-380.0
-370.0
-360.0
-350.0
-350.0
-340.0
-330.0
-5250.0
-5320.0
-5310.0
-5310.0
-5300.0
-5290.0
-5280.0
-5270.0
-5260.0
-5250.0
-5240.0
-5230.0
-5230.0
-5220.0
-5210.0
-5210.0
-5220.0
-5210.0
-5200.0
-5190.0
-5180.0
-5180.0
-5170.0
-5170.0
-5160.0
-5160.0
-5150.0
-5440.0
-5450.0
-5440.0
-5450.0
-5440.0
-5440.0
-5430.0
-5430.0
-5420.0
-5430.0
-5420.0
-5420.0
-5610.0
-5610.0
-5600.0
-5590.0
-5570.0
-5560.0
-5550.0
-5540.0
-5530.0
-5520.0
-5520.0
-5510.0
-5500.0
-5490.0
-5480.0
-5470.0
-5460.0
-5460.0
-5460.0
-5450.0
-5430.0
-5420.0
-5410.0
-5400.0
-5390.0
-5380.0
-5390.0
-5380.0
-5370.0
-5370.0
-5380.0
-5380.0
-5390.0
-5380.0
-5370.0
-5360.0
-5370.0
-5360.0
-5390.0
-5400.0
-5390.0
-5390.0
-5390.0
-5390.0
-5380.0
-5370.0
-5360.0
-5360.0
-5350.0
-5340.0
-5330.0
-5320.0
-5310.0
-5300.0
-5290.0
-5290.0
-5290.0
-5280.0
-5280.0
-5280.0
-5270.0
-5270.0
-5270.0
-5270.0
-5260.0
-5250.0
-5250.0
-5250.0
-5240.0
-5230.0
-5210.0
-5200.0
-5190.0
-5180.0
-5170.0
-5160.0
-5160.0
-5150.0
-5140.0
-5130.0
-5120.0
-5100.0
-5100.0
-5080.0
-5060.0
-5050.0
-5040.0
-5020.0
-5010.0
-5000.0
-4990.0
-4980.0
-4970.0
-4960.0
-4940.0
-4920.0
-4900.0
-4880.0
-4870.0
-4850.0
-4830.0
-4810.0
-4810.0
-4800.0
-4780.0
-4760.0
-4740.0
-4730.0
-4720.0
-4710.0
-4690.0
-4670.0
-4660.0
-4650.0
-4630.0
-4610.0
-4610.0
-4590.0
-4570.0
-4560.0
-4540.0
-4530.0
-4510.0
-4490.0
-4470.0
-4450.0
-4430.0
-4420.0
-4400.0
-4380.0
-4360.0
-4340.0
-4330.0
-4310.0
-4290.0
-4270.0
-4250.0
-4230.0
-4210.0
-4190.0
-4170.0
-4150.0
-4130.0
-4120.0
-4100.0
-4080.0
-4080.0
-4070.0
-4060.0
-4040.0
-4020.0
-4000.0
-3980.0
-3960.0
-3940.0
-3920.0
-3910.0
-3890.0
-3870.0
-3850.0
-3850.0
-3830.0
-3820.0
-3810.0
-3800.0
-3780.0
-3770.0
-3760.0
-3740.0
-3720.0
-3700.0
-3680.0
-3660.0
-3640.0
-3620.0
-3610.0
-3590.0
-3570.0
-3550.0
-3540.0
-3520.0
-3500.0
-3480.0
-3460.0
-3440.0
-3420.0
-3400.0
-3400.0
-3380.0
-3360.0
-3340.0
-3320.0
-3300.0
-3280.0
-3260.0
-3240.0
-3220.0
-3210.0
-3190.0
-3180.0
-3170.0
-3150.0
-3130.0
-3120.0
-3100.0
-3080.0
-3060.0
-3040.0
-3020.0
-3010.0
-3000.0
-2980.0
-2960.0
-2940.0
-2940.0
-2920.0
-2900.0
-2880.0
-2870.0
-2850.0
-2830.0
-2820.0
-2820.0
-2810.0
-2790.0
-2770.0
-2750.0
-2740.0
-2720.0
-2710.0
-2690.0
-2670.0
-2650.0
-2630.0
-2610.0
-2590.0
-2570.0
-2560.0
-2540.0
-2530.0
-2510.0
-2490.0
-2470.0
-2450.0
-2430.0
-2410.0
-2390.0
-2370.0
-2370.0
-2370.0
-2350.0
-2330.0
-2310.0
-2290.0
-2270.0
-2260.0
-2240.0
-2220.0
-2200.0
-2180.0
-2160.0
-2140.0
-2120.0
-2100.0
-2080.0
-2060.0
-2050.0
-2030.0
-2010.0
-1990.0
-1970.0
-1960.0
-1940.0
-1920.0
-1900.0
-1880.0
-1860.0
-1840.0
-1820.0
-1810.0
-1790.0
-1780.0
-1760.0
-1740.0
-1720.0
-1700.0
-1690.0
-1670.0
-1650.0
-1630.0
-1610.0
-1590.0
-1570.0
-1550.0
-1530.0
-1510.0
-1490.0
-1470.0
-1450.0
-1430.0
-1410.0
-1400.0
-1380.0
-1360.0
-1340.0
-1320.0
-1300.0
-1280.0
-1260.0
-1240.0
-1220.0
-1200.0
-1180.0
-1160.0
-1140.0
-1120.0
-1100.0
-1080.0
-1060.0
-1040.0
-1020.0
-1000.0
-990.0
-970.0
-950.0
-930.0
-910.0
-890.0
-870.0
-870.0
-850.0
-830.0
-810.0
-790.0
-770.0
-750.0
-730.0
-710.0
-690.0
-670.0
-650.0
-630.0
-610.0
-590.0
-580.0
-560.0
-540.0
-520.0
-500.0
-480.0
-460.0
-440.0
-420.0
-400.0
-380.0
-360.0
-340.0
-330.0
-310.0
-290.0
-270.0
-270.0
-250.0
-230.0
-210.0
-200.0
-180.0
-160.0
-140.0
-120.0
-100.0
-80.0
-60.0
-40.0
-20.0
0.0
20.0
40.0
60.0
80.0
100.0
120.0
130.0
150.0
170.0
190.0
200.0
220.0
240.0
260.0
280.0
300.0
320.0
340.0
360.0
380.0
400.0
420.0
430.0
440.0
460.0
470.0
490.0
510.0
530.0
550.0
570.0
590.0
610.0
620.0
640.0
660.0
680.0
700.0
720.0
730.0
750.0
770.0
790.0
810.0
820.0
840.0
860.0
880.0
900.0
900.0
910.0
930.0
950.0
960.0
970.0
960.0
970.0
980.0
990.0
990.0
1000.0
990.0
980.0
980.0
1000.0
1000.0
1020.0
1030.0
1050.0
1070.0
1080.0
1100.0
1120.0
1130.0
1150.0
1170.0
1190.0
1210.0
1220.0
1240.0
1260.0
1280.0
1290.0
1310.0
1330.0
1350.0
1370.0
1390.0
1410.0
1430.0
1450.0
1470.0
1490.0
1510.0
1530.0
1550.0
1570.0
1590.0
1610.0
1630.0
1640.0
1660.0
1670.0
1690.0
1710.0
1730.0
1750.0
1770.0
1790.0
1810.0
1830.0
1840.0
1860.0
1880.0
1900.0
1920.0
1940.0
1950.0
1960.0
1980.0
2000.0
2020.0
2040.0
2060.0
2080.0
2100.0
2120.0
2140.0
2160.0
2180.0
2190.0
2210.0
2220.0
2240.0
2260.0
2280.0
2300.0
2320.0
2340.0
2360.0
2380.0
2390.0
2410.0
2430.0
2450.0
2470.0
2490.0
2510.0
2520.0
2540.0
2560.0
2580.0
2600.0
2620.0
2630.0
2650.0
2660.0
2680.0
2700.0
2710.0
2730.0
2750.0
2770.0
2790.0
2810.0
2830.0
2850.0
2870.0
2890.0
2910.0
2930.0
2950.0
2970.0
2990.0
3010.0
3030.0
3050.0
3060.0
3080.0
3100.0
3120.0
3130.0
3150.0
3170.0
3190.0
3210.0
3230.0
3250.0
3260.0
3280.0
3300.0
3320.0
3330.0
3350.0
3370.0
3390.0
3410.0
3430.0
3450.0
3470.0
3490.0
3510.0
3520.0
3540.0
3560.0
3580.0
3590.0
3610.0
3630.0
3650.0
3660.0
3680.0
3700.0
3720.0
3740.0
3750.0
3770.0
3790.0
3810.0
3830.0
3850.0
3870.0
3880.0
3900.0
3920.0
3930.0
3950.0
3970.0
3990.0
4010.0
4020.0
4040.0
4050.0
4070.0
4090.0
4110.0
4120.0
4140.0
4160.0
4170.0
4180.0
4200.0
4220.0
4240.0
4260.0
4270.0
4290.0
4300.0
4320.0
4330.0
4350.0
4360.0
4370.0
4370.0
4390.0
4410.0
4430.0
4450.0
4470.0
4490.0
4510.0
4530.0
4530.0
4550.0
4570.0
4590.0
4610.0
4630.0
4650.0
4670.0
4690.0
4700.0
4720.0
4730.0
4750.0
4770.0
4790.0
4810.0
4820.0
4840.0
4860.0
4880.0
4900.0
4920.0
4930.0
4950.0
4960.0
4970.0
4990.0
5010.0
5030.0
5050.0
5070.0
5080.0
5100.0
5110.0
5130.0
5140.0
5160.0
5180.0
5200.0
5220.0
5230.0
5240.0
5260.0
5280.0
5300.0
5320.0
5340.0
5360.0
5380.0
5400.0
5420.0
5440.0
5450.0
5470.0
5490.0
5500.0
5520.0
5540.0
5560.0
5570.0
5590.0
5600.0
5620.0
5640.0
5650.0
5670.0
5690.0
5700.0
5720.0
5740.0
5760.0
5780.0
5790.0
5800.0
5820.0
5840.0
5860.0
5880.0
5890.0
5900.0
5910.0
5930.0
5940.0
5960.0
5960.0
5980.0
6000.0
6020.0
6030.0
6050.0
6070.0
6090.0
6100.0
6120.0
6130.0
6150.0
6160.0
6180.0
6200.0
6220.0
6240.0
6260.0
6270.0
6280.0
6300.0
6320.0
6340.0
6360.0
6370.0
6390.0
6410.0
6420.0
6440.0
6450.0
6470.0
6490.0
6500.0
6520.0
6540.0
6550.0
6570.0
6580.0
6600.0
6620.0
6640.0
6660.0
6680.0
6700.0
6720.0
6740.0
6760.0
6760.0
6780.0
6780.0
6800.0
6820.0
6840.0
6860.0
6880.0
6900.0
6910.0
6930.0
6950.0
6970.0
6990.0
7010.0
7030.0
7050.0
7070.0
7090.0
7100.0
7120.0
7140.0
7160.0
7180.0
7200.0
7210.0
7230.0
7250.0
7270.0
7290.0
7310.0
7330.0
7350.0
7370.0
7380.0
7400.0
7410.0
7430.0
7450.0
7460.0
7480.0
7500.0
7520.0
7540.0
7560.0
7580.0
7600.0
7620.0
7640.0
7660.0
7670.0
7690.0
7710.0
7730.0
7750.0
7770.0
7790.0
7800.0
7820.0
7840.0
7860.0
7870.0
7890.0
7910.0
7930.0
7950.0
7970.0
7990.0
8010.0
8030.0
8050.0
8060.0
8080.0
8100.0
8090.0
8110.0
8130.0
8150.0
8170.0
8180.0
8200.0
8210.0
8220.0
8240.0
8260.0
8280.0
8290.0
8310.0
8330.0
8350.0
8370.0
8390.0
8410.0
8420.0
8440.0
8450.0
8470.0
8480.0
8500.0
8520.0
8530.0
8550.0
8550.0
8560.0
8580.0
8600.0
8620.0
8630.0
8640.0
8660.0
8680.0
8700.0
8720.0
8740.0
8760.0
8780.0
8800.0
8820.0
8840.0
8850.0
8870.0
8890.0
8910.0
8930.0
8950.0
8970.0
8980.0
9000.0
9020.0
9030.0
9050.0
9070.0
9090.0
9100.0
9120.0
9130.0
9150.0
9170.0
9190.0
9210.0
9230.0
9250.0
9270.0
9290.0
9310.0
9330.0
9350.0
9360.0
9380.0
9360.0
9380.0
9390.0
9410.0
9430.0
9450.0
9470.0
9490.0
9510.0
9520.0
9540.0
9560.0
9570.0
9590.0
9610.0
9630.0
9650.0
9670.0
9690.0
9710.0
9730.0
9750.0
9760.0
9780.0
9790.0
9800.0
9800.0
9820.0
9830.0
9850.0
9870.0
9890.0
9900.0
9900.0
9920.0
9930.0
9940.0
9960.0
9970.0
9980.0
9990.0
10000.0
10020.0
10040.0
10060.0
10080.0
10100.0
10120.0
10140.0
10160.0
10180.0
10200.0
10210.0
10230.0
10250.0
10270.0
10290.0
10310.0
10330.0
10350.0
10360.0
10370.0
10390.0
10410.0
10430.0
10450.0
10470.0
10490.0
10510.0
10530.0
10540.0
10560.0
10570.0
10590.0
10610.0
10630.0
10650.0
10670.0
10690.0
10710.0
10730.0
10750.0
10770.0
10780.0
10800.0
10820.0
10830.0
10840.0
10850.0
10870.0
10890.0
10900.0
10920.0
10940.0
10960.0
10980.0
11000.0
11020.0
11040.0
11060.0
11070.0
11090.0
11110.0
11130.0
11150.0
11170.0
11190.0
11210.0
11230.0
11250.0
11260.0
11280.0
11290.0
11310.0
11330.0
11350.0
11360.0
11360.0
11380.0
11400.0
11420.0
11440.0
11450.0
11470.0
11490.0
11500.0
11520.0
11540.0
11560.0
11570.0
11580.0
11590.0
11610.0
11630.0
11650.0
11670.0
11680.0
11700.0
11720.0
11740.0
11760.0
11780.0
11790.0
11810.0
11830.0
11850.0
11850.0
11870.0
11890.0
11910.0
11930.0
11950.0
11970.0
11990.0
12000.0
12010.0
12030.0
12050.0
12070.0
12090.0
12110.0
12130.0
12150.0
12170.0
12190.0
12190.0
12210.0
12230.0
12250.0
12260.0
12280.0
12300.0
12320.0
12340.0
12360.0
12370.0
12380.0
12400.0
12420.0
12440.0
12460.0
12470.0
12490.0
12500.0
12520.0
12540.0
12560.0
12580.0
12600.0
12620.0
12640.0
12660.0
12680.0
12700.0
12720.0
12740.0
12760.0
12770.0
12790.0
12810.0
12830.0
12840.0
12860.0
12880.0
12900.0
12920.0
12940.0
12960.0
12980.0
12980.0
13000.0
13020.0
13040.0
13060.0
13080.0
13090.0
13110.0
13130.0
13150.0
13170.0
13190.0
13200.0
13210.0
13230.0
13250.0
13270.0
13290.0
13310.0
13330.0
13350.0
13370.0
13390.0
13390.0
13410.0
13420.0
13430.0
13450.0
13470.0
13490.0
13510.0
13520.0
13540.0
13560.0
13580.0
13600.0
13610.0
13630.0
13650.0
13670.0
13690.0
13710.0
13730.0
13740.0
13760.0
13780.0
13800.0
13810.0
13830.0
13850.0
13870.0
13890.0
13900.0
13920.0
13940.0
13960.0
13980.0
14000.0
14020.0
14020.0
14020.0
14040.0
14060.0
14080.0
14090.0
14110.0
14120.0
14140.0
14160.0
14180.0
14200.0
14210.0
14220.0
14230.0
14250.0
14260.0
14280.0
14300.0
14320.0
14330.0
14350.0
14360.0
14380.0
14400.0
14420.0
14440.0
14460.0
14470.0
14490.0
14510.0
14530.0
14550.0
14570.0
14590.0
14610.0
14630.0
14650.0
14670.0
14690.0
14710.0
14730.0
14750.0
14770.0
14790.0
14810.0
14830.0
14840.0
14860.0
14870.0
14890.0
14910.0
14930.0
14950.0
14970.0
14990.0
15010.0
15030.0
15050.0
15070.0
15090.0
15110.0
15130.0
15140.0
15140.0
15160.0
15180.0
15180.0
15190.0
15210.0
15230.0
15250.0
15270.0
15290.0
15310.0
15320.0
15340.0
15350.0
15370.0
15390.0
15410.0
15430.0
15450.0
15470.0
15490.0
15510.0
15530.0
15550.0
15570.0
15590.0
15610.0
15630.0
15640.0
15650.0
15660.0
15680.0
15700.0
15710.0
15730.0
15740.0
15740.0
15750.0
15770.0
15790.0
15810.0
15830.0
15850.0
15860.0
15880.0
15900.0
15910.0
15930.0
15950.0
15970.0
15990.0
16010.0
16030.0
16040.0
16060.0
16080.0
16100.0
16120.0
16140.0
16160.0
16170.0
16190.0
16210.0
16230.0
16250.0
16270.0
16280.0
16300.0
16320.0
16340.0
16360.0
16380.0
16400.0
16420.0
16440.0
16460.0
16470.0
16490.0
16510.0
16530.0
16550.0
16550.0
16570.0
16570.0
16590.0
16610.0
16630.0
16650.0
16650.0
16660.0
16680.0
16700.0
16720.0
16740.0
16760.0
16780.0
16790.0
16810.0
16830.0
16840.0
16860.0
16860.0
16880.0
16900.0
16920.0
16940.0
16960.0
16980.0
17000.0
17020.0
17040.0
17060.0
17080.0
17100.0
17120.0
17130.0
17150.0
17170.0
17190.0
17200.0
17210.0
17230.0
17250.0
17270.0
17290.0
17310.0
17320.0
17340.0
17360.0
17380.0
17400.0
17420.0
17440.0
17460.0
17470.0
17490.0
17510.0
17530.0
17550.0
17570.0
17590.0
17610.0
17630.0
17650.0
17670.0
17690.0
17700.0
17710.0
17730.0
17750.0
17770.0
17790.0
17810.0
17820.0
17840.0
17860.0
17870.0
17890.0
17910.0
17930.0
17950.0
17970.0
17990.0
18010.0
18030.0
18050.0
18070.0
18090.0
18110.0
18130.0
18150.0
18160.0
18180.0
18180.0
18200.0
