a = 0.8
g = 0.5
e = 0.1
random initial weights = true

-40.0
-90.0
-80.0
-90.0
-140.0
-150.0
-250.0
-240.0
-220.0
-200.0
-190.0
-170.0
-150.0
-150.0
-130.0
-110.0
-90.0
-120.0
-100.0
-90.0
-70.0
-50.0
-30.0
-10.0
10.0
20.0
40.0
60.0
70.0
70.0
90.0
110.0
130.0
150.0
160.0
180.0
200.0
220.0
240.0
250.0
270.0
290.0
300.0
320.0
330.0
350.0
370.0
390.0
410.0
430.0
440.0
460.0
480.0
500.0
520.0
540.0
560.0
580.0
600.0
610.0
630.0
650.0
670.0
680.0
700.0
720.0
740.0
750.0
770.0
790.0
810.0
830.0
850.0
860.0
880.0
900.0
920.0
930.0
950.0
960.0
980.0
1000.0
1010.0
1020.0
1040.0
1060.0
1080.0
1100.0
1110.0
1130.0
1150.0
1170.0
1190.0
1210.0
1230.0
1250.0
1260.0
1270.0
1280.0
1300.0
1320.0
1340.0
1360.0
1380.0
1390.0
1410.0
1430.0
1450.0
1470.0
1490.0
1500.0
1520.0
1530.0
1550.0
1570.0
1590.0
1610.0
1620.0
1630.0
1650.0
1670.0
1690.0
1710.0
1730.0
1750.0
1760.0
1770.0
1790.0
1810.0
1830.0
1850.0
1860.0
1880.0
1900.0
1920.0
1940.0
1960.0
1970.0
1990.0
2010.0
2030.0
2050.0
2070.0
2090.0
2110.0
2120.0
2140.0
2150.0
2160.0
2170.0
2190.0
2210.0
2230.0
2250.0
2270.0
2290.0
2300.0
2320.0
2340.0
2360.0
2380.0
2400.0
2420.0
2440.0
2460.0
2480.0
2500.0
2520.0
2540.0
2560.0
2570.0
2580.0
2600.0
2620.0
2640.0
2660.0
2680.0
2700.0
2720.0
2740.0
2710.0
2720.0
2730.0
2730.0
2750.0
2770.0
2790.0
2810.0
2830.0
2850.0
2860.0
2880.0
2900.0
2920.0
2940.0
2960.0
2980.0
3000.0
3020.0
3030.0
3050.0
3070.0
3090.0
3110.0
3120.0
3140.0
3150.0
3170.0
3180.0
3200.0
3220.0
3230.0
3240.0
3260.0
3280.0
3300.0
3320.0
3320.0
3340.0
3360.0
3380.0
3400.0
3420.0
3440.0
3460.0
3480.0
3490.0
3500.0
3520.0
3540.0
3560.0
3580.0
3600.0
3620.0
3640.0
3660.0
3670.0
3690.0
3710.0
3730.0
3750.0
3770.0
3790.0
3810.0
3830.0
3850.0
3870.0
3890.0
3900.0
3920.0
3940.0
3960.0
3980.0
4000.0
4020.0
4040.0
4050.0
4070.0
4070.0
4090.0
4110.0
4130.0
4150.0
4160.0
4180.0
4190.0
4210.0
4230.0
4240.0
4260.0
4260.0
4280.0
4300.0
4310.0
4330.0
4350.0
4370.0
4390.0
4410.0
4430.0
4450.0
4470.0
4490.0
4510.0
4530.0
4540.0
4560.0
4580.0
4600.0
4620.0
4640.0
4660.0
4680.0
4690.0
4710.0
4730.0
4750.0
4770.0
4790.0
4810.0
4830.0
4850.0
4870.0
4880.0
4900.0
4920.0
4940.0
4960.0
4980.0
5000.0
5020.0
5040.0
5060.0
5080.0
5100.0
5120.0
5140.0
5150.0
5170.0
5190.0
5200.0
5220.0
5230.0
5250.0
5270.0
5290.0
5310.0
5330.0
5350.0
5370.0
5390.0
5410.0
5420.0
5440.0
5460.0
5480.0
5500.0
5520.0
5540.0
5560.0
5580.0
5600.0
5620.0
5640.0
5660.0
5680.0
5680.0
5700.0
5720.0
5740.0
5750.0
5760.0
5780.0
5800.0
5810.0
5830.0
5850.0
5870.0
5890.0
5910.0
5930.0
5940.0
5960.0
5980.0
6000.0
6010.0
6020.0
6040.0
6060.0
6080.0
6100.0
6120.0
6140.0
6160.0
6180.0
6200.0
6220.0
6240.0
6250.0
6260.0
6280.0
6300.0
6320.0
6330.0
6350.0
6370.0
6380.0
6390.0
6400.0
6410.0
6430.0
6450.0
6470.0
6480.0
6500.0
6520.0
6540.0
6560.0
6580.0
6590.0
6610.0
6630.0
6650.0
6670.0
6690.0
6710.0
6730.0
6750.0
6770.0
6770.0
6780.0
6800.0
6820.0
6840.0
6860.0
6880.0
6900.0
6910.0
6930.0
6950.0
6970.0
6990.0
7010.0
7030.0
7050.0
7070.0
7090.0
7110.0
7120.0
7140.0
7160.0
7170.0
7190.0
7210.0
7230.0
7250.0
7260.0
7270.0
7290.0
7310.0
7330.0
7350.0
7370.0
7390.0
7410.0
7430.0
7450.0
7460.0
7480.0
7500.0
7520.0
7530.0
7550.0
7570.0
7570.0
7580.0
7600.0
7620.0
7630.0
7650.0
7670.0
7690.0
7710.0
7730.0
7750.0
7770.0
7790.0
7810.0
7820.0
7840.0
7860.0
7880.0
7900.0
7920.0
7940.0
7960.0
7980.0
8000.0
8020.0
8040.0
8060.0
8080.0
8100.0
8120.0
8140.0
8160.0
8170.0
8190.0
8210.0
8230.0
8250.0
8270.0
8290.0
8310.0
8330.0
8350.0
8370.0
8390.0
8410.0
8430.0
8450.0
8460.0
8480.0
8500.0
8520.0
8540.0
8560.0
8580.0
8600.0
8610.0
8630.0
8650.0
8670.0
8690.0
8710.0
8730.0
8750.0
8770.0
8790.0
8810.0
8820.0
8840.0
8860.0
8880.0
8900.0
8910.0
8930.0
8940.0
8960.0
8980.0
9000.0
9020.0
9040.0
9060.0
9080.0
9100.0
9120.0
9140.0
9160.0
9180.0
9200.0
9220.0
9240.0
9260.0
9280.0
9300.0
9310.0
9330.0
9340.0
9360.0
9380.0
9400.0
9420.0
9430.0
9450.0
9470.0
9490.0
9510.0
9520.0
9540.0
9560.0
9580.0
9600.0
9620.0
9640.0
9660.0
9680.0
9700.0
9720.0
9740.0
9760.0
9780.0
9790.0
9810.0
9830.0
9850.0
9870.0
9880.0
9900.0
9920.0
9940.0
9960.0
9980.0
10000.0
10020.0
10040.0
10060.0
10080.0
10100.0
10120.0
10140.0
10160.0
10180.0
10200.0
10220.0
10220.0
10230.0
10250.0
10270.0
10290.0
10300.0
10320.0
10340.0
10360.0
10380.0
10400.0
10420.0
10440.0
10460.0
10480.0
10500.0
10520.0
10540.0
10560.0
10580.0
10600.0
10620.0
10640.0
10660.0
10680.0
10700.0
10720.0
10740.0
10760.0
10780.0
10800.0
10820.0
10840.0
10860.0
10880.0
10900.0
10920.0
10940.0
10960.0
10980.0
11000.0
11010.0
11020.0
11040.0
11050.0
11070.0
11090.0
11110.0
11130.0
11150.0
11170.0
11190.0
11210.0
11230.0
11250.0
11270.0
11290.0
11310.0
11330.0
11330.0
11350.0
11370.0
11390.0
11410.0
11430.0
11450.0
11470.0
11490.0
11510.0
11530.0
11550.0
11570.0
11590.0
11610.0
11630.0
11650.0
11670.0
11690.0
11710.0
11720.0
11740.0
11750.0
11770.0
11790.0
11810.0
11830.0
11850.0
11870.0
11890.0
11910.0
11930.0
11950.0
11970.0
11990.0
12010.0
12020.0
12040.0
12060.0
12080.0
12100.0
12120.0
12140.0
12150.0
12170.0
12190.0
12210.0
12230.0
12250.0
12270.0
12290.0
12310.0
12320.0
12340.0
12360.0
12360.0
12380.0
12400.0
12420.0
12440.0
12460.0
12480.0
12490.0
12510.0
12530.0
12540.0
12560.0
12580.0
12600.0
12620.0
12640.0
12660.0
12680.0
12700.0
12720.0
12740.0
12760.0
12760.0
12780.0
12800.0
12820.0
12830.0
12850.0
12860.0
12880.0
12900.0
12920.0
12940.0
12960.0
12980.0
13000.0
13020.0
13030.0
13050.0
13070.0
13090.0
13110.0
13130.0
13150.0
13170.0
13190.0
13210.0
13230.0
13250.0
13270.0
13290.0
13310.0
13330.0
13310.0
13330.0
13350.0
13370.0
13390.0
13410.0
13430.0
13450.0
13470.0
13490.0
13510.0
13520.0
13540.0
13560.0
13570.0
13590.0
13610.0
13630.0
13650.0
13670.0
13690.0
13710.0
13730.0
13750.0
13770.0
13790.0
13810.0
13830.0
13850.0
13870.0
13890.0
13910.0
13920.0
13920.0
13930.0
13940.0
13960.0
13980.0
14000.0
14020.0
14040.0
14050.0
14070.0
14080.0
14100.0
14110.0
14130.0
14150.0
14170.0
14190.0
14200.0
14220.0
14240.0
14260.0
14280.0
14300.0
14320.0
14340.0
14360.0
14380.0
14400.0
14420.0
14440.0
14440.0
14460.0
14480.0
14500.0
14520.0
14530.0
14550.0
14570.0
14590.0
14610.0
14630.0
14650.0
14670.0
14690.0
14710.0
14730.0
14750.0
14770.0
14790.0
14810.0
14830.0
14830.0
14850.0
14870.0
14890.0
14910.0
14930.0
14950.0
14970.0
14980.0
14990.0
15010.0
15030.0
15050.0
15070.0
15090.0
15110.0
15130.0
15150.0
15170.0
15190.0
15210.0
15230.0
15250.0
15270.0
15290.0
15310.0
15330.0
15350.0
15370.0
15390.0
15410.0
15430.0
15450.0
15470.0
15480.0
15500.0
15520.0
15540.0
15560.0
15570.0
15590.0
15610.0
15630.0
15640.0
15660.0
15670.0
15690.0
15710.0
15720.0
15730.0
15750.0
15770.0
15790.0
15800.0
15820.0
15840.0
15860.0
15880.0
15900.0
15920.0
15940.0
15960.0
15980.0
16000.0
16010.0
16030.0
16050.0
16070.0
16090.0
16090.0
16110.0
16130.0
16150.0
16160.0
16180.0
16200.0
16220.0
16240.0
16260.0
16280.0
16290.0
16310.0
16330.0
16350.0
16370.0
16390.0
16410.0
16430.0
16450.0
16460.0
16480.0
16500.0
16510.0
16530.0
16550.0
16570.0
16590.0
16610.0
16630.0
16650.0
16670.0
16690.0
16710.0
16720.0
16740.0
16760.0
16760.0
16780.0
16800.0
16820.0
16840.0
16860.0
16880.0
16890.0
16910.0
16920.0
16920.0
16940.0
16960.0
16980.0
17000.0
17020.0
17040.0
17050.0
17070.0
17090.0
17110.0
17130.0
17150.0
17170.0
17190.0
17200.0
17220.0
17240.0
17260.0
17280.0
17300.0
17320.0
17340.0
17360.0
17370.0
17390.0
17410.0
17430.0
17450.0
17470.0
17490.0
17510.0
17530.0
17540.0
17560.0
17580.0
17590.0
17610.0
17630.0
17650.0
17670.0
17690.0
17710.0
17730.0
17740.0
17750.0
17770.0
17790.0
17810.0
17830.0
17850.0
17870.0
17890.0
17910.0
17930.0
17950.0
17970.0
17990.0
18010.0
18030.0
18030.0
18040.0
18060.0
18080.0
18100.0
18120.0
18140.0
18160.0
18170.0
18190.0
18210.0
18230.0
18250.0
18270.0
18290.0
18300.0
18320.0
18340.0
18360.0
18380.0
18400.0
18420.0
18440.0
18460.0
18470.0
18490.0
18510.0
18530.0
18550.0
18570.0
18590.0
18610.0
18630.0
18650.0
18670.0
18690.0
18710.0
18730.0
18750.0
18770.0
18790.0
18810.0
18830.0
18850.0
18870.0
18890.0
18910.0
18930.0
18940.0
18960.0
18980.0
19000.0
19020.0
19040.0
19060.0
19080.0
19100.0
19120.0
19140.0
19160.0
19180.0
19190.0
19210.0
19230.0
19250.0
19270.0
19290.0
19310.0
19330.0
19350.0
19370.0
19390.0
19410.0
19430.0
19450.0
19470.0
19480.0
19500.0
19510.0
19530.0
19550.0
19570.0
19590.0
19610.0
19630.0
19650.0
19660.0
19680.0
19700.0
19720.0
19740.0
19760.0
19780.0
19800.0
19820.0
19830.0
19850.0
19860.0
19880.0
19900.0
19920.0
19940.0
19960.0
19970.0
19990.0
20010.0
20030.0
20050.0
20070.0
20090.0
20110.0
20130.0
20150.0
20170.0
20190.0
20210.0
20230.0
20250.0
20270.0
20290.0
20310.0
20330.0
20350.0
20360.0
20380.0
20400.0
20420.0
20440.0
20460.0
20460.0
20480.0
20500.0
20520.0
20540.0
20560.0
20580.0
20600.0
20620.0
20620.0
20640.0
20660.0
20680.0
20700.0
20720.0
20740.0
20760.0
20780.0
20800.0
20820.0
20830.0
20850.0
20870.0
20890.0
20910.0
20930.0
20950.0
20970.0
20990.0
21000.0
21020.0
21040.0
21060.0
21080.0
21080.0
21100.0
21110.0
21130.0
21150.0
21170.0
21180.0
21190.0
21210.0
21230.0
21250.0
21270.0
21290.0
21310.0
21330.0
21340.0
21360.0
21380.0
21400.0
21420.0
21440.0
21460.0
21480.0
21500.0
21510.0
21530.0
21550.0
21570.0
21590.0
21600.0
21620.0
21640.0
21660.0
21680.0
21700.0
21720.0
21740.0
21760.0
21780.0
21800.0
21820.0
21840.0
21860.0
21880.0
21900.0
21920.0
21940.0
21960.0
21980.0
22000.0
22020.0
22040.0
22060.0
22080.0
22100.0
22120.0
22140.0
22160.0
22180.0
22200.0
22220.0
22240.0
22260.0
22280.0
22300.0
22320.0
22340.0
22360.0
22380.0
22400.0
22410.0
22430.0
22450.0
22470.0
22490.0
22510.0
22530.0
22550.0
22570.0
22590.0
22610.0
22630.0
22650.0
22670.0
22690.0
22710.0
22730.0
22750.0
22760.0
22780.0
22800.0
22820.0
22840.0
22860.0
22880.0
22900.0
22920.0
22930.0
22950.0
22970.0
22980.0
23000.0
23020.0
23040.0
23060.0
23080.0
23100.0
23110.0
23130.0
23140.0
23160.0
23170.0
23190.0
23210.0
23230.0
23250.0
23270.0
23290.0
23310.0
23330.0
23350.0
23370.0
23390.0
23410.0
23430.0
23450.0
23470.0
23490.0
23510.0
23530.0
23550.0
23570.0
23590.0
23610.0
23630.0
23650.0
23670.0
23690.0
23710.0
23730.0
23750.0
23770.0
23790.0
23800.0
23820.0
23830.0
23850.0
23870.0
23890.0
23910.0
23930.0
23950.0
23970.0
23990.0
24010.0
24030.0
24050.0
24060.0
24080.0
24100.0
24120.0
24130.0
24140.0
24150.0
24170.0
24180.0
24200.0
24220.0
24220.0
24240.0
24260.0
24280.0
24290.0
24310.0
24330.0
24350.0
24370.0
24390.0
24410.0
24430.0
24450.0
24470.0
24490.0
24500.0
24510.0
24530.0
24550.0
24570.0
24590.0
24610.0
24630.0
24650.0
24670.0
24690.0
24710.0
24730.0
24750.0
24770.0
24790.0
24810.0
24830.0
24840.0
24860.0
24880.0
24900.0
24920.0
24920.0
24940.0
24960.0
24980.0
25000.0
25010.0
25030.0
25050.0
25070.0
25090.0
25110.0
25130.0
25150.0
25170.0
25190.0
25210.0
25220.0
25230.0
25250.0
25270.0
25290.0
25310.0
25330.0
25350.0
25370.0
25380.0
25390.0
25410.0
25430.0
25440.0
25460.0
25480.0
25500.0
25520.0
25530.0
25540.0
25550.0
25570.0
25590.0
25610.0
25630.0
25650.0
25670.0
25690.0
25710.0
25730.0
25750.0
25770.0
25780.0
25790.0
25810.0
25830.0
25850.0
25870.0
25890.0
25910.0
25930.0
25950.0
25970.0
25990.0
26000.0
26020.0
26040.0
26060.0
26070.0
26090.0
26110.0
26130.0
26150.0
26170.0
26190.0
26210.0
26230.0
26250.0
26270.0
26290.0
26310.0
26330.0
26340.0
26360.0
26370.0
26390.0
26410.0
26430.0
26450.0
26470.0
26490.0
26510.0
26530.0
26550.0
26570.0
26580.0
26600.0
26620.0
26640.0
26660.0
26680.0
26690.0
26710.0
26730.0
26740.0
26760.0
26770.0
26790.0
26810.0
26830.0
26850.0
26870.0
26890.0
