a = 0.5
g = 0.5
e = 0.1
random initial weights = true

-210.0
-320.0
-400.0
-520.0
-560.0
-630.0
-650.0
-680.0
-670.0
-680.0
-670.0
-660.0
-660.0
-650.0
-630.0
-610.0
-590.0
-580.0
-560.0
-540.0
-530.0
-510.0
-490.0
-470.0
-460.0
-440.0
-440.0
-420.0
-400.0
-380.0
-360.0
-350.0
-350.0
-330.0
-310.0
-300.0
-280.0
-260.0
-240.0
-220.0
-200.0
-190.0
-170.0
-150.0
-130.0
-110.0
-90.0
-70.0
-50.0
-40.0
-20.0
0.0
20.0
40.0
60.0
80.0
100.0
120.0
140.0
150.0
170.0
190.0
210.0
230.0
250.0
270.0
290.0
300.0
320.0
330.0
350.0
360.0
380.0
400.0
420.0
430.0
450.0
470.0
490.0
510.0
530.0
550.0
560.0
570.0
590.0
610.0
630.0
650.0
670.0
690.0
700.0
720.0
740.0
760.0
780.0
800.0
810.0
830.0
850.0
870.0
890.0
910.0
910.0
930.0
950.0
960.0
980.0
1000.0
1020.0
1040.0
1060.0
1080.0
1100.0
1120.0
1130.0
1150.0
1170.0
1190.0
1210.0
1230.0
1250.0
1260.0
1280.0
1300.0
1320.0
1330.0
1340.0
1360.0
1380.0
1400.0
1420.0
1440.0
1460.0
1480.0
1500.0
1520.0
1540.0
1560.0
1580.0
1600.0
1620.0
1640.0
1660.0
1680.0
1700.0
1720.0
1740.0
1750.0
1770.0
1780.0
1800.0
1810.0
1830.0
1840.0
1860.0
1880.0
1900.0
1910.0
1930.0
1950.0
1970.0
1990.0
2010.0
2030.0
2050.0
2070.0
2090.0
2110.0
2130.0
2150.0
2170.0
2170.0
2190.0
2210.0
2230.0
2250.0
2270.0
2290.0
2310.0
2330.0
2350.0
2370.0
2390.0
2410.0
2430.0
2450.0
2470.0
2490.0
2510.0
2520.0
2540.0
2550.0
2570.0
2590.0
2610.0
2630.0
2650.0
2670.0
2690.0
2710.0
2730.0
2730.0
2750.0
2770.0
2780.0
2800.0
2820.0
2840.0
2860.0
2870.0
2890.0
2910.0
2930.0
2950.0
2970.0
2990.0
3010.0
3030.0
3050.0
3070.0
3090.0
3110.0
3130.0
3140.0
3160.0
3180.0
3200.0
3220.0
3230.0
3250.0
3270.0
3290.0
3310.0
3330.0
3350.0
3370.0
3390.0
3400.0
3420.0
3440.0
3460.0
3480.0
3500.0
3520.0
3520.0
3540.0
3560.0
3580.0
3600.0
3620.0
3640.0
3660.0
3680.0
3700.0
3720.0
3740.0
3760.0
3780.0
3790.0
3810.0
3830.0
3850.0
3870.0
3890.0
3910.0
3930.0
3950.0
3970.0
3990.0
4010.0
4030.0
4050.0
4070.0
4080.0
4090.0
4110.0
4130.0
4150.0
4170.0
4190.0
4210.0
4230.0
4250.0
4270.0
4290.0
4310.0
4330.0
4330.0
4340.0
4350.0
4370.0
4390.0
4410.0
4420.0
4440.0
4450.0
4470.0
4490.0
4510.0
4520.0
4540.0
4560.0
4580.0
4590.0
4610.0
4630.0
4650.0
4670.0
4690.0
4710.0
4730.0
4750.0
4760.0
4780.0
4800.0
4820.0
4840.0
4860.0
4870.0
4890.0
4910.0
4920.0
4940.0
4950.0
4970.0
4990.0
5010.0
5030.0
5050.0
5070.0
5090.0
5110.0
5130.0
5150.0
5170.0
5180.0
5200.0
5220.0
5230.0
5250.0
5270.0
5290.0
5300.0
5320.0
5340.0
5350.0
5360.0
5380.0
5390.0
5410.0
5420.0
5430.0
5450.0
5470.0
5460.0
5480.0
5500.0
5520.0
5540.0
5560.0
5580.0
5600.0
5620.0
5640.0
5660.0
5680.0
5700.0
5720.0
5730.0
5750.0
5770.0
5790.0
5810.0
5830.0
5850.0
5870.0
5890.0
5910.0
5930.0
5940.0
5950.0
5970.0
5990.0
6010.0
6020.0
6040.0
6060.0
6080.0
6100.0
6120.0
6140.0
6160.0
6180.0
6200.0
6220.0
6240.0
6260.0
6280.0
6290.0
6310.0
6330.0
6350.0
6370.0
6380.0
6400.0
6420.0
6440.0
6450.0
6470.0
6490.0
6510.0
6530.0
6550.0
6570.0
6590.0
6610.0
6630.0
6650.0
6670.0
6690.0
6710.0
6730.0
6730.0
6750.0
6770.0
6790.0
6810.0
6830.0
6850.0
6870.0
6890.0
6910.0
6930.0
6950.0
6960.0
6980.0
7000.0
7010.0
7030.0
7050.0
7070.0
7090.0
7110.0
7130.0
7140.0
7160.0
7180.0
7200.0
7220.0
7240.0
7260.0
7280.0
7300.0
7320.0
7330.0
7350.0
7370.0
7390.0
7410.0
7430.0
7450.0
7470.0
7490.0
7510.0
7510.0
7530.0
7550.0
7570.0
7590.0
7610.0
7630.0
7650.0
7670.0
7690.0
7710.0
7720.0
7740.0
7760.0
7780.0
7800.0
7820.0
7840.0
7860.0
7880.0
7900.0
7920.0
7940.0
7960.0
7980.0
8000.0
8010.0
8030.0
8050.0
8070.0
8090.0
8110.0
8130.0
8150.0
8170.0
8190.0
8210.0
8230.0
8250.0
8270.0
8290.0
8310.0
8330.0
8350.0
8370.0
8390.0
8410.0
8430.0
8450.0
8470.0
8490.0
8510.0
8530.0
8540.0
8560.0
8580.0
8590.0
8610.0
8630.0
8650.0
8670.0
8690.0
8710.0
8730.0
8750.0
8770.0
8790.0
8810.0
8820.0
8840.0
8840.0
8850.0
8870.0
8890.0
8910.0
8930.0
8950.0
8970.0
8990.0
9010.0
9030.0
9050.0
9070.0
9090.0
9110.0
9130.0
9150.0
9170.0
9190.0
9210.0
9230.0
9240.0
9260.0
9280.0
9300.0
9320.0
9340.0
9360.0
9380.0
9400.0
9420.0
9440.0
9460.0
9480.0
9500.0
9520.0
9540.0
9560.0
9580.0
9600.0
9620.0
9640.0
9660.0
9680.0
9700.0
9720.0
9740.0
9760.0
9780.0
9800.0
9810.0
9830.0
9850.0
9870.0
9890.0
9910.0
9930.0
9950.0
9970.0
9990.0
10010.0
10030.0
10050.0
10070.0
10090.0
10110.0
10130.0
10150.0
10160.0
10180.0
10200.0
10210.0
10230.0
10250.0
10260.0
10280.0
10300.0
10310.0
10330.0
10350.0
10370.0
10390.0
10410.0
10430.0
10450.0
10470.0
10480.0
10500.0
10520.0
10540.0
10560.0
10580.0
10600.0
10620.0
10640.0
10650.0
10660.0
10680.0
10700.0
10720.0
10740.0
10760.0
10780.0
10790.0
10810.0
10830.0
10840.0
10860.0
10880.0
10900.0
10920.0
10940.0
10960.0
10980.0
11000.0
11020.0
11030.0
11050.0
11070.0
11090.0
11110.0
11120.0
11140.0
11160.0
11180.0
11200.0
11210.0
11230.0
11250.0
11270.0
11290.0
11300.0
11320.0
11340.0
11360.0
11380.0
11400.0
11420.0
11440.0
11450.0
11460.0
11480.0
11500.0
11520.0
11540.0
11560.0
11580.0
11600.0
11620.0
11640.0
11660.0
11680.0
11700.0
11720.0
11740.0
11760.0
11780.0
11800.0
11820.0
11830.0
11850.0
11870.0
11890.0
11910.0
11930.0
11950.0
11970.0
11980.0
11990.0
12010.0
12030.0
12050.0
12060.0
12050.0
12070.0
12090.0
12110.0
12130.0
12150.0
12170.0
12190.0
12210.0
12230.0
12250.0
12270.0
12290.0
12310.0
12330.0
12350.0
12360.0
12380.0
12400.0
12420.0
12440.0
12460.0
12480.0
12500.0
12520.0
12540.0
12560.0
12580.0
12600.0
12620.0
12640.0
12660.0
12680.0
12690.0
12710.0
12730.0
12750.0
12770.0
12790.0
12800.0
12820.0
12830.0
12850.0
12870.0
12890.0
12910.0
12930.0
12950.0
12970.0
12990.0
13010.0
13030.0
13050.0
13070.0
13080.0
13100.0
13110.0
13130.0
13150.0
13160.0
13170.0
13190.0
13210.0
13230.0
13250.0
13270.0
13290.0
13310.0
13330.0
13350.0
13370.0
13390.0
13410.0
13430.0
13450.0
13470.0
13490.0
13510.0
13520.0
13540.0
13560.0
13580.0
13600.0
13620.0
13640.0
13650.0
13670.0
13690.0
13710.0
13730.0
13750.0
13770.0
13790.0
13810.0
13830.0
13850.0
13870.0
13890.0
13910.0
13930.0
13950.0
13970.0
13990.0
14010.0
14030.0
14050.0
14070.0
14080.0
14100.0
14120.0
14140.0
14160.0
14180.0
14200.0
14220.0
14240.0
14260.0
14280.0
14300.0
14320.0
14340.0
14360.0
14380.0
14400.0
14420.0
14440.0
14460.0
14470.0
14490.0
14510.0
14530.0
14550.0
14570.0
14590.0
14610.0
14630.0
14650.0
14670.0
14690.0
14710.0
14730.0
14740.0
14760.0
14780.0
14800.0
14820.0
14840.0
14860.0
14880.0
14900.0
14920.0
14940.0
14960.0
14980.0
15000.0
15010.0
15030.0
15050.0
15060.0
15080.0
15100.0
15120.0
15140.0
15160.0
15180.0
15200.0
15220.0
15240.0
15260.0
15280.0
15300.0
15320.0
15340.0
15360.0
15380.0
15400.0
15420.0
15440.0
15460.0
15480.0
15500.0
15510.0
15530.0
15550.0
15570.0
15590.0
15610.0
15630.0
15650.0
15650.0
15670.0
15690.0
15710.0
15730.0
15750.0
15760.0
15780.0
15800.0
15810.0
15820.0
15840.0
15860.0
15880.0
15900.0
15920.0
15940.0
15960.0
15980.0
16000.0
16020.0
16040.0
16060.0
16080.0
16100.0
16120.0
16140.0
16160.0
16180.0
16200.0
16220.0
16240.0
16260.0
16250.0
16270.0
16290.0
16310.0
16330.0
16350.0
16370.0
16390.0
16410.0
16430.0
16450.0
16470.0
16490.0
16510.0
16530.0
16550.0
16570.0
16590.0
16600.0
16620.0
16640.0
16660.0
16670.0
16690.0
16700.0
16720.0
16740.0
16750.0
16770.0
16790.0
16810.0
16810.0
16830.0
16840.0
16860.0
16880.0
16900.0
16920.0
16940.0
16950.0
16970.0
16990.0
17000.0
17020.0
17040.0
17060.0
17040.0
17060.0
17080.0
17100.0
17120.0
17140.0
17160.0
17160.0
17180.0
17200.0
17220.0
17240.0
17260.0
17270.0
17270.0
17290.0
17310.0
17330.0
17340.0
17360.0
17380.0
17400.0
17420.0
17440.0
17460.0
17480.0
17500.0
17520.0
17540.0
17560.0
17580.0
17600.0
17620.0
17640.0
17660.0
17680.0
17700.0
17720.0
17740.0
17760.0
17780.0
17800.0
17820.0
17840.0
17860.0
17870.0
17890.0
17910.0
17930.0
17940.0
17960.0
17980.0
18000.0
18020.0
18040.0
18060.0
18080.0
18100.0
18120.0
18140.0
18160.0
18180.0
18200.0
18220.0
18230.0
18240.0
18260.0
18280.0
18300.0
18320.0
18340.0
18360.0
18380.0
18400.0
18420.0
18440.0
18450.0
18470.0
18490.0
18510.0
18530.0
18550.0
18570.0
18590.0
18610.0
18630.0
18650.0
18670.0
18680.0
18700.0
18720.0
18740.0
18760.0
18780.0
18800.0
18820.0
18840.0
18860.0
18880.0
18900.0
18920.0
18940.0
18960.0
18980.0
19000.0
19010.0
19020.0
19040.0
19060.0
19070.0
19090.0
19110.0
19130.0
19150.0
19170.0
19180.0
19190.0
19210.0
19230.0
19250.0
19260.0
19280.0
19290.0
19310.0
19330.0
19350.0
19370.0
19390.0
19400.0
19420.0
19440.0
19450.0
19470.0
19490.0
19510.0
19530.0
19550.0
19560.0
19580.0
19600.0
19620.0
19640.0
19650.0
19670.0
19690.0
19700.0
19720.0
19740.0
19760.0
19780.0
19800.0
19810.0
19830.0
19850.0
19870.0
19890.0
19910.0
19930.0
19940.0
19960.0
19980.0
20000.0
20020.0
20040.0
20060.0
20080.0
20100.0
20120.0
20140.0
20160.0
20170.0
20190.0
20210.0
20230.0
20240.0
20260.0
20280.0
20300.0
20320.0
20340.0
20360.0
20370.0
20380.0
20400.0
20410.0
20430.0
20450.0
20470.0
20490.0
20510.0
20530.0
20540.0
20550.0
20570.0
20590.0
20610.0
20620.0
20640.0
20660.0
20670.0
20680.0
20700.0
20720.0
20740.0
20760.0
20780.0
20790.0
20810.0
20830.0
20850.0
20860.0
20880.0
20900.0
20920.0
20940.0
20960.0
20970.0
20990.0
21010.0
21030.0
21050.0
21070.0
21090.0
21110.0
21130.0
21150.0
21170.0
21190.0
21210.0
21230.0
21250.0
21260.0
21280.0
21300.0
21320.0
21340.0
21360.0
21380.0
21400.0
21410.0
21430.0
21450.0
21470.0
21490.0
21510.0
21510.0
21530.0
21550.0
21560.0
21580.0
21600.0
21620.0
21640.0
21660.0
21680.0
21700.0
21720.0
21740.0
21760.0
21780.0
21800.0
21820.0
21830.0
21850.0
21870.0
21890.0
21910.0
21930.0
21950.0
21970.0
21980.0
22000.0
22020.0
22040.0
22060.0
22080.0
22100.0
22120.0
22140.0
22160.0
22180.0
22200.0
22220.0
22240.0
22260.0
22270.0
22290.0
22310.0
22320.0
22340.0
22360.0
22380.0
22400.0
22420.0
22440.0
22460.0
22480.0
22500.0
22520.0
22540.0
22560.0
22580.0
22600.0
22610.0
22630.0
22650.0
22670.0
22690.0
22700.0
22720.0
22740.0
22760.0
22780.0
22800.0
22820.0
22840.0
22860.0
22880.0
22900.0
22920.0
22940.0
22960.0
22980.0
23000.0
23020.0
23040.0
23060.0
23080.0
23100.0
23120.0
23140.0
23160.0
23180.0
23200.0
23220.0
23240.0
23260.0
23280.0
23300.0
23320.0
23340.0
23360.0
23380.0
23400.0
23420.0
23440.0
23460.0
23470.0
23490.0
23510.0
23520.0
23530.0
23550.0
23570.0
23570.0
23590.0
23610.0
23630.0
23650.0
23670.0
23690.0
23710.0
23730.0
23740.0
23760.0
23780.0
23800.0
23820.0
23840.0
23850.0
23870.0
23890.0
23910.0
23920.0
23940.0
23950.0
23970.0
23990.0
24000.0
24020.0
24040.0
24060.0
24080.0
24100.0
24120.0
24140.0
24150.0
24170.0
24190.0
24210.0
24230.0
24240.0
24260.0
24260.0
24280.0
24300.0
24320.0
24340.0
24360.0
24370.0
24390.0
24410.0
24430.0
24450.0
24470.0
24490.0
24510.0
24530.0
24550.0
24570.0
24590.0
24610.0
24630.0
24650.0
24660.0
24680.0
24700.0
24710.0
24730.0
24750.0
24770.0
24790.0
24810.0
24820.0
24840.0
24860.0
24880.0
24900.0
24920.0
24940.0
24960.0
24980.0
25000.0
25020.0
25030.0
25050.0
25070.0
25090.0
25110.0
25130.0
25150.0
25170.0
25190.0
25210.0
25230.0
25250.0
25270.0
25290.0
25310.0
25320.0
25340.0
25360.0
25380.0
25400.0
25420.0
25440.0
25450.0
25470.0
25490.0
25510.0
25530.0
25550.0
25570.0
25590.0
25610.0
25630.0
25650.0
25670.0
25680.0
25700.0
25720.0
25740.0
25760.0
25770.0
25790.0
25810.0
25830.0
25850.0
25860.0
25880.0
25900.0
25920.0
25940.0
25960.0
25980.0
26000.0
26020.0
26040.0
26050.0
26070.0
26090.0
26110.0
26130.0
26150.0
26170.0
26190.0
26210.0
26230.0
26240.0
26260.0
26280.0
26300.0
26310.0
26330.0
26350.0
26370.0
26390.0
26400.0
26410.0
26420.0
26440.0
26460.0
26480.0
26500.0
26510.0
26530.0
26550.0
26570.0
26590.0
26610.0
26620.0
26640.0
26660.0
26670.0
26690.0
