a = 0.2
g = 0.5
e = 0.5
random initial weights = true

-5250.0
-5290.0
-5360.0
-5460.0
-5490.0
-5620.0
-5690.0
-5830.0
-5940.0
-5960.0
-6010.0
-6120.0
-6410.0
-6480.0
-6560.0
-6600.0
-6840.0
-6830.0
-6820.0
-6830.0
-6890.0
-6930.0
-6920.0
-6960.0
-6990.0
-7130.0
-7270.0
-7280.0
-7270.0
-7400.0
-7410.0
-7450.0
-7450.0
-7520.0
-7560.0
-7550.0
-7610.0
-7700.0
-7720.0
-7770.0
-7780.0
-7820.0
-7890.0
-7930.0
-7930.0
-7970.0
-7970.0
-7990.0
-8000.0
-8030.0
-8040.0
-8030.0
-8090.0
-8090.0
-8100.0
-8160.0
-8340.0
-8490.0
-8550.0
-8550.0
-8560.0
-8640.0
-8660.0
-8660.0
-8650.0
-8680.0
-8740.0
-8740.0
-8770.0
-8780.0
-8810.0
-8810.0
-8820.0
-9020.0
-9020.0
-9000.0
-9020.0
-9070.0
-9070.0
-9050.0
-9050.0
-9070.0
-9110.0
-9090.0
-9110.0
-9120.0
-9150.0
-9130.0
-9170.0
-9220.0
-9230.0
-9220.0
-9260.0
-9250.0
-9230.0
-9260.0
-9270.0
-9280.0
-9290.0
-9280.0
-9280.0
-9270.0
-9270.0
-9250.0
-9260.0
-9290.0
-9310.0
-9300.0
-9290.0
-9300.0
-9300.0
-9290.0
-9270.0
-9290.0
-9300.0
-9280.0
-9290.0
-9280.0
-9290.0
-9330.0
-9340.0
-9330.0
-9310.0
-9320.0
-9340.0
-9400.0
-9470.0
-9450.0
-9450.0
-9440.0
-9420.0
-9400.0
-9410.0
-9490.0
-9480.0
-9460.0
-9470.0
-9450.0
-9440.0
-9460.0
-9450.0
-9440.0
-9420.0
-9410.0
-9430.0
-9440.0
-9450.0
-9440.0
-9450.0
-9450.0
-9470.0
-9470.0
-9470.0
-9600.0
-9610.0
-9660.0
-9680.0
-9680.0
-9680.0
-9660.0
-9670.0
-9670.0
-9660.0
-9650.0
-9640.0
-9630.0
-9620.0
-9600.0
-9590.0
-9620.0
-9610.0
-9600.0
-9600.0
-9610.0
-9610.0
-9590.0
-9580.0
-9610.0
-9590.0
-9570.0
-9560.0
-9620.0
-9600.0
-9630.0
-9660.0
-9650.0
-9640.0
-9680.0
-9660.0
-9680.0
-9720.0
-9730.0
-9730.0
-9710.0
-9720.0
-9700.0
-9680.0
-9670.0
-9680.0
-9680.0
-9690.0
-9670.0
-9690.0
-9680.0
-9670.0
-9690.0
-9670.0
-9690.0
-9700.0
-9710.0
-9730.0
-9750.0
-9730.0
-9720.0
-9700.0
-9690.0
-9670.0
-9680.0
-9700.0
-9690.0
-9700.0
-9680.0
-9660.0
-9640.0
-9630.0
-9630.0
-9630.0
-9630.0
-9630.0
-9720.0
-9710.0
-9690.0
-9690.0
-9700.0
-9680.0
-9710.0
-9700.0
-9700.0
-9700.0
-9730.0
-9710.0
-9740.0
-9740.0
-9760.0
-9750.0
-9760.0
-9740.0
-9720.0
-9730.0
-9710.0
-9700.0
-9730.0
-9740.0
-9730.0
-9710.0
-9700.0
-9690.0
-9710.0
-9690.0
-9680.0
-9730.0
-9760.0
-9770.0
-9750.0
-9760.0
-9760.0
-9740.0
-9720.0
-9700.0
-9690.0
-9750.0
-9760.0
-9770.0
-9760.0
-9750.0
-9730.0
-9710.0
-9710.0
-9690.0
-9740.0
-9750.0
-9730.0
-9730.0
-9710.0
-9710.0
-9740.0
-9770.0
-9820.0
-9820.0
-9850.0
-9830.0
-9850.0
-9860.0
-9840.0
-9850.0
-9860.0
-9840.0
-9820.0
-9810.0
-9810.0
-9790.0
-9770.0
-9760.0
-9760.0
-9760.0
-9770.0
-9780.0
-9820.0
-9830.0
-9840.0
-9830.0
-9810.0
-9840.0
-9840.0
-9840.0
-9860.0
-9870.0
-9890.0
-9880.0
-9880.0
-9870.0
-9860.0
-9850.0
-9870.0
-9880.0
-9890.0
-9900.0
-9880.0
-9870.0
-9850.0
-9890.0
-9910.0
-9900.0
-9950.0
-9930.0
-9950.0
-9930.0
-9930.0
-9920.0
-9940.0
-9930.0
-9930.0
-9920.0
-9940.0
-9970.0
-9960.0
-9960.0
-9960.0
-9960.0
-9950.0
-9960.0
-10090.0
-10080.0
-10080.0
-10070.0
-10170.0
-10220.0
-10240.0
-10280.0
-10290.0
-10270.0
-10250.0
-10240.0
-10260.0
-10250.0
-10240.0
-10220.0
-10250.0
-10270.0
-10250.0
-10260.0
-10280.0
-10290.0
-10290.0
-10290.0
-10280.0
-10260.0
-10250.0
-10280.0
-10270.0
-10270.0
-10260.0
-10250.0
-10240.0
-10220.0
-10290.0
-10290.0
-10270.0
-10270.0
-10260.0
-10270.0
-10260.0
-10260.0
-10250.0
-10250.0
-10230.0
-10210.0
-10190.0
-10200.0
-10180.0
-10170.0
-10190.0
-10180.0
-10220.0
-10220.0
-10200.0
-10190.0
-10190.0
-10190.0
-10200.0
-10180.0
-10190.0
-10170.0
-10150.0
-10140.0
-10150.0
-10140.0
-10130.0
-10120.0
-10130.0
-10120.0
-10130.0
-10130.0
-10120.0
-10150.0
-10140.0
-10160.0
-10170.0
-10150.0
-10170.0
-10160.0
-10180.0
-10170.0
-10170.0
-10190.0
-10180.0
-10180.0
-10190.0
-10170.0
-10170.0
-10150.0
-10140.0
-10140.0
-10120.0
-10130.0
-10130.0
-10120.0
-10110.0
-10100.0
-10080.0
-10120.0
-10100.0
-10080.0
-10060.0
-10060.0
-10040.0
-10030.0
-10050.0
-10050.0
-10050.0
-10050.0
-10050.0
-10040.0
-10080.0
-10070.0
-10050.0
-10080.0
-10070.0
-10050.0
-10030.0
-10020.0
-10020.0
-10000.0
-9990.0
-9980.0
-9970.0
-9970.0
-9980.0
-9980.0
-9960.0
-9970.0
-9990.0
-9990.0
-9970.0
-9960.0
-9970.0
-9950.0
-9960.0
-9970.0
-9960.0
-9950.0
-9940.0
-9930.0
-9920.0
-9910.0
-9920.0
-9980.0
-9960.0
-9950.0
-9930.0
-9910.0
-9900.0
-9940.0
-9950.0
-9950.0
-9930.0
-9930.0
-9930.0
-9930.0
-9930.0
-9920.0
-9900.0
-9890.0
-9870.0
-9850.0
-9860.0
-9840.0
-9830.0
-9810.0
-9830.0
-9820.0
-9800.0
-9810.0
-9800.0
-9810.0
-9800.0
-9780.0
-9780.0
-9760.0
-9740.0
-9750.0
-9770.0
-9760.0
-9780.0
-9790.0
-9800.0
-9800.0
-9830.0
-9820.0
-9820.0
-9810.0
-9810.0
-9810.0
-9830.0
-9830.0
-9810.0
-9810.0
-9830.0
-9820.0
-9830.0
-9830.0
-9820.0
-9840.0
-9820.0
-9860.0
-9840.0
-9830.0
-9850.0
-9840.0
-9840.0
-9850.0
-9840.0
-9840.0
-9830.0
-9840.0
-9840.0
-9820.0
-9810.0
-9800.0
-9790.0
-9800.0
-9810.0
-9790.0
-9770.0
-9750.0
-9760.0
-9750.0
-9730.0
-9720.0
-9710.0
-9750.0
-9760.0
-9750.0
-9730.0
-9770.0
-9750.0
-9740.0
-9760.0
-9780.0
-9770.0
-9750.0
-9730.0
-9720.0
-9730.0
-9730.0
-9740.0
-9730.0
-9730.0
-9720.0
-9720.0
-9700.0
-9680.0
-9680.0
-9660.0
-9650.0
-9630.0
-9650.0
-9640.0
-9640.0
-9640.0
-9650.0
-9650.0
-9640.0
-9630.0
-9620.0
-9630.0
-9630.0
-9620.0
-9610.0
-9590.0
-9600.0
-9580.0
-9570.0
-9590.0
-9610.0
-9590.0
-9610.0
-9640.0
-9630.0
-9630.0
-9630.0
-9620.0
-9610.0
-9600.0
-9590.0
-9580.0
-9570.0
-9560.0
-9560.0
-9550.0
-9540.0
-9530.0
-9510.0
-9500.0
-9490.0
-9520.0
-9520.0
-9500.0
-9490.0
-9500.0
-9490.0
-9470.0
-9470.0
-9480.0
-9470.0
-9460.0
-9460.0
-9500.0
-9480.0
-9470.0
-9470.0
-9450.0
-9440.0
-9420.0
-9430.0
-9430.0
-9450.0
-9480.0
-9480.0
-9460.0
-9460.0
-9440.0
-9460.0
-9470.0
-9450.0
-9490.0
-9510.0
-9570.0
-9560.0
-9570.0
-9570.0
-9560.0
-9560.0
-9580.0
-9560.0
-9590.0
-9600.0
-9590.0
-9610.0
-9610.0
-9590.0
-9580.0
-9580.0
-9560.0
-9610.0
-9620.0
-9600.0
-9590.0
-9630.0
-9660.0
-9660.0
-9650.0
-9630.0
-9620.0
-9610.0
-9620.0
-9610.0
-9610.0
-9590.0
-9590.0
-9610.0
-9590.0
-9570.0
-9550.0
-9530.0
-9510.0
-9490.0
-9510.0
-9520.0
-9560.0
-9570.0
-9570.0
-9560.0
-9580.0
-9580.0
-9570.0
-9560.0
-9600.0
-9610.0
-9630.0
-9660.0
-9650.0
-9660.0
-9670.0
-9700.0
-9690.0
-9670.0
-9680.0
-9680.0
-9670.0
-9650.0
-9640.0
-9620.0
-9610.0
-9630.0
-9630.0
-9660.0
-9650.0
-9650.0
-9630.0
-9660.0
-9650.0
-9630.0
-9660.0
-9650.0
-9660.0
-9650.0
-9640.0
-9640.0
-9620.0
-9610.0
-9620.0
-9620.0
-9610.0
-9600.0
-9610.0
-9600.0
-9610.0
-9610.0
-9600.0
-9630.0
-9620.0
-9640.0
-9620.0
-9660.0
-9650.0
-9670.0
-9660.0
-9640.0
-9620.0
-9600.0
-9580.0
-9570.0
-9570.0
-9550.0
-9560.0
-9540.0
-9520.0
-9500.0
-9480.0
-9500.0
-9490.0
-9490.0
-9480.0
-9470.0
-9470.0
-9480.0
-9470.0
-9450.0
-9430.0
-9430.0
-9420.0
-9450.0
-9490.0
-9470.0
-9490.0
-9510.0
-9490.0
-9500.0
-9490.0
-9510.0
-9500.0
-9500.0
-9540.0
-9530.0
-9530.0
-9520.0
-9500.0
-9500.0
-9540.0
-9550.0
-9530.0
-9540.0
-9530.0
-9520.0
-9510.0
-9510.0
-9520.0
-9500.0
-9480.0
-9490.0
-9470.0
-9460.0
-9470.0
-9470.0
-9470.0
-9500.0
-9500.0
-9500.0
-9500.0
-9500.0
-9500.0
-9480.0
-9500.0
-9490.0
-9470.0
-9520.0
-9510.0
-9510.0
-9490.0
-9520.0
-9530.0
-9530.0
-9530.0
-9540.0
-9530.0
-9510.0
-9500.0
-9530.0
-9520.0
-9510.0
-9490.0
-9470.0
-9490.0
-9490.0
-9500.0
-9560.0
-9540.0
-9530.0
-9520.0
-9500.0
-9480.0
-9500.0
-9480.0
-9480.0
-9470.0
-9450.0
-9460.0
-9440.0
-9440.0
-9490.0
-9480.0
-9480.0
-9460.0
-9440.0
-9430.0
-9410.0
-9410.0
-9400.0
-9390.0
-9420.0
-9410.0
-9440.0
-9420.0
-9420.0
-9420.0
-9400.0
-9400.0
-9390.0
-9370.0
-9430.0
-9440.0
-9450.0
-9440.0
-9430.0
-9410.0
-9400.0
-9380.0
-9400.0
-9400.0
-9420.0
-9410.0
-9420.0
-9430.0
-9410.0
-9410.0
-9390.0
-9380.0
-9390.0
-9410.0
-9400.0
-9420.0
-9420.0
-9410.0
-9400.0
-9410.0
-9410.0
-9400.0
-9410.0
-9410.0
-9400.0
-9430.0
-9440.0
-9420.0
-9410.0
-9400.0
-9410.0
-9410.0
-9420.0
-9430.0
-9450.0
-9470.0
-9450.0
-9430.0
-9440.0
-9420.0
-9420.0
-9420.0
-9420.0
-9420.0
-9420.0
-9420.0
-9410.0
-9400.0
-9400.0
-9410.0
-9390.0
-9380.0
-9370.0
-9360.0
-9340.0
-9360.0
-9350.0
-9330.0
-9330.0
-9330.0
-9350.0
-9370.0
-9380.0
-9360.0
-9390.0
-9370.0
-9350.0
-9340.0
-9330.0
-9320.0
-9340.0
-9340.0
-9360.0
-9360.0
-9350.0
-9330.0
-9310.0
-9350.0
-9350.0
-9350.0
-9360.0
-9340.0
-9320.0
-9310.0
-9350.0
-9330.0
-9350.0
-9350.0
-9330.0
-9340.0
-9330.0
-9340.0
-9350.0
-9350.0
-9330.0
-9340.0
-9360.0
-9340.0
-9360.0
-9340.0
-9340.0
-9330.0
-9330.0
-9350.0
-9370.0
-9400.0
-9380.0
-9360.0
-9340.0
-9350.0
-9360.0
-9350.0
-9400.0
-9420.0
-9440.0
-9460.0
-9470.0
-9460.0
-9450.0
-9430.0
-9440.0
-9470.0
-9450.0
-9450.0
-9430.0
-9450.0
-9440.0
-9430.0
-9410.0
-9400.0
-9430.0
-9420.0
-9420.0
-9430.0
-9420.0
-9410.0
-9390.0
-9390.0
-9380.0
-9370.0
-9360.0
-9390.0
-9380.0
-9370.0
-9390.0
-9380.0
-9370.0
-9360.0
-9370.0
-9390.0
-9390.0
-9390.0
-9390.0
-9370.0
-9370.0
-9410.0
-9410.0
-9400.0
-9380.0
-9390.0
-9380.0
-9380.0
-9380.0
-9380.0
-9380.0
-9370.0
-9360.0
-9360.0
-9350.0
-9340.0
-9370.0
-9370.0
-9370.0
-9350.0
-9370.0
-9380.0
-9380.0
-9390.0
-9400.0
-9380.0
-9370.0
-9370.0
-9400.0
-9400.0
-9400.0
-9400.0
-9390.0
-9380.0
-9370.0
-9390.0
-9380.0
-9360.0
-9350.0
-9390.0
-9430.0
-9420.0
-9410.0
-9400.0
-9390.0
-9410.0
-9390.0
-9450.0
-9430.0
-9430.0
-9410.0
-9400.0
-9400.0
-9380.0
-9410.0
-9390.0
-9400.0
-9410.0
-9390.0
-9380.0
-9400.0
-9380.0
-9360.0
-9360.0
-9340.0
-9330.0
-9320.0
-9320.0
-9390.0
-9380.0
-9380.0
-9390.0
-9430.0
-9450.0
-9490.0
-9480.0
-9460.0
-9450.0
-9460.0
-9460.0
-9460.0
-9440.0
-9420.0
-9410.0
-9410.0
-9410.0
-9390.0
-9370.0
-9400.0
-9380.0
-9400.0
-9400.0
-9400.0
-9380.0
-9370.0
-9360.0
-9370.0
-9380.0
-9370.0
-9360.0
-9360.0
-9360.0
-9340.0
-9330.0
-9330.0
-9310.0
-9340.0
-9320.0
-9310.0
-9320.0
-9310.0
-9300.0
-9310.0
-9300.0
-9320.0
-9310.0
-9320.0
-9320.0
-9320.0
-9330.0
-9310.0
-9300.0
-9300.0
-9340.0
-9320.0
-9310.0
-9320.0
-9320.0
-9320.0
-9310.0
-9300.0
-9310.0
-9320.0
-9310.0
-9290.0
-9300.0
-9300.0
-9290.0
-9290.0
-9290.0
-9310.0
-9310.0
-9340.0
-9320.0
-9310.0
-9310.0
-9310.0
-9290.0
-9310.0
-9340.0
-9340.0
-9320.0
-9360.0
-9340.0
-9330.0
-9350.0
-9350.0
-9330.0
-9320.0
-9300.0
-9310.0
-9290.0
-9270.0
-9260.0
-9240.0
-9230.0
-9280.0
-9270.0
-9250.0
-9230.0
-9270.0
-9280.0
-9260.0
-9260.0
-9250.0
-9230.0
-9210.0
-9210.0
-9190.0
-9180.0
-9170.0
-9210.0
-9230.0
-9240.0
-9240.0
-9240.0
-9260.0
-9270.0
-9270.0
-9260.0
-9270.0
-9260.0
-9280.0
-9320.0
-9310.0
-9310.0
-9310.0
-9330.0
-9330.0
-9310.0
-9340.0
-9330.0
-9320.0
-9330.0
-9320.0
-9300.0
-9280.0
-9300.0
-9310.0
-9290.0
-9300.0
-9290.0
-9270.0
-9270.0
-9290.0
-9310.0
-9310.0
-9300.0
-9280.0
-9300.0
-9290.0
-9290.0
-9280.0
-9280.0
-9260.0
-9270.0
-9270.0
-9260.0
-9250.0
-9240.0
-9250.0
-9300.0
-9300.0
-9300.0
-9290.0
-9280.0
-9270.0
-9260.0
-9280.0
-9290.0
-9280.0
-9300.0
-9290.0
-9270.0
-9290.0
-9270.0
-9300.0
-9310.0
-9310.0
-9290.0
-9290.0
-9280.0
-9270.0
-9300.0
-9300.0
-9290.0
-9290.0
-9280.0
-9290.0
-9300.0
-9320.0
-9310.0
-9330.0
-9310.0
-9320.0
-9300.0
-9280.0
-9310.0
-9330.0
-9350.0
-9360.0
-9370.0
-9360.0
-9340.0
-9330.0
-9320.0
-9310.0
-9300.0
-9320.0
-9300.0
-9290.0
-9270.0
-9290.0
-9290.0
-9270.0
-9280.0
-9270.0
-9280.0
-9270.0
-9250.0
-9240.0
-9220.0
-9220.0
-9270.0
-9250.0
-9250.0
-9230.0
-9220.0
-9200.0
-9180.0
-9190.0
-9200.0
-9180.0
-9160.0
-9160.0
-9150.0
-9150.0
-9130.0
-9120.0
-9100.0
-9100.0
-9080.0
-9060.0
-9040.0
-9030.0
-9030.0
-9060.0
-9050.0
-9060.0
-9060.0
-9070.0
-9070.0
-9080.0
-9060.0
-9060.0
-9040.0
-9040.0
-9040.0
-9050.0
-9050.0
-9060.0
-9050.0
-9060.0
-9050.0
-9040.0
-9030.0
-9060.0
-9060.0
-9100.0
-9110.0
-9110.0
-9100.0
-9080.0
-9070.0
-9080.0
-9060.0
-9050.0
-9030.0
-9020.0
-9030.0
-9010.0
-9000.0
-8990.0
-9000.0
-8990.0
-8980.0
-9030.0
-9060.0
-9100.0
-9120.0
-9100.0
-9090.0
-9110.0
-9100.0
-9120.0
-9120.0
-9120.0
-9100.0
-9090.0
-9080.0
-9060.0
-9040.0
-9050.0
-9050.0
-9050.0
-9060.0
-9060.0
-9060.0
-9050.0
-9050.0
-9070.0
-9060.0
-9060.0
-9080.0
-9070.0
-9090.0
-9100.0
-9100.0
-9100.0
-9110.0
-9110.0
-9110.0
-9120.0
-9110.0
-9100.0
-9110.0
-9120.0
-9100.0
-9110.0
-9120.0
-9120.0
-9150.0
-9130.0
-9110.0
-9110.0
-9110.0
-9090.0
-9070.0
-9060.0
-9070.0
-9070.0
-9070.0
-9090.0
-9080.0
-9090.0
-9090.0
-9120.0
-9130.0
-9140.0
-9140.0
-9150.0
-9130.0
-9120.0
-9100.0
-9090.0
-9090.0
-9070.0
-9050.0
-9040.0
-9020.0
-9060.0
-9040.0
-9030.0
-9020.0
-9010.0
-9020.0
-9010.0
-9000.0
-8980.0
-8960.0
