a = 0.8
g = 0.5
e = 0.3
random initial weights = false

-1392.0
-2607.0
-3161.0
-3725.0
-6221.0
-6791.0
-7262.0
-7786.0
-8231.0
-8696.0
-9139.0
-9573.0
-9992.0
-9840.0
-9667.0
-9499.0
-9912.0
-9736.0
-9580.0
-9410.0
-9234.0
-9063.0
-8885.0
-8711.0
-8544.0
-8370.0
-8198.0
-8020.0
-7844.0
-7668.0
-7530.0
-7352.0
-7183.0
-7017.0
-6841.0
-6671.0
-6505.0
-6327.0
-6163.0
-6002.0
-5824.0
-5666.0
-5495.0
-5325.0
-5151.0
-4981.0
-4816.0
-4647.0
-4488.0
-4325.0
-4161.0
-3985.0
-3839.0
-3668.0
-3500.0
-3328.0
-3186.0
-3012.0
-2834.0
-2661.0
-2485.0
-2312.0
-2185.0
-2025.0
-1847.0
-1683.0
-1519.0
-1346.0
-1179.0
-1024.0
-846.0
-673.0
-510.0
-350.0
-176.0
0.0
154.0
332.0
459.0
628.0
795.0
964.0
1130.0
1296.0
1462.0
1638.0
1812.0
1983.0
2147.0
2301.0
2468.0
2644.0
2813.0
2979.0
3140.0
3312.0
3481.0
3649.0
3827.0
3997.0
4158.0
4325.0
4485.0
4656.0
4812.0
4982.0
5141.0
5301.0
5479.0
5650.0
5803.0
5979.0
6151.0
6325.0
6492.0
6660.0
6838.0
7016.0
7192.0
7356.0
7528.0
7678.0
7854.0
8021.0
8165.0
8339.0
8513.0
8684.0
8851.0
9007.0
9172.0
9344.0
9514.0
9692.0
9864.0
10042.0
10216.0
10375.0
10542.0
10709.0
10883.0
11059.0
11230.0
11384.0
11547.0
11719.0
11888.0
12062.0
12231.0
12401.0
12568.0
12740.0
12902.0
13071.0
13245.0
13421.0
13585.0
13761.0
13935.0
14111.0
14285.0
14463.0
14639.0
14807.0
14976.0
15137.0
15300.0
15474.0
15631.0
15788.0
15957.0
16131.0
16289.0
16454.0
16625.0
16785.0
16959.0
17133.0
17299.0
17477.0
17655.0
17824.0
17981.0
18155.0
18329.0
18500.0
18676.0
18836.0
19006.0
19180.0
19358.0
19528.0
19704.0
19872.0
20050.0
20216.0
20355.0
20514.0
20686.0
20860.0
21034.0
21206.0
21375.0
21546.0
21722.0
21896.0
22072.0
22243.0
22413.0
22578.0
22750.0
22924.0
23083.0
23259.0
23433.0
23586.0
23746.0
23920.0
24096.0
24270.0
24431.0
24590.0
24757.0
24929.0
25098.0
25268.0
25446.0
25604.0
25775.0
25930.0
26106.0
26284.0
26454.0
26630.0
26808.0
26982.0
27130.0
27302.0
27456.0
27621.0
27795.0
27971.0
28149.0
28327.0
28499.0
28671.0
28837.0
28987.0
29165.0
29338.0
29514.0
29684.0
29851.0
30020.0
30196.0
30359.0
30532.0
30706.0
30882.0
31056.0
31230.0
31404.0
31570.0
31744.0
31909.0
32087.0
32265.0
32436.0
32614.0
32776.0
32952.0
33128.0
33298.0
33469.0
33647.0
33820.0
33979.0
34153.0
34325.0
34492.0
34663.0
34832.0
35010.0
35184.0
35352.0
35520.0
35678.0
35854.0
36016.0
36188.0
36364.0
36536.0
36702.0
36876.0
37019.0
37193.0
37364.0
37540.0
37698.0
37874.0
38050.0
38217.0
38381.0
38540.0
38716.0
38892.0
39068.0
39236.0
39403.0
39579.0
39748.0
39924.0
40091.0
40262.0
40438.0
40612.0
40788.0
40949.0
41125.0
41296.0
41470.0
41646.0
41808.0
41980.0
42158.0
42325.0
42494.0
42668.0
42840.0
43010.0
43186.0
43348.0
43516.0
43681.0
43835.0
44013.0
44175.0
44338.0
44510.0
44684.0
44852.0
45009.0
45185.0
45361.0
45533.0
45701.0
45857.0
46025.0
46201.0
46374.0
46545.0
46712.0
46888.0
47064.0
47242.0
47420.0
47596.0
47774.0
47936.0
48109.0
48275.0
48443.0
48611.0
48784.0
48949.0
49117.0
49280.0
49452.0
49619.0
49791.0
49962.0
50136.0
50306.0
50479.0
50649.0
50827.0
50993.0
51169.0
51342.0
51520.0
51688.0
51866.0
52035.0
52205.0
52381.0
52548.0
52699.0
52866.0
53036.0
53207.0
53372.0
53550.0
53706.0
53877.0
54041.0
54212.0
54381.0
54540.0
54713.0
54889.0
55061.0
55233.0
55391.0
55561.0
55726.0
55892.0
56070.0
56246.0
56416.0
56590.0
56768.0
56942.0
57108.0
57261.0
57431.0
57607.0
57783.0
57948.0
58122.0
58298.0
58468.0
58633.0
58809.0
58981.0
59142.0
59311.0
59483.0
59647.0
59819.0
59988.0
60144.0
60315.0
60488.0
60653.0
60829.0
61005.0
61158.0
61332.0
61496.0
61674.0
61838.0
62011.0
62183.0
62335.0
62509.0
62675.0
62845.0
63023.0
63194.0
63370.0
63544.0
63716.0
63894.0
64063.0
64230.0
64406.0
64573.0
64749.0
64927.0
65098.0
65270.0
65446.0
65601.0
65774.0
65950.0
66115.0
66293.0
66471.0
66638.0
66810.0
66988.0
67162.0
67316.0
67494.0
67667.0
67834.0
67997.0
68171.0
68329.0
68491.0
68662.0
68823.0
68997.0
69163.0
69327.0
69500.0
69670.0
69834.0
70007.0
70177.0
70345.0
70523.0
70697.0
70867.0
71043.0
71200.0
71363.0
71523.0
71690.0
71862.0
72040.0
72200.0
72369.0
72527.0
72696.0
72870.0
73044.0
73193.0
73353.0
73516.0
73694.0
73864.0
74032.0
74195.0
74353.0
74524.0
74688.0
74859.0
75033.0
75200.0
75364.0
75533.0
75707.0
75877.0
76049.0
76223.0
76396.0
76564.0
76734.0
76899.0
77063.0
77229.0
77389.0
77567.0
77730.0
77897.0
78073.0
78238.0
78400.0
78570.0
78732.0
78899.0
79066.0
79229.0
79400.0
79576.0
79754.0
79926.0
80102.0
80278.0
80447.0
80623.0
80794.0
80968.0
81137.0
81308.0
81476.0
81650.0
81806.0
81974.0
82139.0
82317.0
82478.0
82639.0
82809.0
82979.0
83151.0
83314.0
83483.0
83655.0
83821.0
83984.0
84139.0
84310.0
84484.0
84651.0
84822.0
84987.0
85163.0
85337.0
85490.0
85666.0
85828.0
86006.0
86179.0
86335.0
86504.0
86665.0
86839.0
87013.0
87179.0
87333.0
87502.0
87666.0
87836.0
88005.0
88174.0
88348.0
88522.0
88689.0
88855.0
89012.0
89188.0
89356.0
89529.0
89703.0
89879.0
90044.0
90216.0
90381.0
90545.0
90716.0
90894.0
91070.0
91238.0
91401.0
91566.0
91742.0
91920.0
92098.0
92271.0
92443.0
92601.0
92770.0
92943.0
93119.0
93295.0
93471.0
93642.0
93809.0
93983.0
94150.0
94324.0
94502.0
94676.0
94852.0
95028.0
95198.0
95347.0
95521.0
95695.0
95866.0
96031.0
96202.0
96367.0
96536.0
96704.0
96864.0
97015.0
97173.0
97344.0
97499.0
97673.0
97835.0
98005.0
98183.0
98361.0
98515.0
98677.0
98848.0
99022.0
99192.0
99355.0
99531.0
99707.0
99878.0
100052.0
100221.0
100391.0
100548.0
100722.0
100879.0
101052.0
101224.0
101391.0
101562.0
101724.0
101891.0
102063.0
102231.0
102409.0
102585.0
102754.0
102930.0
103106.0
103265.0
103438.0
103614.0
103782.0
103954.0
104121.0
104287.0
104442.0
104602.0
104780.0
104956.0
105119.0
105290.0
105468.0
105642.0
105812.0
105988.0
106166.0
106331.0
106489.0
106667.0
106845.0
107023.0
107196.0
107372.0
107550.0
107712.0
107879.0
108051.0
108208.0
108378.0
108537.0
108715.0
108889.0
109059.0
109221.0
109391.0
109550.0
109720.0
109888.0
110041.0
110193.0
110369.0
110534.0
110698.0
110870.0
111039.0
111198.0
111361.0
111537.0
111707.0
111867.0
112036.0
112201.0
112377.0
112546.0
112714.0
112880.0
113053.0
113213.0
113381.0
113539.0
113717.0
113881.0
114057.0
114218.0
114374.0
114543.0
114703.0
114870.0
115041.0
115219.0
115388.0
115556.0
115724.0
115897.0
116066.0
116237.0
116413.0
116580.0
116756.0
116904.0
117064.0
117231.0
117399.0
117565.0
117700.0
117873.0
118039.0
118212.0
118386.0
118556.0
118725.0
118899.0
119065.0
119241.0
119397.0
119573.0
119749.0
119917.0
120090.0
120261.0
120432.0
120594.0
120768.0
120941.0
121108.0
121271.0
121439.0
121609.0
121785.0
121942.0
122108.0
122281.0
122459.0
122601.0
122756.0
122929.0
123092.0
123266.0
123438.0
123602.0
123773.0
123945.0
124107.0
124269.0
124439.0
124615.0
124773.0
124949.0
125127.0
125291.0
125450.0
125610.0
125783.0
125953.0
126131.0
126309.0
126487.0
126647.0
126806.0
126979.0
127145.0
127311.0
127480.0
127645.0
127814.0
127981.0
128140.0
128295.0
128468.0
128630.0
128794.0
128963.0
129141.0
129309.0
129485.0
129661.0
129828.0
129986.0
130162.0
130334.0
130506.0
130668.0
130838.0
131011.0
131189.0
131351.0
131513.0
131691.0
131848.0
132013.0
132180.0
132342.0
132515.0
132684.0
132860.0
133024.0
133189.0
133353.0
133527.0
133696.0
133865.0
134041.0
134219.0
134393.0
134558.0
134728.0
134904.0
135082.0
135253.0
135426.0
135602.0
135757.0
135929.0
136101.0
136272.0
136443.0
136621.0
136797.0
136955.0
137129.0
137307.0
137481.0
137642.0
137804.0
137971.0
138149.0
138315.0
138479.0
138641.0
138817.0
138995.0
139161.0
139337.0
139503.0
139665.0
139839.0
140004.0
140180.0
140352.0
140525.0
140683.0
140847.0
141023.0
141201.0
141371.0
141530.0
141700.0
141871.0
142035.0
142211.0
142369.0
142541.0
142705.0
142873.0
143030.0
143204.0
143356.0
143525.0
143688.0
143859.0
144023.0
144199.0
144371.0
144529.0
144696.0
144865.0
145025.0
145201.0
145379.0
145546.0
145712.0
145884.0
146056.0
146234.0
146406.0
146574.0
146738.0
146910.0
147088.0
147256.0
147434.0
147610.0
147779.0
147955.0
148129.0
148285.0
148458.0
148625.0
148803.0
148971.0
149121.0
149295.0
149464.0
149636.0
149810.0
149974.0
150146.0
150319.0
150493.0
150669.0
150836.0
151000.0
151178.0
151341.0
151508.0
151678.0
151856.0
152030.0
152202.0
152378.0
152552.0
152728.0
152906.0
153079.0
153225.0
153396.0
153566.0
153735.0
153903.0
154081.0
154259.0
154431.0
154607.0
154761.0
154937.0
155101.0
155266.0
155438.0
155603.0
155769.0
155930.0
156094.0
156265.0
156423.0
156589.0
156756.0
156930.0
157104.0
157258.0
157430.0
157606.0
157773.0
157951.0
158123.0
158288.0
158459.0
158631.0
158801.0
158974.0
159126.0
159298.0
159470.0
159632.0
159788.0
159959.0
160135.0
160309.0
160479.0
160653.0
160823.0
160994.0
161170.0
161339.0
161509.0
161685.0
161852.0
162026.0
162184.0
162356.0
162523.0
162693.0
162869.0
163043.0
163211.0
163383.0
163553.0
163729.0
163897.0
164059.0
164235.0
164411.0
164572.0
164748.0
164912.0
165088.0
165264.0
165442.0
165614.0
165777.0
165953.0
166118.0
166294.0
166466.0
166642.0
166816.0
166990.0
167159.0
167330.0
167504.0
167672.0
167830.0
168004.0
168180.0
168356.0
168518.0
168696.0
168872.0
169020.0
169189.0
169367.0
169537.0
169711.0
169889.0
170057.0
170231.0
170409.0
170572.0
170742.0
170918.0
171080.0
171246.0
171424.0
171595.0
171769.0
171934.0
172096.0
172268.0
172440.0
172609.0
172783.0
172955.0
173126.0
173293.0
173467.0
173637.0
173801.0
173977.0
174144.0
174308.0
174479.0
174645.0
174812.0
174980.0
175151.0
175315.0
175487.0
175659.0
175827.0
176005.0
176162.0
176334.0
176502.0
176669.0
176838.0
177002.0
177178.0
177349.0
177517.0
177695.0
177868.0
178034.0
178192.0
178370.0
178546.0
178703.0
178877.0
179049.0
179217.0
179375.0
179551.0
179717.0
179886.0
180060.0
180238.0
180400.0
180574.0
180728.0
180904.0
181075.0
181233.0
181401.0
181577.0
181749.0
181923.0
182097.0
182275.0
182451.0
182604.0
182775.0
182939.0
183113.0
183283.0
183455.0
183625.0
183792.0
183965.0
184126.0
184289.0
184460.0
184634.0
184803.0
184970.0
185129.0
185301.0
185475.0
185638.0
185812.0
185983.0
186159.0
186335.0
186491.0
186663.0
186827.0
186989.0
187158.0
187321.0
187487.0
187659.0
187833.0
188001.0
188157.0
188326.0
188502.0
188680.0
188851.0
189013.0
189186.0
189357.0
189514.0
189688.0
189858.0
190036.0
190206.0
190368.0
190538.0
190704.0
190882.0
191054.0
191224.0
191398.0
191572.0
191741.0
191908.0
192081.0
192247.0
192415.0
192577.0
192747.0
192918.0
193083.0
193261.0
193433.0
193584.0
193757.0
193927.0
194093.0
194271.0
194440.0
194584.0
194760.0
194928.0
195094.0
195266.0
195436.0
195610.0
195783.0
195951.0
196116.0
196292.0
196470.0
196634.0
196802.0
196980.0
197153.0
197327.0
197503.0
197660.0
197821.0
197985.0
198144.0
198317.0
198489.0
198655.0
198823.0
198995.0
199167.0
199343.0
199515.0
199681.0
199857.0
200031.0
200198.0
200364.0
200530.0
200689.0
200863.0
201032.0
201208.0
201378.0
201544.0
201715.0
201891.0
202058.0
202214.0
202383.0
202559.0
202735.0
202909.0
203080.0
203239.0
203415.0
203589.0
203763.0
203939.0
204115.0
204270.0
204437.0
204611.0
204789.0
204961.0
205128.0
205304.0
205462.0
205624.0
205783.0
205961.0
206139.0
206313.0
206487.0
206665.0
206835.0
207013.0
207187.0
207360.0
207530.0
207700.0
207867.0
208035.0
208208.0
208364.0
208540.0
208713.0
208879.0
209044.0
209213.0
209387.0
209561.0
209737.0
209906.0
210073.0
210249.0
210418.0
210594.0
210766.0
210931.0
211102.0
211270.0
211444.0
211614.0
211772.0
211948.0
212103.0
212279.0
212455.0
212624.0
212800.0
212970.0
213119.0
213288.0
213458.0
213632.0
213810.0
213986.0
214162.0
214336.0
214514.0
214686.0
214862.0
215038.0
215196.0
215369.0
215541.0
215706.0
215876.0
216042.0
216216.0
216382.0
216555.0
216731.0
216900.0
217066.0
217237.0
217379.0
217546.0
217718.0
217889.0
218065.0
218232.0
218403.0
218579.0
218757.0
218929.0
219096.0
219274.0
219448.0
219622.0
219800.0
219974.0
220146.0
220322.0
220493.0
220662.0
220831.0
221007.0
221181.0
221348.0
221502.0
221671.0
221839.0
222005.0
222173.0
222345.0
222517.0
222693.0
222863.0
223037.0
223215.0
223356.0
223527.0
223698.0
223876.0
224041.0
224219.0
224376.0
224543.0
224713.0
224880.0
225056.0
225228.0
225400.0
225578.0
225751.0
225927.0
226105.0
226269.0
226443.0
226617.0
226789.0
226951.0
227116.0
227292.0
227445.0
227621.0
227788.0
227966.0
228130.0
228306.0
228475.0
228638.0
228810.0
228973.0
229147.0
229317.0
229473.0
229646.0
229816.0
229992.0
230170.0
230344.0
230508.0
230677.0
230853.0
231031.0
231201.0
231372.0
231541.0
231717.0
231889.0
232060.0
232227.0
232401.0
232563.0
232737.0
232893.0
233067.0
233239.0
233403.0
233570.0
233737.0
233911.0
234087.0
234241.0
234419.0
234595.0
234769.0
234922.0
235096.0
235266.0
235442.0
235609.0
235785.0
235961.0
236121.0
236278.0
236445.0
236616.0
236794.0
236970.0
237144.0
237314.0
237484.0
237653.0
237829.0
237995.0
238152.0
238318.0
238490.0
238658.0
238829.0
238996.0
239174.0
239350.0
239513.0
239673.0
239845.0
240019.0
240195.0
240356.0
240523.0
240688.0
240859.0
241031.0
241204.0
