a = 0.2
g = 0.8
e = 0.3
random initial weights = true

-697.0
-1729.0
-4398.0
-6895.0
-7463.0
-7957.0
-8414.0
-9147.0
-9568.0
-10008.0
-10516.0
-11039.0
-11495.0
-11936.0
-12409.0
-12872.0
-13287.0
-13716.0
-14156.0
-14592.0
-15076.0
-15584.0
-16045.0
-16476.0
-16922.0
-17361.0
-17788.0
-18224.0
-18660.0
-19080.0
-19534.0
-19962.0
-20413.0
-20835.0
-21276.0
-21699.0
-22143.0
-22008.0
-22459.0
-22899.0
-23325.0
-23757.0
-24170.0
-24587.0
-25064.0
-25479.0
-25900.0
-26317.0
-26749.0
-27185.0
-27015.0
-26849.0
-27269.0
-27113.0
-26945.0
-27375.0
-27211.0
-27051.0
-27466.0
-27883.0
-28308.0
-28728.0
-29151.0
-28984.0
-28814.0
-29227.0
-29660.0
-29501.0
-29917.0
-29754.0
-29580.0
-29412.0
-29247.0
-29073.0
-28904.0
-28740.0
-28564.0
-28403.0
-28225.0
-28053.0
-27886.0
-27712.0
-27543.0
-27376.0
-27222.0
-27049.0
-26892.0
-26723.0
-26547.0
-26380.0
-26214.0
-26051.0
-25892.0
-25721.0
-25554.0
-25386.0
-25212.0
-25039.0
-24868.0
-24692.0
-24521.0
-24354.0
-24191.0
-24015.0
-23851.0
-23675.0
-23511.0
-23339.0
-23165.0
-23002.0
-22836.0
-22674.0
-22500.0
-22328.0
-22160.0
-21986.0
-21810.0
-21636.0
-21458.0
-21284.0
-21113.0
-20937.0
-20763.0
-20587.0
-20425.0
-20256.0
-20084.0
-19910.0
-19738.0
-19571.0
-19405.0
-19227.0
-19059.0
-18887.0
-18724.0
-18555.0
-18381.0
-18211.0
-18042.0
-17882.0
-17710.0
-17541.0
-17369.0
-17196.0
-17020.0
-16851.0
-16673.0
-16501.0
-16323.0
-16151.0
-15973.0
-15817.0
-15644.0
-15478.0
-15314.0
-15150.0
-14979.0
-14805.0
-14629.0
-14463.0
-14285.0
-14119.0
-13945.0
-13771.0
-13604.0
-13440.0
-13262.0
-13095.0
-12926.0
-12767.0
-12593.0
-12417.0
-12239.0
-12067.0
-11891.0
-11722.0
-11557.0
-11385.0
-11211.0
-11053.0
-10885.0
-10709.0
-10531.0
-10361.0
-10193.0
-10033.0
-9863.0
-9704.0
-9528.0
-9358.0
-9188.0
-9027.0
-8863.0
-8699.0
-8521.0
-8347.0
-8175.0
-8007.0
-7838.0
-7684.0
-7512.0
-7341.0
-7163.0
-6993.0
-6826.0
-6670.0
-6501.0
-6330.0
-6156.0
-5992.0
-5821.0
-5655.0
-5485.0
-5312.0
-5134.0
-4958.0
-4788.0
-4624.0
-4459.0
-4291.0
-4136.0
-3960.0
-3792.0
-3618.0
-3458.0
-3291.0
-3118.0
-2940.0
-2768.0
-2599.0
-2438.0
-2260.0
-2100.0
-1931.0
-1757.0
-1579.0
-1405.0
-1236.0
-1065.0
-893.0
-735.0
-559.0
-390.0
-212.0
-40.0
130.0
297.0
471.0
632.0
800.0
970.0
1148.0
1326.0
1502.0
1673.0
1837.0
2008.0
2186.0
2362.0
2540.0
2714.0
2886.0
3050.0
3214.0
3387.0
3563.0
3711.0
3871.0
4036.0
4212.0
4386.0
4559.0
4728.0
4898.0
5065.0
5241.0
5413.0
5582.0
5747.0
5925.0
6060.0
6231.0
6393.0
6556.0
6730.0
6899.0
7075.0
7251.0
7429.0
7603.0
7776.0
7946.0
8115.0
8277.0
8449.0
8613.0
8782.0
8951.0
9123.0
9299.0
9468.0
9642.0
9808.0
9984.0
10160.0
10334.0
10484.0
10641.0
10814.0
10974.0
11145.0
11319.0
11488.0
11655.0
11820.0
11992.0
12156.0
12334.0
12510.0
12683.0
12851.0
13025.0
13199.0
13373.0
13543.0
13714.0
13879.0
14057.0
14233.0
14406.0
14584.0
14762.0
14924.0
15094.0
15265.0
15439.0
15617.0
15787.0
15965.0
16137.0
16311.0
16482.0
16651.0
16824.0
16985.0
17157.0
17331.0
17505.0
17679.0
17855.0
18029.0
18198.0
18370.0
18534.0
18710.0
18883.0
19052.0
19219.0
19381.0
19540.0
19709.0
19867.0
20040.0
20204.0
20377.0
20548.0
20724.0
20898.0
21064.0
21228.0
21404.0
21576.0
21752.0
21917.0
22093.0
22263.0
22432.0
22608.0
22773.0
22949.0
23120.0
23298.0
23458.0
23632.0
23801.0
23963.0
24125.0
24298.0
24470.0
24644.0
24811.0
24982.0
25160.0
25338.0
25508.0
25674.0
25843.0
26003.0
26179.0
26344.0
26512.0
26684.0
26848.0
27017.0
27187.0
27365.0
27534.0
27707.0
27875.0
28033.0
28205.0
28370.0
28541.0
28717.0
28895.0
29066.0
29240.0
29414.0
29583.0
29748.0
29900.0
30074.0
30250.0
30419.0
30593.0
30757.0
30929.0
31102.0
31265.0
31433.0
31602.0
31778.0
31943.0
32119.0
32284.0
32460.0
32619.0
32789.0
32963.0
33134.0
33303.0
33479.0
33657.0
33824.0
33961.0
34130.0
34296.0
34467.0
34637.0
34805.0
34983.0
35149.0
35307.0
35468.0
35644.0
35822.0
35987.0
36163.0
36341.0
36513.0
36687.0
36859.0
37027.0
37183.0
37356.0
37532.0
37700.0
37864.0
38035.0
38199.0
38375.0
38551.0
38714.0
38890.0
39066.0
39234.0
39403.0
39573.0
39734.0
39912.0
40086.0
40238.0
40409.0
40583.0
40751.0
40906.0
41069.0
41243.0
41417.0
41590.0
41766.0
41935.0
42103.0
42271.0
42431.0
42599.0
42775.0
42944.0
43120.0
43291.0
43455.0
43623.0
43801.0
43967.0
44141.0
44307.0
44478.0
44649.0
44823.0
44992.0
45163.0
45339.0
45500.0
45670.0
45846.0
46018.0
46186.0
46357.0
46528.0
46690.0
46859.0
47025.0
47183.0
47359.0
47508.0
47684.0
47848.0
48024.0
48200.0
48372.0
48546.0
48720.0
48884.0
49060.0
49231.0
49409.0
49582.0
49755.0
49927.0
50091.0
50265.0
50420.0
50596.0
50748.0
50926.0
51091.0
51263.0
51433.0
51609.0
51785.0
51963.0
52135.0
52309.0
52479.0
52647.0
52823.0
52985.0
53154.0
53324.0
53498.0
53648.0
53819.0
53977.0
54133.0
54301.0
54475.0
54651.0
54822.0
54990.0
55149.0
55323.0
55490.0
55655.0
55824.0
55996.0
56164.0
56340.0
56497.0
56673.0
56844.0
57008.0
57182.0
57353.0
57518.0
57681.0
57855.0
58029.0
58205.0
58378.0
58552.0
58720.0
58889.0
59061.0
59230.0
59395.0
59571.0
59747.0
59921.0
60094.0
60262.0
60436.0
60609.0
60783.0
60961.0
61137.0
61304.0
61478.0
61650.0
61824.0
61991.0
62156.0
62332.0
62493.0
62671.0
62838.0
63010.0
63186.0
63359.0
63527.0
63685.0
63858.0
64032.0
64186.0
64355.0
64519.0
64690.0
64868.0
65025.0
65187.0
65361.0
65530.0
65708.0
65880.0
66056.0
66222.0
66398.0
66565.0
66741.0
66899.0
67039.0
67198.0
67363.0
67524.0
67690.0
67863.0
68024.0
68200.0
68367.0
68533.0
68703.0
68875.0
69053.0
69213.0
69385.0
69555.0
69726.0
69892.0
70050.0
70208.0
70382.0
70544.0
70704.0
70858.0
71034.0
71206.0
71377.0
71531.0
71690.0
71858.0
72020.0
72198.0
72370.0
72540.0
72693.0
72871.0
73045.0
73218.0
73386.0
73556.0
73724.0
73886.0
74056.0
74234.0
74395.0
74557.0
74733.0
74902.0
75074.0
75236.0
75399.0
75577.0
75755.0
75929.0
76103.0
76269.0
76438.0
76605.0
76777.0
76942.0
77114.0
77278.0
77441.0
77605.0
77779.0
77952.0
78130.0
78291.0
78464.0
78640.0
78814.0
78988.0
79162.0
79334.0
79497.0
79673.0
79851.0
80021.0
80197.0
80368.0
80544.0
80715.0
80889.0
81065.0
81227.0
81400.0
81570.0
81748.0
81920.0
82098.0
82262.0
82426.0
82590.0
82761.0
82929.0
83105.0
83281.0
83454.0
83612.0
83790.0
83958.0
84132.0
84302.0
84476.0
84644.0
84815.0
84989.0
85159.0
85337.0
85504.0
85668.0
85834.0
86008.0
86186.0
86355.0
86526.0
86704.0
86871.0
87043.0
87205.0
87381.0
87555.0
87729.0
87888.0
88036.0
88200.0
88368.0
88538.0
88712.0
88888.0
89066.0
89226.0
89392.0
89557.0
89722.0
89894.0
90063.0
90232.0
90405.0
90574.0
90733.0
90909.0
91073.0
91241.0
91415.0
91593.0
91753.0
91922.0
92098.0
92271.0
92444.0
92622.0
92796.0
92960.0
93129.0
93305.0
93475.0
93651.0
93818.0
93980.0
94156.0
94324.0
94502.0
94672.0
94834.0
95010.0
95174.0
95348.0
95512.0
95690.0
95846.0
96019.0
96170.0
96348.0
96520.0
96687.0
96855.0
97023.0
97201.0
97371.0
97549.0
97725.0
97882.0
98060.0
98229.0
98396.0
98569.0
98745.0
98919.0
99090.0
99262.0
99432.0
99581.0
99742.0
99918.0
100087.0
100258.0
100429.0
100591.0
100757.0
100929.0
101107.0
101281.0
101452.0
101618.0
101791.0
101969.0
102137.0
102272.0
102450.0
102624.0
102788.0
102966.0
103144.0
103315.0
103489.0
103658.0
103830.0
103995.0
104163.0
104335.0
104504.0
104661.0
104828.0
104997.0
105152.0
105325.0
105493.0
105663.0
105831.0
105999.0
106173.0
106345.0
106516.0
106688.0
106864.0
107030.0
107204.0
107374.0
107548.0
107726.0
107904.0
108075.0
108249.0
108417.0
108595.0
108768.0
108944.0
109115.0
109291.0
109460.0
109610.0
109779.0
109929.0
110107.0
110283.0
110455.0
110617.0
110789.0
110953.0
111118.0
111290.0
111456.0
111628.0
111795.0
111965.0
112135.0
112305.0
112468.0
112642.0
112815.0
112984.0
113145.0
113312.0
113483.0
113657.0
113833.0
114007.0
114185.0
114356.0
114525.0
114688.0
114864.0
115031.0
115209.0
115381.0
115554.0
115708.0
115877.0
116048.0
116213.0
116387.0
116563.0
116739.0
116906.0
117082.0
117258.0
117411.0
117565.0
117741.0
117910.0
118086.0
118264.0
118440.0
118613.0
118769.0
118947.0
119121.0
119278.0
119454.0
119612.0
119771.0
119941.0
120114.0
120292.0
120431.0
120591.0
120763.0
120934.0
121110.0
121274.0
121446.0
121614.0
121790.0
121966.0
122144.0
122315.0
122493.0
122663.0
122821.0
122995.0
123171.0
123349.0
123523.0
123695.0
123871.0
124038.0
124212.0
124371.0
124542.0
124705.0
124877.0
125051.0
125225.0
125391.0
125563.0
125739.0
125908.0
126078.0
126240.0
126399.0
126575.0
126735.0
126906.0
127082.0
127258.0
127427.0
127596.0
127756.0
127927.0
128096.0
128260.0
128434.0
128605.0
128781.0
128950.0
129115.0
129278.0
129443.0
129612.0
129788.0
129956.0
130134.0
130301.0
130456.0
130627.0
130783.0
130955.0
131121.0
131292.0
131470.0
131642.0
131816.0
131989.0
132162.0
132338.0
132506.0
132674.0
132837.0
132972.0
133150.0
133321.0
133484.0
133660.0
133831.0
134007.0
134174.0
134346.0
134508.0
134663.0
134830.0
134996.0
135153.0
135321.0
135495.0
135673.0
135826.0
136002.0
136171.0
136326.0
136498.0
136670.0
136843.0
136998.0
137169.0
137339.0
137517.0
137690.0
137861.0
138030.0
138200.0
138357.0
138535.0
138707.0
138878.0
139054.0
139224.0
139386.0
139558.0
139734.0
139894.0
140066.0
140228.0
140394.0
140568.0
140746.0
140908.0
141086.0
141258.0
141428.0
141601.0
141777.0
141940.0
142118.0
142294.0
142458.0
142627.0
142793.0
142965.0
143132.0
143298.0
143467.0
143628.0
143794.0
143972.0
144144.0
144308.0
144475.0
144649.0
144827.0
145001.0
145162.0
145328.0
145492.0
145659.0
145828.0
145999.0
146171.0
146335.0
146506.0
146678.0
146848.0
147009.0
147181.0
147338.0
147498.0
147662.0
147834.0
148003.0
148174.0
148344.0
148520.0
148692.0
148851.0
149023.0
149197.0
149364.0
149536.0
149693.0
149863.0
150035.0
150205.0
150374.0
150544.0
150710.0
150876.0
151048.0
151210.0
151388.0
151562.0
151725.0
151892.0
152059.0
152235.0
152397.0
152563.0
152729.0
152887.0
153057.0
153215.0
153391.0
153543.0
153706.0
153868.0
154039.0
154204.0
154368.0
154531.0
154709.0
154882.0
155038.0
155209.0
155385.0
155559.0
155730.0
155898.0
156074.0
156235.0
156406.0
156577.0
156704.0
156859.0
157029.0
157187.0
157359.0
157531.0
157703.0
157875.0
158045.0
158219.0
158397.0
158571.0
158743.0
158917.0
159079.0
159247.0
159413.0
159575.0
159738.0
159904.0
160071.0
160227.0
160392.0
160545.0
160713.0
160885.0
161057.0
161228.0
161400.0
161563.0
161739.0
161917.0
162093.0
162263.0
162417.0
162568.0
162737.0
162913.0
163073.0
163237.0
163413.0
163585.0
163754.0
163904.0
164076.0
164237.0
164403.0
164574.0
164744.0
164922.0
165093.0
165269.0
165443.0
165612.0
165786.0
165958.0
166130.0
166306.0
166472.0
166648.0
166815.0
166980.0
167152.0
167330.0
167497.0
167650.0
167813.0
167975.0
168151.0
168329.0
168498.0
168674.0
168848.0
169017.0
169193.0
169367.0
169529.0
169705.0
169881.0
170037.0
170213.0
170391.0
170542.0
170720.0
170886.0
171062.0
171204.0
171371.0
171541.0
171712.0
171890.0
172066.0
172234.0
172403.0
172579.0
172747.0
172920.0
173079.0
173241.0
173411.0
173575.0
173751.0
173929.0
174097.0
174273.0
174437.0
174609.0
174777.0
174949.0
175103.0
175273.0
175433.0
175591.0
175757.0
175928.0
176097.0
176262.0
176426.0
176599.0
176758.0
176934.0
177112.0
177286.0
177457.0
177631.0
177786.0
177956.0
178121.0
178285.0
178457.0
178628.0
178797.0
178939.0
179103.0
179259.0
179431.0
179596.0
179768.0
179915.0
180079.0
180251.0
180427.0
180597.0
180751.0
180929.0
181093.0
181266.0
181442.0
181613.0
181787.0
181958.0
182122.0
182294.0
182465.0
182626.0
182790.0
182955.0
183129.0
183292.0
183460.0
183636.0
183786.0
183958.0
184130.0
184303.0
184475.0
184648.0
184816.0
184990.0
185166.0
185340.0
185502.0
185671.0
185839.0
186001.0
186170.0
186342.0
186513.0
186687.0
186851.0
187027.0
187177.0
187353.0
187517.0
187695.0
187871.0
188047.0
188221.0
188395.0
188565.0
188722.0
188879.0
189053.0
189225.0
189387.0
189556.0
189729.0
189905.0
190063.0
190230.0
190397.0
190553.0
190727.0
190889.0
191060.0
191218.0
191394.0
191568.0
191717.0
191893.0
192064.0
192234.0
192399.0
192571.0
192745.0
192921.0
193099.0
193275.0
193449.0
193619.0
193788.0
193945.0
194123.0
194296.0
194459.0
194629.0
194801.0
194967.0
195135.0
195311.0
195487.0
195647.0
195825.0
195995.0
196171.0
196341.0
196505.0
196679.0
196851.0
197025.0
197199.0
197365.0
197527.0
197696.0
197863.0
198032.0
198204.0
198380.0
198558.0
198731.0
198903.0
199074.0
199239.0
199415.0
199587.0
199735.0
199885.0
200051.0
200225.0
200391.0
200567.0
200735.0
200906.0
201082.0
201254.0
201416.0
201578.0
201750.0
201914.0
202072.0
202246.0
202415.0
202591.0
202765.0
202931.0
203109.0
203278.0
203418.0
203587.0
203759.0
203931.0
204083.0
204251.0
204427.0
204601.0
204773.0
204949.0
205125.0
205297.0
205471.0
205639.0
205813.0
205989.0
206157.0
206324.0
206483.0
206655.0
206826.0
206993.0
207164.0
207338.0
207504.0
207671.0
207816.0
207981.0
208144.0
208313.0
208489.0
208661.0
208829.0
208988.0
209159.0
209329.0
209482.0
209651.0
209812.0
209973.0
210144.0
210307.0
210473.0
210631.0
210798.0
210970.0
211146.0
211317.0
211493.0
211669.0
211836.0
212000.0
212171.0
212343.0
