a = 0.5
g = 0.2
e = 0.5
random initial weights = false

-3354.0
-3919.0
-4470.0
-4936.0
-5821.0
-6398.0
-6879.0
-7558.0
-8333.0
-8800.0
-9381.0
-9857.0
-10456.0
-10949.0
-11398.0
-11965.0
-12522.0
-12978.0
-13609.0
-14103.0
-14544.0
-14993.0
-15450.0
-15885.0
-16501.0
-16938.0
-17401.0
-17872.0
-18368.0
-18871.0
-19327.0
-19775.0
-20219.0
-20098.0
-19946.0
-20372.0
-20896.0
-21363.0
-21894.0
-22313.0
-22785.0
-23235.0
-23073.0
-23492.0
-23956.0
-24378.0
-24819.0
-25295.0
-25729.0
-26191.0
-26069.0
-26521.0
-26970.0
-26813.0
-26686.0
-27126.0
-26999.0
-27424.0
-27842.0
-28265.0
-28711.0
-29141.0
-29567.0
-30080.0
-30509.0
-31016.0
-30869.0
-31298.0
-31146.0
-31560.0
-32010.0
-32461.0
-32888.0
-33318.0
-33783.0
-34223.0
-34646.0
-35062.0
-34913.0
-34758.0
-34590.0
-34473.0
-34901.0
-35375.0
-35227.0
-35075.0
-34910.0
-34743.0
-35213.0
-35041.0
-35462.0
-35931.0
-35795.0
-36239.0
-36093.0
-35943.0
-35783.0
-35644.0
-35483.0
-35404.0
-35278.0
-35106.0
-34976.0
-34815.0
-34661.0
-34497.0
-34358.0
-34182.0
-34027.0
-33874.0
-33721.0
-33565.0
-33395.0
-33234.0
-33058.0
-32897.0
-32727.0
-32566.0
-32412.0
-32249.0
-32101.0
-31944.0
-31779.0
-31618.0
-31457.0
-31289.0
-31130.0
-30980.0
-30846.0
-30740.0
-30580.0
-30433.0
-30262.0
-30105.0
-29939.0
-29816.0
-29653.0
-29493.0
-29384.0
-29282.0
-29165.0
-29030.0
-28864.0
-28703.0
-28578.0
-28423.0
-28275.0
-28110.0
-27943.0
-27772.0
-27620.0
-27451.0
-27329.0
-27166.0
-27006.0
-26859.0
-26689.0
-26529.0
-26372.0
-26226.0
-26066.0
-25914.0
-25749.0
-25589.0
-25439.0
-25300.0
-25140.0
-25000.0
-24835.0
-24679.0
-24521.0
-24355.0
-24196.0
-24031.0
-23888.0
-23726.0
-23563.0
-23434.0
-23267.0
-23104.0
-22962.0
-22830.0
-22685.0
-22516.0
-22367.0
-22195.0
-22031.0
-21875.0
-21709.0
-21609.0
-21444.0
-21299.0
-21149.0
-21011.0
-20878.0
-20704.0
-20546.0
-20388.0
-20266.0
-20103.0
-20005.0
-19837.0
-19692.0
-19542.0
-19376.0
-19253.0
-19099.0
-18936.0
-18784.0
-18621.0
-18474.0
-18320.0
-18165.0
-18013.0
-17855.0
-17709.0
-17565.0
-17402.0
-17256.0
-17088.0
-16941.0
-16783.0
-16617.0
-16485.0
-16325.0
-16169.0
-16020.0
-15875.0
-15732.0
-15568.0
-15433.0
-15310.0
-15146.0
-14984.0
-14810.0
-14648.0
-14544.0
-14406.0
-14238.0
-14083.0
-13935.0
-13800.0
-13662.0
-13523.0
-13357.0
-13209.0
-13077.0
-12916.0
-12751.0
-12594.0
-12430.0
-12270.0
-12121.0
-11980.0
-11815.0
-11658.0
-11531.0
-11369.0
-11206.0
-11043.0
-10880.0
-10727.0
-10566.0
-10417.0
-10280.0
-10141.0
-9998.0
-9838.0
-9664.0
-9502.0
-9344.0
-9183.0
-9015.0
-8852.0
-8716.0
-8564.0
-8405.0
-8260.0
-8097.0
-7929.0
-7768.0
-7598.0
-7453.0
-7297.0
-7132.0
-6969.0
-6831.0
-6670.0
-6544.0
-6376.0
-6231.0
-6073.0
-5909.0
-5753.0
-5592.0
-5440.0
-5301.0
-5143.0
-5003.0
-4849.0
-4713.0
-4548.0
-4408.0
-4236.0
-4084.0
-3917.0
-3785.0
-3653.0
-3511.0
-3366.0
-3190.0
-3034.0
-2864.0
-2736.0
-2595.0
-2426.0
-2272.0
-2146.0
-1984.0
-1818.0
-1650.0
-1515.0
-1379.0
-1225.0
-1070.0
-944.0
-779.0
-624.0
-481.0
-307.0
-142.0
-24.0
139.0
298.0
470.0
644.0
807.0
967.0
1112.0
1274.0
1436.0
1599.0
1752.0
1910.0
2063.0
2221.0
2365.0
2521.0
2662.0
2832.0
3008.0
3172.0
3333.0
3483.0
3641.0
3786.0
3953.0
4113.0
4228.0
4364.0
4499.0
4671.0
4824.0
4981.0
5116.0
5279.0
5440.0
5596.0
5728.0
5862.0
6004.0
6150.0
6320.0
6459.0
6606.0
6767.0
6930.0
7099.0
7267.0
7404.0
7568.0
7718.0
7870.0
8022.0
8134.0
8260.0
8412.0
8575.0
8723.0
8873.0
9033.0
9183.0
9339.0
9501.0
9667.0
9815.0
9945.0
10103.0
10266.0
10404.0
10557.0
10714.0
10864.0
11019.0
11171.0
11336.0
11487.0
11625.0
11779.0
11953.0
12120.0
12280.0
12448.0
12614.0
12767.0
12928.0
13071.0
13233.0
13407.0
13562.0
13688.0
13841.0
13996.0
14162.0
14300.0
14450.0
14600.0
14767.0
14876.0
15037.0
15186.0
15343.0
15488.0
15620.0
15773.0
15906.0
16076.0
16225.0
16383.0
16529.0
16694.0
16827.0
16975.0
17112.0
17268.0
17433.0
17575.0
17732.0
17894.0
18064.0
18233.0
18386.0
18527.0
18680.0
18786.0
18955.0
19090.0
19234.0
19393.0
19542.0
19676.0
19821.0
19985.0
20143.0
20312.0
20448.0
20593.0
20730.0
20894.0
21056.0
21164.0
21306.0
21472.0
21622.0
21759.0
21916.0
22062.0
22192.0
22340.0
22506.0
22663.0
22820.0
22969.0
23125.0
23271.0
23392.0
23547.0
23717.0
23885.0
24048.0
24206.0
24366.0
24536.0
24706.0
24862.0
25025.0
25164.0
25334.0
25498.0
25661.0
25801.0
25968.0
26112.0
26260.0
26396.0
26558.0
26715.0
26853.0
27013.0
27135.0
27299.0
27452.0
27610.0
27770.0
27931.0
28092.0
28255.0
28423.0
28565.0
28727.0
28882.0
29020.0
29182.0
29338.0
29503.0
29650.0
29809.0
29953.0
30102.0
30263.0
30381.0
30551.0
30716.0
30855.0
30981.0
31131.0
31296.0
31435.0
31572.0
31735.0
31860.0
32015.0
32172.0
32318.0
32460.0
32593.0
32735.0
32881.0
33055.0
33211.0
33361.0
33503.0
33654.0
33793.0
33962.0
34111.0
34266.0
34428.0
34593.0
34744.0
34883.0
35029.0
35171.0
35327.0
35498.0
35625.0
35762.0
35923.0
36075.0
36236.0
36371.0
36543.0
36685.0
36841.0
36999.0
37145.0
37312.0
37469.0
37630.0
37794.0
37963.0
38114.0
38277.0
38447.0
38612.0
38763.0
38924.0
39075.0
39233.0
39391.0
39550.0
39710.0
39858.0
40017.0
40169.0
40320.0
40485.0
40645.0
40810.0
40973.0
41138.0
41294.0
41457.0
41600.0
41748.0
41919.0
42082.0
42204.0
42341.0
42489.0
42655.0
42806.0
42972.0
43114.0
43251.0
43409.0
43563.0
43696.0
43813.0
43964.0
44115.0
44283.0
44422.0
44580.0
44733.0
44895.0
45061.0
45225.0
45391.0
45535.0
45655.0
45806.0
45972.0
46108.0
46259.0
46428.0
46591.0
46748.0
46879.0
47045.0
47201.0
47377.0
47509.0
47672.0
47836.0
47976.0
48134.0
48263.0
48437.0
48587.0
48751.0
48907.0
49047.0
49201.0
49354.0
49475.0
49631.0
49793.0
49952.0
50098.0
50237.0
50401.0
50545.0
50717.0
50873.0
51016.0
51174.0
51346.0
51513.0
51671.0
51845.0
51969.0
52127.0
52276.0
52442.0
52570.0
52678.0
52828.0
52992.0
53145.0
53289.0
53443.0
53606.0
53768.0
53942.0
54099.0
54236.0
54374.0
54518.0
54661.0
54784.0
54951.0
55112.0
55276.0
55438.0
55555.0
55711.0
55866.0
56003.0
56137.0
56293.0
56459.0
56611.0
56776.0
56938.0
57096.0
57211.0
57365.0
57511.0
57652.0
57788.0
57943.0
58098.0
58263.0
58417.0
58579.0
58737.0
58899.0
59063.0
59207.0
59347.0
59491.0
59656.0
59800.0
59954.0
60094.0
60262.0
60411.0
60569.0
60727.0
60901.0
61055.0
61203.0
61377.0
61533.0
61689.0
61836.0
61976.0
62145.0
62297.0
62443.0
62588.0
62748.0
62907.0
63064.0
63212.0
63382.0
63528.0
63684.0
63837.0
63996.0
64123.0
64257.0
64391.0
64525.0
64696.0
64861.0
65032.0
65179.0
65337.0
65507.0
65638.0
65804.0
65955.0
66106.0
66246.0
66411.0
66571.0
66713.0
66871.0
67007.0
67153.0
67313.0
67478.0
67636.0
67775.0
67888.0
68033.0
68199.0
68325.0
68482.0
68641.0
68782.0
68946.0
69114.0
69277.0
69447.0
69603.0
69766.0
69929.0
70094.0
70232.0
70390.0
70542.0
70713.0
70868.0
71006.0
71140.0
71312.0
71463.0
71605.0
71718.0
71888.0
72026.0
72181.0
72347.0
72515.0
72656.0
72813.0
72974.0
73118.0
73286.0
73423.0
73578.0
73727.0
73878.0
74024.0
74191.0
74335.0
74482.0
74652.0
74815.0
74966.0
75123.0
75281.0
75442.0
75606.0
75774.0
75920.0
76056.0
76218.0
76379.0
76548.0
76679.0
76822.0
76979.0
77129.0
77294.0
77432.0
77597.0
77765.0
77926.0
78021.0
78164.0
78325.0
78476.0
78633.0
78796.0
78972.0
79135.0
79298.0
79452.0
79619.0
79789.0
79938.0
80099.0
80243.0
80399.0
80549.0
80718.0
80844.0
80998.0
81149.0
81302.0
81476.0
81616.0
81761.0
81918.0
82081.0
82215.0
82356.0
82507.0
82665.0
82821.0
82988.0
83143.0
83301.0
83469.0
83639.0
83788.0
83928.0
84086.0
84235.0
84392.0
84543.0
84699.0
84829.0
84996.0
85163.0
85297.0
85455.0
85618.0
85766.0
85936.0
86091.0
86197.0
86358.0
86512.0
86672.0
86837.0
86964.0
87115.0
87259.0
87422.0
87555.0
87679.0
87824.0
87980.0
88137.0
88287.0
88443.0
88615.0
88789.0
88939.0
89098.0
89259.0
89410.0
89572.0
89727.0
89893.0
90049.0
90206.0
90356.0
90486.0
90644.0
90816.0
90966.0
91120.0
91276.0
91396.0
91555.0
91714.0
91872.0
92036.0
92176.0
92328.0
92485.0
92627.0
92796.0
92965.0
93103.0
93259.0
93417.0
93577.0
93717.0
93884.0
94034.0
94191.0
94344.0
94491.0
94648.0
94812.0
94974.0
95146.0
95236.0
95390.0
95564.0
95713.0
95871.0
96040.0
96197.0
96349.0
96497.0
96662.0
96824.0
96978.0
97135.0
97286.0
97389.0
97519.0
97648.0
97811.0
97974.0
98139.0
98284.0
98441.0
98589.0
98756.0
98912.0
99042.0
99207.0
99331.0
99492.0
99644.0
99790.0
99946.0
100105.0
100277.0
100435.0
100578.0
100721.0
100884.0
101042.0
101192.0
101350.0
101445.0
101582.0
101745.0
101902.0
102032.0
102204.0
102341.0
102502.0
102670.0
102833.0
102978.0
103134.0
103302.0
103462.0
103601.0
103766.0
103940.0
104082.0
104224.0
104390.0
104555.0
104701.0
104841.0
104991.0
105163.0
105317.0
105483.0
105653.0
105800.0
105964.0
106114.0
106270.0
106422.0
106577.0
106751.0
106911.0
107083.0
107237.0
107395.0
107548.0
107695.0
107856.0
108016.0
108178.0
108319.0
108478.0
108631.0
108789.0
108924.0
109052.0
109210.0
109361.0
109527.0
109682.0
109832.0
109995.0
110159.0
110324.0
110483.0
110644.0
110793.0
110930.0
111068.0
111186.0
111315.0
111464.0
111636.0
111795.0
111969.0
112128.0
112291.0
112459.0
112631.0
112782.0
112922.0
113013.0
113160.0
113322.0
113487.0
113648.0
113798.0
113932.0
114044.0
114209.0
114376.0
114538.0
114690.0
114831.0
114986.0
115156.0
115291.0
115443.0
115612.0
115773.0
115913.0
116082.0
116235.0
116389.0
116543.0
116701.0
116867.0
117022.0
117190.0
117348.0
117520.0
117675.0
117847.0
118021.0
118193.0
118357.0
118523.0
118687.0
118842.0
119007.0
119160.0
119327.0
119470.0
119631.0
119741.0
119871.0
120032.0
120202.0
120357.0
120493.0
120662.0
120821.0
120984.0
121135.0
121304.0
121473.0
121615.0
121766.0
121935.0
122107.0
122261.0
122426.0
122577.0
122703.0
122869.0
123032.0
123192.0
123321.0
123487.0
123643.0
123804.0
123968.0
124136.0
124308.0
124457.0
124622.0
124783.0
124948.0
125111.0
125278.0
125432.0
125546.0
125702.0
125863.0
126024.0
126189.0
126338.0
126493.0
126654.0
126815.0
126972.0
127107.0
127263.0
127413.0
127577.0
127723.0
127878.0
128036.0
128193.0
128342.0
128476.0
128641.0
128781.0
128933.0
129107.0
129270.0
129436.0
129602.0
129773.0
129942.0
130079.0
130246.0
130415.0
130587.0
130737.0
130903.0
131069.0
131224.0
131339.0
131513.0
131685.0
131847.0
132003.0
132118.0
132276.0
132443.0
132594.0
132761.0
132916.0
133047.0
133197.0
133361.0
133499.0
133638.0
133785.0
133952.0
134098.0
134259.0
134395.0
134567.0
134726.0
134881.0
135002.0
135163.0
135332.0
135506.0
135641.0
135802.0
135959.0
136121.0
136287.0
136448.0
136605.0
136759.0
136929.0
137087.0
137241.0
137389.0
137526.0
137681.0
137825.0
137989.0
138150.0
138308.0
138447.0
138600.0
138768.0
138912.0
139070.0
139205.0
139348.0
139491.0
139621.0
139748.0
139906.0
140074.0
140246.0
140398.0
140524.0
140680.0
140834.0
140971.0
141141.0
141300.0
141460.0
141605.0
141777.0
141944.0
142098.0
142253.0
142409.0
142571.0
142732.0
142899.0
143066.0
143205.0
143365.0
143498.0
143633.0
143781.0
143934.0
144086.0
144240.0
144412.0
144561.0
144730.0
144890.0
145058.0
145169.0
145329.0
145499.0
145620.0
145769.0
145924.0
146071.0
146238.0
146402.0
146560.0
146721.0
146850.0
147004.0
147174.0
147330.0
147477.0
147612.0
147780.0
147937.0
148097.0
148246.0
148406.0
148570.0
148713.0
148873.0
149039.0
149200.0
149352.0
149517.0
149682.0
149830.0
149984.0
150143.0
150306.0
150476.0
150637.0
150804.0
150892.0
151054.0
151221.0
151381.0
151552.0
151705.0
151841.0
152005.0
152168.0
152340.0
152498.0
152659.0
152823.0
152968.0
153117.0
153245.0
153385.0
153551.0
153710.0
153843.0
153991.0
154145.0
154308.0
154475.0
154634.0
154792.0
154927.0
155066.0
155224.0
155390.0
155520.0
155681.0
155837.0
155978.0
156133.0
156291.0
156417.0
156570.0
156727.0
156878.0
157042.0
157204.0
157371.0
157508.0
157675.0
157824.0
157939.0
158091.0
158252.0
158417.0
158533.0
158679.0
158849.0
159012.0
159182.0
159348.0
159481.0
159643.0
159807.0
159979.0
160138.0
160263.0
160383.0
160545.0
160706.0
160882.0
161047.0
161210.0
161378.0
161525.0
161672.0
161834.0
161993.0
162165.0
162315.0
162482.0
162631.0
162773.0
162938.0
163082.0
163245.0
163395.0
163544.0
163696.0
163872.0
164015.0
164156.0
164285.0
164444.0
164612.0
164756.0
164930.0
165080.0
165243.0
165387.0
165539.0
165674.0
165823.0
165972.0
166114.0
166264.0
166429.0
166567.0
166717.0
166873.0
167032.0
167186.0
167347.0
167515.0
167682.0
167851.0
168001.0
168153.0
168325.0
168454.0
168622.0
168790.0
168954.0
169122.0
169270.0
169430.0
169576.0
169746.0
169894.0
170059.0
170220.0
170394.0
170540.0
170710.0
170873.0
171035.0
171184.0
171335.0
171486.0
171618.0
171761.0
171908.0
172074.0
172216.0
172374.0
172529.0
172684.0
172811.0
172956.0
173081.0
173236.0
173365.0
173534.0
173675.0
173779.0
173911.0
174078.0
174220.0
174378.0
174532.0
174702.0
174870.0
175038.0
175158.0
175328.0
175494.0
175627.0
175779.0
175937.0
176098.0
176253.0
176421.0
176552.0
176697.0
176852.0
177015.0
177185.0
177342.0
177469.0
177626.0
177773.0
177920.0
178072.0
178224.0
178386.0
178514.0
178672.0
178807.0
178952.0
179126.0
179276.0
