a = 0.8
g = 0.8
e = 0.3
random initial weights = false

-793.0
-1544.0
-2032.0
-2490.0
-2965.0
-3480.0
-3897.0
-4312.0
-4202.0
-4610.0
-5046.0
-5469.0
-5883.0
-6302.0
-6156.0
-5977.0
-5803.0
-5627.0
-5445.0
-5263.0
-5118.0
-4946.0
-4771.0
-4593.0
-4411.0
-4237.0
-4063.0
-3879.0
-3702.0
-3518.0
-3334.0
-3154.0
-2995.0
-2822.0
-2652.0
-2473.0
-2300.0
-2118.0
-1934.0
-1772.0
-1593.0
-1422.0
-1256.0
-1093.0
-917.0
-738.0
-569.0
-398.0
-216.0
-49.0
129.0
300.0
482.0
620.0
797.0
955.0
1115.0
1299.0
1475.0
1655.0
1828.0
2003.0
2160.0
2339.0
2514.0
2698.0
2866.0
3050.0
3230.0
3403.0
3587.0
3760.0
3922.0
4097.0
4266.0
4448.0
4630.0
4814.0
4991.0
5170.0
5354.0
5521.0
5700.0
5863.0
6035.0
6205.0
6385.0
6569.0
6751.0
6929.0
7099.0
7259.0
7439.0
7623.0
7798.0
7952.0
8132.0
8316.0
8500.0
8657.0
8841.0
9012.0
9187.0
9356.0
9536.0
9706.0
9881.0
10037.0
10214.0
10396.0
10578.0
10745.0
10918.0
11091.0
11268.0
11443.0
11610.0
11779.0
11953.0
12135.0
12319.0
12495.0
12658.0
12833.0
13015.0
13188.0
13363.0
13531.0
13713.0
13888.0
14054.0
14232.0
14405.0
14578.0
14752.0
14927.0
15109.0
15291.0
15455.0
15628.0
15801.0
15974.0
16149.0
16333.0
16517.0
16699.0
16864.0
17037.0
17212.0
17381.0
17559.0
17743.0
17920.0
18102.0
18277.0
18456.0
18628.0
18803.0
18959.0
19138.0
19309.0
19464.0
19648.0
19809.0
19979.0
20151.0
20335.0
20517.0
20696.0
20872.0
21037.0
21221.0
21387.0
21567.0
21734.0
21916.0
22082.0
22258.0
22438.0
22604.0
22771.0
22946.0
23116.0
23295.0
23464.0
23634.0
23804.0
23971.0
24146.0
24298.0
24467.0
24640.0
24814.0
24991.0
25171.0
25342.0
25507.0
25684.0
25852.0
26027.0
26206.0
26386.0
26568.0
26739.0
26911.0
27095.0
27279.0
27451.0
27631.0
27810.0
27990.0
28170.0
28333.0
28499.0
28683.0
28865.0
29039.0
29206.0
29383.0
29558.0
29730.0
29892.0
30076.0
30242.0
30408.0
30587.0
30766.0
30950.0
31118.0
31283.0
31463.0
31645.0
31809.0
31989.0
32157.0
32335.0
32517.0
32699.0
32868.0
33041.0
33205.0
33383.0
33565.0
33749.0
33917.0
34086.0
34253.0
34433.0
34617.0
34788.0
34970.0
35147.0
35315.0
35486.0
35666.0
35832.0
36012.0
36177.0
36352.0
36534.0
36700.0
36874.0
37039.0
37207.0
37373.0
37557.0
37739.0
37904.0
38078.0
38248.0
38410.0
38589.0
38760.0
38939.0
39110.0
39283.0
39459.0
39639.0
39816.0
39993.0
40166.0
40343.0
40525.0
40704.0
40886.0
41066.0
41235.0
41396.0
41560.0
41744.0
41893.0
42060.0
42233.0
42417.0
42589.0
42767.0
42947.0
43121.0
43299.0
43481.0
43654.0
43824.0
44006.0
44181.0
44354.0
44531.0
44698.0
44876.0
45040.0
45220.0
45394.0
45569.0
45749.0
45916.0
46094.0
46244.0
46424.0
46602.0
46767.0
46949.0
47126.0
47306.0
47483.0
47661.0
47828.0
48008.0
48181.0
48363.0
48540.0
48722.0
48893.0
49061.0
49245.0
49410.0
49585.0
49760.0
49934.0
50103.0
50280.0
50450.0
50622.0
50800.0
50973.0
51155.0
51332.0
51512.0
51687.0
51864.0
52048.0
52232.0
52416.0
52596.0
52771.0
52941.0
53113.0
53284.0
53468.0
53652.0
53834.0
54004.0
54183.0
54347.0
54531.0
54713.0
54891.0
55057.0
55226.0
55406.0
55581.0
55740.0
55922.0
56095.0
56268.0
56442.0
56614.0
56791.0
56965.0
57144.0
57304.0
57486.0
57654.0
57826.0
58010.0
58194.0
58357.0
58539.0
58721.0
58903.0
59078.0
59248.0
59430.0
59594.0
59776.0
59954.0
60133.0
60313.0
60487.0
60659.0
60826.0
61000.0
61171.0
61343.0
61525.0
61705.0
61883.0
62062.0
62225.0
62407.0
62577.0
62757.0
62939.0
63115.0
63295.0
63464.0
63646.0
63810.0
63982.0
64147.0
64329.0
64503.0
64674.0
64840.0
65024.0
65200.0
65376.0
65551.0
65724.0
65897.0
66076.0
66258.0
66433.0
66583.0
66760.0
66929.0
67113.0
67287.0
67471.0
67655.0
67835.0
68006.0
68184.0
68358.0
68535.0
68686.0
68860.0
69024.0
69194.0
69376.0
69536.0
69716.0
69894.0
70078.0
70251.0
70429.0
70591.0
70769.0
70949.0
71127.0
71299.0
71472.0
71650.0
71829.0
72006.0
72180.0
72358.0
72542.0
72724.0
72901.0
73069.0
73240.0
73422.0
73606.0
73779.0
73959.0
74137.0
74293.0
74459.0
74636.0
74813.0
74990.0
75174.0
75344.0
75518.0
75693.0
75869.0
76033.0
76215.0
76395.0
76563.0
76745.0
76921.0
77090.0
77274.0
77442.0
77626.0
77792.0
77974.0
78154.0
78334.0
78516.0
78686.0
78853.0
79026.0
79205.0
79389.0
79569.0
79748.0
79928.0
80103.0
80278.0
80460.0
80635.0
80800.0
80977.0
81138.0
81313.0
81492.0
81666.0
81832.0
82014.0
82194.0
82378.0
82557.0
82730.0
82909.0
83072.0
83243.0
83421.0
83601.0
83775.0
83954.0
84133.0
84304.0
84483.0
84655.0
84839.0
85004.0
85167.0
85339.0
85514.0
85693.0
85877.0
86042.0
86222.0
86390.0
86569.0
86745.0
86920.0
87095.0
87273.0
87450.0
87622.0
87800.0
87977.0
88149.0
88331.0
88513.0
88690.0
88842.0
89015.0
89187.0
89367.0
89537.0
89721.0
89896.0
90061.0
90243.0
90425.0
90609.0
90791.0
90964.0
91139.0
91306.0
91478.0
91653.0
91831.0
92002.0
92181.0
92354.0
92521.0
92683.0
92860.0
93042.0
93221.0
93403.0
93578.0
93756.0
93936.0
94107.0
94267.0
94446.0
94630.0
94809.0
94986.0
95163.0
95323.0
95500.0
95677.0
95843.0
96018.0
96200.0
96372.0
96552.0
96736.0
96916.0
97095.0
97273.0
97379.0
97553.0
97728.0
97889.0
98069.0
98249.0
98422.0
98597.0
98779.0
98956.0
99128.0
99310.0
99487.0
99654.0
99831.0
99982.0
100160.0
100321.0
100505.0
100674.0
100851.0
101033.0
101202.0
101376.0
101555.0
101733.0
101904.0
102071.0
102244.0
102407.0
102584.0
102766.0
102940.0
103120.0
103298.0
103480.0
103648.0
103828.0
103994.0
104169.0
104349.0
104514.0
104698.0
104868.0
105047.0
105222.0
105377.0
105553.0
105722.0
105895.0
106072.0
106254.0
106434.0
106610.0
106792.0
106976.0
107155.0
107327.0
107511.0
107677.0
107846.0
108010.0
108192.0
108369.0
108546.0
108723.0
108893.0
109068.0
109247.0
109425.0
109603.0
109787.0
109957.0
110123.0
110307.0
110475.0
110643.0
110822.0
111002.0
111178.0
111358.0
111538.0
111711.0
111886.0
112054.0
112231.0
112411.0
112591.0
112762.0
112941.0
113115.0
113289.0
113466.0
113648.0
113830.0
114007.0
114189.0
114363.0
114535.0
114719.0
114898.0
115073.0
115248.0
115428.0
115603.0
115785.0
115938.0
116108.0
116282.0
116464.0
116644.0
116828.0
117012.0
117196.0
117361.0
117543.0
117725.0
117902.0
118081.0
118251.0
118429.0
118596.0
118773.0
118940.0
119122.0
119288.0
119464.0
119648.0
119821.0
119988.0
120161.0
120338.0
120509.0
120684.0
120856.0
121036.0
121218.0
121395.0
121553.0
121728.0
121910.0
122090.0
122274.0
122451.0
122622.0
122795.0
122979.0
123159.0
123343.0
123519.0
123701.0
123880.0
124057.0
124232.0
124411.0
124577.0
124749.0
124931.0
125096.0
125280.0
125454.0
125619.0
125801.0
125975.0
126127.0
126306.0
126486.0
126668.0
126831.0
126997.0
127163.0
127332.0
127514.0
127694.0
127860.0
128030.0
128212.0
128394.0
128564.0
128742.0
128907.0
129077.0
129251.0
129435.0
129597.0
129779.0
129959.0
130141.0
130313.0
130489.0
130666.0
130833.0
131008.0
131181.0
131365.0
131538.0
131717.0
131891.0
132071.0
132242.0
132424.0
132608.0
132769.0
132949.0
133125.0
133302.0
133484.0
133668.0
133836.0
134018.0
134193.0
134355.0
134532.0
134714.0
134887.0
135067.0
135244.0
135418.0
135598.0
135773.0
135944.0
136111.0
136287.0
136462.0
136642.0
136818.0
136992.0
137174.0
137345.0
137523.0
137688.0
137862.0
138044.0
138199.0
138381.0
138560.0
138738.0
138911.0
139095.0
139271.0
139437.0
139605.0
139774.0
139949.0
140127.0
140300.0
140473.0
140643.0
140820.0
140997.0
141156.0
141329.0
141511.0
141686.0
141846.0
142024.0
142177.0
142343.0
142525.0
142694.0
142867.0
143043.0
143219.0
143384.0
143547.0
143724.0
143898.0
144080.0
144256.0
144424.0
144598.0
144778.0
144948.0
145130.0
145300.0
145472.0
145644.0
145799.0
145965.0
146130.0
146304.0
146486.0
146656.0
146826.0
147010.0
147190.0
147363.0
147545.0
147729.0
147913.0
148095.0
148272.0
148444.0
148622.0
148792.0
148952.0
149136.0
149320.0
149494.0
149674.0
149854.0
150031.0
150205.0
150367.0
150551.0
150731.0
150883.0
151058.0
151229.0
151402.0
151574.0
151747.0
151919.0
152083.0
152263.0
152443.0
152625.0
152795.0
152977.0
153144.0
153323.0
153482.0
153643.0
153808.0
153975.0
154157.0
154329.0
154509.0
154691.0
154870.0
155040.0
155214.0
155387.0
155564.0
155748.0
155928.0
156110.0
156282.0
156462.0
156639.0
156818.0
156983.0
157135.0
157317.0
157489.0
157654.0
157831.0
158000.0
158168.0
158350.0
158526.0
158697.0
158879.0
159061.0
159241.0
159425.0
159589.0
159742.0
159920.0
160088.0
160263.0
160440.0
160622.0
160806.0
160983.0
161161.0
161337.0
161509.0
161682.0
161854.0
162038.0
162217.0
162401.0
162581.0
162759.0
162943.0
163118.0
163290.0
163464.0
163601.0
163780.0
163962.0
164134.0
164313.0
164495.0
164671.0
164847.0
165027.0
165207.0
165370.0
165530.0
165702.0
165882.0
166054.0
166236.0
166415.0
166585.0
166743.0
166922.0
167106.0
167278.0
167456.0
167638.0
167820.0
168002.0
168182.0
168359.0
168529.0
168698.0
168882.0
169062.0
169244.0
169419.0
169592.0
169774.0
169951.0
170121.0
170293.0
170456.0
170630.0
170803.0
170977.0
171145.0
171324.0
171502.0
171651.0
171833.0
172015.0
172195.0
172369.0
172538.0
172713.0
172875.0
173046.0
173220.0
173394.0
173550.0
173725.0
173894.0
174069.0
174249.0
174420.0
174602.0
174780.0
174958.0
175138.0
175310.0
175476.0
175660.0
175838.0
176009.0
176193.0
176365.0
176538.0
176715.0
176868.0
177037.0
177216.0
177396.0
177565.0
177739.0
177916.0
178093.0
178269.0
178438.0
178620.0
178804.0
178984.0
179168.0
179338.0
179520.0
179697.0
179879.0
180057.0
180233.0
180407.0
180549.0
180731.0
180913.0
181087.0
181250.0
181419.0
181601.0
181780.0
181962.0
182139.0
182315.0
182495.0
182674.0
182853.0
183017.0
183162.0
183346.0
183523.0
183700.0
183875.0
184057.0
184234.0
184418.0
184600.0
184766.0
184946.0
185119.0
185297.0
185477.0
185643.0
185813.0
185997.0
186167.0
186349.0
186520.0
186704.0
186881.0
187063.0
187237.0
187416.0
187600.0
187777.0
187961.0
188145.0
188329.0
188498.0
188680.0
188862.0
189030.0
189195.0
189363.0
189543.0
189706.0
189886.0
190037.0
190221.0
190394.0
190573.0
190755.0
190927.0
191094.0
191262.0
191437.0
191619.0
191793.0
191959.0
192130.0
192312.0
192492.0
192662.0
192844.0
193028.0
193206.0
193382.0
193566.0
193731.0
193904.0
194074.0
194258.0
194436.0
194618.0
194782.0
194948.0
195122.0
195304.0
195476.0
195656.0
195831.0
196006.0
196186.0
196365.0
196541.0
196706.0
196888.0
197070.0
197235.0
197379.0
197545.0
197729.0
197906.0
198083.0
198245.0
198412.0
198582.0
198766.0
198925.0
199109.0
199286.0
199468.0
199647.0
199827.0
200004.0
200183.0
200365.0
200541.0
200711.0
200873.0
201053.0
201237.0
201412.0
201596.0
201778.0
201948.0
202130.0
202314.0
202498.0
202666.0
202844.0
203023.0
203198.0
203365.0
203538.0
203708.0
203888.0
204056.0
204236.0
204399.0
204578.0
204762.0
204944.0
205124.0
205306.0
205481.0
205661.0
205828.0
206010.0
206194.0
206374.0
206554.0
206724.0
206899.0
207074.0
207243.0
207427.0
207597.0
207779.0
207944.0
208098.0
208268.0
208452.0
208627.0
208809.0
208986.0
209161.0
209338.0
209498.0
209677.0
209857.0
210032.0
210214.0
210381.0
210563.0
210716.0
210900.0
211079.0
211258.0
211429.0
211604.0
211774.0
211958.0
212121.0
212293.0
212464.0
212639.0
212810.0
212984.0
213168.0
213350.0
213528.0
213712.0
213896.0
214074.0
214249.0
214404.0
214577.0
214752.0
214927.0
215107.0
215289.0
215471.0
215653.0
215837.0
216016.0
216196.0
216366.0
216536.0
216716.0
216889.0
217069.0
217253.0
217415.0
217583.0
217760.0
217940.0
218099.0
218277.0
218444.0
218626.0
218801.0
218976.0
219152.0
219324.0
219508.0
219682.0
219851.0
220028.0
220212.0
220389.0
220566.0
220731.0
220913.0
221083.0
221255.0
221422.0
221602.0
221774.0
221939.0
222107.0
222285.0
222450.0
222630.0
222814.0
222981.0
223163.0
223329.0
223492.0
223656.0
223820.0
223999.0
224168.0
224345.0
224524.0
224691.0
224875.0
225045.0
225217.0
225394.0
225564.0
225735.0
225907.0
226071.0
226251.0
226409.0
226591.0
226768.0
226940.0
227120.0
227300.0
227467.0
227644.0
227821.0
227985.0
228164.0
228339.0
228509.0
228691.0
228875.0
229045.0
229223.0
229392.0
229570.0
229745.0
229923.0
230100.0
230265.0
230442.0
230610.0
230772.0
230930.0
231102.0
231262.0
231436.0
231611.0
231785.0
231967.0
232147.0
232313.0
232482.0
232652.0
232830.0
233002.0
233177.0
233356.0
233531.0
233706.0
233881.0
234052.0
234232.0
234409.0
234579.0
234761.0
234941.0
235120.0
235300.0
235484.0
235650.0
235823.0
235996.0
236178.0
236355.0
236530.0
236691.0
236871.0
237046.0
237217.0
237388.0
237565.0
237744.0
237928.0
238112.0
238278.0
238431.0
238611.0
238790.0
238972.0
239156.0
239330.0
239494.0
239676.0
239856.0
240035.0
240219.0
240403.0
240582.0
240759.0
240941.0
241116.0
241292.0
241464.0
241648.0
241821.0
241992.0
242176.0
242348.0
242528.0
242699.0
242879.0
243049.0
243226.0
243408.0
243583.0
243759.0
243933.0
244110.0
244292.0
244471.0
244653.0
244823.0
245000.0
245184.0
245362.0
245534.0
245714.0
245885.0
246060.0
246237.0
246406.0
246581.0
246761.0
246936.0
247103.0
247278.0
247444.0
247618.0
247792.0
247952.0
248127.0
248309.0
248481.0
248654.0
248826.0
249000.0
249184.0
249368.0
249550.0
249703.0
249882.0
250057.0
250225.0
250389.0
250564.0
250744.0
250924.0
251106.0
251290.0
251474.0
251648.0
251811.0
251991.0
252166.0
252343.0
252372.0
252550.0
252734.0
252909.0
253089.0
253271.0
