a = 0.5
g = 0.5
e = 0.5
random initial weights = true

-550.0
-1746.0
-2218.0
-3033.0
-3921.0
-4397.0
-4907.0
-5353.0
-5912.0
-6410.0
-6843.0
-7363.0
-7919.0
-7800.0
-8240.0
-8663.0
-9154.0
-9585.0
-10130.0
-10598.0
-11050.0
-11499.0
-11921.0
-12474.0
-12969.0
-13419.0
-13868.0
-14293.0
-14717.0
-15161.0
-15651.0
-15506.0
-15447.0
-15873.0
-16329.0
-16837.0
-17310.0
-17162.0
-17574.0
-17412.0
-17255.0
-17680.0
-17605.0
-17478.0
-17920.0
-17759.0
-17585.0
-17429.0
-17277.0
-17134.0
-17037.0
-16908.0
-16766.0
-16603.0
-16439.0
-16316.0
-16162.0
-16032.0
-15877.0
-15715.0
-15577.0
-15410.0
-15248.0
-15081.0
-14928.0
-14769.0
-14635.0
-14467.0
-14307.0
-14148.0
-14001.0
-13837.0
-13681.0
-13524.0
-13381.0
-13250.0
-13098.0
-12928.0
-12778.0
-12610.0
-12440.0
-12284.0
-12120.0
-11988.0
-11820.0
-11673.0
-11508.0
-11342.0
-11178.0
-11017.0
-10875.0
-10739.0
-10567.0
-10415.0
-10257.0
-10097.0
-9939.0
-9827.0
-9691.0
-9542.0
-9385.0
-9213.0
-9048.0
-8898.0
-8752.0
-8585.0
-8443.0
-8288.0
-8136.0
-7962.0
-7807.0
-7635.0
-7476.0
-7318.0
-7163.0
-7005.0
-6870.0
-6706.0
-6546.0
-6383.0
-6248.0
-6098.0
-5928.0
-5758.0
-5600.0
-5455.0
-5296.0
-5128.0
-4966.0
-4812.0
-4690.0
-4529.0
-4390.0
-4238.0
-4074.0
-3914.0
-3748.0
-3624.0
-3470.0
-3294.0
-3147.0
-2984.0
-2821.0
-2658.0
-2500.0
-2334.0
-2178.0
-2029.0
-1863.0
-1729.0
-1570.0
-1404.0
-1236.0
-1099.0
-946.0
-790.0
-646.0
-481.0
-323.0
-158.0
-24.0
111.0
240.0
412.0
552.0
708.0
868.0
1015.0
1176.0
1331.0
1480.0
1648.0
1812.0
1965.0
2096.0
2265.0
2433.0
2603.0
2758.0
2924.0
3081.0
3253.0
3403.0
3566.0
3729.0
3884.0
4019.0
4172.0
4315.0
4447.0
4615.0
4782.0
4913.0
5085.0
5194.0
5349.0
5509.0
5658.0
5795.0
5949.0
6092.0
6230.0
6395.0
6554.0
6710.0
6865.0
7023.0
7179.0
7343.0
7509.0
7662.0
7825.0
7987.0
8157.0
8306.0
8474.0
8645.0
8815.0
8948.0
9093.0
9229.0
9374.0
9521.0
9682.0
9842.0
9993.0
10136.0
10289.0
10453.0
10612.0
10762.0
10918.0
11083.0
11240.0
11399.0
11564.0
11725.0
11836.0
11993.0
12157.0
12331.0
12472.0
12629.0
12780.0
12932.0
13090.0
13240.0
13395.0
13560.0
13712.0
13871.0
14021.0
14180.0
14337.0
14489.0
14622.0
14746.0
14887.0
15045.0
15207.0
15360.0
15509.0
15666.0
15823.0
15997.0
16132.0
16289.0
16444.0
16604.0
16774.0
16948.0
17082.0
17234.0
17408.0
17573.0
17723.0
17876.0
18040.0
18198.0
18319.0
18457.0
18623.0
18787.0
18939.0
19086.0
19235.0
19409.0
19542.0
19705.0
19829.0
19996.0
20144.0
20299.0
20465.0
20635.0
20801.0
20943.0
21108.0
21254.0
21414.0
21540.0
21667.0
21816.0
21930.0
22098.0
22243.0
22409.0
22565.0
22712.0
22879.0
23053.0
23222.0
23367.0
23535.0
23699.0
23843.0
24014.0
24135.0
24282.0
24447.0
24604.0
24772.0
24944.0
25098.0
25253.0
25422.0
25550.0
25707.0
25858.0
26024.0
26173.0
26333.0
26500.0
26652.0
26792.0
26947.0
27117.0
27241.0
27411.0
27568.0
27703.0
27835.0
27988.0
28154.0
28305.0
28474.0
28639.0
28794.0
28926.0
29090.0
29257.0
29424.0
29587.0
29749.0
29883.0
30047.0
30198.0
30358.0
30513.0
30654.0
30813.0
30980.0
31120.0
31278.0
31420.0
31581.0
31745.0
31893.0
32052.0
32224.0
32368.0
32493.0
32651.0
32798.0
32929.0
33088.0
33222.0
33385.0
33516.0
33663.0
33824.0
33970.0
34082.0
34235.0
34399.0
34557.0
34706.0
34850.0
35014.0
35176.0
35326.0
35478.0
35621.0
35777.0
35947.0
36095.0
36269.0
36410.0
36553.0
36683.0
36841.0
36966.0
37118.0
37278.0
37438.0
37605.0
37743.0
37904.0
38052.0
38221.0
38377.0
38542.0
38687.0
38838.0
38989.0
39134.0
39274.0
39411.0
39564.0
39729.0
39888.0
40023.0
40141.0
40296.0
40429.0
40566.0
40679.0
40824.0
40984.0
41149.0
41314.0
41482.0
41643.0
41763.0
41939.0
42101.0
42271.0
42394.0
42564.0
42714.0
42867.0
43030.0
43202.0
43340.0
43499.0
43655.0
43790.0
43947.0
44083.0
44248.0
44404.0
44569.0
44716.0
44870.0
45018.0
45172.0
45340.0
45498.0
45626.0
45766.0
45920.0
46091.0
46253.0
46407.0
46564.0
46724.0
46881.0
47049.0
47179.0
47319.0
47477.0
47616.0
47780.0
47939.0
48115.0
48270.0
48423.0
48595.0
48754.0
48893.0
49052.0
49204.0
49363.0
49511.0
49680.0
49849.0
49966.0
50107.0
50223.0
50386.0
50554.0
50696.0
50845.0
51008.0
51172.0
51324.0
51454.0
51609.0
51768.0
51923.0
52093.0
52248.0
52399.0
52569.0
52730.0
52885.0
53039.0
53207.0
53309.0
53448.0
53595.0
53755.0
53894.0
54044.0
54196.0
54353.0
54484.0
54650.0
54813.0
54962.0
55118.0
55260.0
55407.0
55559.0
55708.0
55854.0
55998.0
56132.0
56298.0
56441.0
56600.0
56754.0
56908.0
57066.0
57216.0
57370.0
57499.0
57665.0
57776.0
57938.0
58102.0
58258.0
58398.0
58560.0
58722.0
58887.0
59033.0
59194.0
59360.0
59513.0
59667.0
59811.0
59949.0
60117.0
60263.0
60413.0
60573.0
60740.0
60906.0
61058.0
61215.0
61360.0
61505.0
61668.0
61838.0
62002.0
62176.0
62308.0
62441.0
62576.0
62733.0
62876.0
63045.0
63204.0
63326.0
63489.0
63637.0
63797.0
63962.0
64097.0
64251.0
64403.0
64562.0
64721.0
64873.0
65028.0
65197.0
65364.0
65518.0
65667.0
65839.0
65998.0
66170.0
66310.0
66475.0
66638.0
66797.0
66950.0
67089.0
67233.0
67397.0
67517.0
67678.0
67836.0
67992.0
68122.0
68289.0
68398.0
68555.0
68715.0
68859.0
69020.0
69164.0
69320.0
69463.0
69627.0
69788.0
69947.0
70113.0
70287.0
70392.0
70544.0
70696.0
70851.0
71021.0
71186.0
71333.0
71482.0
71639.0
71782.0
71931.0
72097.0
72264.0
72426.0
72587.0
72747.0
72917.0
73091.0
73257.0
73417.0
73570.0
73694.0
73862.0
74020.0
74158.0
74323.0
74442.0
74597.0
74759.0
74918.0
75057.0
75211.0
75381.0
75516.0
75680.0
75822.0
75976.0
76143.0
76295.0
76460.0
76628.0
76792.0
76923.0
77087.0
77221.0
77350.0
77518.0
77658.0
77808.0
77955.0
78113.0
78289.0
78447.0
78606.0
78756.0
78888.0
79026.0
79169.0
79315.0
79480.0
79615.0
79768.0
79944.0
80114.0
80243.0
80404.0
80567.0
80713.0
80841.0
80999.0
81129.0
81283.0
81438.0
81601.0
81738.0
81893.0
82056.0
82214.0
82371.0
82541.0
82715.0
82868.0
83021.0
83163.0
83334.0
83466.0
83604.0
83760.0
83904.0
84060.0
84231.0
84377.0
84543.0
84719.0
84856.0
85013.0
85157.0
85325.0
85486.0
85645.0
85806.0
85978.0
86148.0
86318.0
86465.0
86632.0
86787.0
86951.0
87121.0
87284.0
87433.0
87582.0
87735.0
87884.0
88037.0
88185.0
88355.0
88517.0
88680.0
88843.0
88993.0
89160.0
89298.0
89429.0
89578.0
89743.0
89839.0
90001.0
90172.0
90321.0
90489.0
90665.0
90830.0
91006.0
91138.0
91307.0
91472.0
91635.0
91797.0
91954.0
92103.0
92246.0
92411.0
92556.0
92717.0
92844.0
93004.0
93140.0
93299.0
93460.0
93623.0
93760.0
93913.0
94079.0
94235.0
94394.0
94547.0
94665.0
94817.0
94975.0
95142.0
95295.0
95461.0
95611.0
95772.0
95931.0
96076.0
96233.0
96404.0
96551.0
96702.0
96868.0
97021.0
97186.0
97329.0
97462.0
97622.0
97777.0
97917.0
98079.0
98217.0
98374.0
98550.0
98693.0
98786.0
98942.0
99102.0
99276.0
99421.0
99581.0
99727.0
99862.0
100017.0
100147.0
100290.0
100457.0
100618.0
100787.0
100943.0
101091.0
101256.0
101397.0
101534.0
101698.0
101866.0
102036.0
102166.0
102322.0
102480.0
102642.0
102801.0
102947.0
103115.0
103285.0
103457.0
103616.0
103768.0
103921.0
104040.0
104214.0
104376.0
104526.0
104666.0
104832.0
104994.0
105160.0
105317.0
105465.0
105616.0
105780.0
105935.0
106111.0
106264.0
106425.0
106566.0
106704.0
106868.0
107001.0
107156.0
107296.0
107461.0
107604.0
107771.0
107941.0
108093.0
108262.0
108411.0
108550.0
108720.0
108856.0
108990.0
109149.0
109314.0
109467.0
109603.0
109753.0
109869.0
110000.0
110158.0
110311.0
110470.0
110608.0
110746.0
110907.0
111065.0
111208.0
111378.0
111550.0
111674.0
111831.0
111983.0
112143.0
112281.0
112443.0
112612.0
112774.0
112943.0
113103.0
113239.0
113406.0
113569.0
113713.0
113869.0
114022.0
114171.0
114321.0
114465.0
114622.0
114794.0
114939.0
115072.0
115208.0
115355.0
115508.0
115656.0
115814.0
115970.0
116128.0
116281.0
116393.0
116526.0
116696.0
116858.0
117024.0
117193.0
117325.0
117493.0
117655.0
117806.0
117973.0
118138.0
118298.0
118474.0
118638.0
118798.0
118957.0
119110.0
119267.0
119429.0
119587.0
119749.0
119904.0
120030.0
120170.0
120281.0
120457.0
120612.0
120754.0
120913.0
121076.0
121242.0
121376.0
121527.0
121688.0
121829.0
121985.0
122156.0
122290.0
122433.0
122579.0
122745.0
122895.0
123054.0
123201.0
123364.0
123510.0
123646.0
123801.0
123946.0
124104.0
124235.0
124385.0
124541.0
124698.0
124867.0
125039.0
125191.0
125350.0
125512.0
125654.0
125809.0
125969.0
126131.0
126272.0
126412.0
126560.0
126694.0
126864.0
126998.0
127149.0
127303.0
127459.0
127612.0
127774.0
127946.0
128091.0
128235.0
128356.0
128503.0
128669.0
128845.0
129017.0
129179.0
129346.0
129515.0
129678.0
129823.0
129968.0
130108.0
130262.0
130418.0
130555.0
130712.0
130861.0
131037.0
131200.0
131334.0
131495.0
131648.0
131816.0
131972.0
132120.0
132292.0
132444.0
132590.0
132756.0
132923.0
133089.0
133252.0
133406.0
133538.0
133692.0
133847.0
134012.0
134156.0
134320.0
134467.0
134618.0
134767.0
134910.0
135047.0
135201.0
135359.0
135521.0
135675.0
135827.0
135961.0
136091.0
136253.0
136399.0
136543.0
136690.0
136856.0
137015.0
137175.0
137319.0
137480.0
137650.0
137808.0
137927.0
138087.0
138241.0
138387.0
138558.0
138721.0
138863.0
138989.0
139161.0
139328.0
139485.0
139643.0
139780.0
139950.0
140122.0
140260.0
140434.0
140577.0
140710.0
140877.0
141030.0
141188.0
141343.0
141509.0
141681.0
141847.0
142010.0
142155.0
142262.0
142412.0
142572.0
142726.0
142874.0
143041.0
143200.0
143374.0
143535.0
143658.0
143822.0
143978.0
144089.0
144240.0
144368.0
144533.0
144701.0
144848.0
144975.0
145121.0
145287.0
145456.0
145585.0
145734.0
145904.0
146078.0
146252.0
146405.0
146551.0
146701.0
146857.0
147016.0
147160.0
147330.0
147474.0
147639.0
147796.0
147943.0
148060.0
148220.0
148387.0
148552.0
148708.0
148853.0
149013.0
149156.0
149319.0
149477.0
149621.0
149753.0
149917.0
150063.0
150211.0
150368.0
150533.0
150692.0
150848.0
151006.0
151162.0
151308.0
151453.0
151623.0
151784.0
151928.0
152077.0
152242.0
152386.0
152536.0
152698.0
152870.0
153011.0
153178.0
153337.0
153506.0
153649.0
153785.0
153947.0
154086.0
154236.0
154384.0
154552.0
154707.0
154850.0
155003.0
155151.0
155325.0
155476.0
155646.0
155803.0
155943.0
156119.0
156271.0
156427.0
156588.0
156751.0
156889.0
157052.0
157202.0
157357.0
157528.0
157691.0
157865.0
158022.0
158186.0
158339.0
158455.0
158599.0
158762.0
158922.0
159088.0
159256.0
159380.0
159526.0
159702.0
159858.0
160024.0
160145.0
160260.0
160416.0
160558.0
160712.0
160872.0
161022.0
161180.0
161326.0
161435.0
161597.0
161769.0
161936.0
162096.0
162248.0
162362.0
162517.0
162676.0
162838.0
163010.0
163182.0
163325.0
163476.0
163643.0
163817.0
163985.0
164137.0
164290.0
164435.0
164601.0
164764.0
164907.0
165063.0
165176.0
165335.0
165493.0
165660.0
165829.0
165980.0
166141.0
166291.0
166450.0
166607.0
166764.0
166907.0
167071.0
167229.0
167379.0
167536.0
167679.0
167841.0
168009.0
168140.0
168293.0
168453.0
168606.0
168751.0
168917.0
169053.0
169182.0
169351.0
169525.0
169674.0
169821.0
169988.0
170140.0
170293.0
170454.0
170615.0
170787.0
170936.0
171075.0
171238.0
171408.0
171559.0
171735.0
171875.0
172034.0
172183.0
172355.0
172502.0
172639.0
172778.0
172926.0
173095.0
173245.0
173404.0
173540.0
173706.0
173837.0
174003.0
174174.0
174341.0
174482.0
174623.0
174750.0
174883.0
175043.0
175196.0
175361.0
175500.0
175650.0
175820.0
175964.0
176112.0
176251.0
176416.0
176572.0
176722.0
176885.0
177051.0
177202.0
177352.0
177501.0
177660.0
177798.0
177936.0
178088.0
178239.0
178405.0
178544.0
178685.0
178857.0
179016.0
179180.0
179354.0
179490.0
179656.0
179798.0
179967.0
180102.0
180233.0
180393.0
180554.0
180720.0
180859.0
180997.0
181155.0
181305.0
181457.0
181613.0
181760.0
181920.0
182092.0
182232.0
182396.0
182564.0
182710.0
182860.0
183002.0
183095.0
183227.0
183380.0
183512.0
183659.0
183831.0
183994.0
184144.0
184286.0
184404.0
184548.0
184695.0
184835.0
184995.0
185167.0
185326.0
185484.0
185647.0
185787.0
185946.0
186081.0
186248.0
186402.0
186560.0
186710.0
186882.0
187048.0
187218.0
187332.0
187466.0
187601.0
187740.0
187914.0
188077.0
188242.0
188377.0
188503.0
188649.0
188805.0
188981.0
189146.0
189320.0
189470.0
189617.0
189748.0
189911.0
190076.0
190243.0
190402.0
190552.0
190686.0
190841.0
190994.0
191145.0
191313.0
191479.0
191637.0
191811.0
191980.0
192137.0
192288.0
192428.0
192580.0
192754.0
192906.0
193063.0
193224.0
193381.0
193543.0
193706.0
193857.0
194019.0
194189.0
194332.0
194492.0
194637.0
194801.0
194954.0
195116.0
195247.0
195400.0
195557.0
195705.0
195850.0
195998.0
196157.0
196294.0
196455.0
196592.0
196735.0
196871.0
197002.0
197161.0
197308.0
197476.0
197633.0
197800.0
197970.0
198139.0
198297.0
198459.0
198604.0
198752.0
198914.0
199079.0
199225.0
199376.0
199529.0
199685.0
199846.0
199971.0
200138.0
200282.0
200419.0
200574.0
200748.0
200908.0
201068.0
201188.0
201311.0
201435.0
201586.0
201744.0
201910.0
202025.0
202190.0
202328.0
202490.0
202647.0
202792.0
202964.0
203126.0
203294.0
203459.0
203624.0
203768.0
203929.0
204048.0
204220.0
204373.0
204538.0
204674.0
204815.0
204968.0
205128.0
205284.0
205454.0
