a = 0.2
g = 0.5
e = 0.1
random initial weights = false

-2857.0
-5682.0
-6170.0
-6803.0
-7232.0
-7676.0
-8345.0
-8790.0
-9299.0
-9790.0
-10258.0
-10734.0
-11168.0
-11632.0
-12114.0
-12561.0
-13048.0
-13475.0
-13929.0
-14394.0
-14859.0
-15284.0
-15715.0
-16158.0
-16601.0
-17014.0
-17448.0
-17924.0
-18383.0
-18800.0
-19250.0
-19705.0
-20199.0
-20622.0
-21048.0
-21471.0
-21906.0
-21740.0
-22155.0
-22574.0
-23014.0
-23431.0
-23267.0
-23706.0
-24123.0
-24574.0
-24997.0
-27445.0
-27284.0
-27695.0
-28122.0
-28539.0
-28968.0
-29392.0
-29811.0
-30256.0
-30088.0
-29912.0
-29740.0
-30151.0
-30570.0
-31002.0
-31423.0
-31836.0
-32255.0
-32100.0
-32511.0
-32361.0
-32778.0
-33205.0
-33037.0
-33450.0
-33276.0
-33108.0
-32932.0
-33343.0
-33754.0
-34183.0
-34013.0
-34428.0
-34278.0
-34695.0
-35108.0
-35521.0
-35359.0
-35183.0
-35596.0
-35429.0
-35251.0
-35078.0
-34900.0
-34724.0
-35137.0
-34965.0
-35380.0
-35204.0
-35615.0
-35441.0
-35263.0
-35099.0
-35510.0
-35341.0
-35163.0
-34985.0
-34807.0
-34629.0
-34451.0
-34283.0
-34105.0
-33927.0
-33749.0
-33571.0
-33395.0
-33225.0
-33054.0
-32881.0
-32703.0
-32532.0
-32354.0
-32176.0
-31998.0
-31820.0
-31642.0
-31464.0
-31286.0
-31112.0
-30938.0
-30760.0
-30587.0
-30411.0
-30233.0
-30055.0
-29881.0
-29703.0
-29525.0
-29349.0
-29173.0
-28995.0
-28817.0
-28639.0
-28463.0
-28287.0
-28114.0
-27936.0
-27758.0
-27580.0
-27407.0
-27229.0
-27051.0
-26875.0
-26697.0
-26519.0
-26343.0
-26167.0
-25991.0
-25813.0
-25639.0
-25461.0
-25283.0
-25105.0
-24931.0
-24753.0
-24577.0
-24406.0
-24232.0
-24054.0
-23876.0
-23700.0
-23522.0
-23344.0
-23166.0
-22988.0
-22819.0
-22641.0
-22467.0
-22291.0
-22113.0
-21939.0
-21768.0
-21590.0
-21412.0
-21234.0
-21062.0
-20884.0
-20706.0
-20532.0
-20356.0
-20178.0
-20004.0
-19830.0
-19654.0
-19476.0
-19298.0
-19120.0
-18942.0
-18775.0
-18597.0
-18421.0
-18248.0
-18070.0
-17892.0
-17716.0
-17540.0
-17369.0
-17191.0
-17017.0
-16844.0
-16666.0
-16493.0
-16317.0
-16141.0
-15968.0
-15792.0
-15623.0
-15445.0
-15267.0
-15089.0
-14915.0
-14742.0
-14564.0
-14386.0
-14216.0
-14045.0
-13867.0
-13693.0
-13515.0
-13339.0
-13167.0
-12989.0
-12815.0
-12637.0
-12461.0
-12285.0
-12107.0
-11934.0
-11758.0
-11580.0
-11402.0
-11224.0
-11048.0
-10870.0
-10692.0
-10514.0
-10336.0
-10162.0
-9986.0
-9810.0
-9634.0
-9462.0
-9284.0
-9108.0
-8930.0
-8756.0
-8587.0
-8411.0
-8233.0
-8055.0
-7879.0
-7703.0
-7525.0
-7349.0
-7173.0
-7000.0
-6822.0
-6651.0
-6473.0
-6300.0
-6124.0
-5953.0
-5784.0
-5608.0
-5432.0
-5256.0
-5080.0
-4904.0
-4726.0
-4548.0
-4370.0
-4192.0
-4014.0
-3838.0
-3660.0
-3489.0
-3311.0
-3133.0
-2965.0
-2787.0
-2609.0
-2431.0
-2255.0
-2081.0
-1913.0
-1735.0
-1557.0
-1381.0
-1207.0
-1029.0
-860.0
-686.0
-520.0
-342.0
-164.0
12.0
190.0
361.0
539.0
717.0
893.0
1071.0
1247.0
1420.0
1598.0
1771.0
1949.0
2125.0
2303.0
2481.0
2659.0
2837.0
3013.0
3191.0
3362.0
3540.0
3718.0
3890.0
4068.0
4246.0
4424.0
4598.0
4769.0
4942.0
5118.0
5289.0
5463.0
5639.0
5806.0
5984.0
6162.0
6338.0
6512.0
6690.0
6868.0
7044.0
7222.0
7400.0
7578.0
7751.0
7927.0
8103.0
8279.0
8457.0
8633.0
8811.0
8985.0
9163.0
9341.0
9519.0
9695.0
9873.0
10049.0
10227.0
10401.0
10579.0
10757.0
10935.0
11113.0
11291.0
11467.0
11645.0
11823.0
12001.0
12179.0
12351.0
12527.0
12701.0
12877.0
13053.0
13229.0
13407.0
13581.0
13759.0
13937.0
14115.0
14293.0
14464.0
14642.0
14818.0
14994.0
15172.0
15345.0
15521.0
15694.0
15865.0
16043.0
16221.0
16393.0
16567.0
16736.0
16910.0
17084.0
17255.0
17431.0
17607.0
17785.0
17961.0
18137.0
18308.0
18486.0
18662.0
18835.0
19011.0
19189.0
19365.0
19543.0
19719.0
19892.0
20070.0
20246.0
20422.0
20598.0
20774.0
20952.0
21126.0
21302.0
21480.0
21658.0
21832.0
22008.0
22181.0
22357.0
22533.0
22709.0
22887.0
23059.0
23235.0
23411.0
23589.0
23767.0
23943.0
24115.0
24293.0
24471.0
24649.0
24825.0
24996.0
25172.0
25348.0
25521.0
25699.0
25873.0
26049.0
26227.0
26405.0
26581.0
26759.0
26937.0
27111.0
27287.0
27460.0
27638.0
27808.0
27986.0
28164.0
28335.0
28506.0
28684.0
28857.0
29035.0
29206.0
29384.0
29560.0
29738.0
29909.0
30087.0
30263.0
30441.0
30619.0
30797.0
30975.0
31149.0
31327.0
31503.0
31679.0
31857.0
32031.0
32204.0
32382.0
32558.0
32734.0
32912.0
33088.0
33266.0
33437.0
33615.0
33793.0
33971.0
34149.0
34327.0
34503.0
34681.0
34857.0
35033.0
35205.0
35383.0
35561.0
35737.0
35915.0
36083.0
36256.0
36432.0
36608.0
36786.0
36957.0
37135.0
37311.0
37480.0
37658.0
37830.0
38003.0
38179.0
38357.0
38530.0
38706.0
38872.0
39043.0
39215.0
39388.0
39562.0
39740.0
39918.0
40096.0
40274.0
40452.0
40630.0
40804.0
40982.0
41156.0
41334.0
41512.0
41688.0
41859.0
42035.0
42206.0
42372.0
42550.0
42728.0
42900.0
43076.0
43254.0
43432.0
43610.0
43781.0
43957.0
44133.0
44307.0
44485.0
44663.0
44841.0
45015.0
45191.0
45367.0
45540.0
45716.0
45890.0
46068.0
46246.0
46424.0
46597.0
46775.0
46946.0
47122.0
47298.0
47476.0
47652.0
47823.0
48001.0
48179.0
48355.0
48533.0
48707.0
48883.0
49061.0
49235.0
49413.0
49587.0
49765.0
49941.0
50117.0
50295.0
50466.0
50637.0
50813.0
50991.0
51167.0
51343.0
51521.0
51694.0
51872.0
52048.0
52222.0
52398.0
52576.0
52754.0
52927.0
53103.0
53281.0
53457.0
53629.0
53807.0
53985.0
54158.0
54334.0
54510.0
54684.0
54862.0
55038.0
55216.0
55392.0
55562.0
55740.0
55918.0
56091.0
56269.0
56443.0
56621.0
56799.0
56977.0
57153.0
57331.0
57509.0
57687.0
57865.0
58043.0
58219.0
58395.0
58569.0
58745.0
58910.0
59088.0
59266.0
59439.0
59615.0
59793.0
59971.0
60149.0
60325.0
60503.0
60675.0
60851.0
61025.0
61201.0
61379.0
61555.0
61724.0
61898.0
62074.0
62250.0
62421.0
62599.0
62775.0
62951.0
63129.0
63307.0
63480.0
63656.0
63830.0
64000.0
64178.0
64356.0
64534.0
64712.0
64888.0
65064.0
65242.0
65414.0
65592.0
65768.0
65937.0
66115.0
66291.0
66467.0
66645.0
66817.0
66995.0
67171.0
67347.0
67523.0
67699.0
67873.0
68051.0
68229.0
68407.0
68583.0
68756.0
68934.0
69110.0
69286.0
69462.0
69636.0
69809.0
69985.0
70159.0
70335.0
70513.0
70679.0
70855.0
71033.0
71211.0
71389.0
71567.0
71740.0
71916.0
72084.0
72260.0
72438.0
72616.0
72794.0
72970.0
73148.0
73324.0
73498.0
73676.0
73849.0
74023.0
74201.0
74379.0
74555.0
74731.0
74909.0
75087.0
75263.0
75441.0
75619.0
75793.0
75969.0
76145.0
76323.0
76499.0
76677.0
76848.0
77021.0
77197.0
77375.0
77553.0
77731.0
77897.0
78071.0
78247.0
78423.0
78601.0
78775.0
78953.0
79129.0
79303.0
79481.0
79659.0
79828.0
80006.0
80184.0
80362.0
80540.0
80716.0
80890.0
81064.0
81240.0
81414.0
81590.0
81766.0
81944.0
82120.0
82296.0
82472.0
82650.0
82826.0
83002.0
83180.0
83354.0
83528.0
83704.0
83882.0
84060.0
84231.0
84407.0
84580.0
84758.0
84936.0
85112.0
85283.0
85461.0
85637.0
85815.0
85993.0
86171.0
86349.0
86525.0
86701.0
86879.0
87055.0
87229.0
87402.0
87575.0
87751.0
87929.0
88105.0
88281.0
88459.0
88637.0
88815.0
88993.0
89166.0
89344.0
89520.0
89696.0
89874.0
90052.0
90228.0
90406.0
90584.0
90757.0
90935.0
91113.0
91291.0
91469.0
91647.0
91816.0
91990.0
92166.0
92342.0
92520.0
92698.0
92876.0
93054.0
93232.0
93410.0
93588.0
93766.0
93942.0
94120.0
94298.0
94476.0
94654.0
94825.0
95001.0
95177.0
95355.0
95531.0
95703.0
95879.0
96057.0
96235.0
96407.0
96578.0
96751.0
96927.0
97105.0
97281.0
97457.0
97635.0
97813.0
97989.0
98167.0
98345.0
98523.0
98697.0
98875.0
99053.0
99231.0
99409.0
99582.0
99760.0
99936.0
100114.0
100285.0
100461.0
100639.0
100815.0
100991.0
101167.0
101345.0
101523.0
101697.0
101870.0
102048.0
102226.0
102404.0
102580.0
102758.0
102930.0
103108.0
103286.0
103464.0
103642.0
103820.0
103994.0
104168.0
104346.0
104524.0
104702.0
104880.0
105056.0
105227.0
105405.0
105583.0
105759.0
105937.0
106115.0
106293.0
106471.0
106649.0
106825.0
107003.0
107181.0
107359.0
107535.0
107713.0
107891.0
108065.0
108243.0
108421.0
108599.0
108777.0
108948.0
109117.0
109293.0
109469.0
109647.0
109823.0
110001.0
110175.0
110353.0
110529.0
110705.0
110883.0
111061.0
111231.0
111402.0
111580.0
111753.0
111926.0
112102.0
112278.0
112456.0
112634.0
112812.0
112988.0
113166.0
113344.0
113522.0
113700.0
113876.0
114050.0
114226.0
114404.0
114582.0
114751.0
114925.0
115097.0
115275.0
115453.0
115627.0
115803.0
115970.0
116148.0
116326.0
116502.0
116680.0
116858.0
117036.0
117209.0
117385.0
117558.0
117732.0
117906.0
118082.0
118260.0
118438.0
118616.0
118794.0
118970.0
119148.0
119324.0
119498.0
119676.0
119854.0
120025.0
120199.0
120377.0
120551.0
120729.0
120907.0
121085.0
121261.0
121439.0
121613.0
121791.0
121967.0
122143.0
122321.0
122497.0
122675.0
122847.0
123023.0
123199.0
123377.0
123553.0
123731.0
123909.0
124087.0
124265.0
124443.0
124619.0
124795.0
124973.0
125144.0
125309.0
125487.0
125661.0
125837.0
126015.0
126191.0
126363.0
126539.0
126715.0
126893.0
127065.0
127241.0
127419.0
127589.0
127767.0
127945.0
128121.0
128293.0
128469.0
128643.0
128819.0
128997.0
129170.0
129341.0
129519.0
129697.0
129873.0
130051.0
130227.0
130405.0
130583.0
130756.0
130932.0
131108.0
131284.0
131462.0
131640.0
131816.0
131994.0
132170.0
132346.0
132524.0
132700.0
132878.0
133056.0
133230.0
133406.0
133579.0
133757.0
133929.0
134107.0
134285.0
134463.0
134641.0
134819.0
134995.0
135171.0
135344.0
135518.0
135694.0
135870.0
136048.0
136214.0
136392.0
136570.0
136748.0
136924.0
137102.0
137280.0
137458.0
137636.0
137814.0
137984.0
138162.0
138340.0
138513.0
138691.0
138869.0
139042.0
139220.0
139393.0
139569.0
139747.0
139925.0
140103.0
140281.0
140459.0
140637.0
140815.0
140986.0
141164.0
141342.0
141520.0
141696.0
141874.0
142043.0
142219.0
142397.0
142575.0
142751.0
142927.0
143100.0
143278.0
143450.0
143628.0
143806.0
143982.0
144158.0
144334.0
144512.0
144688.0
144864.0
145042.0
145218.0
145391.0
145569.0
145747.0
145925.0
146103.0
146279.0
146457.0
146635.0
146809.0
146987.0
147160.0
147334.0
147510.0
147688.0
147864.0
148040.0
148218.0
148394.0
148557.0
148735.0
148913.0
149089.0
149265.0
149443.0
149617.0
149793.0
149971.0
150149.0
150323.0
150501.0
150679.0
150855.0
151025.0
151203.0
151381.0
151559.0
151737.0
151915.0
152093.0
152265.0
152443.0
152621.0
152799.0
152972.0
153145.0
153323.0
153496.0
153672.0
153846.0
154024.0
154193.0
154367.0
154545.0
154721.0
154899.0
155075.0
155249.0
155425.0
155599.0
155777.0
155953.0
156131.0
156309.0
156487.0
156665.0
156843.0
157017.0
157188.0
157362.0
157540.0
157718.0
157879.0
158055.0
158233.0
158411.0
158575.0
158749.0
158925.0
159101.0
159279.0
159457.0
159635.0
159813.0
159991.0
160167.0
160341.0
160519.0
160692.0
160870.0
161038.0
161216.0
161390.0
161568.0
161739.0
161913.0
162091.0
162264.0
162440.0
162618.0
162791.0
162965.0
163143.0
163321.0
163499.0
163677.0
163848.0
164024.0
164200.0
164376.0
164552.0
164725.0
164903.0
165079.0
165253.0
165429.0
165602.0
165778.0
165954.0
166125.0
166303.0
166468.0
166644.0
166822.0
166998.0
167174.0
167352.0
167530.0
167706.0
167884.0
168060.0
168238.0
168412.0
168588.0
168762.0
168938.0
169116.0
169288.0
169466.0
169644.0
169808.0
169984.0
170160.0
170333.0
170511.0
170687.0
170856.0
171034.0
171204.0
171374.0
171552.0
171723.0
171901.0
172075.0
172243.0
172421.0
172599.0
172775.0
172953.0
173131.0
173309.0
173482.0
173656.0
173829.0
174007.0
174183.0
174359.0
174537.0
174715.0
174891.0
175062.0
175235.0
175411.0
175585.0
175759.0
175937.0
176113.0
176291.0
176469.0
176645.0
176818.0
176996.0
177174.0
177352.0
177523.0
177694.0
177870.0
178046.0
178219.0
178397.0
178573.0
178749.0
178923.0
179101.0
179279.0
179452.0
179630.0
179806.0
179984.0
180162.0
180335.0
180511.0
180687.0
180858.0
181032.0
181210.0
181388.0
181564.0
181742.0
181920.0
182098.0
182274.0
182450.0
182628.0
182804.0
182982.0
183160.0
183338.0
183516.0
183694.0
183872.0
184050.0
184228.0
184404.0
184582.0
184758.0
184929.0
185107.0
185285.0
185461.0
185639.0
185815.0
185993.0
186171.0
186347.0
186523.0
186701.0
186879.0
187057.0
187233.0
187409.0
187587.0
187763.0
187941.0
188119.0
188297.0
188473.0
188651.0
188827.0
189003.0
189181.0
189359.0
189535.0
189696.0
189874.0
190050.0
190228.0
190406.0
190584.0
190762.0
190940.0
191116.0
191287.0
191465.0
191641.0
191819.0
191995.0
192166.0
192344.0
192522.0
192700.0
192876.0
193054.0
193230.0
193408.0
193586.0
193764.0
193942.0
194111.0
194289.0
194467.0
194632.0
194810.0
194988.0
195166.0
195344.0
195522.0
195700.0
195878.0
196047.0
196219.0
196397.0
196573.0
196751.0
196927.0
197103.0
197279.0
197455.0
197633.0
197807.0
197985.0
198161.0
198339.0
198517.0
198693.0
198867.0
199045.0
199223.0
199399.0
199577.0
199753.0
199931.0
200109.0
200287.0
200463.0
200631.0
200807.0
200985.0
201163.0
201337.0
201515.0
201688.0
201862.0
202040.0
202218.0
202396.0
202570.0
202748.0
202926.0
203104.0
203278.0
203454.0
203632.0
203810.0
203988.0
204166.0
204342.0
204520.0
204698.0
204876.0
205052.0
205228.0
205406.0
205584.0
205762.0
205940.0
206118.0
206294.0
206465.0
206636.0
206807.0
206978.0
207156.0
207332.0
207510.0
207688.0
207864.0
208042.0
208214.0
208392.0
208570.0
208746.0
208924.0
209100.0
209273.0
209449.0
209625.0
209803.0
209979.0
210157.0
210335.0
210511.0
210689.0
