a = 0.5
g = 0.8
e = 0.5
random initial weights = true

-2533.0
-3458.0
-4002.0
-4686.0
-5127.0
-5562.0
-6025.0
-6548.0
-6988.0
-7491.0
-7967.0
-8389.0
-8265.0
-8098.0
-7940.0
-7802.0
-7639.0
-7492.0
-7334.0
-7185.0
-7011.0
-6928.0
-6783.0
-6629.0
-6501.0
-6345.0
-6198.0
-6056.0
-5920.0
-5778.0
-5604.0
-5443.0
-5283.0
-5118.0
-4938.0
-4773.0
-4613.0
-4463.0
-4306.0
-4131.0
-3972.0
-3832.0
-3678.0
-3503.0
-3327.0
-3149.0
-2981.0
-2802.0
-2633.0
-2465.0
-2293.0
-2129.0
-1959.0
-1811.0
-1658.0
-1506.0
-1350.0
-1173.0
-1012.0
-846.0
-674.0
-527.0
-360.0
-183.0
-6.0
147.0
319.0
501.0
658.0
835.0
998.0
1162.0
1313.0
1477.0
1647.0
1823.0
1989.0
2155.0
2316.0
2485.0
2646.0
2817.0
2984.0
3160.0
3332.0
3499.0
3667.0
3841.0
3940.0
4096.0
4250.0
4400.0
4580.0
4692.0
4820.0
4977.0
5137.0
5312.0
5490.0
5654.0
5820.0
5960.0
6114.0
6273.0
6436.0
6585.0
6767.0
6904.0
7048.0
7203.0
7361.0
7506.0
7671.0
7811.0
7977.0
8143.0
8306.0
8466.0
8637.0
8796.0
8958.0
9094.0
9195.0
9344.0
9523.0
9684.0
9835.0
9992.0
10145.0
10315.0
10486.0
10660.0
10702.0
10849.0
11031.0
11197.0
11342.0
11514.0
11683.0
11857.0
12018.0
12175.0
12355.0
12530.0
12706.0
12883.0
13051.0
13233.0
13411.0
13577.0
13742.0
13886.0
14040.0
14198.0
14353.0
14526.0
14699.0
14857.0
15024.0
15174.0
15341.0
15497.0
15668.0
15828.0
16000.0
16144.0
16328.0
16471.0
16620.0
16791.0
16966.0
17128.0
17297.0
17468.0
17632.0
17808.0
17971.0
18149.0
18315.0
18482.0
18650.0
18825.0
18986.0
19159.0
19332.0
19516.0
19681.0
19856.0
20031.0
20201.0
20361.0
20528.0
20669.0
20839.0
21004.0
21169.0
21301.0
21476.0
21642.0
21799.0
21972.0
22126.0
22278.0
22423.0
22607.0
22789.0
22934.0
23097.0
23266.0
23429.0
23563.0
23724.0
23895.0
24065.0
24188.0
24335.0
24498.0
24650.0
24808.0
24951.0
25123.0
25293.0
25470.0
25650.0
25792.0
25969.0
26108.0
26277.0
26449.0
26609.0
26748.0
26927.0
27105.0
27272.0
27437.0
27608.0
27771.0
27917.0
28080.0
28211.0
28369.0
28536.0
28698.0
28864.0
29043.0
29225.0
29347.0
29531.0
29683.0
29831.0
29983.0
30132.0
30288.0
30455.0
30623.0
30788.0
30946.0
31101.0
31271.0
31394.0
31562.0
31703.0
31857.0
32034.0
32214.0
32349.0
32525.0
32683.0
32841.0
33003.0
33162.0
33289.0
33461.0
33629.0
33770.0
33939.0
34109.0
34228.0
34383.0
34541.0
34704.0
34868.0
35034.0
35188.0
35340.0
35514.0
35692.0
35870.0
36049.0
36174.0
36356.0
36521.0
36699.0
36874.0
37042.0
37202.0
37364.0
37522.0
37690.0
37855.0
38023.0
38195.0
38356.0
38528.0
38659.0
38813.0
38975.0
39157.0
39330.0
39490.0
39633.0
39815.0
39979.0
40146.0
40318.0
40489.0
40664.0
40829.0
41006.0
41176.0
41358.0
41540.0
41710.0
41885.0
42044.0
42202.0
42358.0
42521.0
42680.0
42823.0
42990.0
43155.0
43330.0
43495.0
43643.0
43823.0
43997.0
44175.0
44350.0
44521.0
44696.0
44874.0
45049.0
45218.0
45386.0
45557.0
45732.0
45891.0
46058.0
46234.0
46371.0
46553.0
46668.0
46818.0
46983.0
47142.0
47308.0
47470.0
47622.0
47788.0
47923.0
48105.0
48260.0
48427.0
48583.0
48759.0
48929.0
49073.0
49209.0
49393.0
49558.0
49729.0
49899.0
50071.0
50217.0
50348.0
50532.0
50695.0
50845.0
51002.0
51154.0
51310.0
51483.0
51642.0
51813.0
51980.0
52160.0
52329.0
52482.0
52646.0
52806.0
52962.0
53135.0
53312.0
53470.0
53635.0
53789.0
53957.0
54137.0
54306.0
54477.0
54652.0
54809.0
54978.0
55134.0
55314.0
55463.0
55598.0
55769.0
55931.0
56090.0
56225.0
56374.0
56538.0
56703.0
56875.0
57040.0
57208.0
57386.0
57557.0
57685.0
57859.0
58028.0
58177.0
58345.0
58481.0
58635.0
58808.0
58973.0
59139.0
59244.0
59413.0
59579.0
59747.0
59924.0
60075.0
60250.0
60434.0
60618.0
60784.0
60957.0
61121.0
61272.0
61421.0
61556.0
61727.0
61905.0
62074.0
62229.0
62377.0
62538.0
62715.0
62879.0
63035.0
63144.0
63307.0
63450.0
63621.0
63800.0
63958.0
64118.0
64290.0
64464.0
64618.0
64739.0
64674.0
64832.0
65006.0
65176.0
65332.0
65509.0
65682.0
65847.0
66012.0
66187.0
66365.0
66527.0
66646.0
66823.0
66994.0
67166.0
67340.0
67503.0
67683.0
67834.0
67985.0
68157.0
68322.0
68486.0
68644.0
68775.0
68944.0
69115.0
69291.0
69471.0
69646.0
69792.0
69962.0
70138.0
70281.0
70405.0
70571.0
70736.0
70900.0
71033.0
71191.0
71370.0
71498.0
71666.0
71814.0
71988.0
72126.0
72277.0
72423.0
72588.0
72751.0
72897.0
73079.0
73209.0
73361.0
73529.0
73675.0
73840.0
73986.0
74159.0
74294.0
74474.0
74624.0
74800.0
74980.0
75135.0
75267.0
75435.0
75589.0
75752.0
75921.0
76078.0
76255.0
76411.0
76583.0
76750.0
76925.0
77097.0
77281.0
77428.0
77591.0
77751.0
77931.0
78102.0
78253.0
78408.0
78576.0
78753.0
78921.0
79073.0
79245.0
79397.0
79562.0
79715.0
79879.0
80056.0
80223.0
80389.0
80532.0
80689.0
80869.0
81002.0
81152.0
81299.0
81448.0
81617.0
81774.0
81935.0
82074.0
82215.0
82381.0
82561.0
82743.0
82899.0
83032.0
83193.0
83354.0
83507.0
83631.0
83793.0
83950.0
84113.0
84266.0
84446.0
84582.0
84750.0
84920.0
85087.0
85247.0
85399.0
85579.0
85749.0
85919.0
86085.0
86250.0
86422.0
86583.0
86747.0
86892.0
87067.0
87234.0
87387.0
87537.0
87712.0
87868.0
88025.0
88185.0
88299.0
88448.0
88602.0
88748.0
88903.0
89080.0
89237.0
89381.0
89542.0
89701.0
89883.0
90046.0
90220.0
90384.0
90540.0
90688.0
90834.0
91004.0
91188.0
91365.0
91545.0
91686.0
91860.0
92008.0
92165.0
92345.0
92523.0
92695.0
92839.0
92988.0
93144.0
93319.0
93485.0
93667.0
93844.0
94015.0
94188.0
94354.0
94516.0
94691.0
94863.0
95020.0
95188.0
95342.0
95515.0
95689.0
95841.0
95994.0
96174.0
96346.0
96489.0
96669.0
96805.0
96985.0
97160.0
97319.0
97482.0
97664.0
97801.0
97961.0
98133.0
98296.0
98469.0
98603.0
98782.0
98911.0
99064.0
99234.0
99392.0
99567.0
99684.0
99841.0
100003.0
100162.0
100322.0
100470.0
100643.0
100825.0
100986.0
101133.0
101288.0
101466.0
101640.0
101788.0
101946.0
102113.0
102263.0
102432.0
102583.0
102751.0
102915.0
103097.0
103249.0
103382.0
103535.0
103695.0
103857.0
103989.0
104145.0
104306.0
104466.0
104639.0
104802.0
104947.0
105124.0
105292.0
105462.0
105635.0
105812.0
105987.0
106159.0
106330.0
106488.0
106645.0
106801.0
106945.0
107117.0
107297.0
107462.0
107622.0
107790.0
107940.0
108114.0
108271.0
108449.0
108616.0
108785.0
108929.0
109064.0
109207.0
109366.0
109514.0
109687.0
109853.0
110024.0
110177.0
110344.0
110506.0
110681.0
110844.0
111021.0
111196.0
111353.0
111512.0
111678.0
111837.0
111944.0
112112.0
112287.0
112458.0
112606.0
112770.0
112930.0
113058.0
113226.0
113404.0
113561.0
113740.0
113896.0
114054.0
114213.0
114377.0
114553.0
114702.0
114842.0
114990.0
115157.0
115334.0
115482.0
115623.0
115795.0
115970.0
116120.0
116262.0
116423.0
116593.0
116760.0
116927.0
117080.0
117260.0
117406.0
117575.0
117739.0
117914.0
118071.0
118247.0
118402.0
118582.0
118733.0
118898.0
119065.0
119234.0
119376.0
119534.0
119689.0
119849.0
120011.0
120186.0
120360.0
120525.0
120684.0
120855.0
121032.0
121193.0
121346.0
121491.0
121665.0
121823.0
122003.0
122180.0
122331.0
122473.0
122642.0
122819.0
122992.0
123124.0
123250.0
123407.0
123563.0
123745.0
123917.0
124086.0
124258.0
124409.0
124575.0
124739.0
124894.0
125048.0
125224.0
125395.0
125552.0
125713.0
125879.0
126028.0
126161.0
126341.0
126471.0
126646.0
126823.0
127003.0
127161.0
127313.0
127463.0
127626.0
127791.0
127968.0
128120.0
128237.0
128401.0
128576.0
128705.0
128856.0
129008.0
129118.0
129241.0
129423.0
129586.0
129724.0
129862.0
130042.0
130211.0
130347.0
130465.0
130639.0
130821.0
130988.0
131170.0
131337.0
131500.0
131665.0
131828.0
131982.0
132144.0
132312.0
132484.0
132654.0
132823.0
132991.0
133168.0
133309.0
133433.0
133569.0
133746.0
133844.0
134017.0
134194.0
134336.0
134494.0
134669.0
134844.0
135001.0
135148.0
135320.0
135490.0
135661.0
135814.0
135986.0
136159.0
136329.0
136472.0
136637.0
136817.0
136975.0
137153.0
137313.0
137447.0
137617.0
137799.0
137956.0
138127.0
138297.0
138479.0
138635.0
138799.0
138977.0
139128.0
139292.0
139471.0
139640.0
139754.0
139906.0
140055.0
140196.0
140378.0
140548.0
140717.0
140889.0
141052.0
141195.0
141370.0
141525.0
141695.0
141860.0
141998.0
142163.0
142338.0
142497.0
142642.0
142824.0
142991.0
143142.0
143281.0
143440.0
143601.0
143774.0
143918.0
144065.0
144237.0
144397.0
144555.0
144723.0
144891.0
145065.0
145227.0
145399.0
145577.0
145746.0
145896.0
146047.0
146222.0
146394.0
146535.0
146706.0
146862.0
147038.0
147217.0
147377.0
147519.0
147683.0
147843.0
148027.0
148192.0
148342.0
148511.0
148646.0
148813.0
148962.0
149139.0
149282.0
149445.0
149593.0
149752.0
149908.0
150090.0
150256.0
150418.0
150583.0
150760.0
150916.0
151081.0
151257.0
151411.0
151540.0
151690.0
151862.0
152014.0
152170.0
152337.0
152475.0
152646.0
152822.0
152993.0
153143.0
153320.0
153473.0
153614.0
153770.0
153952.0
154116.0
154281.0
154442.0
154619.0
154774.0
154917.0
155088.0
155241.0
155388.0
155555.0
155720.0
155895.0
156065.0
156208.0
156386.0
156558.0
156720.0
156875.0
157057.0
157237.0
157392.0
157527.0
157685.0
157848.0
158021.0
158189.0
158333.0
158485.0
158653.0
158817.0
158984.0
159159.0
159315.0
159488.0
159653.0
159796.0
159927.0
160103.0
160280.0
160455.0
160608.0
160781.0
160956.0
161100.0
161279.0
161456.0
161624.0
161784.0
161964.0
162119.0
162284.0
162448.0
162608.0
162772.0
162940.0
163122.0
163271.0
163453.0
163623.0
163773.0
163949.0
164096.0
164249.0
164398.0
164555.0
164722.0
164861.0
165010.0
165182.0
165322.0
165500.0
165663.0
165828.0
165960.0
166127.0
166288.0
166443.0
166606.0
166769.0
166936.0
167103.0
167260.0
167431.0
167594.0
167774.0
167938.0
168113.0
168269.0
168433.0
168605.0
168750.0
168914.0
169059.0
169229.0
169397.0
169572.0
169734.0
169902.0
170079.0
170244.0
170406.0
170565.0
170691.0
170871.0
171045.0
171196.0
171373.0
171498.0
171670.0
171833.0
171970.0
172127.0
172295.0
172466.0
172630.0
172803.0
172959.0
173095.0
173254.0
173371.0
173544.0
173705.0
173849.0
173982.0
174153.0
174311.0
174490.0
174670.0
174824.0
174999.0
175175.0
175331.0
175499.0
175664.0
175841.0
176004.0
176177.0
176347.0
176490.0
176663.0
176836.0
177013.0
177186.0
177370.0
177529.0
177688.0
177852.0
178027.0
178171.0
178310.0
178494.0
178663.0
178842.0
179008.0
179134.0
179293.0
179451.0
179569.0
179719.0
179878.0
180052.0
180214.0
180384.0
180568.0
180735.0
180870.0
181018.0
181198.0
181370.0
181537.0
181689.0
181871.0
182011.0
182188.0
182363.0
182537.0
182694.0
182844.0
183022.0
183173.0
183324.0
183481.0
183634.0
183798.0
183970.0
184147.0
184319.0
184480.0
184637.0
184815.0
184969.0
185137.0
185268.0
185425.0
185593.0
185761.0
185934.0
186106.0
186284.0
186458.0
186625.0
186776.0
186958.0
187102.0
187282.0
187460.0
187623.0
187798.0
187970.0
188112.0
188267.0
188430.0
188561.0
188711.0
188841.0
188989.0
189159.0
189307.0
189479.0
189651.0
189785.0
189963.0
190119.0
190283.0
190455.0
190628.0
190802.0
190962.0
191076.0
191251.0
191428.0
191591.0
191765.0
191943.0
192127.0
192284.0
192430.0
192602.0
192761.0
192917.0
193095.0
193277.0
193432.0
193609.0
193784.0
193928.0
194105.0
194262.0
194431.0
194588.0
194762.0
194934.0
195110.0
195283.0
195448.0
195612.0
195780.0
195926.0
196098.0
196253.0
196385.0
196551.0
196729.0
196902.0
197061.0
197221.0
197348.0
197509.0
197679.0
197837.0
197980.0
198146.0
198266.0
198426.0
198587.0
198741.0
198907.0
199059.0
199197.0
199376.0
199556.0
199724.0
199885.0
200039.0
200208.0
200388.0
200529.0
200668.0
200826.0
200975.0
201120.0
201286.0
201466.0
201605.0
201780.0
201939.0
202107.0
202247.0
202413.0
202581.0
202741.0
202893.0
203075.0
203221.0
203391.0
203543.0
203717.0
203863.0
204025.0
204179.0
204355.0
204489.0
204654.0
204817.0
204978.0
205154.0
205305.0
205461.0
205625.0
205778.0
205953.0
206116.0
206300.0
206482.0
206660.0
206815.0
206964.0
207122.0
207290.0
207420.0
207578.0
207746.0
207926.0
208093.0
208267.0
208437.0
208583.0
208696.0
208846.0
209022.0
209198.0
209354.0
209534.0
209693.0
209845.0
210018.0
210169.0
210327.0
210502.0
210634.0
210780.0
210920.0
211078.0
211241.0
211411.0
211587.0
211741.0
211923.0
212090.0
212251.0
212423.0
212561.0
212720.0
212892.0
213076.0
213230.0
213381.0
213535.0
213684.0
213844.0
213994.0
214138.0
214293.0
214450.0
214585.0
214735.0
214891.0
215060.0
215208.0
215343.0
215515.0
215643.0
215808.0
215951.0
216120.0
216289.0
216449.0
216611.0
216764.0
216920.0
217081.0
217249.0
217404.0
217573.0
217736.0
217916.0
218068.0
218216.0
218371.0
218535.0
218696.0
218853.0
219026.0
219178.0
219321.0
219479.0
219636.0
219809.0
219971.0
220143.0
220290.0
220438.0
220585.0
220751.0
220924.0
221098.0
221273.0
221430.0
221597.0
221774.0
221918.0
222076.0
222233.0
222378.0
222558.0
222736.0
222909.0
223080.0
223240.0
223389.0
223556.0
223716.0
223876.0
224037.0
224210.0
224360.0
224520.0
224681.0
224834.0
224997.0
225141.0
225303.0
225482.0
225652.0
225821.0
225988.0
226159.0
226314.0
226476.0
226632.0
226794.0
226946.0
227113.0
227289.0
227458.0
227623.0
227781.0
227937.0
228089.0
228244.0
228402.0
228572.0
228735.0
228877.0
229049.0
229171.0
229348.0
229521.0
229690.0
229849.0
230028.0
230190.0
230365.0
230541.0
230689.0
230850.0
230998.0
231159.0
231273.0
231447.0
