a = 0.5
g = 0.8
e = 0.3
random initial weights = false

-2651.0
-5145.0
-7374.0
-9038.0
-9702.0
-10234.0
-10747.0
-11202.0
-11637.0
-12100.0
-12542.0
-12997.0
-13476.0
-13934.0
-14368.0
-14803.0
-15225.0
-15072.0
-15493.0
-15924.0
-16361.0
-16794.0
-16635.0
-16471.0
-16886.0
-17312.0
-17734.0
-18151.0
-17981.0
-17805.0
-17629.0
-17467.0
-17297.0
-17128.0
-16960.0
-16805.0
-16627.0
-16465.0
-16293.0
-16117.0
-15941.0
-15774.0
-15598.0
-15426.0
-15264.0
-15091.0
-14926.0
-14752.0
-14591.0
-14435.0
-14259.0
-14083.0
-13911.0
-13737.0
-13571.0
-13400.0
-13226.0
-13057.0
-12891.0
-12723.0
-12549.0
-12394.0
-12223.0
-12056.0
-11882.0
-11713.0
-11546.0
-11370.0
-11198.0
-11027.0
-10863.0
-10685.0
-10511.0
-10357.0
-10192.0
-10020.0
-9846.0
-9674.0
-9509.0
-9335.0
-9169.0
-9006.0
-8842.0
-8685.0
-8518.0
-8342.0
-8168.0
-7998.0
-7839.0
-7665.0
-7509.0
-7337.0
-7175.0
-7011.0
-6835.0
-6663.0
-6499.0
-6333.0
-6155.0
-5981.0
-5819.0
-5649.0
-5473.0
-5303.0
-5132.0
-4966.0
-4859.0
-4690.0
-4520.0
-4347.0
-4187.0
-4015.0
-3850.0
-3686.0
-3517.0
-3345.0
-3175.0
-2999.0
-2831.0
-2653.0
-2489.0
-2313.0
-2151.0
-1973.0
-1823.0
-1660.0
-1501.0
-1331.0
-1165.0
-991.0
-828.0
-669.0
-512.0
-347.0
-196.0
-47.0
122.0
298.0
459.0
629.0
803.0
973.0
1149.0
1321.0
1473.0
1651.0
1827.0
1999.0
2171.0
2349.0
2521.0
2684.0
2862.0
3034.0
3201.0
3373.0
3549.0
3720.0
3896.0
4074.0
4243.0
4413.0
4583.0
4759.0
4933.0
5103.0
5270.0
5439.0
5607.0
5781.0
5942.0
6107.0
6273.0
6449.0
6625.0
6790.0
6962.0
7132.0
7308.0
7466.0
7640.0
7812.0
7986.0
8126.0
8302.0
8478.0
8650.0
8826.0
8987.0
9161.0
9337.0
9501.0
9677.0
9848.0
10015.0
10172.0
10341.0
10512.0
10682.0
10849.0
11021.0
11182.0
11352.0
11511.0
11685.0
11857.0
12023.0
12199.0
12371.0
12533.0
12703.0
12879.0
13046.0
13218.0
13394.0
13558.0
13728.0
13906.0
14082.0
14250.0
14420.0
14588.0
14757.0
14933.0
15094.0
15259.0
15428.0
15600.0
15774.0
15946.0
16112.0
16288.0
16451.0
16615.0
16789.0
16963.0
17139.0
17309.0
17485.0
17661.0
17834.0
18000.0
18174.0
18345.0
18523.0
18695.0
18861.0
19033.0
19197.0
19365.0
19535.0
19703.0
19862.0
20030.0
20208.0
20371.0
20525.0
20682.0
20840.0
21012.0
21183.0
21345.0
21517.0
21693.0
21855.0
22028.0
22204.0
22365.0
22539.0
22713.0
22887.0
23058.0
23228.0
23393.0
23567.0
23733.0
23911.0
24072.0
24246.0
24383.0
24555.0
24713.0
24885.0
25048.0
25216.0
25379.0
25549.0
25719.0
25895.0
26065.0
26225.0
26403.0
26560.0
26726.0
26898.0
27074.0
27240.0
27398.0
27576.0
27743.0
27915.0
28079.0
28253.0
28419.0
28597.0
28773.0
28951.0
29124.0
29302.0
29467.0
29641.0
29805.0
29966.0
30144.0
30307.0
30480.0
30654.0
30830.0
30999.0
31171.0
31345.0
31506.0
31678.0
31848.0
32024.0
32193.0
32362.0
32531.0
32705.0
32862.0
33034.0
33210.0
33381.0
33553.0
33731.0
33899.0
34066.0
34234.0
34403.0
34572.0
34739.0
34905.0
35073.0
35231.0
35403.0
35581.0
35747.0
35912.0
36088.0
36258.0
36427.0
36593.0
36764.0
36934.0
37108.0
37282.0
37450.0
37623.0
37797.0
37966.0
38140.0
38318.0
38487.0
38653.0
38823.0
38983.0
39157.0
39326.0
39494.0
39668.0
39837.0
40004.0
40178.0
40352.0
40526.0
40692.0
40868.0
41038.0
41216.0
41390.0
41568.0
41729.0
41897.0
42069.0
42239.0
42415.0
42584.0
42758.0
42919.0
43095.0
43257.0
43410.0
43579.0
43749.0
43913.0
44071.0
44244.0
44416.0
44576.0
44754.0
44930.0
45103.0
45277.0
45449.0
45615.0
45782.0
45958.0
46130.0
46300.0
46465.0
46635.0
46800.0
46969.0
47139.0
47315.0
47484.0
47653.0
47820.0
47994.0
48168.0
48337.0
48490.0
48666.0
48838.0
49009.0
49183.0
49351.0
49521.0
49692.0
49863.0
50039.0
50205.0
50379.0
50549.0
50707.0
50883.0
51046.0
51216.0
51378.0
51552.0
51730.0
51902.0
52078.0
52254.0
52409.0
52569.0
52747.0
52906.0
53084.0
53248.0
53412.0
53582.0
53753.0
53929.0
54096.0
54274.0
54452.0
54617.0
54788.0
54966.0
55132.0
55293.0
55471.0
55631.0
55809.0
55985.0
56161.0
56337.0
56509.0
56683.0
56847.0
57015.0
57189.0
57365.0
57530.0
57706.0
57855.0
58031.0
58199.0
58365.0
58541.0
58719.0
58884.0
59060.0
59221.0
59391.0
59556.0
59730.0
59885.0
60053.0
60229.0
60395.0
60573.0
60746.0
60920.0
61091.0
61261.0
61426.0
61591.0
61762.0
61932.0
62108.0
62282.0
62450.0
62626.0
62797.0
62975.0
63151.0
63319.0
63485.0
63657.0
63835.0
64013.0
64178.0
64351.0
64520.0
64696.0
64836.0
65005.0
65181.0
65345.0
65519.0
65687.0
65859.0
66031.0
66207.0
66383.0
66554.0
66728.0
66904.0
67075.0
67236.0
67414.0
67581.0
67750.0
67916.0
68092.0
68264.0
68425.0
68601.0
68779.0
68948.0
69111.0
69289.0
69458.0
69623.0
69801.0
69969.0
70143.0
70315.0
70472.0
70636.0
70801.0
70979.0
71146.0
71324.0
71487.0
71661.0
71830.0
72006.0
72180.0
72358.0
72536.0
72697.0
72869.0
73035.0
73209.0
73385.0
73561.0
73735.0
73901.0
74079.0
74245.0
74421.0
74595.0
74766.0
74936.0
75110.0
75286.0
75464.0
75630.0
75806.0
75982.0
76153.0
76329.0
76491.0
76659.0
76829.0
76987.0
77160.0
77336.0
77504.0
77668.0
77824.0
77994.0
78164.0
78332.0
78503.0
78659.0
78829.0
79000.0
79178.0
79352.0
79525.0
79701.0
79875.0
80041.0
80219.0
80387.0
80558.0
80734.0
80912.0
81068.0
81233.0
81399.0
81560.0
81732.0
81908.0
82077.0
82240.0
82414.0
82588.0
82757.0
82927.0
83089.0
83257.0
83418.0
83592.0
83766.0
83935.0
84099.0
84273.0
84446.0
84619.0
84797.0
84975.0
85151.0
85322.0
85498.0
85674.0
85852.0
86009.0
86170.0
86344.0
86508.0
86686.0
86849.0
87013.0
87178.0
87346.0
87518.0
87694.0
87865.0
88033.0
88207.0
88383.0
88559.0
88731.0
88909.0
89087.0
89255.0
89422.0
89592.0
89770.0
89948.0
90126.0
90300.0
90473.0
90651.0
90827.0
91005.0
91178.0
91346.0
91520.0
91690.0
91856.0
92030.0
92202.0
92378.0
92543.0
92715.0
92887.0
93056.0
93213.0
93385.0
93559.0
93727.0
93900.0
94063.0
94241.0
94412.0
94568.0
94736.0
94899.0
95057.0
95230.0
95389.0
95561.0
95739.0
95917.0
96093.0
96265.0
96435.0
96579.0
96738.0
96912.0
97076.0
97242.0
97416.0
97592.0
97757.0
97917.0
98072.0
98245.0
98423.0
98587.0
98763.0
98935.0
99096.0
99272.0
99446.0
99620.0
99789.0
99965.0
100127.0
100300.0
100467.0
100645.0
100810.0
100974.0
101138.0
101308.0
101482.0
101658.0
101825.0
101980.0
102144.0
102313.0
102477.0
102649.0
102812.0
102988.0
103164.0
103338.0
103512.0
103681.0
103829.0
104003.0
104175.0
104347.0
104518.0
104687.0
104855.0
105031.0
105198.0
105376.0
105550.0
105717.0
105881.0
106055.0
106229.0
106391.0
106567.0
106745.0
106921.0
107097.0
107273.0
107447.0
107621.0
107794.0
107966.0
108137.0
108309.0
108485.0
108657.0
108826.0
109004.0
109170.0
109327.0
109501.0
109673.0
109845.0
110021.0
110195.0
110369.0
110543.0
110717.0
110883.0
111061.0
111237.0
111390.0
111556.0
111730.0
111906.0
112077.0
112251.0
112417.0
112591.0
112757.0
112935.0
113111.0
113277.0
113449.0
113617.0
113783.0
113959.0
114133.0
114306.0
114469.0
114641.0
114817.0
114995.0
115173.0
115347.0
115515.0
115691.0
115863.0
116041.0
116203.0
116372.0
116539.0
116711.0
116882.0
117058.0
117234.0
117395.0
117567.0
117735.0
117911.0
118083.0
118254.0
118422.0
118590.0
118759.0
118935.0
119111.0
119289.0
119465.0
119639.0
119803.0
119972.0
120148.0
120320.0
120492.0
120670.0
120837.0
121010.0
121188.0
121356.0
121522.0
121696.0
121865.0
122041.0
122213.0
122391.0
122545.0
122714.0
122879.0
123038.0
123201.0
123377.0
123549.0
123700.0
123865.0
124028.0
124204.0
124380.0
124556.0
124727.0
124890.0
125056.0
125222.0
125398.0
125570.0
125734.0
125907.0
126078.0
126244.0
126413.0
126589.0
126753.0
126921.0
127083.0
127249.0
127417.0
127589.0
127763.0
127941.0
128112.0
128284.0
128449.0
128623.0
128799.0
128977.0
129146.0
129317.0
129491.0
129649.0
129822.0
130000.0
130178.0
130347.0
130525.0
130698.0
130874.0
131035.0
131200.0
131360.0
131536.0
131698.0
131874.0
132041.0
132195.0
132358.0
132528.0
132699.0
132873.0
133051.0
133222.0
133394.0
133559.0
133737.0
133907.0
134083.0
134257.0
134424.0
134600.0
134774.0
134952.0
135117.0
135287.0
135458.0
135626.0
135797.0
135969.0
136143.0
136313.0
136474.0
136642.0
136816.0
136985.0
137145.0
137312.0
137484.0
137662.0
137823.0
137995.0
138171.0
138341.0
138511.0
138681.0
138852.0
139023.0
139177.0
139336.0
139492.0
139652.0
139826.0
140004.0
140176.0
140350.0
140526.0
140704.0
140871.0
141040.0
141209.0
141375.0
141542.0
141720.0
141894.0
142058.0
142217.0
142382.0
142534.0
142707.0
142861.0
143037.0
143204.0
143378.0
143539.0
143717.0
143886.0
144060.0
144236.0
144401.0
144573.0
144742.0
144918.0
145096.0
145274.0
145437.0
145611.0
145785.0
145949.0
146114.0
146288.0
146453.0
146631.0
146801.0
146971.0
147147.0
147316.0
147494.0
147658.0
147829.0
147990.0
148162.0
148334.0
148495.0
148673.0
148845.0
149017.0
149193.0
149362.0
149532.0
149703.0
149881.0
150046.0
150212.0
150381.0
150549.0
150713.0
150880.0
151049.0
151218.0
151389.0
151561.0
151737.0
151909.0
152071.0
152242.0
152418.0
152592.0
152768.0
152935.0
153103.0
153279.0
153457.0
153619.0
153781.0
153938.0
154103.0
154273.0
154435.0
154607.0
154780.0
154944.0
155108.0
155286.0
155439.0
155602.0
155773.0
155946.0
156118.0
156287.0
156465.0
156631.0
156788.0
156931.0
157105.0
157277.0
157447.0
157615.0
157786.0
157957.0
158133.0
158307.0
158481.0
158648.0
158819.0
158988.0
159164.0
159338.0
159506.0
159664.0
159842.0
160013.0
160172.0
160345.0
160507.0
160683.0
160854.0
161028.0
161195.0
161373.0
161545.0
161723.0
161878.0
162054.0
162225.0
162394.0
162561.0
162727.0
162893.0
163067.0
163239.0
163417.0
163595.0
163761.0
163922.0
164082.0
164253.0
164420.0
164591.0
164761.0
164924.0
165095.0
165266.0
165438.0
165609.0
165783.0
165951.0
166112.0
166283.0
166456.0
166629.0
166800.0
166969.0
167145.0
167318.0
167474.0
167640.0
167810.0
167984.0
168135.0
168309.0
168473.0
168651.0
168814.0
168961.0
169133.0
169309.0
169485.0
169654.0
169832.0
169996.0
170174.0
170332.0
170506.0
170661.0
170830.0
170996.0
171163.0
171341.0
171519.0
171695.0
171864.0
172037.0
172206.0
172379.0
172541.0
172713.0
172882.0
173060.0
173236.0
173407.0
173579.0
173748.0
173913.0
174076.0
174243.0
174415.0
174573.0
174738.0
174909.0
175070.0
175248.0
175426.0
175575.0
175749.0
175904.0
176076.0
176249.0
176418.0
176588.0
176746.0
176912.0
177080.0
177252.0
177426.0
177600.0
177766.0
177933.0
178083.0
178259.0
178429.0
178605.0
178779.0
178949.0
179125.0
179293.0
179467.0
179641.0
179812.0
179988.0
180160.0
180336.0
180512.0
180690.0
180864.0
181040.0
181207.0
181373.0
181543.0
181705.0
181881.0
182053.0
182225.0
182397.0
182566.0
182729.0
182903.0
183076.0
183244.0
183405.0
183573.0
183742.0
183905.0
184077.0
184253.0
184411.0
184583.0
184754.0
184918.0
185083.0
185236.0
185408.0
185567.0
185739.0
185906.0
186082.0
186245.0
186413.0
186589.0
186751.0
186925.0
187091.0
187234.0
187401.0
187567.0
187743.0
187907.0
188076.0
188249.0
188398.0
188570.0
188741.0
188906.0
189073.0
189245.0
189409.0
189581.0
189753.0
189923.0
190088.0
190254.0
190420.0
190596.0
190767.0
190943.0
191119.0
191290.0
191464.0
191629.0
191791.0
191953.0
192127.0
192305.0
192475.0
192636.0
192808.0
192977.0
193155.0
193325.0
193488.0
193660.0
193831.0
193990.0
194155.0
194325.0
194499.0
194668.0
194835.0
194994.0
195167.0
195340.0
195505.0
195681.0
195848.0
196013.0
196185.0
196354.0
196519.0
196690.0
196868.0
197034.0
197203.0
197381.0
197550.0
197722.0
197891.0
198058.0
198218.0
198388.0
198555.0
198731.0
198909.0
199082.0
199258.0
199427.0
199598.0
199760.0
199925.0
200101.0
200277.0
200455.0
200633.0
200809.0
200980.0
201154.0
201311.0
201487.0
201650.0
201826.0
202002.0
202170.0
202346.0
202508.0
202673.0
202824.0
203000.0
203158.0
203328.0
203487.0
203651.0
203815.0
203983.0
204161.0
204337.0
204504.0
204678.0
204834.0
205000.0
205169.0
205338.0
205512.0
205651.0
205822.0
205995.0
206167.0
206337.0
206505.0
206674.0
206842.0
207007.0
207174.0
207350.0
207526.0
207689.0
207865.0
208039.0
208209.0
208383.0
208559.0
208735.0
208909.0
209078.0
209247.0
209418.0
209585.0
209758.0
209919.0
210087.0
210265.0
210441.0
210613.0
210781.0
210937.0
211108.0
211282.0
211456.0
211623.0
211797.0
211973.0
212144.0
212309.0
212481.0
212657.0
212824.0
212994.0
213168.0
213340.0
213501.0
213679.0
213848.0
214024.0
214198.0
214367.0
214539.0
214715.0
214872.0
215046.0
215222.0
215398.0
215569.0
215745.0
215913.0
216085.0
216257.0
216430.0
216599.0
216763.0
216926.0
217104.0
217265.0
217439.0
217600.0
217771.0
217933.0
218109.0
218287.0
218446.0
218619.0
218797.0
218967.0
219117.0
219295.0
219473.0
219640.0
219807.0
219974.0
220150.0
220316.0
220494.0
220661.0
220833.0
220990.0
221156.0
221326.0
221496.0
221656.0
221826.0
221997.0
222160.0
222334.0
222512.0
222671.0
222818.0
222991.0
223156.0
223332.0
223504.0
223680.0
223844.0
223996.0
224170.0
224343.0
224507.0
224668.0
224846.0
225008.0
225172.0
225348.0
225501.0
225673.0
225849.0
226023.0
226195.0
226371.0
226547.0
226697.0
226860.0
227038.0
227212.0
227386.0
227560.0
227732.0
227901.0
228073.0
228246.0
228414.0
228580.0
228746.0
228918.0
229094.0
229254.0
229430.0
229601.0
229779.0
229949.0
230118.0
230285.0
230438.0
230612.0
230783.0
230943.0
231117.0
231280.0
231456.0
231618.0
