a = 0.8
g = 0.8
e = 0.3
random initial weights = false

-550.0
-2151.0
-2621.0
-3127.0
-3716.0
-4146.0
-4586.0
-5098.0
-5553.0
-6029.0
-6545.0
-7004.0
-7437.0
-7861.0
-7699.0
-8110.0
-8539.0
-8973.0
-9399.0
-9823.0
-10267.0
-10692.0
-10536.0
-10955.0
-11377.0
-11207.0
-11037.0
-10859.0
-10683.0
-10515.0
-10339.0
-10161.0
-9994.0
-9824.0
-9653.0
-9494.0
-9318.0
-9162.0
-9000.0
-8827.0
-8664.0
-8518.0
-8349.0
-8192.0
-8018.0
-7850.0
-7678.0
-7505.0
-7331.0
-7153.0
-6981.0
-6809.0
-6644.0
-6468.0
-6294.0
-6120.0
-5942.0
-5764.0
-5586.0
-5417.0
-5241.0
-5063.0
-4887.0
-4716.0
-4561.0
-4385.0
-4215.0
-4048.0
-3880.0
-3711.0
-3546.0
-3377.0
-3216.0
-3043.0
-2870.0
-2696.0
-2526.0
-2355.0
-2186.0
-2012.0
-1836.0
-1664.0
-1488.0
-1318.0
-1140.0
-968.0
-796.0
-620.0
-457.0
-294.0
-122.0
50.0
223.0
391.0
553.0
722.0
896.0
1060.0
1226.0
1400.0
1548.0
1721.0
1899.0
2066.0
2238.0
2395.0
2562.0
2704.0
2872.0
3030.0
3202.0
3361.0
3530.0
3702.0
3858.0
4036.0
4208.0
4374.0
4543.0
4712.0
4883.0
5057.0
5231.0
5402.0
5573.0
5745.0
5919.0
6093.0
6265.0
6413.0
6589.0
6763.0
6937.0
7113.0
7262.0
7433.0
7604.0
7769.0
7947.0
8112.0
8286.0
8460.0
8634.0
8810.0
8967.0
9113.0
9283.0
9457.0
9624.0
9802.0
9971.0
10147.0
10321.0
10499.0
10675.0
10837.0
11015.0
11187.0
11359.0
11533.0
11686.0
11858.0
12028.0
12199.0
12369.0
12547.0
12718.0
12890.0
13019.0
13195.0
13361.0
13534.0
13706.0
13880.0
14056.0
14169.0
14335.0
14513.0
14685.0
14854.0
15020.0
15177.0
15338.0
15514.0
15685.0
15855.0
16005.0
16171.0
16345.0
16516.0
16684.0
16853.0
17027.0
17201.0
17377.0
17548.0
17714.0
17883.0
18055.0
18214.0
18383.0
18559.0
18728.0
18904.0
19073.0
19247.0
19415.0
19563.0
19734.0
19908.0
20058.0
20227.0
20393.0
20557.0
20729.0
20889.0
21048.0
21222.0
21381.0
21555.0
21733.0
21911.0
22083.0
22253.0
22425.0
22593.0
22771.0
22942.0
23092.0
23266.0
23436.0
23602.0
23778.0
23943.0
24114.0
24277.0
24446.0
24612.0
24790.0
24957.0
25126.0
25298.0
25462.0
25629.0
25803.0
25976.0
26146.0
26313.0
26485.0
26652.0
26826.0
26996.0
27168.0
27344.0
27520.0
27679.0
27841.0
28013.0
28187.0
28358.0
28521.0
28693.0
28855.0
29028.0
29184.0
29348.0
29518.0
29678.0
29854.0
30030.0
30208.0
30386.0
30555.0
30728.0
30886.0
31062.0
31227.0
31399.0
31570.0
31740.0
31914.0
32085.0
32255.0
32427.0
32605.0
32773.0
32949.0
33122.0
33288.0
33460.0
33629.0
33801.0
33970.0
34141.0
34313.0
34481.0
34659.0
34837.0
35002.0
35178.0
35328.0
35502.0
35675.0
35849.0
36025.0
36191.0
36350.0
36517.0
36691.0
36857.0
37026.0
37202.0
37361.0
37524.0
37700.0
37864.0
38038.0
38214.0
38388.0
38564.0
38742.0
38916.0
39083.0
39261.0
39424.0
39567.0
39741.0
39909.0
40080.0
40244.0
40411.0
40585.0
40747.0
40917.0
41089.0
41263.0
41435.0
41611.0
41781.0
41942.0
42096.0
42272.0
42431.0
42598.0
42774.0
42943.0
43121.0
43280.0
43458.0
43619.0
43791.0
43956.0
44134.0
44296.0
44469.0
44635.0
44813.0
44982.0
45153.0
45318.0
45477.0
45653.0
45822.0
45993.0
46162.0
46333.0
46489.0
46667.0
46838.0
47011.0
47187.0
47353.0
47531.0
47705.0
47864.0
48031.0
48198.0
48368.0
48539.0
48710.0
48884.0
49062.0
49238.0
49414.0
49581.0
49746.0
49924.0
50102.0
50280.0
50453.0
50609.0
50782.0
50952.0
51120.0
51285.0
51459.0
51635.0
51802.0
51969.0
52142.0
52316.0
52485.0
52649.0
52823.0
52981.0
53146.0
53322.0
53472.0
53645.0
53821.0
53994.0
54158.0
54322.0
54500.0
54673.0
54847.0
55005.0
55176.0
55349.0
55522.0
55696.0
55866.0
56030.0
56198.0
56376.0
56552.0
56716.0
56892.0
57068.0
57237.0
57408.0
57568.0
57728.0
57906.0
58084.0
58262.0
58431.0
58599.0
58775.0
58949.0
59123.0
59295.0
59467.0
59632.0
59803.0
59969.0
60147.0
60323.0
60499.0
60659.0
60833.0
61002.0
61172.0
61313.0
61489.0
61663.0
61833.0
62011.0
62179.0
62343.0
62519.0
62678.0
62854.0
63008.0
63179.0
63355.0
63533.0
63704.0
63869.0
64040.0
64214.0
64388.0
64555.0
64727.0
64898.0
65069.0
65243.0
65412.0
65583.0
65730.0
65901.0
66067.0
66241.0
66415.0
66580.0
66744.0
66920.0
67088.0
67255.0
67424.0
67593.0
67761.0
67929.0
68090.0
68266.0
68440.0
68616.0
68788.0
68957.0
69127.0
69299.0
69475.0
69651.0
69823.0
69990.0
70154.0
70330.0
70502.0
70668.0
70842.0
71011.0
71184.0
71360.0
71521.0
71690.0
71866.0
72040.0
72216.0
72385.0
72551.0
72725.0
72878.0
73032.0
73206.0
73384.0
73557.0
73723.0
73895.0
74047.0
74206.0
74343.0
74516.0
74658.0
74836.0
75008.0
75180.0
75353.0
75527.0
75699.0
75867.0
76025.0
76201.0
76374.0
76544.0
76713.0
76887.0
77056.0
77225.0
77401.0
77575.0
77742.0
77918.0
78091.0
78261.0
78435.0
78588.0
78758.0
78932.0
79102.0
79270.0
79435.0
79605.0
79765.0
79937.0
80108.0
80272.0
80446.0
80618.0
80796.0
80953.0
81129.0
81295.0
81461.0
81633.0
81799.0
81972.0
82135.0
82303.0
82466.0
82638.0
82816.0
82971.0
83140.0
83310.0
83478.0
83656.0
83812.0
83982.0
84158.0
84323.0
84474.0
84646.0
84811.0
84985.0
85146.0
85324.0
85486.0
85651.0
85827.0
85988.0
86166.0
86322.0
86487.0
86656.0
86834.0
86991.0
87160.0
87336.0
87508.0
87676.0
87839.0
88010.0
88158.0
88326.0
88482.0
88645.0
88816.0
88975.0
89124.0
89283.0
89461.0
89635.0
89806.0
89980.0
90151.0
90318.0
90478.0
90654.0
90826.0
90991.0
91162.0
91332.0
91504.0
91671.0
91832.0
92001.0
92179.0
92357.0
92526.0
92698.0
92864.0
93037.0
93200.0
93378.0
93548.0
93704.0
93882.0
94054.0
94228.0
94390.0
94554.0
94725.0
94896.0
95062.0
95238.0
95399.0
95575.0
95740.0
95911.0
96075.0
96245.0
96423.0
96595.0
96769.0
96934.0
97110.0
97279.0
97445.0
97619.0
97795.0
97967.0
98136.0
98312.0
98485.0
98654.0
98823.0
98993.0
99156.0
99322.0
99496.0
99674.0
99848.0
100022.0
100174.0
100329.0
100503.0
100671.0
100839.0
101009.0
101178.0
101348.0
101519.0
101686.0
101858.0
102031.0
102204.0
102380.0
102551.0
102713.0
102891.0
103065.0
103243.0
103407.0
103576.0
103749.0
103918.0
104080.0
104242.0
104410.0
104579.0
104751.0
104927.0
105103.0
105275.0
105453.0
105615.0
105785.0
105947.0
106114.0
106275.0
106442.0
106597.0
106766.0
106944.0
107120.0
107287.0
107460.0
107632.0
107799.0
107961.0
108129.0
108288.0
108458.0
108618.0
108794.0
108955.0
109125.0
109291.0
109461.0
109633.0
109805.0
109967.0
110134.0
110310.0
110484.0
110651.0
110813.0
110981.0
111155.0
111331.0
111499.0
111671.0
111836.0
112009.0
112182.0
112356.0
112530.0
112692.0
112870.0
113042.0
113218.0
113376.0
113548.0
113726.0
113899.0
114070.0
114244.0
114406.0
114570.0
114744.0
114913.0
115066.0
115240.0
115409.0
115570.0
115741.0
115912.0
116088.0
116255.0
116421.0
116593.0
116767.0
116935.0
117111.0
117285.0
117452.0
117628.0
117800.0
117960.0
118127.0
118275.0
118439.0
118610.0
118776.0
118933.0
119109.0
119272.0
119434.0
119603.0
119772.0
119946.0
120120.0
120294.0
120453.0
120631.0
120796.0
120969.0
121133.0
121307.0
121485.0
121663.0
121839.0
122013.0
122180.0
122352.0
122522.0
122694.0
122863.0
123039.0
123215.0
123372.0
123546.0
123715.0
123893.0
124059.0
124233.0
124409.0
124555.0
124728.0
124894.0
125058.0
125232.0
125410.0
125569.0
125735.0
125901.0
126063.0
126233.0
126403.0
126567.0
126734.0
126894.0
127061.0
127222.0
127393.0
127562.0
127738.0
127912.0
128084.0
128256.0
128428.0
128604.0
128778.0
128940.0
129114.0
129275.0
129447.0
129616.0
129790.0
129962.0
130130.0
130296.0
130468.0
130646.0
130822.0
130992.0
131161.0
131327.0
131501.0
131667.0
131836.0
131999.0
132173.0
132330.0
132504.0
132680.0
132845.0
133011.0
133185.0
133356.0
133530.0
133704.0
133877.0
134045.0
134211.0
134375.0
134543.0
134719.0
134873.0
135047.0
135225.0
135399.0
135565.0
135736.0
135914.0
136080.0
136256.0
136432.0
136604.0
136778.0
136942.0
137111.0
137273.0
137443.0
137617.0
137795.0
137964.0
138131.0
138298.0
138466.0
138644.0
138815.0
138991.0
139162.0
139338.0
139508.0
139667.0
139831.0
140004.0
140169.0
140316.0
140492.0
140654.0
140821.0
140995.0
141156.0
141330.0
141497.0
141663.0
141837.0
142001.0
142177.0
142351.0
142520.0
142666.0
142842.0
143018.0
143190.0
143366.0
143535.0
143711.0
143883.0
144040.0
144210.0
144376.0
144552.0
144724.0
144886.0
145058.0
145215.0
145389.0
145557.0
145731.0
145909.0
146080.0
146247.0
146419.0
146583.0
146752.0
146926.0
147095.0
147271.0
147428.0
147600.0
147772.0
147948.0
148119.0
148282.0
148458.0
148631.0
148809.0
148976.0
149149.0
149327.0
149503.0
149668.0
149842.0
150014.0
150179.0
150341.0
150517.0
150683.0
150859.0
151032.0
151203.0
151367.0
151534.0
151710.0
151876.0
152054.0
152225.0
152401.0
152550.0
152728.0
152895.0
153060.0
153229.0
153402.0
153570.0
153742.0
153907.0
154079.0
154243.0
154409.0
154583.0
154748.0
154922.0
155087.0
155227.0
155403.0
155570.0
155746.0
155909.0
156080.0
156235.0
156409.0
156579.0
156757.0
156933.0
157095.0
157262.0
157434.0
157605.0
157774.0
157940.0
158112.0
158290.0
158468.0
158617.0
158788.0
158955.0
159127.0
159293.0
159471.0
159647.0
159821.0
159978.0
160154.0
160322.0
160491.0
160659.0
160837.0
160998.0
161172.0
161321.0
161490.0
161642.0
161816.0
161987.0
162161.0
162335.0
162489.0
162656.0
162832.0
163008.0
163177.0
163344.0
163511.0
163689.0
163863.0
164035.0
164192.0
164363.0
164539.0
164715.0
164886.0
165047.0
165223.0
165393.0
165566.0
165737.0
165910.0
166088.0
166256.0
166424.0
166596.0
166774.0
166939.0
167109.0
167285.0
167457.0
167635.0
167801.0
167966.0
168137.0
168315.0
168491.0
168663.0
168831.0
169003.0
169173.0
169343.0
169512.0
169674.0
169847.0
170023.0
170192.0
170365.0
170541.0
170719.0
170895.0
171068.0
171238.0
171414.0
171579.0
171750.0
171926.0
172102.0
172276.0
172448.0
172620.0
172794.0
172960.0
173128.0
173280.0
173437.0
173611.0
173779.0
173952.0
174130.0
174308.0
174482.0
174660.0
174836.0
175010.0
175176.0
175343.0
175521.0
175699.0
175871.0
176035.0
176211.0
176383.0
176553.0
176731.0
176901.0
177058.0
177219.0
177378.0
177531.0
177703.0
177872.0
178038.0
178212.0
178380.0
178552.0
178728.0
178895.0
179067.0
179237.0
179402.0
179580.0
179739.0
179910.0
180072.0
180242.0
180414.0
180582.0
180747.0
180923.0
181101.0
181275.0
181442.0
181618.0
181792.0
181953.0
182127.0
182299.0
182477.0
182644.0
182822.0
183000.0
183167.0
183343.0
183517.0
183684.0
183860.0
184038.0
184214.0
184381.0
184559.0
184733.0
184902.0
185074.0
185246.0
185413.0
185573.0
185749.0
185923.0
186095.0
186271.0
186445.0
186617.0
186782.0
186956.0
187134.0
187308.0
187462.0
187636.0
187814.0
187985.0
188155.0
188326.0
188498.0
188650.0
188826.0
188996.0
189159.0
189335.0
189508.0
189675.0
189851.0
190027.0
190194.0
190360.0
190534.0
190710.0
190879.0
191041.0
191208.0
191380.0
191553.0
191724.0
191900.0
192074.0
192252.0
192428.0
192599.0
192773.0
192929.0
193100.0
193256.0
193434.0
193606.0
193770.0
193942.0
194102.0
194273.0
194451.0
194627.0
194799.0
194955.0
195110.0
195284.0
195449.0
195618.0
195773.0
195945.0
196114.0
196276.0
196433.0
196605.0
196781.0
196948.0
197124.0
197298.0
197472.0
197648.0
197810.0
197988.0
198162.0
198323.0
198501.0
198671.0
198847.0
199015.0
199188.0
199362.0
199523.0
199697.0
199863.0
200041.0
200215.0
200393.0
200565.0
200735.0
200882.0
201056.0
201228.0
201396.0
201572.0
201750.0
201921.0
202078.0
202246.0
202420.0
202592.0
202757.0
202917.0
203093.0
203258.0
203425.0
203599.0
203773.0
203949.0
204127.0
204295.0
204444.0
204599.0
204771.0
204943.0
205112.0
205284.0
205447.0
205612.0
205781.0
205952.0
206122.0
206294.0
206472.0
206648.0
206826.0
206995.0
207166.0
207325.0
207497.0
207667.0
207838.0
207993.0
208153.0
208322.0
208500.0
208666.0
208844.0
209013.0
209185.0
209321.0
209491.0
209650.0
209824.0
209988.0
210154.0
210330.0
210495.0
210665.0
210841.0
211008.0
211174.0
211350.0
211520.0
211693.0
211869.0
212041.0
212210.0
212375.0
212549.0
212723.0
212897.0
213063.0
213229.0
213398.0
213572.0
213738.0
213898.0
214058.0
214222.0
214383.0
214553.0
214725.0
214893.0
215060.0
215229.0
215400.0
215563.0
215733.0
215905.0
216065.0
216235.0
216405.0
216577.0
216739.0
216911.0
217069.0
217239.0
217410.0
217581.0
217749.0
217909.0
218083.0
218243.0
218410.0
218586.0
218750.0
218918.0
219090.0
219254.0
219425.0
219588.0
219753.0
219931.0
220100.0
220270.0
220436.0
220610.0
220788.0
220945.0
221107.0
221268.0
221442.0
221620.0
221794.0
221970.0
222136.0
222297.0
222459.0
222623.0
222797.0
222973.0
223147.0
223318.0
223490.0
223664.0
223840.0
223993.0
224154.0
224330.0
224489.0
224658.0
224830.0
224993.0
225167.0
225343.0
225521.0
225679.0
225855.0
226029.0
226199.0
226371.0
226540.0
226718.0
226892.0
227063.0
227225.0
227394.0
227559.0
227730.0
227906.0
228064.0
228238.0
228414.0
228587.0
228756.0
228932.0
229100.0
229269.0
229426.0
229594.0
229768.0
229932.0
230087.0
230265.0
230441.0
230610.0
230788.0
230961.0
231117.0
231291.0
231452.0
231624.0
231795.0
231973.0
232144.0
232305.0
232472.0
232648.0
232826.0
232994.0
233163.0
233314.0
233487.0
233661.0
233835.0
234006.0
234172.0
234348.0
234515.0
234687.0
234857.0
235017.0
235193.0
235358.0
235527.0
235691.0
235850.0
236028.0
236190.0
236364.0
236540.0
236710.0
236886.0
237064.0
237242.0
237416.0
237582.0
237754.0
237932.0
238110.0
238281.0
238457.0
238621.0
