a = 0.8
g = 0.2
e = 0.5
random initial weights = false

-990.0
-3900.0
-4749.0
-5292.0
-5780.0
-6279.0
-6741.0
-7169.0
-7857.0
-8320.0
-8768.0
-9234.0
-9678.0
-10136.0
-10598.0
-11104.0
-11548.0
-11972.0
-11823.0
-12259.0
-12160.0
-12584.0
-13033.0
-12890.0
-12736.0
-13198.0
-13026.0
-12895.0
-12774.0
-12610.0
-12466.0
-12312.0
-12147.0
-11994.0
-11843.0
-12275.0
-12729.0
-13162.0
-13033.0
-12874.0
-12702.0
-12567.0
-12396.0
-12233.0
-12094.0
-11947.0
-11807.0
-11648.0
-11476.0
-11310.0
-11156.0
-10991.0
-10834.0
-10680.0
-10530.0
-10382.0
-10222.0
-10087.0
-9920.0
-9765.0
-9621.0
-9445.0
-9312.0
-9147.0
-8986.0
-8823.0
-8685.0
-8522.0
-8350.0
-8238.0
-8068.0
-7899.0
-7725.0
-7580.0
-7423.0
-7294.0
-7170.0
-7011.0
-6861.0
-6688.0
-6523.0
-6392.0
-6273.0
-6153.0
-5983.0
-5819.0
-5656.0
-5491.0
-5343.0
-5199.0
-5033.0
-4869.0
-4704.0
-4547.0
-4378.0
-4209.0
-4049.0
-3923.0
-3758.0
-3609.0
-3495.0
-3335.0
-3191.0
-3043.0
-2879.0
-2721.0
-2556.0
-2388.0
-2234.0
-2096.0
-1936.0
-1776.0
-1612.0
-1449.0
-1324.0
-1201.0
-1031.0
-857.0
-691.0
-535.0
-381.0
-217.0
-45.0
109.0
280.0
437.0
607.0
775.0
943.0
1094.0
1259.0
1402.0
1560.0
1713.0
1871.0
2033.0
2200.0
2362.0
2523.0
2682.0
2844.0
3008.0
3184.0
3345.0
3506.0
3656.0
3810.0
3975.0
4105.0
4273.0
4442.0
4601.0
4779.0
4946.0
5105.0
5273.0
5423.0
5594.0
5762.0
5933.0
6052.0
6200.0
6359.0
6498.0
6654.0
6823.0
6999.0
7159.0
7306.0
7465.0
7627.0
7790.0
7968.0
8123.0
8275.0
8363.0
8539.0
8697.0
8854.0
8980.0
9148.0
9324.0
9502.0
9647.0
9804.0
9957.0
10102.0
10267.0
10420.0
10577.0
10746.0
10906.0
11050.0
11201.0
11368.0
11532.0
11689.0
11844.0
12005.0
12161.0
12297.0
12446.0
12599.0
12760.0
12921.0
13078.0
13216.0
13374.0
13519.0
13689.0
13856.0
14000.0
14155.0
14323.0
14481.0
14643.0
14809.0
14953.0
15090.0
15261.0
15427.0
15601.0
15762.0
15909.0
16063.0
16231.0
16403.0
16539.0
16706.0
16852.0
16998.0
17114.0
17237.0
17379.0
17545.0
17675.0
17830.0
17975.0
18125.0
18285.0
18443.0
18616.0
18760.0
18918.0
19062.0
19211.0
19350.0
19484.0
19630.0
19748.0
19912.0
20084.0
20239.0
20400.0
20526.0
20695.0
20871.0
21035.0
21181.0
21315.0
21465.0
21634.0
21781.0
21944.0
22107.0
22271.0
22430.0
22593.0
22765.0
22935.0
23108.0
23257.0
23413.0
23551.0
23703.0
23873.0
24039.0
24203.0
24359.0
24506.0
24639.0
24810.0
24953.0
25117.0
25276.0
25434.0
25603.0
25762.0
25917.0
26078.0
26233.0
26400.0
26560.0
26728.0
26850.0
27019.0
27169.0
27341.0
27496.0
27659.0
27837.0
28005.0
28168.0
28329.0
28496.0
28605.0
28769.0
28934.0
29046.0
29218.0
29374.0
29536.0
29702.0
29865.0
30023.0
30188.0
30358.0
30519.0
30682.0
30839.0
31015.0
31174.0
31317.0
31489.0
31641.0
31802.0
31939.0
32107.0
32267.0
32411.0
32578.0
32714.0
32870.0
33042.0
33186.0
33355.0
33494.0
33635.0
33784.0
33922.0
34087.0
34246.0
34420.0
34589.0
34746.0
34909.0
35083.0
35259.0
35405.0
35573.0
35726.0
35884.0
36044.0
36202.0
36357.0
36514.0
36669.0
36833.0
37005.0
37179.0
37350.0
37520.0
37657.0
37809.0
37987.0
38152.0
38306.0
38469.0
38634.0
38787.0
38949.0
39118.0
39262.0
39429.0
39603.0
39764.0
39922.0
40094.0
40245.0
40367.0
40528.0
40681.0
40835.0
41011.0
41173.0
41335.0
41506.0
41647.0
41804.0
41956.0
42125.0
42288.0
42440.0
42586.0
42729.0
42888.0
43039.0
43188.0
43330.0
43480.0
43652.0
43810.0
43928.0
44091.0
44249.0
44398.0
44562.0
44703.0
44858.0
45008.0
45182.0
45333.0
45469.0
45639.0
45755.0
45897.0
46059.0
46209.0
46387.0
46535.0
46709.0
46878.0
47021.0
47181.0
47342.0
47480.0
47637.0
47796.0
47970.0
48134.0
48278.0
48439.0
48613.0
48784.0
48923.0
49090.0
49231.0
49387.0
49553.0
49722.0
49871.0
50029.0
50189.0
50349.0
50506.0
50661.0
50810.0
50964.0
51123.0
51289.0
51448.0
51592.0
51754.0
51894.0
52050.0
52222.0
52382.0
52547.0
52695.0
52851.0
53017.0
53175.0
53334.0
53478.0
53639.0
53798.0
53966.0
54125.0
54288.0
54438.0
54576.0
54735.0
54884.0
55058.0
55213.0
55369.0
55532.0
55692.0
55864.0
55951.0
56109.0
56281.0
56449.0
56589.0
56745.0
56892.0
57042.0
57208.0
57366.0
57544.0
57714.0
57881.0
58046.0
58214.0
58363.0
58531.0
58694.0
58827.0
58996.0
59127.0
59260.0
59436.0
59603.0
59773.0
59936.0
60078.0
60246.0
60387.0
60536.0
60670.0
60813.0
60975.0
61147.0
61309.0
61473.0
61603.0
61764.0
61930.0
62077.0
62239.0
62390.0
62552.0
62717.0
62889.0
63055.0
63203.0
63359.0
63481.0
63640.0
63806.0
63973.0
64145.0
64297.0
64456.0
64596.0
64769.0
64919.0
65091.0
65265.0
65432.0
65580.0
65737.0
65909.0
66053.0
66217.0
66385.0
66555.0
66724.0
66862.0
66980.0
67141.0
67293.0
67459.0
67631.0
67801.0
67934.0
68091.0
68246.0
68411.0
68569.0
68723.0
68883.0
69026.0
69183.0
69351.0
69519.0
69656.0
69830.0
69994.0
70133.0
70301.0
70465.0
70600.0
70756.0
70912.0
71082.0
71204.0
71375.0
71525.0
71698.0
71871.0
72030.0
72189.0
72334.0
72498.0
72610.0
72769.0
72899.0
73063.0
73210.0
73381.0
73543.0
73704.0
73863.0
74025.0
74186.0
74330.0
74490.0
74638.0
74780.0
74946.0
75119.0
75269.0
75392.0
75562.0
75714.0
75870.0
76026.0
76174.0
76307.0
76481.0
76638.0
76793.0
76960.0
77117.0
77270.0
77407.0
77557.0
77733.0
77897.0
78063.0
78218.0
78368.0
78530.0
78689.0
78848.0
79011.0
79172.0
79340.0
79504.0
79660.0
79827.0
80001.0
80146.0
80316.0
80469.0
80635.0
80772.0
80946.0
81102.0
81268.0
81415.0
81548.0
81699.0
81853.0
82016.0
82177.0
82349.0
82516.0
82661.0
82821.0
82957.0
83095.0
83247.0
83416.0
83570.0
83710.0
83842.0
84012.0
84166.0
84316.0
84477.0
84649.0
84798.0
84964.0
85108.0
85269.0
85421.0
85582.0
85750.0
85906.0
86070.0
86233.0
86390.0
86557.0
86718.0
86887.0
87043.0
87217.0
87373.0
87530.0
87696.0
87846.0
88006.0
88182.0
88309.0
88454.0
88620.0
88766.0
88939.0
89085.0
89251.0
89407.0
89574.0
89746.0
89892.0
90048.0
90198.0
90353.0
90527.0
90701.0
90870.0
91036.0
91174.0
91324.0
91495.0
91655.0
91805.0
91969.0
92119.0
92272.0
92441.0
92614.0
92764.0
92942.0
93116.0
93281.0
93442.0
93602.0
93756.0
93904.0
94060.0
94223.0
94390.0
94556.0
94715.0
94873.0
95022.0
95181.0
95344.0
95507.0
95664.0
95831.0
95986.0
96160.0
96314.0
96447.0
96614.0
96780.0
96948.0
97118.0
97273.0
97426.0
97592.0
97749.0
97890.0
98048.0
98205.0
98352.0
98517.0
98661.0
98823.0
98978.0
99132.0
99303.0
99458.0
99616.0
99788.0
99926.0
100087.0
100250.0
100390.0
100540.0
100690.0
100836.0
100993.0
101160.0
101294.0
101459.0
101635.0
101788.0
101954.0
102117.0
102258.0
102425.0
102581.0
102726.0
102889.0
103057.0
103221.0
103387.0
103553.0
103707.0
103849.0
104019.0
104193.0
104365.0
104530.0
104686.0
104844.0
104955.0
105131.0
105295.0
105466.0
105638.0
105780.0
105948.0
106087.0
106257.0
106412.0
106577.0
106720.0
106892.0
107063.0
107199.0
107339.0
107505.0
107654.0
107813.0
107972.0
108132.0
108260.0
108417.0
108575.0
108749.0
108901.0
109059.0
109191.0
109363.0
109512.0
109663.0
109828.0
109977.0
110130.0
110298.0
110459.0
110618.0
110724.0
110892.0
111047.0
111212.0
111369.0
111540.0
111685.0
111857.0
112025.0
112182.0
112339.0
112508.0
112674.0
112846.0
112991.0
113160.0
113318.0
113488.0
113624.0
113800.0
113950.0
114114.0
114286.0
114460.0
114620.0
114790.0
114939.0
115109.0
115254.0
115426.0
115586.0
115750.0
115919.0
116079.0
116241.0
116401.0
116537.0
116698.0
116825.0
116974.0
117122.0
117280.0
117448.0
117619.0
117775.0
117930.0
118094.0
118231.0
118387.0
118536.0
118700.0
118873.0
119029.0
119196.0
119350.0
119495.0
119657.0
119810.0
119982.0
120140.0
120311.0
120465.0
120578.0
120742.0
120900.0
121067.0
121223.0
121391.0
121555.0
121718.0
121896.0
122068.0
122233.0
122402.0
122537.0
122709.0
122847.0
122998.0
123170.0
123315.0
123455.0
123613.0
123783.0
123953.0
124121.0
124280.0
124445.0
124610.0
124748.0
124903.0
125064.0
125229.0
125383.0
125537.0
125701.0
125850.0
126020.0
126167.0
126321.0
126459.0
126633.0
126802.0
126961.0
127095.0
127261.0
127426.0
127569.0
127729.0
127886.0
128064.0
128233.0
128404.0
128578.0
128738.0
128899.0
129071.0
129242.0
129403.0
129574.0
129719.0
129880.0
130021.0
130193.0
130356.0
130532.0
130708.0
130865.0
131012.0
131186.0
131351.0
131487.0
131665.0
131800.0
131937.0
132090.0
132256.0
132409.0
132585.0
132749.0
132907.0
133083.0
133241.0
133403.0
133550.0
133721.0
133871.0
134029.0
134180.0
134335.0
134482.0
134648.0
134814.0
134958.0
135119.0
135255.0
135417.0
135593.0
135749.0
135911.0
136062.0
136182.0
136335.0
136498.0
136616.0
136792.0
136938.0
137100.0
137265.0
137405.0
137560.0
137729.0
137876.0
138032.0
138198.0
138348.0
138469.0
138615.0
138774.0
138911.0
139066.0
139231.0
139390.0
139535.0
139699.0
139860.0
140034.0
140198.0
140362.0
140489.0
140627.0
140766.0
140938.0
141097.0
141247.0
141409.0
141571.0
141740.0
141904.0
142063.0
142218.0
142359.0
142516.0
142690.0
142843.0
143019.0
143197.0
143338.0
143502.0
143668.0
143837.0
143998.0
144152.0
144312.0
144472.0
144648.0
144770.0
144913.0
145067.0
145227.0
145389.0
145544.0
145703.0
145850.0
146022.0
146180.0
146345.0
146505.0
146656.0
146828.0
147002.0
147180.0
147345.0
147502.0
147657.0
147810.0
147977.0
148133.0
148309.0
148472.0
148646.0
148809.0
148934.0
149108.0
149255.0
149406.0
149577.0
149727.0
149892.0
150045.0
150207.0
150364.0
150495.0
150633.0
150777.0
150941.0
151106.0
151269.0
151445.0
151599.0
151754.0
151914.0
152076.0
152226.0
152366.0
152533.0
152702.0
152866.0
153000.0
153136.0
153300.0
153468.0
153611.0
153773.0
153933.0
154102.0
154254.0
154409.0
154548.0
154718.0
154837.0
154984.0
155140.0
155282.0
155447.0
155591.0
155756.0
155926.0
156071.0
156236.0
156386.0
156535.0
156685.0
156810.0
156971.0
157127.0
157305.0
157456.0
157616.0
157757.0
157905.0
158079.0
158238.0
158402.0
158554.0
158712.0
158869.0
159025.0
159173.0
159333.0
159490.0
159647.0
159809.0
159953.0
160122.0
160298.0
160457.0
160618.0
160792.0
160960.0
161119.0
161285.0
161445.0
161614.0
161765.0
161918.0
162063.0
162223.0
162369.0
162530.0
162698.0
162848.0
163024.0
163180.0
163348.0
163513.0
163663.0
163820.0
163988.0
164123.0
164291.0
164459.0
164631.0
164790.0
164958.0
165108.0
165280.0
165432.0
165608.0
165749.0
165915.0
166087.0
166257.0
166416.0
166572.0
166740.0
166877.0
167051.0
167201.0
167373.0
167527.0
167676.0
167839.0
168009.0
168159.0
168323.0
168456.0
168611.0
168775.0
168945.0
169105.0
169277.0
169409.0
169563.0
169727.0
169901.0
170043.0
170210.0
170330.0
170489.0
170647.0
170811.0
170971.0
171103.0
171262.0
171425.0
171599.0
171761.0
171928.0
172101.0
172269.0
172417.0
172566.0
172722.0
172876.0
173041.0
173212.0
173374.0
173515.0
173646.0
173816.0
173973.0
174145.0
174288.0
174447.0
174603.0
174763.0
174918.0
175032.0
175160.0
175317.0
175493.0
175647.0
175817.0
175979.0
176127.0
176289.0
176456.0
176611.0
176776.0
176934.0
177092.0
177201.0
177352.0
177520.0
177692.0
177870.0
178009.0
178151.0
178299.0
178413.0
178575.0
178731.0
178874.0
179037.0
179215.0
179366.0
179542.0
179689.0
179815.0
179974.0
180132.0
180301.0
180473.0
180586.0
180728.0
180868.0
181012.0
181167.0
181308.0
181462.0
181624.0
181781.0
181949.0
182125.0
182291.0
182445.0
182598.0
182774.0
182942.0
183111.0
183265.0
183429.0
183603.0
183743.0
183915.0
184082.0
184251.0
184413.0
184553.0
184707.0
184836.0
185007.0
185146.0
185288.0
185460.0
185601.0
185748.0
185922.0
186092.0
186234.0
186396.0
186514.0
186652.0
186819.0
186985.0
187143.0
187308.0
187453.0
187618.0
187762.0
187928.0
188083.0
188239.0
188372.0
188517.0
188671.0
188847.0
189017.0
189160.0
189328.0
189466.0
189629.0
189805.0
189946.0
190114.0
190284.0
190444.0
190611.0
190780.0
190943.0
191121.0
191295.0
191449.0
191612.0
191739.0
191902.0
192045.0
192176.0
192350.0
192500.0
192625.0
192798.0
192921.0
193090.0
193247.0
193403.0
193564.0
193714.0
193879.0
194013.0
194183.0
194343.0
194489.0
194630.0
194788.0
194966.0
195140.0
195297.0
195454.0
195619.0
195776.0
195934.0
196097.0
196275.0
196444.0
196594.0
196745.0
196907.0
197061.0
197225.0
197393.0
197544.0
197699.0
197872.0
198022.0
198182.0
198351.0
198522.0
198696.0
198861.0
199014.0
199184.0
199353.0
199527.0
199689.0
199857.0
200013.0
200172.0
200335.0
200503.0
200645.0
200797.0
200947.0
201119.0
201293.0
201449.0
201603.0
201766.0
201931.0
202089.0
202236.0
202387.0
202545.0
202699.0
202829.0
202951.0
203102.0
203276.0
203439.0
203565.0
203726.0
203885.0
204044.0
204211.0
204387.0
204557.0
204712.0
204861.0
205028.0
205185.0
205345.0
205503.0
205663.0
205826.0
205986.0
206153.0
206301.0
206452.0
206584.0
206730.0
206895.0
207067.0
207229.0
207403.0
207538.0
207697.0
207823.0
207966.0
208138.0
208286.0
208428.0
208583.0
208753.0
208916.0
209066.0
209228.0
209346.0
209514.0
209673.0
209829.0
209993.0
210122.0
210266.0
210430.0
210564.0
210719.0
210860.0
211002.0
211141.0
211290.0
211432.0
211598.0
211765.0
211926.0
212088.0
212249.0
212415.0
212575.0
212739.0
212906.0
213065.0
213223.0
213378.0
213540.0
213707.0
213858.0
214019.0
214183.0
214348.0
214489.0
214655.0
214806.0
214946.0
215100.0
215255.0
215404.0
215564.0
215734.0
215905.0
216064.0
216214.0
216382.0
216554.0
