a = 0.5
g = 0.8
e = 0.3
random initial weights = true

-560.0
-3267.0
-3725.0
-4370.0
-4860.0
-5338.0
-5948.0
-6379.0
-6803.0
-7281.0
-7145.0
-7568.0
-8012.0
-7842.0
-8264.0
-8093.0
-7952.0
-7811.0
-7636.0
-7465.0
-7283.0
-7110.0
-6934.0
-6760.0
-6580.0
-6412.0
-6247.0
-6078.0
-5900.0
-5731.0
-5562.0
-5393.0
-5218.0
-5052.0
-4882.0
-4728.0
-4548.0
-4375.0
-4199.0
-4038.0
-3863.0
-3690.0
-3511.0
-3337.0
-3153.0
-2976.0
-2801.0
-2619.0
-2439.0
-2255.0
-2076.0
-1903.0
-1736.0
-1563.0
-1383.0
-1201.0
-1029.0
-852.0
-673.0
-515.0
-342.0
-165.0
12.0
196.0
366.0
543.0
725.0
903.0
1077.0
1249.0
1429.0
1606.0
1781.0
1963.0
2124.0
2295.0
2470.0
2650.0
2824.0
3004.0
3179.0
3356.0
3538.0
3718.0
3892.0
4076.0
4255.0
4432.0
4602.0
4780.0
4951.0
5128.0
5262.0
5442.0
5626.0
5803.0
5987.0
6165.0
6342.0
6524.0
6698.0
6865.0
7044.0
7226.0
7404.0
7574.0
7748.0
7930.0
8102.0
8282.0
8462.0
8625.0
8798.0
8971.0
9143.0
9327.0
9497.0
9681.0
9861.0
10028.0
10210.0
10389.0
10498.0
10676.0
10851.0
11031.0
11208.0
11385.0
11547.0
11717.0
11894.0
12050.0
12226.0
12410.0
12564.0
12735.0
12913.0
13093.0
13268.0
13447.0
13621.0
13789.0
13953.0
14122.0
14302.0
14486.0
14661.0
14843.0
15005.0
15185.0
15343.0
15522.0
15657.0
15829.0
16007.0
16176.0
16355.0
16534.0
16718.0
16895.0
17077.0
17257.0
17441.0
17623.0
17798.0
17961.0
18133.0
18310.0
18480.0
18644.0
18816.0
18992.0
19176.0
19350.0
19528.0
19708.0
19888.0
20061.0
20227.0
20399.0
20577.0
20753.0
20935.0
21117.0
21295.0
21472.0
21647.0
21824.0
22002.0
22180.0
22362.0
22546.0
22730.0
22907.0
23085.0
23262.0
23446.0
23619.0
23798.0
23975.0
24150.0
24322.0
24502.0
24677.0
24855.0
25039.0
25211.0
25382.0
25561.0
25743.0
25927.0
26101.0
26281.0
26461.0
26641.0
26817.0
26990.0
27162.0
27341.0
27523.0
27700.0
27864.0
28038.0
28218.0
28398.0
28570.0
28743.0
28927.0
29107.0
29267.0
29449.0
29626.0
29806.0
29969.0
30151.0
30321.0
30505.0
30680.0
30864.0
31034.0
31206.0
31383.0
31560.0
31742.0
31913.0
32097.0
32270.0
32448.0
32626.0
32788.0
32966.0
33133.0
33299.0
33462.0
33641.0
33816.0
33990.0
34166.0
34348.0
34528.0
34704.0
34884.0
35062.0
35232.0
35412.0
35589.0
35773.0
35940.0
36111.0
36281.0
36456.0
36618.0
36802.0
36981.0
37146.0
37321.0
37490.0
37665.0
37840.0
38010.0
38189.0
38373.0
38544.0
38705.0
38871.0
39042.0
39214.0
39386.0
39570.0
39750.0
39914.0
40098.0
40272.0
40442.0
40612.0
40794.0
40972.0
41156.0
41316.0
41498.0
41664.0
41835.0
42008.0
42176.0
42358.0
42533.0
42713.0
42884.0
43044.0
43216.0
43389.0
43567.0
43743.0
43913.0
44093.0
44268.0
44443.0
44621.0
44757.0
44935.0
45114.0
45286.0
45461.0
45645.0
45812.0
45992.0
46172.0
46342.0
46524.0
46708.0
46890.0
47063.0
47236.0
47393.0
47561.0
47737.0
47916.0
48094.0
48269.0
48449.0
48633.0
48797.0
48973.0
49145.0
49322.0
49490.0
49668.0
49844.0
50023.0
50198.0
50369.0
50540.0
50719.0
50887.0
51062.0
51236.0
51412.0
51589.0
51773.0
51946.0
52126.0
52308.0
52477.0
52657.0
52841.0
53021.0
53195.0
53364.0
53536.0
53718.0
53898.0
54077.0
54246.0
54411.0
54590.0
54761.0
54943.0
55121.0
55301.0
55483.0
55652.0
55834.0
56003.0
56178.0
56356.0
56540.0
56719.0
56898.0
57074.0
57254.0
57434.0
57618.0
57793.0
57922.0
58089.0
58268.0
58436.0
58618.0
58775.0
58945.0
59129.0
59299.0
59479.0
59654.0
59834.0
59994.0
60169.0
60344.0
60510.0
60677.0
60850.0
61024.0
61179.0
61356.0
61515.0
61671.0
61851.0
62020.0
62188.0
62358.0
62542.0
62721.0
62903.0
63085.0
63264.0
63441.0
63608.0
63780.0
63934.0
64104.0
64281.0
64465.0
64647.0
64819.0
65003.0
65180.0
65359.0
65525.0
65707.0
65891.0
66066.0
66192.0
66366.0
66539.0
66714.0
66893.0
67057.0
67237.0
67411.0
67576.0
67748.0
67915.0
68097.0
68279.0
68459.0
68639.0
68814.0
68983.0
69162.0
69333.0
69502.0
69682.0
69848.0
70030.0
70210.0
70382.0
70560.0
70737.0
70910.0
71076.0
71254.0
71433.0
71611.0
71789.0
71967.0
72149.0
72326.0
72495.0
72679.0
72857.0
73025.0
73188.0
73338.0
73515.0
73675.0
73840.0
74024.0
74197.0
74381.0
74565.0
74744.0
74921.0
75101.0
75274.0
75454.0
75638.0
75806.0
75984.0
76166.0
76345.0
76523.0
76682.0
76862.0
77032.0
77212.0
77384.0
77556.0
77707.0
77872.0
78042.0
78215.0
78395.0
78573.0
78750.0
78928.0
79108.0
79272.0
79436.0
79618.0
79802.0
79977.0
80144.0
80328.0
80512.0
80684.0
80860.0
81018.0
81202.0
81386.0
81558.0
81723.0
81903.0
82056.0
82236.0
82418.0
82590.0
82774.0
82954.0
83125.0
83309.0
83481.0
83663.0
83838.0
84015.0
84181.0
84365.0
84542.0
84712.0
84890.0
85061.0
85240.0
85414.0
85572.0
85750.0
85934.0
86116.0
86289.0
86471.0
86653.0
86835.0
87017.0
87199.0
87373.0
87555.0
87713.0
87881.0
88061.0
88240.0
88424.0
88579.0
88736.0
88916.0
89096.0
89280.0
89445.0
89618.0
89797.0
89973.0
90155.0
90319.0
90492.0
90670.0
90854.0
91031.0
91201.0
91364.0
91541.0
91725.0
91909.0
92093.0
92268.0
92427.0
92594.0
92759.0
92939.0
93112.0
93275.0
93457.0
93636.0
93809.0
93978.0
94160.0
94337.0
94517.0
94691.0
94863.0
95031.0
95209.0
95387.0
95571.0
95753.0
95926.0
96105.0
96280.0
96457.0
96635.0
96810.0
96994.0
97178.0
97353.0
97531.0
97708.0
97883.0
98065.0
98241.0
98413.0
98591.0
98763.0
98947.0
99123.0
99302.0
99472.0
99651.0
99823.0
100000.0
100169.0
100341.0
100516.0
100688.0
100846.0
101028.0
101203.0
101365.0
101545.0
101717.0
101886.0
102064.0
102232.0
102384.0
102553.0
102713.0
102880.0
103064.0
103241.0
103406.0
103569.0
103729.0
103900.0
104079.0
104256.0
104434.0
104601.0
104783.0
104962.0
105137.0
105309.0
105491.0
105671.0
105843.0
106027.0
106209.0
106381.0
106558.0
106742.0
106921.0
107103.0
107282.0
107454.0
107633.0
107817.0
107997.0
108176.0
108336.0
108509.0
108677.0
108841.0
109005.0
109175.0
109357.0
109527.0
109702.0
109879.0
110063.0
110247.0
110423.0
110602.0
110773.0
110955.0
111137.0
111319.0
111503.0
111685.0
111862.0
112044.0
112212.0
112381.0
112563.0
112747.0
112918.0
113100.0
113264.0
113442.0
113619.0
113791.0
113969.0
114151.0
114333.0
114517.0
114697.0
114855.0
115021.0
115205.0
115384.0
115553.0
115720.0
115888.0
116070.0
116248.0
116425.0
116605.0
116779.0
116948.0
117123.0
117297.0
117475.0
117657.0
117823.0
118007.0
118186.0
118348.0
118525.0
118692.0
118855.0
119035.0
119210.0
119394.0
119566.0
119733.0
119902.0
120065.0
120235.0
120402.0
120580.0
120759.0
120943.0
121118.0
121300.0
121477.0
121654.0
121838.0
122004.0
122181.0
122354.0
122524.0
122701.0
122861.0
123028.0
123206.0
123359.0
123536.0
123716.0
123888.0
124063.0
124247.0
124431.0
124609.0
124768.0
124950.0
125125.0
125294.0
125471.0
125638.0
125802.0
125986.0
126161.0
126332.0
126514.0
126693.0
126877.0
127047.0
127231.0
127403.0
127582.0
127761.0
127941.0
128115.0
128283.0
128456.0
128638.0
128814.0
128989.0
129158.0
129331.0
129506.0
129672.0
129846.0
130021.0
130191.0
130368.0
130542.0
130712.0
130896.0
131073.0
131233.0
131415.0
131597.0
131763.0
131938.0
132103.0
132287.0
132471.0
132648.0
132823.0
133005.0
133189.0
133366.0
133548.0
133703.0
133876.0
134056.0
134225.0
134404.0
134586.0
134753.0
134930.0
135096.0
135276.0
135458.0
135604.0
135783.0
135959.0
136141.0
136305.0
136487.0
136658.0
136837.0
137019.0
137187.0
137367.0
137549.0
137729.0
137907.0
138086.0
138266.0
138434.0
138599.0
138768.0
138952.0
139131.0
139315.0
139490.0
139674.0
139844.0
140017.0
140182.0
140359.0
140538.0
140710.0
140887.0
141053.0
141230.0
141390.0
141563.0
141734.0
141892.0
142069.0
142248.0
142411.0
142579.0
142758.0
142942.0
143124.0
143298.0
143469.0
143635.0
143819.0
143993.0
144172.0
144352.0
144530.0
144714.0
144892.0
145072.0
145247.0
145421.0
145591.0
145771.0
145936.0
146112.0
146296.0
146475.0
146657.0
146834.0
146995.0
147179.0
147358.0
147538.0
147708.0
147887.0
148056.0
148234.0
148404.0
148579.0
148756.0
148907.0
149070.0
149239.0
149407.0
149584.0
149746.0
149924.0
150101.0
150283.0
150450.0
150621.0
150803.0
150977.0
151152.0
151327.0
151500.0
151680.0
151847.0
152004.0
152181.0
152350.0
152527.0
152711.0
152891.0
153066.0
153232.0
153390.0
153560.0
153742.0
153926.0
154082.0
154259.0
154438.0
154612.0
154789.0
154964.0
155144.0
155324.0
155503.0
155681.0
155859.0
156039.0
156209.0
156384.0
156563.0
156740.0
156904.0
157086.0
157252.0
157431.0
157603.0
157780.0
157962.0
158144.0
158322.0
158494.0
158654.0
158834.0
159014.0
159196.0
159364.0
159543.0
159725.0
159887.0
160059.0
160238.0
160414.0
160584.0
160762.0
160941.0
161113.0
161295.0
161469.0
161639.0
161806.0
161986.0
162160.0
162338.0
162518.0
162687.0
162866.0
163048.0
163218.0
163398.0
163575.0
163759.0
163939.0
164119.0
164284.0
164457.0
164622.0
164789.0
164966.0
165132.0
165302.0
165484.0
165651.0
165826.0
166001.0
166180.0
166362.0
166546.0
166728.0
166902.0
167075.0
167254.0
167431.0
167608.0
167766.0
167945.0
168111.0
168284.0
168454.0
168631.0
168798.0
168973.0
169148.0
169323.0
169503.0
169687.0
169869.0
170049.0
170220.0
170402.0
170586.0
170753.0
170933.0
171103.0
171278.0
171454.0
171634.0
171818.0
171996.0
172180.0
172359.0
172521.0
172697.0
172869.0
173036.0
173189.0
173364.0
173531.0
173709.0
173872.0
174051.0
174228.0
174410.0
174590.0
174744.0
174908.0
175086.0
175263.0
175445.0
175624.0
175796.0
175976.0
176160.0
176342.0
176509.0
176686.0
176863.0
177025.0
177187.0
177344.0
177524.0
177704.0
177886.0
178066.0
178246.0
178421.0
178605.0
178785.0
178969.0
179151.0
179316.0
179487.0
179671.0
179839.0
180016.0
180198.0
180372.0
180550.0
180723.0
180900.0
181072.0
181244.0
181416.0
181587.0
181750.0
181925.0
182095.0
182257.0
182420.0
182587.0
182757.0
182932.0
183103.0
183280.0
183455.0
183634.0
183814.0
183986.0
184152.0
184334.0
184511.0
184669.0
184838.0
185006.0
185178.0
185360.0
185542.0
185719.0
185897.0
186076.0
186254.0
186431.0
186596.0
186778.0
186958.0
187135.0
187315.0
187484.0
187643.0
187820.0
188000.0
188172.0
188334.0
188518.0
188695.0
188879.0
189050.0
189202.0
189377.0
189531.0
189707.0
189889.0
190073.0
190255.0
190422.0
190594.0
190765.0
190925.0
191103.0
191259.0
191418.0
191602.0
191779.0
191959.0
192134.0
192303.0
192485.0
192663.0
192842.0
193014.0
193187.0
193365.0
193544.0
193715.0
193887.0
194069.0
194243.0
194406.0
194583.0
194733.0
194910.0
195075.0
195234.0
195409.0
195586.0
195729.0
195908.0
196070.0
196247.0
196414.0
196598.0
196766.0
196938.0
197112.0
197289.0
197469.0
197633.0
197798.0
197978.0
198139.0
198312.0
198496.0
198676.0
198849.0
199028.0
199207.0
199369.0
199544.0
199719.0
199898.0
200076.0
200258.0
200438.0
200618.0
200797.0
200979.0
201152.0
201315.0
201495.0
201679.0
201857.0
202034.0
202216.0
202398.0
202566.0
202745.0
202927.0
203103.0
203285.0
203453.0
203633.0
203813.0
203983.0
204165.0
204347.0
204524.0
204688.0
204870.0
205040.0
205217.0
205385.0
205554.0
205736.0
205912.0
206086.0
206263.0
206441.0
206623.0
206805.0
206978.0
207153.0
207134.0
207318.0
207493.0
207669.0
207853.0
208037.0
208221.0
208398.0
208563.0
208733.0
208912.0
209086.0
209259.0
209434.0
209613.0
209787.0
209947.0
210122.0
210287.0
210454.0
210629.0
210813.0
210985.0
211164.0
211333.0
211505.0
211669.0
211853.0
212030.0
212200.0
212382.0
212559.0
212736.0
212920.0
213091.0
213271.0
213449.0
213629.0
213795.0
213974.0
214151.0
214324.0
214508.0
214682.0
214857.0
215013.0
215191.0
215375.0
215542.0
215711.0
215887.0
216053.0
216226.0
216406.0
216584.0
216759.0
216939.0
217096.0
217280.0
217460.0
217635.0
217807.0
217985.0
218148.0
218323.0
218492.0
218672.0
218837.0
219017.0
219197.0
219372.0
219544.0
219709.0
219889.0
220064.0
220243.0
220408.0
220579.0
220761.0
220941.0
221114.0
221282.0
221464.0
221644.0
221819.0
222003.0
222171.0
222348.0
222518.0
222700.0
222882.0
223061.0
223245.0
223420.0
223602.0
223776.0
223955.0
224137.0
224304.0
224486.0
224659.0
224836.0
225002.0
225167.0
225347.0
225529.0
225707.0
225887.0
226062.0
226233.0
226417.0
226596.0
226771.0
226950.0
227134.0
227316.0
227495.0
227677.0
227849.0
228033.0
228205.0
228389.0
228561.0
228740.0
228898.0
229073.0
229255.0
229428.0
229600.0
229782.0
229961.0
230130.0
230299.0
230467.0
230646.0
230822.0
230984.0
231166.0
231329.0
231507.0
231686.0
231853.0
232021.0
232195.0
232368.0
232543.0
232716.0
232888.0
233066.0
233232.0
233389.0
233571.0
233744.0
233922.0
234088.0
234261.0
234445.0
234615.0
234797.0
234974.0
235135.0
235315.0
235488.0
235658.0
235842.0
236003.0
236173.0
236345.0
236518.0
236685.0
236864.0
237038.0
237217.0
237399.0
237583.0
237761.0
237936.0
238105.0
238274.0
238449.0
238631.0
238811.0
238980.0
239146.0
239328.0
239507.0
239685.0
239867.0
240033.0
240212.0
240384.0
240562.0
240735.0
240906.0
241088.0
241266.0
241439.0
241619.0
241789.0
241966.0
242141.0
242325.0
242491.0
242664.0
242836.0
243020.0
243194.0
243362.0
243544.0
243724.0
243901.0
244081.0
244265.0
244437.0
244605.0
244782.0
244952.0
245116.0
245295.0
245460.0
245644.0
245813.0
245995.0
246146.0
246318.0
246502.0
246680.0
246858.0
247042.0
247222.0
247395.0
247572.0
247754.0
247917.0
248087.0
248271.0
248453.0
248622.0
248804.0
248976.0
249133.0
249304.0
249478.0
249660.0
249830.0
249988.0
250165.0
250335.0
250515.0
250691.0
250875.0
