a = 0.8
g = 0.2
e = 0.1
random initial weights = true

-800.0
-1385.0
-2221.0
-2714.0
-3218.0
-3690.0
-4224.0
-4864.0
-5345.0
-5804.0
-6356.0
-6804.0
-7262.0
-7701.0
-8129.0
-8590.0
-9057.0
-9519.0
-9943.0
-9827.0
-10239.0
-10669.0
-10529.0
-10355.0
-10767.0
-11189.0
-11686.0
-12122.0
-12556.0
-12384.0
-12212.0
-12631.0
-13059.0
-13519.0
-13351.0
-13765.0
-13598.0
-13422.0
-13849.0
-13700.0
-13524.0
-13938.0
-14358.0
-14772.0
-14604.0
-14428.0
-14252.0
-14076.0
-13900.0
-13724.0
-13548.0
-13374.0
-13198.0
-13028.0
-12857.0
-13271.0
-13099.0
-12937.0
-12763.0
-12587.0
-12413.0
-12239.0
-12065.0
-11889.0
-11715.0
-11544.0
-11373.0
-11201.0
-11030.0
-10858.0
-10684.0
-10508.0
-10332.0
-10163.0
-9987.0
-9813.0
-9637.0
-9461.0
-9287.0
-9131.0
-8955.0
-8783.0
-8616.0
-8440.0
-8266.0
-8095.0
-7928.0
-7752.0
-7576.0
-7400.0
-7224.0
-7048.0
-6872.0
-6700.0
-6526.0
-6352.0
-6176.0
-6000.0
-5831.0
-5659.0
-5483.0
-5307.0
-5133.0
-4959.0
-4783.0
-4609.0
-4433.0
-4257.0
-4090.0
-3916.0
-3742.0
-3573.0
-3399.0
-3225.0
-3049.0
-2873.0
-2699.0
-2523.0
-2351.0
-2177.0
-2001.0
-1827.0
-1651.0
-1477.0
-1308.0
-1134.0
-958.0
-789.0
-613.0
-437.0
-263.0
-87.0
87.0
256.0
422.0
598.0
774.0
950.0
1126.0
1291.0
1467.0
1643.0
1817.0
1991.0
2163.0
2339.0
2513.0
2689.0
2865.0
3041.0
3215.0
3391.0
3563.0
3739.0
3909.0
4085.0
4259.0
4430.0
4606.0
4782.0
4947.0
5121.0
5297.0
5473.0
5649.0
5821.0
5993.0
6167.0
6343.0
6519.0
6691.0
6862.0
7015.0
7191.0
7365.0
7533.0
7709.0
7881.0
8057.0
8231.0
8407.0
8581.0
8755.0
8931.0
9107.0
9279.0
9455.0
9631.0
9803.0
9977.0
10153.0
10329.0
10505.0
10681.0
10853.0
11027.0
11201.0
11377.0
11553.0
11727.0
11901.0
12072.0
12244.0
12420.0
12596.0
12761.0
12932.0
13108.0
13284.0
13460.0
13634.0
13805.0
13981.0
14155.0
14331.0
14507.0
14677.0
14851.0
15004.0
15171.0
15345.0
15519.0
15695.0
15871.0
16045.0
16221.0
16392.0
16563.0
16730.0
16906.0
17082.0
17258.0
17432.0
17601.0
17768.0
17940.0
18116.0
18283.0
18459.0
18635.0
18809.0
18981.0
19155.0
19322.0
19498.0
19672.0
19848.0
20024.0
20193.0
20365.0
20539.0
20715.0
20889.0
21065.0
21241.0
21415.0
21591.0
21767.0
21936.0
22105.0
22279.0
22451.0
22627.0
22803.0
22979.0
23155.0
23329.0
23503.0
23677.0
23853.0
24029.0
24205.0
24371.0
24547.0
24723.0
24897.0
25071.0
25247.0
25423.0
25599.0
25775.0
25951.0
26118.0
26292.0
26468.0
26644.0
26818.0
26992.0
27164.0
27338.0
27514.0
27688.0
27864.0
28040.0
28214.0
28385.0
28559.0
28730.0
28904.0
29080.0
29256.0
29430.0
29606.0
29767.0
29939.0
30105.0
30279.0
30455.0
30629.0
30805.0
30981.0
31155.0
31322.0
31496.0
31672.0
31846.0
32020.0
32196.0
32372.0
32546.0
32722.0
32894.0
33065.0
33237.0
33411.0
33583.0
33755.0
33929.0
34105.0
34279.0
34453.0
34624.0
34793.0
34969.0
35141.0
35315.0
35489.0
35658.0
35832.0
36004.0
36174.0
36345.0
36521.0
36697.0
36873.0
37049.0
37219.0
37395.0
37571.0
37745.0
37919.0
38093.0
38267.0
38441.0
38617.0
38793.0
38969.0
39143.0
39319.0
39493.0
39669.0
39843.0
40019.0
40195.0
40369.0
40543.0
40717.0
40893.0
41067.0
41241.0
41417.0
41593.0
41767.0
41939.0
42113.0
42287.0
42459.0
42633.0
42809.0
42985.0
43161.0
43335.0
43509.0
43683.0
43859.0
44035.0
44211.0
44380.0
44549.0
44725.0
44897.0
45069.0
45243.0
45413.0
45583.0
45757.0
45931.0
46105.0
46276.0
46450.0
46626.0
46798.0
46972.0
47140.0
47316.0
47492.0
47664.0
47840.0
48016.0
48192.0
48368.0
48540.0
48716.0
48892.0
49063.0
49237.0
49411.0
49583.0
49759.0
49935.0
50109.0
50283.0
50457.0
50628.0
50800.0
50976.0
51152.0
51328.0
51502.0
51674.0
51840.0
52014.0
52190.0
52364.0
52531.0
52703.0
52872.0
53046.0
53222.0
53393.0
53569.0
53745.0
53917.0
54091.0
54262.0
54436.0
54612.0
54784.0
54960.0
55127.0
55301.0
55477.0
55642.0
55816.0
55990.0
56166.0
56340.0
56512.0
56684.0
56860.0
57026.0
57202.0
57378.0
57554.0
57728.0
57900.0
58076.0
58246.0
58422.0
58596.0
58770.0
58946.0
59122.0
59294.0
59470.0
59646.0
59822.0
59998.0
60168.0
60338.0
60514.0
60690.0
60866.0
61040.0
61214.0
61388.0
61560.0
61736.0
61910.0
62079.0
62248.0
62424.0
62598.0
62774.0
62950.0
63124.0
63289.0
63460.0
63634.0
63806.0
63980.0
64156.0
64332.0
64504.0
64676.0
64852.0
65022.0
65196.0
65370.0
65546.0
65722.0
65896.0
66060.0
66232.0
66406.0
66578.0
66754.0
66930.0
67104.0
67280.0
67454.0
67630.0
67800.0
67967.0
68143.0
68302.0
68478.0
68647.0
68823.0
68999.0
69175.0
69349.0
69525.0
69701.0
69873.0
70047.0
70221.0
70395.0
70569.0
70745.0
70916.0
71087.0
71263.0
71439.0
71613.0
71785.0
71961.0
72137.0
72311.0
72487.0
72663.0
72828.0
73004.0
73171.0
73347.0
73521.0
73697.0
73873.0
74047.0
74223.0
74394.0
74568.0
74732.0
74902.0
75078.0
75252.0
75428.0
75604.0
75776.0
75950.0
76126.0
76293.0
76469.0
76645.0
76821.0
76997.0
77173.0
77344.0
77516.0
77692.0
77868.0
78042.0
78218.0
78379.0
78555.0
78731.0
78905.0
79076.0
79252.0
79426.0
79602.0
79772.0
79948.0
80122.0
80298.0
80466.0
80632.0
80801.0
80973.0
81149.0
81318.0
81494.0
81670.0
81844.0
82011.0
82176.0
82350.0
82519.0
82693.0
82869.0
83045.0
83219.0
83395.0
83571.0
83747.0
83921.0
84092.0
84266.0
84438.0
84614.0
84785.0
84957.0
85131.0
85307.0
85481.0
85653.0
85829.0
86005.0
86181.0
86355.0
86531.0
86705.0
86870.0
87044.0
87220.0
87392.0
87563.0
87739.0
87908.0
88079.0
88255.0
88431.0
88607.0
88779.0
88953.0
89129.0
89305.0
89481.0
89650.0
89821.0
89993.0
90169.0
90345.0
90519.0
90695.0
90869.0
91043.0
91219.0
91393.0
91569.0
91745.0
91921.0
92097.0
92271.0
92445.0
92619.0
92795.0
92971.0
93147.0
93323.0
93499.0
93668.0
93839.0
94010.0
94176.0
94350.0
94526.0
94697.0
94868.0
95044.0
95218.0
95394.0
95563.0
95739.0
95915.0
96091.0
96267.0
96443.0
96617.0
96789.0
96958.0
97132.0
97304.0
97478.0
97645.0
97819.0
97986.0
98158.0
98334.0
98506.0
98680.0
98854.0
99025.0
99199.0
99375.0
99551.0
99727.0
99903.0
100079.0
100253.0
100427.0
100601.0
100772.0
100946.0
101117.0
101287.0
101463.0
101639.0
101813.0
101984.0
102160.0
102334.0
102508.0
102684.0
102860.0
103034.0
103208.0
103384.0
103553.0
103729.0
103905.0
104081.0
104253.0
104427.0
104603.0
104777.0
104951.0
105122.0
105296.0
105470.0
105646.0
105822.0
105994.0
106170.0
106341.0
106517.0
106693.0
106863.0
107039.0
107215.0
107386.0
107555.0
107727.0
107903.0
108079.0
108253.0
108421.0
108595.0
108767.0
108918.0
109089.0
109265.0
109441.0
109612.0
109786.0
109956.0
110128.0
110304.0
110480.0
110649.0
110825.0
110999.0
111166.0
111342.0
111518.0
111689.0
111863.0
112034.0
112210.0
112381.0
112557.0
112727.0
112903.0
113077.0
113253.0
113429.0
113605.0
113779.0
113948.0
114120.0
114292.0
114468.0
114642.0
114818.0
114990.0
115162.0
115333.0
115509.0
115685.0
115855.0
116031.0
116205.0
116377.0
116543.0
116719.0
116888.0
117062.0
117238.0
117400.0
117569.0
117745.0
117921.0
118097.0
118273.0
118445.0
118621.0
118790.0
118966.0
119142.0
119318.0
119494.0
119670.0
119844.0
120020.0
120194.0
120370.0
120546.0
120722.0
120894.0
121063.0
121239.0
121413.0
121587.0
121763.0
121939.0
122113.0
122289.0
122465.0
122641.0
122817.0
122993.0
123169.0
123345.0
123521.0
123695.0
123871.0
124045.0
124210.0
124378.0
124552.0
124726.0
124902.0
125074.0
125241.0
125417.0
125593.0
125769.0
125939.0
126113.0
126289.0
126456.0
126628.0
126802.0
126978.0
127150.0
127322.0
127498.0
127674.0
127845.0
128021.0
128197.0
128373.0
128549.0
128718.0
128892.0
129055.0
129221.0
129397.0
129573.0
129745.0
129919.0
130095.0
130271.0
130447.0
130623.0
130797.0
130973.0
131147.0
131323.0
131497.0
131671.0
131838.0
132014.0
132190.0
132366.0
132540.0
132711.0
132883.0
133057.0
133228.0
133397.0
133573.0
133749.0
133925.0
134096.0
134260.0
134436.0
134612.0
134788.0
134964.0
135140.0
135316.0
135486.0
135657.0
135833.0
136004.0
136175.0
136344.0
136513.0
136687.0
136854.0
137028.0
137204.0
137378.0
137554.0
137730.0
137906.0
138075.0
138249.0
138425.0
138601.0
138775.0
138951.0
139118.0
139294.0
139468.0
139642.0
139818.0
139994.0
140170.0
140346.0
140522.0
140693.0
140865.0
141041.0
141213.0
141387.0
141563.0
141739.0
141913.0
142089.0
142265.0
142441.0
142612.0
142783.0
142959.0
143135.0
143300.0
143476.0
143650.0
143824.0
143998.0
144174.0
144350.0
144526.0
144700.0
144872.0
145044.0
145218.0
145389.0
145563.0
145739.0
145913.0
146089.0
146265.0
146441.0
146615.0
146789.0
146965.0
147141.0
147317.0
147493.0
147667.0
147829.0
148005.0
148181.0
148357.0
148529.0
148705.0
148879.0
149055.0
149231.0
149407.0
149566.0
149742.0
149913.0
150087.0
150261.0
150425.0
150599.0
150771.0
150947.0
151123.0
151293.0
151469.0
151640.0
151816.0
151990.0
152166.0
152342.0
152516.0
152680.0
152856.0
153030.0
153206.0
153382.0
153552.0
153726.0
153902.0
154069.0
154245.0
154421.0
154597.0
154773.0
154949.0
155125.0
155294.0
155470.0
155646.0
155818.0
155994.0
156170.0
156341.0
156513.0
156687.0
156863.0
157037.0
157213.0
157387.0
157563.0
157737.0
157913.0
158089.0
158258.0
158432.0
158608.0
158775.0
158951.0
159127.0
159301.0
159475.0
159649.0
159821.0
159997.0
160173.0
160347.0
160518.0
160692.0
160859.0
161035.0
161207.0
161378.0
161552.0
161728.0
161904.0
162080.0
162254.0
162430.0
162602.0
162778.0
162943.0
163119.0
163291.0
163465.0
163641.0
163815.0
163989.0
164163.0
164337.0
164513.0
164689.0
164853.0
165029.0
165205.0
165379.0
165551.0
165725.0
165897.0
166073.0
166249.0
166425.0
166601.0
166777.0
166953.0
167124.0
167300.0
167471.0
167643.0
167817.0
167988.0
168164.0
168340.0
168508.0
168682.0
168858.0
169032.0
169208.0
169379.0
169555.0
169729.0
169899.0
170069.0
170245.0
170419.0
170595.0
170771.0
170943.0
171119.0
171295.0
171467.0
171636.0
171810.0
171984.0
172156.0
172326.0
172502.0
172673.0
172844.0
173020.0
173196.0
173365.0
173534.0
173708.0
173884.0
174060.0
174234.0
174408.0
174582.0
174754.0
174918.0
175092.0
175266.0
175442.0
175618.0
175792.0
175963.0
176133.0
176309.0
176485.0
176661.0
176837.0
177011.0
177187.0
177359.0
177535.0
177709.0
177883.0
178059.0
178235.0
178407.0
178583.0
178751.0
178925.0
179101.0
179277.0
179453.0
179627.0
179799.0
179970.0
180144.0
180320.0
180496.0
180672.0
180846.0
181022.0
181198.0
181367.0
181543.0
181715.0
181881.0
182057.0
182231.0
182405.0
182579.0
182750.0
182926.0
183102.0
183278.0
183448.0
183624.0
183793.0
183959.0
184135.0
184306.0
184478.0
184647.0
184823.0
184999.0
185173.0
185349.0
185518.0
185690.0
185861.0
186037.0
186213.0
186387.0
186563.0
186734.0
186910.0
187086.0
187262.0
187431.0
187605.0
187777.0
187953.0
188127.0
188299.0
188475.0
188651.0
188827.0
188996.0
189166.0
189342.0
189516.0
189692.0
189866.0
190042.0
190213.0
190389.0
190565.0
190741.0
190907.0
191083.0
191252.0
191426.0
191602.0
191776.0
191952.0
192124.0
192300.0
192474.0
192648.0
192824.0
193000.0
193172.0
193348.0
193524.0
193698.0
193874.0
194045.0
194216.0
194381.0
194557.0
194728.0
194900.0
195076.0
195252.0
195428.0
195600.0
195764.0
195940.0
196116.0
196290.0
196466.0
196638.0
196814.0
196983.0
197155.0
197331.0
197505.0
197681.0
197857.0
198033.0
198200.0
198367.0
198541.0
198717.0
198888.0
199064.0
199238.0
199414.0
199584.0
199760.0
199934.0
200104.0
200280.0
200456.0
200632.0
200804.0
200980.0
201152.0
201328.0
201504.0
201678.0
201854.0
202030.0
202206.0
202382.0
202558.0
202732.0
202908.0
203084.0
203260.0
203418.0
203592.0
203766.0
203936.0
204107.0
204281.0
204457.0
204633.0
204804.0
204975.0
205151.0
205323.0
205495.0
205667.0
205843.0
206017.0
206193.0
206367.0
206541.0
206717.0
206884.0
207060.0
207236.0
207412.0
207588.0
207764.0
207933.0
208107.0
208279.0
208450.0
208624.0
208800.0
208976.0
209150.0
209326.0
209502.0
209678.0
209852.0
210026.0
210202.0
210378.0
210552.0
210721.0
210897.0
211071.0
211245.0
211421.0
211595.0
211771.0
211947.0
212121.0
212295.0
212464.0
212635.0
212811.0
212985.0
213161.0
213335.0
213509.0
213683.0
213850.0
214024.0
214195.0
214371.0
214545.0
214719.0
214895.0
215069.0
215245.0
215416.0
215592.0
215768.0
215942.0
216118.0
216294.0
216468.0
216644.0
216820.0
216996.0
217165.0
217339.0
217513.0
217685.0
217861.0
218032.0
218193.0
218369.0
218543.0
218717.0
218881.0
219055.0
219229.0
219405.0
219581.0
219757.0
219933.0
220102.0
220278.0
220447.0
220619.0
220795.0
220969.0
221136.0
221312.0
221486.0
221662.0
221834.0
222010.0
222182.0
222356.0
222532.0
222708.0
222880.0
223052.0
223228.0
223395.0
223571.0
223745.0
223921.0
224097.0
224273.0
224449.0
224625.0
224795.0
224969.0
225143.0
225319.0
225486.0
225662.0
225833.0
226007.0
226181.0
226357.0
226533.0
226707.0
226877.0
227053.0
227227.0
227403.0
227579.0
227753.0
227923.0
228094.0
228270.0
228446.0
228617.0
228793.0
228969.0
229139.0
229315.0
229491.0
229665.0
229839.0
230013.0
230189.0
230363.0
230539.0
230711.0
230885.0
231059.0
231231.0
231400.0
231574.0
231746.0
231910.0
232082.0
232258.0
232434.0
232605.0
232777.0
232951.0
233127.0
233296.0
233470.0
233646.0
233820.0
233994.0
234166.0
234342.0
234518.0
234692.0
234868.0
235044.0
235220.0
235392.0
235566.0
235740.0
235916.0
236090.0
236266.0
236442.0
236616.0
236786.0
236962.0
237129.0
237305.0
237481.0
