a = 0.5
g = 0.5
e = 0.3
random initial weights = false

-1525.0
-2725.0
-3299.0
-3845.0
-4266.0
-4733.0
-5211.0
-6060.0
-6513.0
-6974.0
-7431.0
-7868.0
-8357.0
-8265.0
-8701.0
-9153.0
-9594.0
-10054.0
-9919.0
-9741.0
-10166.0
-10585.0
-11032.0
-11468.0
-11901.0
-12328.0
-12772.0
-12604.0
-13029.0
-13471.0
-13911.0
-14344.0
-14788.0
-14648.0
-14480.0
-14304.0
-14128.0
-14549.0
-14975.0
-15390.0
-15811.0
-16260.0
-16673.0
-16508.0
-16336.0
-16158.0
-15980.0
-15834.0
-15661.0
-15492.0
-15339.0
-15165.0
-14987.0
-14809.0
-14640.0
-14469.0
-14302.0
-14137.0
-13972.0
-13816.0
-13653.0
-13477.0
-13307.0
-13129.0
-12958.0
-12786.0
-12608.0
-12444.0
-12268.0
-12107.0
-11940.0
-11766.0
-11597.0
-11423.0
-11245.0
-11078.0
-10913.0
-10745.0
-10580.0
-10408.0
-10235.0
-10057.0
-9879.0
-9703.0
-9536.0
-9364.0
-9188.0
-9027.0
-8859.0
-8692.0
-8543.0
-8383.0
-8214.0
-8036.0
-7862.0
-7700.0
-7536.0
-7362.0
-7190.0
-7033.0
-6860.0
-6695.0
-6527.0
-6351.0
-6200.0
-6028.0
-5852.0
-5678.0
-5521.0
-5353.0
-5186.0
-5015.0
-4837.0
-4659.0
-4481.0
-4305.0
-4137.0
-3968.0
-3792.0
-3621.0
-3445.0
-3281.0
-3105.0
-2942.0
-2771.0
-2595.0
-2419.0
-2241.0
-2067.0
-1895.0
-1735.0
-1563.0
-1392.0
-1226.0
-1058.0
-886.0
-712.0
-541.0
-369.0
-202.0
-42.0
124.0
297.0
462.0
623.0
797.0
968.0
1140.0
1305.0
1483.0
1655.0
1824.0
2000.0
2173.0
2349.0
2521.0
2689.0
2861.0
3026.0
3196.0
3374.0
3548.0
3718.0
3888.0
4056.0
4227.0
4403.0
4569.0
4745.0
4895.0
5058.0
5217.0
5386.0
5564.0
5733.0
5907.0
6058.0
6226.0
6387.0
6538.0
6714.0
6881.0
7048.0
7217.0
7384.0
7554.0
7726.0
7896.0
8072.0
8250.0
8428.0
8606.0
8771.0
8945.0
9119.0
9288.0
9451.0
9627.0
9805.0
9971.0
10134.0
10306.0
10469.0
10645.0
10815.0
10993.0
11169.0
11343.0
11515.0
11689.0
11862.0
12033.0
12211.0
12385.0
12553.0
12721.0
12899.0
13075.0
13247.0
13410.0
13577.0
13746.0
13922.0
14094.0
14254.0
14425.0
14596.0
14772.0
14939.0
15111.0
15278.0
15449.0
15627.0
15776.0
15944.0
16110.0
16279.0
16448.0
16626.0
16802.0
16970.0
17139.0
17309.0
17481.0
17657.0
17800.0
17967.0
18136.0
18299.0
18470.0
18644.0
18813.0
18989.0
19136.0
19300.0
19472.0
19639.0
19811.0
19987.0
20159.0
20326.0
20488.0
20662.0
20827.0
21003.0
21167.0
21336.0
21514.0
21688.0
21859.0
22027.0
22188.0
22362.0
22534.0
22694.0
22862.0
23032.0
23208.0
23384.0
23551.0
23725.0
23892.0
24070.0
24241.0
24413.0
24585.0
24754.0
24916.0
25085.0
25258.0
25426.0
25602.0
25760.0
25925.0
26101.0
26272.0
26437.0
26602.0
26767.0
26945.0
27110.0
27265.0
27436.0
27612.0
27777.0
27951.0
28129.0
28303.0
28465.0
28627.0
28803.0
28976.0
29147.0
29323.0
29480.0
29652.0
29807.0
29964.0
30136.0
30310.0
30477.0
30646.0
30817.0
30984.0
31155.0
31323.0
31501.0
31673.0
31830.0
31994.0
32157.0
32305.0
32470.0
32643.0
32819.0
32993.0
33169.0
33339.0
33515.0
33675.0
33844.0
34004.0
34166.0
34332.0
34510.0
34678.0
34851.0
35024.0
35194.0
35372.0
35543.0
35715.0
35893.0
36069.0
36247.0
36411.0
36571.0
36735.0
36903.0
37061.0
37229.0
37393.0
37552.0
37728.0
37895.0
38067.0
38241.0
38407.0
38580.0
38754.0
38925.0
39099.0
39267.0
39405.0
39583.0
39737.0
39915.0
40091.0
40258.0
40427.0
40603.0
40763.0
40941.0
41107.0
41285.0
41456.0
41624.0
41802.0
41980.0
42151.0
42314.0
42488.0
42664.0
42835.0
43009.0
43159.0
43337.0
43503.0
43674.0
43830.0
44006.0
44184.0
44356.0
44525.0
44701.0
44875.0
45049.0
45225.0
45387.0
45561.0
45725.0
45895.0
46066.0
46230.0
46399.0
46568.0
46740.0
46909.0
47075.0
47249.0
47419.0
47597.0
47766.0
47942.0
48118.0
48296.0
48469.0
48641.0
48815.0
48989.0
49165.0
49341.0
49515.0
49691.0
49864.0
50036.0
50212.0
50377.0
50551.0
50724.0
50895.0
51057.0
51231.0
51400.0
51565.0
51741.0
51905.0
52074.0
52246.0
52424.0
52589.0
52763.0
52931.0
53109.0
53278.0
53430.0
53608.0
53781.0
53955.0
54116.0
54283.0
54451.0
54629.0
54805.0
54981.0
55145.0
55319.0
55485.0
55661.0
55835.0
55998.0
56176.0
56347.0
56518.0
56692.0
56855.0
57031.0
57202.0
57350.0
57526.0
57695.0
57862.0
58036.0
58212.0
58390.0
58561.0
58739.0
58915.0
59080.0
59256.0
59432.0
59604.0
59773.0
59941.0
60109.0
60278.0
60450.0
60622.0
60800.0
60964.0
61133.0
61301.0
61468.0
61640.0
61807.0
61969.0
62147.0
62313.0
62467.0
62638.0
62784.0
62951.0
63123.0
63297.0
63471.0
63640.0
63814.0
63983.0
64149.0
64327.0
64497.0
64669.0
64841.0
65008.0
65166.0
65340.0
65489.0
65663.0
65833.0
66003.0
66170.0
66343.0
66517.0
66695.0
66871.0
67045.0
67215.0
67386.0
67541.0
67713.0
67889.0
68056.0
68219.0
68380.0
68545.0
68714.0
68883.0
69057.0
69219.0
69391.0
69547.0
69714.0
69892.0
70068.0
70242.0
70411.0
70581.0
70753.0
70925.0
71094.0
71264.0
71430.0
71606.0
71777.0
71942.0
72102.0
72267.0
72432.0
72597.0
72771.0
72939.0
73113.0
73287.0
73463.0
73618.0
73780.0
73950.0
74124.0
74292.0
74459.0
74635.0
74808.0
74984.0
75151.0
75323.0
75501.0
75660.0
75836.0
76008.0
76184.0
76360.0
76538.0
76716.0
76887.0
77051.0
77221.0
77393.0
77554.0
77726.0
77896.0
78062.0
78234.0
78401.0
78575.0
78745.0
78918.0
79094.0
79270.0
79434.0
79607.0
79771.0
79943.0
80113.0
80277.0
80450.0
80626.0
80796.0
80962.0
81138.0
81310.0
81479.0
81653.0
81829.0
81999.0
82173.0
82349.0
82516.0
82692.0
82862.0
83033.0
83211.0
83378.0
83538.0
83696.0
83870.0
84048.0
84219.0
84393.0
84571.0
84742.0
84910.0
85084.0
85239.0
85411.0
85583.0
85759.0
85932.0
86100.0
86272.0
86442.0
86620.0
86796.0
86968.0
87134.0
87308.0
87480.0
87649.0
87822.0
87991.0
88159.0
88327.0
88496.0
88672.0
88837.0
89013.0
89180.0
89352.0
89517.0
89693.0
89871.0
90045.0
90210.0
90379.0
90548.0
90715.0
90869.0
91042.0
91209.0
91376.0
91539.0
91717.0
91895.0
92067.0
92232.0
92398.0
92563.0
92737.0
92906.0
93071.0
93237.0
93410.0
93586.0
93753.0
93924.0
94102.0
94273.0
94438.0
94603.0
94760.0
94927.0
95098.0
95265.0
95441.0
95594.0
95772.0
95934.0
96110.0
96286.0
96457.0
96626.0
96797.0
96963.0
97134.0
97301.0
97465.0
97639.0
97813.0
97989.0
98155.0
98333.0
98511.0
98685.0
98855.0
99031.0
99209.0
99381.0
99549.0
99712.0
99874.0
100046.0
100224.0
100400.0
100574.0
100750.0
100912.0
101090.0
101266.0
101442.0
101614.0
101782.0
101949.0
102120.0
102273.0
102446.0
102619.0
102795.0
102971.0
103147.0
103312.0
103484.0
103656.0
103826.0
103995.0
104158.0
104322.0
104491.0
104663.0
104830.0
105003.0
105165.0
105335.0
105511.0
105687.0
105854.0
106030.0
106194.0
106372.0
106550.0
106706.0
106873.0
107049.0
107215.0
107386.0
107558.0
107736.0
107912.0
108081.0
108254.0
108421.0
108595.0
108765.0
108913.0
109076.0
109245.0
109415.0
109586.0
109764.0
109919.0
110095.0
110267.0
110445.0
110617.0
110788.0
110962.0
111129.0
111298.0
111474.0
111650.0
111824.0
111996.0
112161.0
112325.0
112492.0
112660.0
112824.0
112983.0
113161.0
113335.0
113505.0
113676.0
113847.0
114019.0
114195.0
114361.0
114539.0
114717.0
114891.0
115063.0
115214.0
115390.0
115566.0
115728.0
115906.0
116065.0
116243.0
116415.0
116591.0
116753.0
116908.0
117049.0
117220.0
117394.0
117554.0
117730.0
117908.0
118086.0
118241.0
118419.0
118595.0
118771.0
118925.0
119101.0
119275.0
119447.0
119618.0
119794.0
119970.0
120136.0
120307.0
120471.0
120649.0
120823.0
120982.0
121150.0
121322.0
121496.0
121655.0
121828.0
122002.0
122178.0
122347.0
122519.0
122697.0
122871.0
123049.0
123216.0
123394.0
123564.0
123734.0
123906.0
124063.0
124239.0
124417.0
124575.0
124738.0
124907.0
125060.0
125227.0
125405.0
125579.0
125755.0
125915.0
126088.0
126246.0
126415.0
126585.0
126754.0
126923.0
127099.0
127273.0
127447.0
127621.0
127797.0
127933.0
128109.0
128275.0
128440.0
128609.0
128778.0
128954.0
129128.0
129279.0
129457.0
129627.0
129793.0
129960.0
130136.0
130309.0
130481.0
130648.0
130819.0
130975.0
131147.0
131323.0
131497.0
131671.0
131849.0
132006.0
132175.0
132343.0
132506.0
132673.0
132844.0
133006.0
133178.0
133348.0
133512.0
133676.0
133824.0
133998.0
134166.0
134335.0
134498.0
134676.0
134854.0
135026.0
135192.0
135359.0
135530.0
135698.0
135868.0
136038.0
136201.0
136373.0
136543.0
136707.0
136881.0
137051.0
137216.0
137392.0
137551.0
137717.0
137876.0
138045.0
138221.0
138392.0
138566.0
138730.0
138902.0
139076.0
139244.0
139414.0
139586.0
139757.0
139925.0
140097.0
140265.0
140423.0
140583.0
140748.0
140922.0
141095.0
141266.0
141442.0
141609.0
141771.0
141949.0
142125.0
142290.0
142466.0
142633.0
142805.0
142953.0
143124.0
143295.0
143459.0
143626.0
143798.0
143970.0
144146.0
144322.0
144485.0
144656.0
144821.0
144995.0
145169.0
145338.0
145508.0
145678.0
145849.0
146025.0
146188.0
146361.0
146533.0
146707.0
146881.0
147057.0
147215.0
147388.0
147550.0
147728.0
147904.0
148078.0
148247.0
148407.0
148579.0
148748.0
148911.0
149067.0
149229.0
149400.0
149573.0
149738.0
149901.0
150077.0
150251.0
150413.0
150583.0
150752.0
150926.0
151097.0
151271.0
151442.0
151618.0
151792.0
151968.0
152146.0
152320.0
152485.0
152659.0
152832.0
153008.0
153154.0
153332.0
153504.0
153676.0
153841.0
154004.0
154180.0
154351.0
154513.0
154691.0
154853.0
155025.0
155194.0
155357.0
155529.0
155682.0
155856.0
156030.0
156201.0
156371.0
156543.0
156711.0
156881.0
157057.0
157231.0
157409.0
157580.0
157752.0
157919.0
158076.0
158222.0
158388.0
158562.0
158722.0
158898.0
159065.0
159236.0
159408.0
159584.0
159760.0
159938.0
160116.0
160282.0
160456.0
160624.0
160797.0
160966.0
161140.0
161309.0
161477.0
161651.0
161827.0
162001.0
162164.0
162333.0
162509.0
162687.0
162863.0
163035.0
163194.0
163357.0
163533.0
163695.0
163852.0
164028.0
164195.0
164360.0
164533.0
164705.0
164883.0
165051.0
165217.0
165393.0
165552.0
165725.0
165899.0
166071.0
166243.0
166419.0
166597.0
166768.0
166944.0
167116.0
167292.0
167445.0
167613.0
167787.0
167961.0
168127.0
168298.0
168469.0
168613.0
168789.0
168961.0
169135.0
169296.0
169465.0
169632.0
169795.0
169957.0
170131.0
170297.0
170463.0
170621.0
170790.0
170966.0
171137.0
171309.0
171483.0
171659.0
171820.0
171998.0
172155.0
172329.0
172502.0
172680.0
172831.0
172993.0
173165.0
173343.0
173517.0
173695.0
173859.0
174019.0
174191.0
174350.0
174524.0
174696.0
174870.0
175046.0
175212.0
175383.0
175552.0
175723.0
175889.0
176056.0
176218.0
176382.0
176554.0
176720.0
176889.0
177053.0
177225.0
177396.0
177574.0
177737.0
177900.0
178072.0
178235.0
178411.0
178587.0
178759.0
178933.0
179100.0
179270.0
179443.0
179619.0
179791.0
179965.0
180134.0
180297.0
180471.0
180642.0
180806.0
180984.0
181153.0
181329.0
181500.0
181673.0
181849.0
182000.0
182178.0
182338.0
182507.0
182679.0
182851.0
182997.0
183169.0
183340.0
183514.0
183678.0
183835.0
184011.0
184179.0
184350.0
184528.0
184696.0
184870.0
185038.0
185212.0
185386.0
185548.0
185719.0
185888.0
186062.0
186233.0
186400.0
186574.0
186742.0
186913.0
187082.0
187252.0
187430.0
187601.0
187774.0
187943.0
188112.0
188290.0
188461.0
188624.0
188795.0
188973.0
189144.0
189286.0
189464.0
189625.0
189803.0
189962.0
190132.0
190308.0
190486.0
190645.0
190819.0
190973.0
191141.0
191317.0
191495.0
191669.0
191842.0
192011.0
192185.0
192347.0
192518.0
192694.0
192872.0
193048.0
193221.0
193389.0
193548.0
193705.0
193869.0
194040.0
194214.0
194385.0
194553.0
194729.0
194905.0
195083.0
195242.0
195418.0
195596.0
195774.0
195936.0
196110.0
196279.0
196448.0
196622.0
196794.0
196967.0
197127.0
197295.0
197469.0
197635.0
197813.0
197973.0
198137.0
198309.0
198479.0
198650.0
198822.0
199000.0
199169.0
199332.0
199498.0
199656.0
199829.0
199992.0
200155.0
200295.0
200473.0
200647.0
200814.0
200988.0
201162.0
201338.0
201514.0
201690.0
201864.0
202035.0
202201.0
202377.0
202551.0
202725.0
202895.0
203067.0
203217.0
203393.0
203567.0
203733.0
203892.0
204062.0
204231.0
204397.0
204570.0
204748.0
204921.0
205082.0
205254.0
205428.0
205606.0
205777.0
205955.0
206122.0
206296.0
206458.0
206634.0
206806.0
206954.0
207128.0
207299.0
207461.0
207633.0
207801.0
207970.0
208144.0
208311.0
208487.0
208661.0
208837.0
209009.0
209187.0
209360.0
209534.0
209708.0
209879.0
210051.0
210213.0
210391.0
210562.0
210731.0
210907.0
211064.0
211224.0
211390.0
211552.0
211722.0
211898.0
212066.0
212244.0
212408.0
212581.0
212748.0
212915.0
213089.0
213265.0
213435.0
213602.0
213772.0
213948.0
214124.0
214285.0
214455.0
214629.0
214801.0
214970.0
215133.0
215307.0
215481.0
215655.0
215831.0
216009.0
216178.0
216354.0
216532.0
216679.0
216849.0
217011.0
217180.0
217358.0
217525.0
217699.0
217872.0
218039.0
218209.0
218383.0
218553.0
218720.0
218892.0
219051.0
219223.0
219395.0
219569.0
219736.0
219899.0
220068.0
220242.0
220420.0
220584.0
220760.0
220934.0
221099.0
221269.0
221439.0
221613.0
221786.0
221950.0
222124.0
222300.0
222468.0
222642.0
222800.0
222957.0
223135.0
223305.0
223472.0
223635.0
223811.0
223987.0
224165.0
224310.0
224481.0
224649.0
224819.0
224982.0
225158.0
225319.0
225482.0
225649.0
225812.0
225988.0
226157.0
226333.0
226503.0
226666.0
226826.0
226992.0
227149.0
227325.0
227499.0
227672.0
227841.0
228008.0
228179.0
228352.0
228519.0
228686.0
228858.0
229019.0
229197.0
229353.0
229525.0
229703.0
229857.0
230028.0
230191.0
230364.0
230536.0
230703.0
