a = 0.5
g = 0.2
e = 0.5
random initial weights = true

-701.0
-3179.0
-3937.0
-4452.0
-5104.0
-5715.0
-6226.0
-6785.0
-7273.0
-7753.0
-8276.0
-8729.0
-9207.0
-9725.0
-10295.0
-10770.0
-11185.0
-11637.0
-12119.0
-12554.0
-13017.0
-13461.0
-13958.0
-14401.0
-14893.0
-15398.0
-15291.0
-15146.0
-15635.0
-16081.0
-15997.0
-15840.0
-16269.0
-16684.0
-17132.0
-17569.0
-18086.0
-18519.0
-18401.0
-18237.0
-18112.0
-18556.0
-19007.0
-19420.0
-19833.0
-20302.0
-20153.0
-20610.0
-21033.0
-21511.0
-21403.0
-21838.0
-21700.0
-22137.0
-21979.0
-21825.0
-22309.0
-22195.0
-22040.0
-22465.0
-22892.0
-23318.0
-23166.0
-22994.0
-23428.0
-23260.0
-23095.0
-22933.0
-22824.0
-22677.0
-22525.0
-22940.0
-22794.0
-22629.0
-22453.0
-22277.0
-22136.0
-21962.0
-21792.0
-21633.0
-22057.0
-21897.0
-21771.0
-22205.0
-22635.0
-23050.0
-23509.0
-23939.0
-24362.0
-24225.0
-24068.0
-23898.0
-23722.0
-23574.0
-23417.0
-23262.0
-23090.0
-22940.0
-22786.0
-22655.0
-22484.0
-22315.0
-22149.0
-21998.0
-21841.0
-21683.0
-21530.0
-21378.0
-21202.0
-21039.0
-20906.0
-20755.0
-20590.0
-20430.0
-20254.0
-20078.0
-19918.0
-19746.0
-19593.0
-19423.0
-19247.0
-19138.0
-18969.0
-18807.0
-18667.0
-18510.0
-18344.0
-18185.0
-18029.0
-17857.0
-17701.0
-17560.0
-17404.0
-17250.0
-17081.0
-16995.0
-16832.0
-16663.0
-16510.0
-16369.0
-16208.0
-16042.0
-15890.0
-15714.0
-15542.0
-15368.0
-15212.0
-15044.0
-14883.0
-14728.0
-14570.0
-14415.0
-14261.0
-14098.0
-13924.0
-13763.0
-13611.0
-13439.0
-13272.0
-13119.0
-12959.0
-12783.0
-12617.0
-12450.0
-12298.0
-12128.0
-11979.0
-11831.0
-11659.0
-11505.0
-11340.0
-11170.0
-11018.0
-10852.0
-10684.0
-10532.0
-10361.0
-10243.0
-10110.0
-9950.0
-9797.0
-9636.0
-9490.0
-9327.0
-9160.0
-9029.0
-8853.0
-8684.0
-8537.0
-8392.0
-8284.0
-8133.0
-7966.0
-7790.0
-7620.0
-7488.0
-7314.0
-7232.0
-7079.0
-6903.0
-6761.0
-6615.0
-6452.0
-6290.0
-6131.0
-5953.0
-5797.0
-5631.0
-5488.0
-5327.0
-5187.0
-5043.0
-4882.0
-4722.0
-4557.0
-4391.0
-4240.0
-4087.0
-3919.0
-3743.0
-3601.0
-3460.0
-3294.0
-3126.0
-2971.0
-2818.0
-2646.0
-2490.0
-2326.0
-2164.0
-2000.0
-1847.0
-1706.0
-1535.0
-1374.0
-1200.0
-1056.0
-878.0
-707.0
-553.0
-393.0
-228.0
-91.0
35.0
199.0
373.0
531.0
700.0
872.0
1041.0
1178.0
1318.0
1489.0
1661.0
1818.0
1976.0
2132.0
2287.0
2454.0
2588.0
2760.0
2920.0
3068.0
3242.0
3402.0
3567.0
3712.0
3861.0
4028.0
4197.0
4371.0
4524.0
4682.0
4848.0
5026.0
5166.0
5330.0
5493.0
5639.0
5786.0
5941.0
6104.0
6251.0
6412.0
6563.0
6727.0
6890.0
7035.0
7209.0
7356.0
7503.0
7649.0
7816.0
7985.0
8155.0
8313.0
8485.0
8646.0
8807.0
8976.0
9133.0
9289.0
9438.0
9595.0
9755.0
9914.0
10085.0
10235.0
10384.0
10558.0
10730.0
10899.0
11077.0
11235.0
11396.0
11551.0
11686.0
11821.0
11985.0
12135.0
12238.0
12406.0
12575.0
12726.0
12867.0
13011.0
13173.0
13317.0
13469.0
13629.0
13782.0
13929.0
14078.0
14235.0
14403.0
14576.0
14730.0
14900.0
15064.0
15242.0
15393.0
15551.0
15689.0
15850.0
16012.0
16168.0
16329.0
16491.0
16628.0
16787.0
16958.0
17123.0
17286.0
17460.0
17629.0
17791.0
17965.0
18109.0
18251.0
18399.0
18567.0
18733.0
18888.0
19062.0
19234.0
19398.0
19551.0
19708.0
19873.0
20044.0
20188.0
20341.0
20508.0
20670.0
20820.0
20983.0
21148.0
21313.0
21454.0
21611.0
21766.0
21926.0
22098.0
22259.0
22421.0
22549.0
22695.0
22869.0
23028.0
23198.0
23363.0
23534.0
23680.0
23845.0
24007.0
24175.0
24345.0
24515.0
24674.0
24830.0
25008.0
25179.0
25339.0
25460.0
25591.0
25758.0
25926.0
26070.0
26230.0
26399.0
26518.0
26677.0
26853.0
27018.0
27187.0
27365.0
27515.0
27685.0
27855.0
28025.0
28183.0
28355.0
28469.0
28630.0
28779.0
28944.0
29110.0
29275.0
29431.0
29598.0
29748.0
29890.0
30052.0
30193.0
30350.0
30495.0
30654.0
30815.0
30968.0
31126.0
31287.0
31439.0
31602.0
31750.0
31912.0
32076.0
32167.0
32328.0
32471.0
32640.0
32797.0
32951.0
33082.0
33241.0
33402.0
33536.0
33710.0
33819.0
33985.0
34133.0
34287.0
34442.0
34590.0
34738.0
34914.0
35074.0
35220.0
35361.0
35520.0
35689.0
35847.0
36007.0
36162.0
36307.0
36475.0
36631.0
36788.0
36954.0
37106.0
37277.0
37421.0
37584.0
37758.0
37877.0
38004.0
38153.0
38323.0
38495.0
38663.0
38837.0
39007.0
39175.0
39336.0
39490.0
39617.0
39778.0
39944.0
40067.0
40233.0
40398.0
40563.0
40725.0
40890.0
41055.0
41222.0
41396.0
41552.0
41721.0
41872.0
42033.0
42197.0
42360.0
42524.0
42687.0
42835.0
42973.0
43136.0
43304.0
43469.0
43636.0
43797.0
43956.0
44105.0
44267.0
44415.0
44546.0
44722.0
44894.0
45054.0
45224.0
45375.0
45512.0
45672.0
45846.0
46011.0
46171.0
46335.0
46466.0
46639.0
46801.0
46973.0
47139.0
47313.0
47462.0
47635.0
47813.0
47975.0
48137.0
48277.0
48435.0
48593.0
48758.0
48914.0
49070.0
49244.0
49381.0
49547.0
49697.0
49858.0
50032.0
50192.0
50352.0
50491.0
50660.0
50807.0
50963.0
51129.0
51295.0
51449.0
51608.0
51758.0
51917.0
52063.0
52216.0
52388.0
52556.0
52724.0
52873.0
53023.0
53190.0
53348.0
53483.0
53620.0
53786.0
53910.0
54051.0
54225.0
54385.0
54530.0
54668.0
54822.0
54987.0
55159.0
55323.0
55487.0
55645.0
55787.0
55958.0
56128.0
56283.0
56451.0
56609.0
56757.0
56905.0
57064.0
57240.0
57387.0
57538.0
57665.0
57832.0
57987.0
58154.0
58324.0
58465.0
58622.0
58791.0
58945.0
59110.0
59274.0
59432.0
59602.0
59760.0
59926.0
60088.0
60230.0
60404.0
60552.0
60721.0
60874.0
61025.0
61178.0
61333.0
61471.0
61634.0
61791.0
61943.0
62078.0
62242.0
62379.0
62555.0
62687.0
62844.0
62998.0
63160.0
63312.0
63455.0
63603.0
63753.0
63903.0
64081.0
64223.0
64397.0
64555.0
64715.0
64881.0
65050.0
65208.0
65362.0
65488.0
65655.0
65816.0
65982.0
66142.0
66274.0
66430.0
66594.0
66734.0
66888.0
67050.0
67210.0
67361.0
67522.0
67649.0
67810.0
67962.0
68110.0
68254.0
68389.0
68561.0
68684.0
68849.0
69006.0
69166.0
69328.0
69502.0
69656.0
69810.0
69964.0
70114.0
70280.0
70425.0
70597.0
70764.0
70937.0
71100.0
71266.0
71401.0
71569.0
71732.0
71898.0
72053.0
72194.0
72348.0
72508.0
72640.0
72793.0
72949.0
73100.0
73253.0
73396.0
73572.0
73727.0
73878.0
74040.0
74200.0
74359.0
74509.0
74663.0
74829.0
74984.0
75122.0
75274.0
75432.0
75605.0
75763.0
75898.0
76050.0
76226.0
76391.0
76535.0
76711.0
76810.0
76965.0
77141.0
77308.0
77468.0
77634.0
77810.0
77969.0
78117.0
78278.0
78444.0
78590.0
78749.0
78913.0
79080.0
79192.0
79348.0
79478.0
79649.0
79796.0
79952.0
80099.0
80275.0
80442.0
80608.0
80739.0
80872.0
81018.0
81168.0
81310.0
81457.0
81615.0
81776.0
81941.0
82113.0
82276.0
82441.0
82583.0
82744.0
82898.0
83052.0
83189.0
83341.0
83517.0
83677.0
83848.0
83997.0
84151.0
84321.0
84494.0
84653.0
84800.0
84944.0
85103.0
85261.0
85430.0
85587.0
85758.0
85923.0
86058.0
86230.0
86393.0
86531.0
86682.0
86844.0
86994.0
87132.0
87300.0
87462.0
87638.0
87810.0
87952.0
88089.0
88261.0
88411.0
88578.0
88752.0
88926.0
89067.0
89207.0
89360.0
89495.0
89671.0
89841.0
90009.0
90172.0
90344.0
90497.0
90669.0
90835.0
90999.0
91159.0
91317.0
91467.0
91623.0
91788.0
91955.0
92110.0
92270.0
92434.0
92600.0
92749.0
92913.0
93068.0
93242.0
93394.0
93555.0
93723.0
93890.0
94051.0
94169.0
94341.0
94500.0
94643.0
94817.0
94989.0
95131.0
95278.0
95398.0
95565.0
95739.0
95881.0
96021.0
96187.0
96361.0
96524.0
96692.0
96864.0
97038.0
97183.0
97348.0
97469.0
97635.0
97778.0
97948.0
98120.0
98274.0
98420.0
98572.0
98724.0
98864.0
99026.0
99190.0
99364.0
99523.0
99677.0
99827.0
99997.0
100168.0
100324.0
100438.0
100596.0
100754.0
100904.0
101061.0
101213.0
101370.0
101527.0
101678.0
101822.0
101947.0
102123.0
102275.0
102436.0
102608.0
102770.0
102914.0
103090.0
103268.0
103409.0
103549.0
103699.0
103871.0
104039.0
104209.0
104344.0
104475.0
104631.0
104783.0
104952.0
105119.0
105274.0
105443.0
105609.0
105715.0
105880.0
106036.0
106190.0
106345.0
106501.0
106653.0
106804.0
106965.0
107123.0
107284.0
107424.0
107588.0
107741.0
107887.0
108046.0
108217.0
108378.0
108554.0
108713.0
108889.0
109062.0
109199.0
109352.0
109503.0
109635.0
109772.0
109927.0
110068.0
110226.0
110385.0
110554.0
110716.0
110862.0
110988.0
111137.0
111313.0
111471.0
111621.0
111776.0
111942.0
112053.0
112216.0
112374.0
112508.0
112654.0
112783.0
112955.0
113128.0
113297.0
113462.0
113622.0
113786.0
113933.0
114072.0
114229.0
114395.0
114542.0
114714.0
114867.0
115018.0
115163.0
115324.0
115484.0
115650.0
115818.0
115981.0
116136.0
116289.0
116446.0
116610.0
116772.0
116941.0
117098.0
117259.0
117435.0
117560.0
117711.0
117876.0
118038.0
118214.0
118390.0
118534.0
118702.0
118850.0
119019.0
119151.0
119319.0
119479.0
119643.0
119807.0
119942.0
120100.0
120271.0
120441.0
120613.0
120771.0
120941.0
121107.0
121263.0
121431.0
121587.0
121738.0
121876.0
122038.0
122207.0
122380.0
122526.0
122669.0
122817.0
122993.0
123152.0
123315.0
123473.0
123624.0
123779.0
123933.0
124103.0
124255.0
124410.0
124570.0
124731.0
124899.0
125065.0
125236.0
125389.0
125560.0
125722.0
125890.0
126024.0
126192.0
126333.0
126492.0
126642.0
126810.0
126973.0
127134.0
127294.0
127454.0
127609.0
127777.0
127910.0
128072.0
128231.0
128402.0
128561.0
128696.0
128850.0
129012.0
129176.0
129322.0
129485.0
129648.0
129812.0
129984.0
130138.0
130314.0
130477.0
130643.0
130821.0
130955.0
131105.0
131271.0
131417.0
131581.0
131733.0
131911.0
132074.0
132234.0
132375.0
132536.0
132676.0
132842.0
133000.0
133157.0
133314.0
133484.0
133646.0
133802.0
133967.0
134136.0
134301.0
134468.0
134625.0
134795.0
134967.0
135121.0
135261.0
135411.0
135568.0
135739.0
135909.0
136068.0
136184.0
136339.0
136488.0
136651.0
136818.0
136992.0
137157.0
137324.0
137470.0
137600.0
137755.0
137907.0
138083.0
138251.0
138411.0
138572.0
138744.0
138904.0
139059.0
139210.0
139357.0
139492.0
139639.0
139811.0
139983.0
140121.0
140290.0
140466.0
140622.0
140771.0
140928.0
141081.0
141248.0
141405.0
141566.0
141706.0
141866.0
142042.0
142212.0
142364.0
142518.0
142692.0
142852.0
143014.0
143112.0
143282.0
143444.0
143616.0
143783.0
143952.0
144122.0
144289.0
144445.0
144578.0
144750.0
144902.0
145062.0
145215.0
145376.0
145521.0
145691.0
145836.0
146012.0
146160.0
146326.0
146462.0
146615.0
146772.0
146948.0
147124.0
147291.0
147430.0
147588.0
147747.0
147914.0
148070.0
148244.0
148418.0
148571.0
148744.0
148906.0
149074.0
149233.0
149404.0
149543.0
149713.0
149842.0
150011.0
150157.0
150331.0
150462.0
150615.0
150780.0
150933.0
151101.0
151266.0
151414.0
151542.0
151689.0
151860.0
152027.0
152200.0
152362.0
152493.0
152647.0
152807.0
152935.0
153093.0
153240.0
153399.0
153561.0
153684.0
153838.0
154012.0
154176.0
154329.0
154495.0
154660.0
154824.0
154985.0
155139.0
155261.0
155418.0
155583.0
155759.0
155906.0
156072.0
156227.0
156393.0
156550.0
156711.0
156860.0
157005.0
157181.0
157347.0
157503.0
157673.0
157840.0
157996.0
158143.0
158275.0
158447.0
158593.0
158760.0
158917.0
159041.0
159208.0
159376.0
159534.0
159702.0
159833.0
159987.0
160124.0
160285.0
160443.0
160589.0
160690.0
160848.0
161010.0
161143.0
161308.0
161477.0
161642.0
161743.0
161910.0
162067.0
162243.0
162404.0
162568.0
162720.0
162873.0
163035.0
163198.0
163369.0
163518.0
163651.0
163796.0
163933.0
164089.0
164258.0
164425.0
164597.0
164769.0
164927.0
165085.0
165245.0
165421.0
165597.0
165765.0
165919.0
166069.0
166199.0
166352.0
166494.0
166650.0
166812.0
166966.0
167111.0
167269.0
167429.0
167601.0
167760.0
167905.0
168062.0
168229.0
168381.0
168537.0
168711.0
168870.0
169030.0
169162.0
169312.0
169459.0
169584.0
169746.0
169848.0
170006.0
170151.0
170306.0
170479.0
170651.0
170811.0
170965.0
171129.0
171276.0
171437.0
171602.0
171738.0
171901.0
172036.0
172185.0
172340.0
172487.0
172660.0
172828.0
172999.0
173162.0
173317.0
173489.0
173640.0
173809.0
173974.0
174144.0
174299.0
174450.0
174605.0
174774.0
174946.0
175111.0
175247.0
175405.0
175566.0
175731.0
175901.0
176058.0
176209.0
176364.0
176525.0
176679.0
176838.0
176995.0
177147.0
177293.0
177453.0
177614.0
177779.0
177951.0
178100.0
178256.0
178423.0
178562.0
178721.0
178892.0
179030.0
179175.0
179335.0
179490.0
179631.0
179801.0
179960.0
180083.0
180255.0
180400.0
180569.0
180709.0
180843.0
181017.0
181185.0
181352.0
181509.0
181661.0
181829.0
181992.0
182151.0
182306.0
182467.0
182634.0
182782.0
182954.0
183117.0
183274.0
183437.0
183588.0
183751.0
183914.0
184081.0
184238.0
184400.0
184557.0
184718.0
184896.0
185054.0
185203.0
185324.0
185487.0
185643.0
185793.0
185949.0
186107.0
186251.0
186417.0
186583.0
186751.0
186900.0
187060.0
187227.0
187383.0
187550.0
187718.0
187887.0
188044.0
188214.0
188386.0
188543.0
188694.0
188833.0
188984.0
189148.0
189292.0
189459.0
189625.0
189773.0
189951.0
190099.0
190260.0
190412.0
190574.0
190723.0
190866.0
191035.0
191199.0
191359.0
191528.0
191675.0
191831.0
192003.0
192142.0
192302.0
192478.0
192646.0
192812.0
192980.0
193138.0
193302.0
193467.0
193638.0
193758.0
193930.0
194101.0
194269.0
194432.0
194574.0
194720.0
194892.0
195009.0
195144.0
195308.0
195478.0
195640.0
195786.0
195925.0
196089.0
196247.0
196403.0
196581.0
196744.0
196898.0
197047.0
197207.0
197357.0
197512.0
197662.0
