a = 0.5
g = 0.8
e = 0.5
random initial weights = false

-979.0
-3671.0
-4906.0
-5400.0
-6010.0
-6641.0
-7239.0
-7661.0
-10129.0
-10649.0
-11166.0
-11703.0
-12144.0
-12659.0
-13106.0
-13542.0
-13995.0
-14449.0
-14874.0
-17351.0
-17860.0
-17695.0
-18127.0
-18589.0
-18454.0
-18287.0
-18123.0
-18048.0
-17918.0
-17796.0
-17634.0
-17478.0
-17312.0
-17157.0
-16992.0
-16845.0
-16683.0
-16521.0
-16412.0
-16291.0
-16140.0
-16004.0
-15832.0
-15679.0
-15520.0
-15372.0
-15204.0
-15053.0
-14901.0
-14794.0
-14627.0
-14472.0
-14300.0
-14161.0
-14025.0
-13869.0
-13722.0
-13595.0
-13444.0
-13282.0
-13121.0
-12960.0
-12833.0
-12682.0
-12516.0
-12355.0
-12204.0
-12045.0
-11885.0
-11733.0
-11612.0
-11436.0
-11289.0
-11134.0
-10970.0
-10810.0
-10638.0
-10470.0
-10302.0
-10146.0
-9986.0
-9831.0
-9701.0
-9538.0
-9392.0
-9241.0
-9105.0
-8963.0
-8826.0
-8657.0
-8508.0
-8346.0
-8215.0
-8053.0
-7908.0
-7765.0
-7597.0
-7425.0
-7260.0
-7110.0
-6940.0
-6786.0
-6645.0
-6471.0
-6314.0
-6142.0
-5981.0
-5817.0
-5652.0
-5498.0
-5346.0
-5196.0
-5037.0
-4883.0
-4717.0
-4568.0
-4426.0
-4270.0
-4107.0
-3963.0
-3812.0
-3647.0
-3475.0
-3308.0
-3138.0
-2981.0
-2821.0
-2687.0
-2523.0
-2364.0
-2205.0
-2053.0
-1905.0
-1740.0
-1637.0
-1471.0
-1312.0
-1167.0
-1011.0
-877.0
-741.0
-595.0
-427.0
-269.0
-117.0
52.0
209.0
366.0
542.0
699.0
831.0
1007.0
1143.0
1299.0
1453.0
1629.0
1788.0
1936.0
2097.0
2263.0
2423.0
2579.0
2735.0
2886.0
3057.0
3208.0
3352.0
3516.0
3671.0
3839.0
3988.0
4129.0
4299.0
4469.0
4621.0
4771.0
4931.0
5090.0
5253.0
5411.0
5583.0
5753.0
5903.0
6071.0
6243.0
6401.0
6572.0
6741.0
6867.0
7034.0
7190.0
7342.0
7489.0
7647.0
7814.0
7976.0
8132.0
8295.0
8430.0
8602.0
8758.0
8896.0
9054.0
9219.0
9389.0
9547.0
9723.0
9887.0
10057.0
10201.0
10342.0
10503.0
10659.0
10826.0
10971.0
11138.0
11306.0
11440.0
11593.0
11748.0
11884.0
12033.0
12177.0
12343.0
12503.0
12630.0
12759.0
12929.0
13075.0
13238.0
13412.0
13560.0
13721.0
13874.0
14048.0
14217.0
14382.0
14527.0
14667.0
14843.0
14993.0
15147.0
15302.0
15443.0
15597.0
15747.0
15875.0
16022.0
16183.0
16348.0
16496.0
16664.0
16796.0
16953.0
17105.0
17256.0
17405.0
17517.0
17668.0
17800.0
17956.0
18095.0
18262.0
18388.0
18552.0
18700.0
18869.0
19002.0
19161.0
19321.0
19488.0
19645.0
19780.0
19914.0
20059.0
20222.0
20359.0
20503.0
20652.0
20805.0
20940.0
21097.0
21249.0
21412.0
21588.0
21726.0
21891.0
22062.0
22238.0
22395.0
22563.0
22727.0
22889.0
23043.0
23174.0
23339.0
23504.0
23655.0
23823.0
23968.0
24137.0
24302.0
24469.0
24632.0
24778.0
24932.0
25088.0
25249.0
25408.0
25550.0
25708.0
25855.0
26014.0
26162.0
26323.0
26471.0
26629.0
26782.0
26943.0
27105.0
27274.0
27429.0
27596.0
27747.0
27915.0
28070.0
28238.0
28403.0
28545.0
28704.0
28874.0
29028.0
29186.0
29311.0
29472.0
29604.0
29721.0
29883.0
30059.0
30210.0
30374.0
30534.0
30708.0
30876.0
31010.0
31174.0
31311.0
31473.0
31645.0
31804.0
31959.0
32086.0
32239.0
32407.0
32569.0
32728.0
32900.0
33047.0
33204.0
33355.0
33514.0
33671.0
33825.0
33993.0
34147.0
34316.0
34490.0
34621.0
34781.0
34943.0
35089.0
35259.0
35416.0
35571.0
35718.0
35868.0
36042.0
36192.0
36347.0
36498.0
36659.0
36802.0
36962.0
37115.0
37275.0
37431.0
37579.0
37726.0
37868.0
38040.0
38198.0
38360.0
38509.0
38658.0
38812.0
38972.0
39125.0
39289.0
39426.0
39592.0
39762.0
39915.0
40065.0
40205.0
40368.0
40527.0
40691.0
40835.0
40978.0
41146.0
41316.0
41471.0
41584.0
41741.0
41908.0
42068.0
42217.0
42378.0
42537.0
42649.0
42799.0
42952.0
43114.0
43284.0
43449.0
43606.0
43778.0
43943.0
44107.0
44251.0
44402.0
44553.0
44725.0
44892.0
45034.0
45185.0
45333.0
45507.0
45673.0
45820.0
45978.0
46134.0
46274.0
46410.0
46574.0
46729.0
46883.0
47052.0
47212.0
47372.0
47531.0
47703.0
47853.0
47995.0
48148.0
48297.0
48459.0
48605.0
48775.0
48920.0
49065.0
49219.0
49383.0
49530.0
49695.0
49867.0
50028.0
50188.0
50348.0
50513.0
50673.0
50818.0
50955.0
51122.0
51285.0
51437.0
51609.0
51743.0
51886.0
52017.0
52169.0
52337.0
52460.0
52612.0
52769.0
52929.0
53071.0
53213.0
53360.0
53525.0
53673.0
53837.0
53996.0
54166.0
54324.0
54442.0
54603.0
54758.0
54928.0
55085.0
55230.0
55369.0
55517.0
55648.0
55786.0
55938.0
56091.0
56244.0
56403.0
56566.0
56727.0
56870.0
57025.0
57131.0
57300.0
57457.0
57621.0
57773.0
57931.0
58075.0
58190.0
58345.0
58494.0
58628.0
58781.0
58938.0
59084.0
59249.0
59412.0
59531.0
59681.0
59845.0
60007.0
60173.0
60324.0
60482.0
60645.0
60788.0
60952.0
61094.0
61266.0
61429.0
61584.0
61733.0
61907.0
62054.0
62226.0
62374.0
62524.0
62662.0
62822.0
62953.0
63076.0
63248.0
63379.0
63529.0
63701.0
63856.0
64019.0
64175.0
64326.0
64494.0
64627.0
64769.0
64920.0
65077.0
65247.0
65402.0
65550.0
65726.0
65864.0
66020.0
66171.0
66314.0
66479.0
66607.0
66778.0
66912.0
67088.0
67225.0
67373.0
67540.0
67690.0
67845.0
67952.0
68122.0
68277.0
68438.0
68608.0
68775.0
68938.0
69091.0
69244.0
69414.0
69578.0
69750.0
69909.0
70044.0
70181.0
70329.0
70498.0
70645.0
70800.0
70972.0
71091.0
71203.0
71333.0
71476.0
71623.0
71781.0
71927.0
72089.0
72245.0
72373.0
72545.0
72719.0
72895.0
73060.0
73209.0
73371.0
73520.0
73658.0
73805.0
73950.0
74096.0
74245.0
74393.0
74546.0
74699.0
74866.0
75010.0
75150.0
75320.0
75476.0
75644.0
75789.0
75956.0
76107.0
76260.0
76426.0
76580.0
76744.0
76896.0
77066.0
77224.0
77354.0
77511.0
77666.0
77828.0
77976.0
78131.0
78288.0
78428.0
78575.0
78745.0
78894.0
79050.0
79204.0
79359.0
79525.0
79692.0
79817.0
79939.0
80098.0
80260.0
80423.0
80567.0
80710.0
80836.0
80994.0
81140.0
81309.0
81463.0
81628.0
81798.0
81956.0
82096.0
82232.0
82381.0
82502.0
82657.0
82808.0
82959.0
83116.0
83272.0
83435.0
83602.0
83757.0
83922.0
84081.0
84222.0
84376.0
84545.0
84683.0
84795.0
84939.0
85088.0
85244.0
85401.0
85565.0
85721.0
85886.0
86047.0
86197.0
86358.0
86528.0
86702.0
86872.0
87039.0
87190.0
87360.0
87523.0
87691.0
87858.0
88004.0
88147.0
88309.0
88454.0
88626.0
88781.0
88913.0
89062.0
89185.0
89347.0
89487.0
89611.0
89759.0
89900.0
90051.0
90221.0
90370.0
90536.0
90670.0
90823.0
90960.0
91116.0
91267.0
91384.0
91519.0
91691.0
91845.0
92007.0
92172.0
92343.0
92502.0
92672.0
92786.0
92939.0
93107.0
93247.0
93393.0
93554.0
93693.0
93855.0
93999.0
94150.0
94311.0
94478.0
94638.0
94789.0
94941.0
95102.0
95244.0
95381.0
95534.0
95697.0
95849.0
96014.0
96158.0
96300.0
96462.0
96605.0
96730.0
96865.0
97036.0
97200.0
97355.0
97517.0
97663.0
97819.0
97965.0
98107.0
98268.0
98428.0
98593.0
98761.0
98927.0
99071.0
99236.0
99395.0
99565.0
99702.0
99851.0
100017.0
100161.0
100307.0
100454.0
100626.0
100794.0
100964.0
101126.0
101266.0
101431.0
101601.0
101764.0
101913.0
102052.0
102224.0
102376.0
102502.0
102646.0
102814.0
102984.0
103148.0
103294.0
103457.0
103619.0
103783.0
103919.0
104048.0
104197.0
104350.0
104481.0
104647.0
104791.0
104957.0
105102.0
105274.0
105432.0
105593.0
105765.0
105904.0
106065.0
106231.0
106360.0
106518.0
106663.0
106801.0
106936.0
107110.0
107270.0
107425.0
107592.0
107755.0
107920.0
108071.0
108232.0
108396.0
108558.0
108661.0
108814.0
108951.0
109115.0
109271.0
109445.0
109578.0
109754.0
109918.0
110085.0
110245.0
110415.0
110547.0
110706.0
110870.0
111029.0
111188.0
111360.0
111530.0
111691.0
111840.0
112000.0
112157.0
112316.0
112472.0
112618.0
112786.0
112867.0
113032.0
113195.0
113354.0
113506.0
113653.0
113806.0
113966.0
114133.0
114284.0
114451.0
114616.0
114777.0
114941.0
115117.0
115275.0
115436.0
115590.0
115736.0
115891.0
116044.0
116214.0
116332.0
116473.0
116626.0
116768.0
116911.0
117083.0
117253.0
117416.0
117585.0
117759.0
117895.0
117997.0
118160.0
118314.0
118461.0
118620.0
118788.0
118941.0
119094.0
119225.0
119355.0
119520.0
119683.0
119843.0
119990.0
120151.0
120301.0
120469.0
120622.0
120783.0
120919.0
121082.0
121238.0
121391.0
121547.0
121702.0
121868.0
122038.0
122200.0
122352.0
122512.0
122660.0
122813.0
122965.0
123106.0
123278.0
123431.0
123589.0
123737.0
123868.0
124042.0
124193.0
124330.0
124485.0
124646.0
124806.0
124967.0
125115.0
125274.0
125422.0
125572.0
125707.0
125877.0
126040.0
126181.0
126329.0
126494.0
126652.0
126799.0
126957.0
127101.0
127227.0
127397.0
127529.0
127688.0
127849.0
128011.0
128177.0
128340.0
128508.0
128633.0
128788.0
128942.0
129106.0
129225.0
129362.0
129495.0
129660.0
129795.0
129955.0
130111.0
130268.0
130424.0
130581.0
130749.0
130902.0
131069.0
131233.0
131393.0
131458.0
131627.0
131784.0
131922.0
132089.0
132259.0
132409.0
132569.0
132715.0
132875.0
133038.0
133191.0
133330.0
133495.0
133663.0
133830.0
133950.0
134091.0
134225.0
134397.0
134561.0
134725.0
134854.0
135001.0
135172.0
135321.0
135490.0
135651.0
135787.0
135936.0
136068.0
136226.0
136389.0
136559.0
136714.0
136874.0
137023.0
137174.0
137330.0
137476.0
137633.0
137807.0
137952.0
138081.0
138243.0
138402.0
138534.0
138661.0
138807.0
138973.0
139128.0
139276.0
139438.0
139608.0
139757.0
139922.0
140074.0
140240.0
140366.0
140540.0
140670.0
140800.0
140952.0
141105.0
141274.0
141410.0
141565.0
141730.0
141897.0
142065.0
142224.0
142364.0
142525.0
142653.0
142824.0
142940.0
143089.0
143233.0
143403.0
143575.0
143715.0
143883.0
144048.0
144210.0
144380.0
144518.0
144611.0
144762.0
144908.0
145072.0
145213.0
145389.0
145553.0
145722.0
145887.0
146061.0
146214.0
146370.0
146502.0
146672.0
146834.0
146996.0
147151.0
147297.0
147436.0
147579.0
147699.0
147853.0
148003.0
148162.0
148327.0
148489.0
148654.0
148823.0
148984.0
149142.0
149291.0
149428.0
149569.0
149701.0
149875.0
150001.0
150153.0
150303.0
150429.0
150585.0
150732.0
150908.0
151071.0
151211.0
151336.0
151498.0
151662.0
151836.0
152012.0
152160.0
152326.0
152486.0
152651.0
152800.0
152966.0
153138.0
153299.0
153437.0
153579.0
153736.0
153903.0
154033.0
154193.0
154344.0
154502.0
154635.0
154807.0
154958.0
155118.0
155267.0
155425.0
155571.0
155735.0
155870.0
156020.0
156176.0
156336.0
156485.0
156650.0
156804.0
156972.0
157130.0
157256.0
157430.0
157577.0
157709.0
157881.0
158020.0
158174.0
158315.0
158456.0
158613.0
158783.0
158951.0
159114.0
159283.0
159445.0
159583.0
159739.0
159891.0
160049.0
160217.0
160370.0
160529.0
160683.0
160815.0
160952.0
161091.0
161257.0
161383.0
161540.0
161683.0
161837.0
161997.0
162148.0
162312.0
162469.0
162622.0
162767.0
162907.0
163056.0
163208.0
163365.0
163522.0
163616.0
163770.0
163930.0
164075.0
164221.0
164393.0
164557.0
164722.0
164884.0
165025.0
165192.0
165364.0
165530.0
165694.0
165832.0
165987.0
166124.0
166274.0
166425.0
166582.0
166738.0
166899.0
167037.0
167177.0
167319.0
167488.0
167636.0
167803.0
167966.0
168133.0
168288.0
168431.0
168563.0
168725.0
168814.0
168959.0
169099.0
169264.0
169438.0
169598.0
169766.0
169911.0
170064.0
170201.0
170363.0
170525.0
170696.0
170858.0
171006.0
171140.0
171303.0
171460.0
171627.0
171783.0
171915.0
172081.0
172251.0
172401.0
172557.0
172722.0
172884.0
173053.0
173217.0
173373.0
173538.0
173702.0
173844.0
173999.0
174159.0
174333.0
174507.0
174679.0
174847.0
174979.0
175126.0
175272.0
175443.0
175599.0
175754.0
175880.0
176025.0
176188.0
176344.0
176504.0
176671.0
176835.0
176978.0
177144.0
177288.0
177451.0
177568.0
177730.0
177876.0
178039.0
178189.0
178327.0
178483.0
178649.0
178799.0
178946.0
179112.0
179263.0
179433.0
179596.0
179768.0
179927.0
180095.0
180248.0
180419.0
180588.0
180741.0
180911.0
181072.0
181224.0
181398.0
181516.0
181667.0
181831.0
181974.0
182128.0
182300.0
182457.0
182617.0
182789.0
182949.0
183094.0
183219.0
183384.0
183526.0
183690.0
183864.0
184011.0
184172.0
184334.0
184505.0
184677.0
184839.0
184996.0
185138.0
185285.0
185449.0
185599.0
185764.0
185916.0
186077.0
186212.0
186363.0
186519.0
186669.0
186839.0
187003.0
187147.0
187299.0
187447.0
187593.0
187748.0
187896.0
188056.0
188224.0
188377.0
188508.0
188651.0
188810.0
188964.0
189110.0
189259.0
189417.0
189574.0
189735.0
189889.0
190048.0
190213.0
190389.0
190549.0
190717.0
190871.0
191039.0
191181.0
191340.0
191480.0
191632.0
191792.0
191962.0
192129.0
192305.0
192468.0
192615.0
192768.0
192927.0
193089.0
193218.0
193371.0
193532.0
193664.0
193814.0
193965.0
194117.0
194287.0
194455.0
194610.0
194768.0
194917.0
195064.0
195213.0
195368.0
195513.0
195685.0
195850.0
196004.0
196159.0
196329.0
196492.0
196634.0
196799.0
196953.0
197097.0
197260.0
197408.0
197568.0
197733.0
197887.0
198059.0
198213.0
198381.0
198521.0
198673.0
198841.0
198982.0
199134.0
199298.0
199455.0
199609.0
199729.0
199888.0
200055.0
200216.0
200376.0
200539.0
200686.0
200853.0
201020.0
201172.0
201329.0
201492.0
201648.0
201810.0
201968.0
202138.0
202273.0
202445.0
202595.0
202757.0
202907.0
203065.0
203225.0
203381.0
203531.0
203693.0
203850.0
204005.0
204167.0
204327.0
204472.0
204646.0
204799.0
204967.0
205130.0
205280.0
205444.0
205587.0
205720.0
205847.0
206001.0
206145.0
206268.0
206408.0
206576.0
206716.0
206870.0
207032.0
207192.0
207296.0
207470.0
207630.0
207777.0
207924.0
208033.0
208190.0
208344.0
208510.0
208667.0
208820.0
208950.0
