a = 0.8
g = 0.2
e = 0.1
random initial weights = false

-1263.0
-1958.0
-2590.0
-3197.0
-3635.0
-4145.0
-4600.0
-5150.0
-5670.0
-6123.0
-6541.0
-6988.0
-7484.0
-7918.0
-7825.0
-8241.0
-8768.0
-9182.0
-9618.0
-10044.0
-10471.0
-10904.0
-11400.0
-11838.0
-12262.0
-12716.0
-13128.0
-13550.0
-14025.0
-14462.0
-14931.0
-14763.0
-15187.0
-15615.0
-16031.0
-15876.0
-15704.0
-16116.0
-16004.0
-16416.0
-16841.0
-16683.0
-16517.0
-16345.0
-16761.0
-17179.0
-17593.0
-17430.0
-17256.0
-17100.0
-16931.0
-16761.0
-16590.0
-16418.0
-16246.0
-16070.0
-15896.0
-15720.0
-15546.0
-15372.0
-15196.0
-15022.0
-14846.0
-14677.0
-14503.0
-14327.0
-14151.0
-13975.0
-13801.0
-13625.0
-13449.0
-13277.0
-13103.0
-12929.0
-12753.0
-12577.0
-12401.0
-12225.0
-12049.0
-11873.0
-11703.0
-11536.0
-11362.0
-11186.0
-11012.0
-10840.0
-10664.0
-10488.0
-10312.0
-10136.0
-9960.0
-9784.0
-9610.0
-9436.0
-9260.0
-9086.0
-8914.0
-8738.0
-8562.0
-8386.0
-8214.0
-8038.0
-7862.0
-7686.0
-7512.0
-7336.0
-7162.0
-6990.0
-6814.0
-6645.0
-6471.0
-6295.0
-6119.0
-5947.0
-5776.0
-5600.0
-5424.0
-5250.0
-5076.0
-4902.0
-4726.0
-4550.0
-4374.0
-4198.0
-4030.0
-3856.0
-3680.0
-3504.0
-3330.0
-3154.0
-2980.0
-2804.0
-2628.0
-2452.0
-2278.0
-2107.0
-1931.0
-1755.0
-1586.0
-1422.0
-1248.0
-1076.0
-902.0
-728.0
-557.0
-381.0
-207.0
-31.0
140.0
316.0
492.0
661.0
823.0
995.0
1171.0
1338.0
1514.0
1690.0
1860.0
2034.0
2208.0
2382.0
2556.0
2727.0
2901.0
3075.0
3249.0
3423.0
3599.0
3771.0
3947.0
4121.0
4291.0
4467.0
4637.0
4813.0
4989.0
5165.0
5333.0
5509.0
5680.0
5856.0
6032.0
6201.0
6364.0
6540.0
6710.0
6886.0
7060.0
7236.0
7410.0
7582.0
7758.0
7930.0
8106.0
8278.0
8452.0
8628.0
8802.0
8976.0
9144.0
9320.0
9496.0
9670.0
9846.0
10022.0
10196.0
10372.0
10544.0
10718.0
10892.0
11068.0
11242.0
11418.0
11594.0
11770.0
11946.0
12122.0
12298.0
12470.0
12640.0
12816.0
12990.0
13164.0
13340.0
13510.0
13686.0
13862.0
14036.0
14212.0
14388.0
14550.0
14724.0
14898.0
15074.0
15250.0
15426.0
15600.0
15776.0
15950.0
16126.0
16302.0
16476.0
16652.0
16828.0
17002.0
17173.0
17349.0
17523.0
17699.0
17873.0
18049.0
18219.0
18391.0
18567.0
18743.0
18917.0
19086.0
19260.0
19436.0
19612.0
19788.0
19959.0
20131.0
20307.0
20481.0
20657.0
20829.0
20999.0
21173.0
21347.0
21516.0
21688.0
21862.0
22034.0
22210.0
22386.0
22560.0
22736.0
22910.0
23086.0
23260.0
23434.0
23610.0
23786.0
23960.0
24130.0
24299.0
24475.0
24639.0
24815.0
24991.0
25167.0
25343.0
25517.0
25693.0
25869.0
26043.0
26215.0
26391.0
26567.0
26743.0
26917.0
27091.0
27265.0
27439.0
27613.0
27781.0
27955.0
28127.0
28301.0
28477.0
28651.0
28827.0
29001.0
29177.0
29347.0
29521.0
29693.0
29867.0
30043.0
30219.0
30391.0
30562.0
30731.0
30907.0
31081.0
31255.0
31431.0
31607.0
31781.0
31957.0
32126.0
32292.0
32468.0
32642.0
32812.0
32988.0
33162.0
33334.0
33510.0
33681.0
33855.0
34031.0
34203.0
34374.0
34545.0
34721.0
34895.0
35071.0
35245.0
35419.0
35595.0
35767.0
35943.0
36117.0
36293.0
36469.0
36643.0
36819.0
36995.0
37171.0
37343.0
37519.0
37695.0
37871.0
38047.0
38223.0
38395.0
38567.0
38743.0
38917.0
39091.0
39267.0
39438.0
39612.0
39784.0
39948.0
40122.0
40292.0
40468.0
40642.0
40816.0
40983.0
41154.0
41330.0
41501.0
41677.0
41853.0
42027.0
42199.0
42373.0
42545.0
42719.0
42891.0
43067.0
43237.0
43413.0
43589.0
43763.0
43935.0
44106.0
44275.0
44449.0
44625.0
44768.0
44940.0
45114.0
45288.0
45464.0
45640.0
45816.0
45992.0
46168.0
46333.0
46509.0
46685.0
46852.0
47028.0
47202.0
47378.0
47552.0
47719.0
47895.0
48071.0
48245.0
48421.0
48597.0
48769.0
48940.0
49116.0
49290.0
49466.0
49642.0
49816.0
49992.0
50166.0
50340.0
50516.0
50692.0
50868.0
51044.0
51216.0
51388.0
51562.0
51738.0
51912.0
52075.0
52249.0
52425.0
52601.0
52777.0
52953.0
53120.0
53296.0
53467.0
53643.0
53817.0
53993.0
54167.0
54339.0
54503.0
54677.0
54851.0
55027.0
55201.0
55377.0
55549.0
55725.0
55901.0
56077.0
56253.0
56429.0
56605.0
56781.0
56955.0
57126.0
57300.0
57471.0
57647.0
57823.0
57994.0
58165.0
58341.0
58517.0
58685.0
58859.0
59029.0
59205.0
59381.0
59557.0
59733.0
59909.0
60081.0
60257.0
60433.0
60605.0
60781.0
60957.0
61133.0
61305.0
61481.0
61657.0
61833.0
62007.0
62183.0
62359.0
62535.0
62709.0
62885.0
63061.0
63237.0
63409.0
63585.0
63761.0
63937.0
64111.0
64283.0
64455.0
64631.0
64807.0
64979.0
65151.0
65327.0
65498.0
65667.0
65841.0
66013.0
66189.0
66361.0
66537.0
66711.0
66887.0
67063.0
67234.0
67410.0
67586.0
67760.0
67929.0
68105.0
68279.0
68455.0
68624.0
68800.0
68971.0
69147.0
69321.0
69492.0
69666.0
69838.0
70014.0
70188.0
70360.0
70532.0
70706.0
70878.0
71054.0
71225.0
71401.0
71577.0
71753.0
71921.0
72097.0
72273.0
72449.0
72625.0
72794.0
72970.0
73144.0
73316.0
73485.0
73661.0
73835.0
74009.0
74181.0
74357.0
74531.0
74703.0
74879.0
75055.0
75221.0
75397.0
75573.0
75743.0
75917.0
76091.0
76267.0
76443.0
76617.0
76793.0
76969.0
77140.0
77311.0
77487.0
77663.0
77837.0
78013.0
78187.0
78359.0
78535.0
78711.0
78885.0
79059.0
79235.0
79396.0
79570.0
79746.0
79922.0
80092.0
80268.0
80444.0
80620.0
80794.0
80965.0
81137.0
81311.0
81487.0
81659.0
81831.0
82003.0
82175.0
82349.0
82525.0
82699.0
82875.0
83049.0
83225.0
83397.0
83571.0
83745.0
83919.0
84091.0
84260.0
84429.0
84605.0
84781.0
84957.0
85128.0
85304.0
85476.0
85652.0
85828.0
86004.0
86173.0
86349.0
86518.0
86694.0
86870.0
87046.0
87222.0
87396.0
87567.0
87741.0
87913.0
88087.0
88263.0
88437.0
88613.0
88785.0
88961.0
89137.0
89308.0
89484.0
89656.0
89832.0
90008.0
90182.0
90353.0
90529.0
90705.0
90881.0
91050.0
91219.0
91391.0
91563.0
91737.0
91913.0
92087.0
92256.0
92430.0
92602.0
92773.0
92949.0
93125.0
93292.0
93468.0
93642.0
93818.0
93994.0
94170.0
94346.0
94522.0
94693.0
94865.0
95036.0
95212.0
95388.0
95564.0
95738.0
95914.0
96088.0
96264.0
96440.0
96614.0
96790.0
96961.0
97135.0
97306.0
97478.0
97650.0
97826.0
97997.0
98173.0
98349.0
98525.0
98701.0
98870.0
99046.0
99220.0
99391.0
99562.0
99738.0
99912.0
100086.0
100262.0
100438.0
100612.0
100788.0
100960.0
101130.0
101306.0
101480.0
101654.0
101826.0
102000.0
102174.0
102350.0
102521.0
102695.0
102869.0
103045.0
103221.0
103397.0
103565.0
103737.0
103911.0
104087.0
104263.0
104437.0
104611.0
104780.0
104952.0
105124.0
105300.0
105476.0
105650.0
105826.0
106002.0
106176.0
106341.0
106515.0
106691.0
106861.0
107035.0
107209.0
107385.0
107561.0
107735.0
107911.0
108082.0
108258.0
108423.0
108599.0
108775.0
108945.0
109119.0
109290.0
109466.0
109640.0
109816.0
109992.0
110166.0
110342.0
110514.0
110690.0
110862.0
111038.0
111212.0
111386.0
111562.0
111733.0
111907.0
112081.0
112253.0
112425.0
112601.0
112775.0
112941.0
113117.0
113293.0
113469.0
113643.0
113814.0
113988.0
114153.0
114322.0
114498.0
114674.0
114846.0
115020.0
115196.0
115372.0
115546.0
115722.0
115898.0
116072.0
116248.0
116424.0
116600.0
116776.0
116952.0
117128.0
117292.0
117466.0
117638.0
117814.0
117990.0
118162.0
118338.0
118514.0
118682.0
118856.0
119032.0
119206.0
119378.0
119552.0
119728.0
119891.0
120067.0
120243.0
120419.0
120595.0
120763.0
120927.0
121096.0
121260.0
121426.0
121600.0
121774.0
121948.0
122124.0
122300.0
122472.0
122648.0
122811.0
122987.0
123161.0
123335.0
123511.0
123687.0
123863.0
124039.0
124213.0
124387.0
124563.0
124739.0
124915.0
125091.0
125267.0
125433.0
125604.0
125780.0
125956.0
126130.0
126306.0
126480.0
126654.0
126830.0
127006.0
127182.0
127358.0
127532.0
127706.0
127875.0
128046.0
128218.0
128394.0
128570.0
128746.0
128922.0
129098.0
129274.0
129448.0
129622.0
129796.0
129972.0
130148.0
130324.0
130498.0
130674.0
130843.0
131017.0
131193.0
131369.0
131545.0
131719.0
131888.0
132064.0
132236.0
132412.0
132588.0
132764.0
132938.0
133112.0
133284.0
133453.0
133629.0
133799.0
133960.0
134134.0
134310.0
134486.0
134662.0
134833.0
135009.0
135185.0
135361.0
135533.0
135707.0
135883.0
136054.0
136223.0
136397.0
136571.0
136747.0
136919.0
137095.0
137269.0
137445.0
137619.0
137795.0
137971.0
138143.0
138317.0
138493.0
138669.0
138836.0
139010.0
139184.0
139354.0
139530.0
139702.0
139878.0
140050.0
140221.0
140391.0
140567.0
140741.0
140917.0
141091.0
141265.0
141441.0
141613.0
141787.0
141963.0
142139.0
142313.0
142484.0
142660.0
142836.0
143012.0
143188.0
143354.0
143530.0
143706.0
143882.0
144058.0
144227.0
144403.0
144573.0
144749.0
144918.0
145094.0
145270.0
145441.0
145617.0
145789.0
145960.0
146136.0
146312.0
146488.0
146656.0
146830.0
147006.0
147175.0
147349.0
147525.0
147699.0
147857.0
148031.0
148207.0
148376.0
148552.0
148724.0
148898.0
149072.0
149248.0
149413.0
149587.0
149763.0
149937.0
150111.0
150285.0
150461.0
150635.0
150809.0
150985.0
151154.0
151330.0
151506.0
151680.0
151856.0
152032.0
152208.0
152382.0
152556.0
152727.0
152899.0
153070.0
153244.0
153418.0
153594.0
153770.0
153946.0
154122.0
154298.0
154472.0
154646.0
154820.0
154996.0
155172.0
155348.0
155524.0
155700.0
155872.0
156044.0
156220.0
156390.0
156564.0
156733.0
156909.0
157079.0
157251.0
157427.0
157603.0
157779.0
157955.0
158127.0
158303.0
158477.0
158653.0
158827.0
159003.0
159177.0
159351.0
159527.0
159699.0
159875.0
160051.0
160225.0
160401.0
160575.0
160749.0
160925.0
161101.0
161277.0
161439.0
161615.0
161789.0
161965.0
162130.0
162302.0
162478.0
162654.0
162825.0
163001.0
163175.0
163347.0
163521.0
163697.0
163868.0
164040.0
164212.0
164388.0
164562.0
164738.0
164914.0
165090.0
165262.0
165433.0
165609.0
165785.0
165959.0
166130.0
166304.0
166480.0
166652.0
166821.0
166993.0
167164.0
167340.0
167516.0
167690.0
167866.0
168040.0
168216.0
168385.0
168561.0
168732.0
168906.0
169080.0
169252.0
169426.0
169602.0
169774.0
169945.0
170121.0
170297.0
170465.0
170641.0
170815.0
170991.0
171160.0
171329.0
171505.0
171681.0
171855.0
172031.0
172205.0
172374.0
172545.0
172716.0
172890.0
173066.0
173242.0
173409.0
173583.0
173757.0
173931.0
174105.0
174281.0
174457.0
174631.0
174805.0
174973.0
175149.0
175321.0
175497.0
175673.0
175845.0
176021.0
176195.0
176371.0
176545.0
176721.0
176895.0
177071.0
177247.0
177423.0
177597.0
177769.0
177937.0
178111.0
178287.0
178449.0
178625.0
178796.0
178972.0
179148.0
179324.0
179500.0
179672.0
179844.0
180018.0
180192.0
180364.0
180538.0
180714.0
180890.0
181066.0
181240.0
181412.0
181577.0
181748.0
181924.0
182100.0
182276.0
182452.0
182624.0
182798.0
182974.0
183148.0
183319.0
183495.0
183671.0
183847.0
184023.0
184194.0
184365.0
184539.0
184711.0
184883.0
185057.0
185233.0
185409.0
185581.0
185755.0
185916.0
186092.0
186266.0
186435.0
186611.0
186787.0
186959.0
187133.0
187309.0
187483.0
187652.0
187824.0
188000.0
188176.0
188350.0
188526.0
188693.0
188869.0
189043.0
189219.0
189395.0
189566.0
189742.0
189914.0
190090.0
190266.0
190440.0
190616.0
190788.0
190964.0
191140.0
191316.0
191492.0
191666.0
191842.0
192018.0
192190.0
192366.0
192540.0
192716.0
192888.0
193062.0
193234.0
193406.0
193580.0
193749.0
193925.0
194101.0
194277.0
194447.0
194623.0
194799.0
194973.0
195149.0
195321.0
195492.0
195668.0
195840.0
196009.0
196180.0
196354.0
196526.0
196698.0
196874.0
197046.0
197222.0
197398.0
197572.0
197739.0
197909.0
198083.0
198257.0
198431.0
198607.0
198781.0
198950.0
199126.0
199298.0
199472.0
199648.0
199824.0
200000.0
200176.0
200345.0
200521.0
200695.0
200863.0
201037.0
201206.0
201377.0
201551.0
201727.0
201896.0
202061.0
202235.0
202411.0
202585.0
202761.0
202937.0
203113.0
203287.0
203463.0
203639.0
203815.0
203985.0
204159.0
204335.0
204509.0
204685.0
204857.0
205033.0
205209.0
205385.0
205559.0
205735.0
205911.0
206082.0
206258.0
206427.0
206601.0
206777.0
206953.0
207125.0
207299.0
207473.0
207647.0
207814.0
207988.0
208162.0
208336.0
208507.0
208681.0
208857.0
209031.0
209205.0
209377.0
209551.0
209727.0
209899.0
210073.0
210249.0
210423.0
210595.0
210766.0
210933.0
211103.0
211277.0
211451.0
211616.0
211790.0
211966.0
212138.0
212314.0
212483.0
212659.0
212833.0
213009.0
213185.0
213361.0
213537.0
213711.0
213887.0
214061.0
214237.0
214411.0
214587.0
214763.0
214939.0
215111.0
215285.0
215454.0
215628.0
215804.0
215980.0
216147.0
216323.0
216497.0
216666.0
216840.0
217010.0
217186.0
217357.0
217528.0
217704.0
217876.0
218048.0
218222.0
218398.0
218572.0
218746.0
218920.0
219094.0
219268.0
219444.0
219620.0
219794.0
219963.0
220137.0
220313.0
220482.0
220645.0
220817.0
220993.0
221169.0
221345.0
221519.0
221693.0
221869.0
222043.0
222215.0
222386.0
222562.0
222738.0
222914.0
223090.0
223257.0
223433.0
223609.0
223785.0
223959.0
224130.0
224306.0
224475.0
224647.0
224818.0
224994.0
225168.0
225342.0
225516.0
225688.0
225864.0
226038.0
226212.0
226388.0
226564.0
226735.0
226909.0
227085.0
227261.0
227435.0
227606.0
227782.0
227946.0
228120.0
228289.0
228465.0
228634.0
228801.0
228977.0
229147.0
229319.0
229495.0
229669.0
229843.0
230019.0
230195.0
230371.0
230547.0
230723.0
230897.0
231066.0
231242.0
231418.0
231594.0
231770.0
231946.0
232120.0
232290.0
232466.0
232640.0
232816.0
232983.0
233152.0
233317.0
233489.0
233663.0
233839.0
234015.0
234191.0
234367.0
234543.0
234719.0
234895.0
