a = 0.8
g = 0.5
e = 0.1
random initial weights = false

-804.0
-1287.0
-1798.0
-2274.0
-2755.0
-3213.0
-3635.0
-4052.0
-4480.0
-4898.0
-5315.0
-5169.0
-4994.0
-4812.0
-5220.0
-5042.0
-4860.0
-4676.0
-4494.0
-4316.0
-4132.0
-3953.0
-3769.0
-3592.0
-3410.0
-3226.0
-3044.0
-2862.0
-2682.0
-2498.0
-2314.0
-2142.0
-1960.0
-1776.0
-1594.0
-1410.0
-1226.0
-1049.0
-870.0
-710.0
-526.0
-349.0
-165.0
17.0
201.0
385.0
569.0
753.0
935.0
1114.0
1298.0
1480.0
1662.0
1846.0
2026.0
2210.0
2394.0
2578.0
2762.0
2946.0
3125.0
3304.0
3488.0
3670.0
3849.0
4033.0
4215.0
4399.0
4578.0
4755.0
4939.0
5118.0
5295.0
5479.0
5661.0
5838.0
6022.0
6206.0
6385.0
6569.0
6746.0
6923.0
7107.0
7281.0
7465.0
7649.0
7833.0
8012.0
8196.0
8380.0
8562.0
8744.0
8924.0
9096.0
9280.0
9464.0
9648.0
9830.0
10014.0
10198.0
10377.0
10561.0
10745.0
10929.0
11113.0
11295.0
11479.0
11651.0
11835.0
12019.0
12198.0
12380.0
12564.0
12746.0
12930.0
13105.0
13284.0
13464.0
13644.0
13828.0
14012.0
14194.0
14376.0
14560.0
14744.0
14928.0
15101.0
15276.0
15458.0
15642.0
15826.0
16008.0
16185.0
16369.0
16553.0
16737.0
16921.0
17105.0
17289.0
17471.0
17645.0
17827.0
18011.0
18193.0
18373.0
18555.0
18739.0
18921.0
19103.0
19287.0
19471.0
19653.0
19837.0
20021.0
20205.0
20389.0
20571.0
20755.0
20939.0
21119.0
21303.0
21487.0
21671.0
21855.0
22037.0
22219.0
22401.0
22585.0
22769.0
22953.0
23137.0
23321.0
23498.0
23682.0
23862.0
24044.0
24226.0
24398.0
24582.0
24761.0
24943.0
25127.0
25307.0
25484.0
25668.0
25852.0
26036.0
26216.0
26398.0
26582.0
26766.0
26950.0
27130.0
27303.0
27482.0
27666.0
27848.0
28027.0
28211.0
28390.0
28570.0
28752.0
28929.0
29108.0
29287.0
29465.0
29649.0
29833.0
30015.0
30197.0
30379.0
30558.0
30742.0
30921.0
31100.0
31274.0
31456.0
31640.0
31824.0
32008.0
32192.0
32374.0
32556.0
32736.0
32913.0
33092.0
33269.0
33448.0
33632.0
33816.0
33996.0
34178.0
34362.0
34544.0
34728.0
34910.0
35092.0
35276.0
35458.0
35642.0
35824.0
36003.0
36183.0
36367.0
36545.0
36729.0
36913.0
37095.0
37279.0
37463.0
37640.0
37824.0
38006.0
38183.0
38365.0
38547.0
38724.0
38906.0
39090.0
39274.0
39458.0
39642.0
39819.0
40003.0
40187.0
40371.0
40555.0
40737.0
40921.0
41105.0
41289.0
41473.0
41652.0
41834.0
42016.0
42198.0
42382.0
42566.0
42750.0
42932.0
43114.0
43298.0
43482.0
43666.0
43850.0
44030.0
44214.0
44398.0
44582.0
44764.0
44944.0
45123.0
45307.0
45491.0
45673.0
45857.0
46032.0
46216.0
46400.0
46584.0
46768.0
46952.0
47126.0
47310.0
47494.0
47678.0
47862.0
48046.0
48223.0
48405.0
48587.0
48766.0
48950.0
49134.0
49318.0
49495.0
49674.0
49858.0
50040.0
50224.0
50408.0
50592.0
50776.0
50960.0
51142.0
51324.0
51506.0
51690.0
51874.0
52053.0
52237.0
52421.0
52600.0
52784.0
52963.0
53147.0
53331.0
53515.0
53697.0
53881.0
54060.0
54242.0
54420.0
54600.0
54784.0
54966.0
55150.0
55334.0
55516.0
55698.0
55878.0
56060.0
56244.0
56426.0
56610.0
56794.0
56976.0
57158.0
57335.0
57519.0
57698.0
57882.0
58066.0
58250.0
58434.0
58618.0
58797.0
58979.0
59159.0
59333.0
59512.0
59694.0
59878.0
60062.0
60246.0
60430.0
60614.0
60796.0
60975.0
61159.0
61343.0
61525.0
61707.0
61886.0
62070.0
62249.0
62427.0
62606.0
62788.0
62968.0
63147.0
63331.0
63508.0
63692.0
63876.0
64060.0
64244.0
64428.0
64605.0
64789.0
64971.0
65153.0
65335.0
65519.0
65699.0
65883.0
66067.0
66249.0
66433.0
66617.0
66801.0
66981.0
67165.0
67349.0
67533.0
67717.0
67896.0
68068.0
68252.0
68436.0
68620.0
68804.0
68988.0
69168.0
69338.0
69522.0
69704.0
69888.0
70070.0
70249.0
70433.0
70617.0
70801.0
70980.0
71164.0
71344.0
71523.0
71707.0
71889.0
72073.0
72236.0
72420.0
72599.0
72783.0
72962.0
73146.0
73330.0
73514.0
73693.0
73875.0
74052.0
74234.0
74414.0
74591.0
74775.0
74957.0
75141.0
75323.0
75505.0
75687.0
75871.0
76050.0
76232.0
76414.0
76598.0
76778.0
76950.0
77134.0
77311.0
77485.0
77667.0
77851.0
78035.0
78219.0
78403.0
78583.0
78765.0
78949.0
79128.0
79305.0
79489.0
79673.0
79855.0
80031.0
80213.0
80397.0
80581.0
80760.0
80939.0
81123.0
81299.0
81483.0
81665.0
81849.0
82033.0
82215.0
82397.0
82579.0
82761.0
82945.0
83127.0
83311.0
83495.0
83679.0
83863.0
84047.0
84229.0
84404.0
84588.0
84772.0
84956.0
85138.0
85312.0
85496.0
85680.0
85864.0
86046.0
86230.0
86414.0
86596.0
86778.0
86962.0
87146.0
87330.0
87512.0
87696.0
87878.0
88062.0
88244.0
88418.0
88598.0
88780.0
88958.0
89136.0
89310.0
89489.0
89669.0
89853.0
90032.0
90214.0
90398.0
90582.0
90764.0
90948.0
91132.0
91316.0
91498.0
91682.0
91866.0
92050.0
92234.0
92413.0
92597.0
92775.0
92957.0
93139.0
93323.0
93502.0
93686.0
93870.0
94054.0
94236.0
94414.0
94591.0
94775.0
94954.0
95136.0
95320.0
95502.0
95681.0
95863.0
96042.0
96226.0
96408.0
96580.0
96764.0
96946.0
97130.0
97309.0
97493.0
97675.0
97859.0
98043.0
98227.0
98411.0
98595.0
98775.0
98957.0
99139.0
99318.0
99502.0
99686.0
99864.0
100048.0
100230.0
100407.0
100591.0
100771.0
100953.0
101137.0
101313.0
101497.0
101666.0
101845.0
102029.0
102206.0
102390.0
102572.0
102744.0
102928.0
103110.0
103294.0
103478.0
103658.0
103842.0
104015.0
104199.0
104378.0
104562.0
104746.0
104928.0
105107.0
105291.0
105471.0
105655.0
105839.0
106023.0
106205.0
106389.0
106573.0
106757.0
106939.0
107123.0
107307.0
107486.0
107668.0
107852.0
108036.0
108213.0
108397.0
108579.0
108763.0
108947.0
109126.0
109310.0
109484.0
109668.0
109850.0
110034.0
110218.0
110402.0
110586.0
110768.0
110950.0
111134.0
111308.0
111487.0
111669.0
111853.0
112035.0
112215.0
112392.0
112576.0
112760.0
112944.0
113128.0
113312.0
113487.0
113671.0
113855.0
114037.0
114219.0
114401.0
114585.0
114769.0
114953.0
115137.0
115316.0
115500.0
115675.0
115855.0
116035.0
116214.0
116398.0
116582.0
116764.0
116941.0
117123.0
117297.0
117479.0
117659.0
117841.0
118021.0
118205.0
118387.0
118562.0
118746.0
118930.0
119114.0
119298.0
119480.0
119660.0
119844.0
120026.0
120210.0
120394.0
120578.0
120760.0
120933.0
121117.0
121301.0
121478.0
121657.0
121835.0
122019.0
122193.0
122377.0
122561.0
122736.0
122915.0
123099.0
123283.0
123462.0
123641.0
123825.0
124009.0
124191.0
124373.0
124557.0
124741.0
124925.0
125107.0
125289.0
125473.0
125655.0
125839.0
126007.0
126184.0
126366.0
126550.0
126734.0
126907.0
127091.0
127273.0
127457.0
127641.0
127820.0
128002.0
128184.0
128362.0
128546.0
128726.0
128905.0
129089.0
129268.0
129452.0
129634.0
129816.0
130000.0
130179.0
130363.0
130547.0
130729.0
130913.0
131087.0
131269.0
131451.0
131635.0
131810.0
131994.0
132176.0
132356.0
132540.0
132714.0
132893.0
133077.0
133261.0
133445.0
133624.0
133808.0
133992.0
134166.0
134350.0
134527.0
134711.0
134893.0
135075.0
135259.0
135443.0
135622.0
135806.0
135988.0
136172.0
136351.0
136533.0
136717.0
136896.0
137080.0
137260.0
137442.0
137624.0
137808.0
137990.0
138172.0
138354.0
138534.0
138718.0
138869.0
139051.0
139235.0
139417.0
139599.0
139774.0
139958.0
140137.0
140321.0
140503.0
140687.0
140871.0
141048.0
141230.0
141412.0
141596.0
141778.0
141958.0
142137.0
142321.0
142505.0
142689.0
142873.0
143057.0
143241.0
143425.0
143609.0
143793.0
143977.0
144157.0
144334.0
144513.0
144697.0
144876.0
145060.0
145244.0
145428.0
145610.0
145787.0
145971.0
146155.0
146339.0
146521.0
146703.0
146885.0
147069.0
147253.0
147437.0
147621.0
147798.0
147982.0
148164.0
148346.0
148530.0
148714.0
148898.0
149082.0
149259.0
149441.0
149623.0
149805.0
149989.0
150173.0
150357.0
150534.0
150714.0
150896.0
151080.0
151264.0
151448.0
151630.0
151809.0
151993.0
152163.0
152345.0
152527.0
152711.0
152895.0
153079.0
153263.0
153447.0
153631.0
153815.0
153999.0
154183.0
154367.0
154551.0
154729.0
154911.0
155093.0
155275.0
155452.0
155636.0
155810.0
155990.0
156174.0
156351.0
156535.0
156719.0
156903.0
157080.0
157262.0
157444.0
157626.0
157810.0
157984.0
158166.0
158340.0
158524.0
158703.0
158887.0
159067.0
159246.0
159430.0
159614.0
159798.0
159982.0
160166.0
160348.0
160532.0
160716.0
160896.0
161078.0
161260.0
161435.0
161619.0
161803.0
161987.0
162171.0
162355.0
162539.0
162721.0
162900.0
163077.0
163261.0
163445.0
163629.0
163813.0
163997.0
164181.0
164365.0
164540.0
164724.0
164896.0
165075.0
165259.0
165443.0
165627.0
165811.0
165995.0
166179.0
166363.0
166547.0
166727.0
166907.0
167091.0
167273.0
167457.0
167636.0
167815.0
167999.0
168178.0
168362.0
168546.0
168730.0
168914.0
169098.0
169282.0
169462.0
169644.0
169815.0
169994.0
170178.0
170362.0
170546.0
170728.0
170910.0
171092.0
171276.0
171460.0
171639.0
171818.0
172002.0
172186.0
172370.0
172552.0
172734.0
172916.0
173100.0
173284.0
173466.0
173648.0
173832.0
174011.0
174195.0
174379.0
174563.0
174747.0
174929.0
175111.0
175279.0
175461.0
175643.0
175827.0
176009.0
176191.0
176373.0
176557.0
176741.0
176923.0
177100.0
177282.0
177466.0
177650.0
177832.0
178016.0
178200.0
178378.0
178560.0
178744.0
178928.0
179112.0
179296.0
179480.0
179659.0
179833.0
180012.0
180196.0
180378.0
180562.0
180746.0
180930.0
181114.0
181294.0
181473.0
181655.0
181839.0
182018.0
182202.0
182376.0
182558.0
182742.0
182916.0
183100.0
183279.0
183463.0
183645.0
183824.0
184008.0
184192.0
184371.0
184555.0
184739.0
184923.0
185107.0
185291.0
185473.0
185655.0
185839.0
186016.0
186193.0
186375.0
186559.0
186743.0
186921.0
187101.0
187285.0
187467.0
187651.0
187835.0
188015.0
188194.0
188378.0
188562.0
188746.0
188930.0
189109.0
189286.0
189470.0
189654.0
189836.0
190020.0
190200.0
190374.0
190556.0
190735.0
190912.0
191091.0
191270.0
191454.0
191633.0
191817.0
191991.0
192175.0
192359.0
192543.0
192718.0
192900.0
193084.0
193268.0
193448.0
193632.0
193814.0
193988.0
194165.0
194349.0
194531.0
194715.0
194895.0
195079.0
195263.0
195447.0
195631.0
195815.0
195987.0
196161.0
196343.0
196520.0
196704.0
196886.0
197070.0
197254.0
197438.0
197622.0
197806.0
197990.0
198174.0
198358.0
198532.0
198712.0
198896.0
199078.0
199258.0
199442.0
199626.0
199810.0
199994.0
200178.0
200362.0
200546.0
200730.0
200914.0
201098.0
201277.0
201461.0
201645.0
201829.0
202013.0
202197.0
202376.0
202556.0
202736.0
202918.0
203100.0
203284.0
203466.0
203650.0
203834.0
204018.0
204200.0
204384.0
204564.0
204746.0
204930.0
205114.0
205292.0
205476.0
205660.0
205844.0
206026.0
206210.0
206394.0
206574.0
206758.0
206942.0
207126.0
207305.0
207475.0
207659.0
207841.0
208021.0
208205.0
208389.0
208566.0
208750.0
208934.0
209104.0
209283.0
209467.0
209649.0
209833.0
210015.0
210197.0
210377.0
210561.0
210740.0
210917.0
211096.0
211280.0
211462.0
211640.0
211820.0
212002.0
212179.0
212363.0
212545.0
212729.0
212911.0
213095.0
213279.0
213463.0
213645.0
213819.0
214001.0
214183.0
214367.0
214546.0
214730.0
214912.0
215092.0
215276.0
215460.0
215642.0
215824.0
216008.0
216187.0
216371.0
216551.0
216735.0
216919.0
217096.0
217280.0
217464.0
217643.0
217827.0
218011.0
218195.0
218372.0
218552.0
218736.0
218920.0
219104.0
219288.0
219472.0
219656.0
219840.0
220024.0
220206.0
220390.0
220569.0
220743.0
220925.0
221105.0
221289.0
221468.0
221652.0
221834.0
222018.0
222195.0
222379.0
222558.0
222740.0
222924.0
223101.0
223272.0
223456.0
223638.0
223820.0
224004.0
224175.0
224352.0
224536.0
224720.0
224904.0
225088.0
225272.0
225442.0
225626.0
225799.0
225978.0
226162.0
226346.0
226528.0
226707.0
226891.0
227068.0
227250.0
227432.0
227616.0
227800.0
227984.0
228168.0
228342.0
228524.0
228699.0
228883.0
229067.0
229251.0
229433.0
229617.0
229799.0
229981.0
230165.0
230349.0
230528.0
230710.0
230894.0
231076.0
231260.0
231439.0
231623.0
231807.0
231984.0
232168.0
232352.0
232536.0
232720.0
232904.0
233083.0
233257.0
233441.0
233623.0
233803.0
233980.0
234164.0
234348.0
234532.0
234714.0
234891.0
235075.0
235259.0
235436.0
235616.0
235796.0
235980.0
236164.0
236346.0
236523.0
236707.0
236891.0
237075.0
237259.0
237436.0
237620.0
237802.0
237986.0
238168.0
238350.0
238534.0
238718.0
238902.0
239082.0
239262.0
239446.0
239630.0
239814.0
239998.0
240182.0
240366.0
240550.0
240729.0
240913.0
241097.0
241274.0
241456.0
241635.0
241813.0
241997.0
242179.0
242363.0
242545.0
242719.0
242898.0
243082.0
243266.0
243448.0
243630.0
243809.0
243993.0
244177.0
244355.0
244535.0
244707.0
244885.0
245069.0
245251.0
245435.0
245619.0
245801.0
245985.0
246165.0
246349.0
246531.0
246715.0
246899.0
247083.0
247265.0
247449.0
247623.0
247807.0
247991.0
248175.0
248357.0
248541.0
248725.0
248909.0
249081.0
249263.0
249443.0
249627.0
249807.0
249991.0
250170.0
250350.0
250534.0
250718.0
250897.0
251081.0
251265.0
251444.0
251628.0
251808.0
251977.0
252157.0
252341.0
252525.0
252709.0
252891.0
253075.0
253249.0
253427.0
253611.0
253790.0
253969.0
254153.0
254337.0
254521.0
254703.0
254882.0
255066.0
255248.0
255430.0
255612.0
255791.0
255975.0
256159.0
256343.0
256525.0
256705.0
256884.0
257066.0
257248.0
257428.0
257612.0
257791.0
257970.0
258154.0
258338.0
258522.0
258704.0
258886.0
259070.0
259249.0
259424.0
259608.0
259792.0
259976.0
260160.0
260342.0
260526.0
260703.0
260887.0
261066.0
261248.0
261432.0
261616.0
261798.0
261982.0
262166.0
262340.0
262522.0
262701.0
262885.0
263067.0
263244.0
263421.0
263603.0
263787.0
263971.0
264155.0
264339.0
264521.0
264699.0
