a = 0.2
g = 0.8
e = 0.1
random initial weights = true

-741.0
-1483.0
-2206.0
-2788.0
-3271.0
-3865.0
-4672.0
-5130.0
-5609.0
-6130.0
-6568.0
-7054.0
-7499.0
-8148.0
-8564.0
-11002.0
-11440.0
-11934.0
-12459.0
-12895.0
-13325.0
-13768.0
-14226.0
-14741.0
-15220.0
-15651.0
-18064.0
-18518.0
-18970.0
-19409.0
-19823.0
-20261.0
-20711.0
-21178.0
-21608.0
-22061.0
-22486.0
-22927.0
-23424.0
-23849.0
-24315.0
-24785.0
-25209.0
-25647.0
-26061.0
-26483.0
-26907.0
-27357.0
-27794.0
-28251.0
-28665.0
-29089.0
-29526.0
-31934.0
-31773.0
-32187.0
-32056.0
-31882.0
-32305.0
-32147.0
-32564.0
-33013.0
-32843.0
-33255.0
-33689.0
-33517.0
-33355.0
-33208.0
-33034.0
-32858.0
-32682.0
-32506.0
-32336.0
-32162.0
-31990.0
-31816.0
-31640.0
-31466.0
-31294.0
-31120.0
-30946.0
-30772.0
-30598.0
-30428.0
-30257.0
-30081.0
-29905.0
-29731.0
-29559.0
-29392.0
-29220.0
-29044.0
-28872.0
-28727.0
-28551.0
-28375.0
-28199.0
-28023.0
-27847.0
-27673.0
-27499.0
-27323.0
-27149.0
-26973.0
-26797.0
-26621.0
-26445.0
-26271.0
-26099.0
-25923.0
-25747.0
-25571.0
-25395.0
-25219.0
-25043.0
-24867.0
-24691.0
-24517.0
-24345.0
-24169.0
-23997.0
-23823.0
-23649.0
-23475.0
-23301.0
-23125.0
-22951.0
-22775.0
-22612.0
-22436.0
-22262.0
-22086.0
-21910.0
-21741.0
-21567.0
-21391.0
-21215.0
-21039.0
-20863.0
-20689.0
-20515.0
-20343.0
-20172.0
-19998.0
-19826.0
-19650.0
-19483.0
-19307.0
-19135.0
-18964.0
-18788.0
-18619.0
-18443.0
-18267.0
-18093.0
-17917.0
-17743.0
-17567.0
-17398.0
-17226.0
-17050.0
-16876.0
-16704.0
-16530.0
-16360.0
-16184.0
-16010.0
-15834.0
-15662.0
-15496.0
-15329.0
-15155.0
-14983.0
-14812.0
-14636.0
-14460.0
-14286.0
-14121.0
-13947.0
-13775.0
-13599.0
-13423.0
-13252.0
-13085.0
-12911.0
-12742.0
-12571.0
-12395.0
-12221.0
-12050.0
-11874.0
-11700.0
-11524.0
-11348.0
-11172.0
-10998.0
-10826.0
-10655.0
-10479.0
-10308.0
-10134.0
-9958.0
-9782.0
-9606.0
-9436.0
-9260.0
-9088.0
-8914.0
-8740.0
-8566.0
-8397.0
-8221.0
-8049.0
-7875.0
-7699.0
-7525.0
-7349.0
-7177.0
-7006.0
-6830.0
-6656.0
-6482.0
-6306.0
-6132.0
-5958.0
-5786.0
-5610.0
-5434.0
-5258.0
-5082.0
-4908.0
-4734.0
-4558.0
-4384.0
-4208.0
-4042.0
-3870.0
-3694.0
-3518.0
-3342.0
-3171.0
-2995.0
-2821.0
-2645.0
-2471.0
-2295.0
-2119.0
-1945.0
-1769.0
-1593.0
-1417.0
-1243.0
-1067.0
-893.0
-717.0
-543.0
-369.0
-198.0
-24.0
148.0
324.0
498.0
670.0
846.0
1022.0
1194.0
1366.0
1538.0
1712.0
1884.0
2058.0
2232.0
2408.0
2579.0
2753.0
2929.0
3103.0
3279.0
3453.0
3620.0
3796.0
3970.0
4146.0
4322.0
4498.0
4674.0
4845.0
5021.0
5195.0
5369.0
5541.0
5717.0
5882.0
6058.0
6232.0
6408.0
6582.0
6754.0
6923.0
7093.0
7265.0
7437.0
7608.0
7782.0
7958.0
8130.0
8304.0
8480.0
8652.0
8828.0
9004.0
9178.0
9354.0
9528.0
9704.0
9876.0
10052.0
10217.0
10373.0
10547.0
10719.0
10895.0
11069.0
11245.0
11419.0
11595.0
11769.0
11936.0
12108.0
12282.0
12458.0
12628.0
12800.0
12974.0
13150.0
13326.0
13502.0
13676.0
13847.0
14015.0
14187.0
14359.0
14533.0
14709.0
14877.0
15053.0
15225.0
15397.0
15568.0
15742.0
15902.0
16078.0
16250.0
16424.0
16598.0
16774.0
16950.0
17117.0
17293.0
17462.0
17638.0
17812.0
17988.0
18164.0
18335.0
18511.0
18685.0
18861.0
19033.0
19205.0
19371.0
19545.0
19716.0
19892.0
20068.0
20242.0
20416.0
20592.0
20766.0
20942.0
21114.0
21290.0
21464.0
21636.0
21812.0
21988.0
22162.0
22338.0
22503.0
22677.0
22846.0
23020.0
23194.0
23366.0
23540.0
23716.0
23885.0
24054.0
24230.0
24404.0
24580.0
24752.0
24918.0
25094.0
25270.0
25437.0
25608.0
25782.0
25958.0
26132.0
26306.0
26482.0
26658.0
26834.0
27008.0
27182.0
27358.0
27534.0
27703.0
27879.0
28046.0
28222.0
28398.0
28572.0
28748.0
28917.0
29093.0
29269.0
29441.0
29617.0
29791.0
29965.0
30134.0
30308.0
30484.0
30660.0
30831.0
31002.0
31173.0
31343.0
31519.0
31695.0
31871.0
32045.0
32219.0
32395.0
32571.0
32745.0
32919.0
33089.0
33265.0
33441.0
33615.0
33789.0
33965.0
34139.0
34313.0
34487.0
34658.0
34834.0
35008.0
35184.0
35354.0
35530.0
35702.0
35876.0
36052.0
36228.0
36400.0
36576.0
36752.0
36922.0
37096.0
37265.0
37441.0
37615.0
37783.0
37959.0
38135.0
38309.0
38483.0
38659.0
38835.0
39009.0
39181.0
39355.0
39531.0
39702.0
39869.0
40041.0
40215.0
40384.0
40552.0
40728.0
40904.0
41078.0
41250.0
41426.0
41602.0
41771.0
41945.0
42119.0
42293.0
42464.0
42638.0
42814.0
42990.0
43164.0
43338.0
43514.0
43690.0
43866.0
44042.0
44216.0
44392.0
44566.0
44742.0
44916.0
45092.0
45268.0
45439.0
45615.0
45789.0
45965.0
46141.0
46317.0
46491.0
46660.0
46831.0
47007.0
47183.0
47350.0
47526.0
47696.0
47872.0
48048.0
48222.0
48392.0
48566.0
48740.0
48914.0
49090.0
49266.0
49435.0
49601.0
49766.0
49942.0
50118.0
50279.0
50453.0
50627.0
50803.0
50968.0
51144.0
51320.0
51492.0
51668.0
51844.0
52020.0
52196.0
52372.0
52548.0
52724.0
52900.0
53074.0
53250.0
53426.0
53597.0
53769.0
53941.0
54113.0
54289.0
54465.0
54641.0
54812.0
54988.0
55164.0
55329.0
55503.0
55675.0
55845.0
56021.0
56197.0
56373.0
56549.0
56719.0
56895.0
57066.0
57240.0
57409.0
57585.0
57759.0
57935.0
58109.0
58279.0
58455.0
58629.0
58805.0
58977.0
59151.0
59327.0
59497.0
59668.0
59844.0
60020.0
60192.0
60366.0
60540.0
60714.0
60890.0
61062.0
61238.0
61414.0
61590.0
61764.0
61940.0
62116.0
62285.0
62461.0
62637.0
62811.0
62987.0
63151.0
63325.0
63496.0
63672.0
63844.0
64018.0
64194.0
64368.0
64534.0
64710.0
64886.0
65057.0
65233.0
65407.0
65577.0
65753.0
65925.0
66101.0
66273.0
66449.0
66625.0
66793.0
66969.0
67143.0
67319.0
67491.0
67665.0
67841.0
68011.0
68185.0
68357.0
68533.0
68709.0
68880.0
69054.0
69230.0
69406.0
69580.0
69750.0
69919.0
70091.0
70267.0
70441.0
70615.0
70784.0
70958.0
71132.0
71308.0
71484.0
71655.0
71831.0
72007.0
72174.0
72340.0
72511.0
72687.0
72861.0
73035.0
73207.0
73381.0
73550.0
73724.0
73896.0
74067.0
74243.0
74414.0
74583.0
74759.0
74935.0
75109.0
75281.0
75452.0
75628.0
75798.0
75963.0
76139.0
76315.0
76491.0
76662.0
76838.0
77014.0
77188.0
77364.0
77540.0
77714.0
77890.0
78066.0
78242.0
78411.0
78580.0
78754.0
78930.0
79104.0
79280.0
79452.0
79621.0
79797.0
79969.0
80143.0
80319.0
80495.0
80669.0
80845.0
81016.0
81190.0
81364.0
81540.0
81711.0
81887.0
82061.0
82235.0
82411.0
82587.0
82761.0
82935.0
83107.0
83283.0
83459.0
83635.0
83809.0
83985.0
84161.0
84330.0
84501.0
84663.0
84839.0
85004.0
85180.0
85346.0
85520.0
85686.0
85853.0
86029.0
86203.0
86379.0
86555.0
86731.0
86903.0
87077.0
87251.0
87422.0
87598.0
87770.0
87946.0
88112.0
88286.0
88462.0
88636.0
88812.0
88986.0
89162.0
89338.0
89510.0
89686.0
89855.0
90029.0
90205.0
90377.0
90553.0
90729.0
90897.0
91073.0
91245.0
91417.0
91588.0
91762.0
91938.0
92110.0
92278.0
92454.0
92618.0
92792.0
92968.0
93144.0
93315.0
93491.0
93667.0
93843.0
94012.0
94186.0
94362.0
94538.0
94712.0
94888.0
95058.0
95220.0
95396.0
95570.0
95746.0
95922.0
96094.0
96270.0
96442.0
96613.0
96787.0
96963.0
97133.0
97304.0
97474.0
97648.0
97822.0
97989.0
98160.0
98324.0
98500.0
98671.0
98839.0
99010.0
99186.0
99362.0
99533.0
99707.0
99872.0
100046.0
100222.0
100398.0
100574.0
100746.0
100916.0
101088.0
101262.0
101438.0
101606.0
101782.0
101956.0
102130.0
102306.0
102482.0
102658.0
102832.0
102996.0
103170.0
103346.0
103522.0
103698.0
103867.0
104043.0
104212.0
104382.0
104558.0
104732.0
104906.0
105082.0
105256.0
105432.0
105608.0
105777.0
105944.0
106120.0
106296.0
106470.0
106644.0
106816.0
106988.0
107164.0
107340.0
107514.0
107683.0
107857.0
108033.0
108207.0
108383.0
108555.0
108731.0
108907.0
109079.0
109251.0
109427.0
109603.0
109779.0
109951.0
110121.0
110297.0
110473.0
110642.0
110816.0
110992.0
111168.0
111339.0
111513.0
111689.0
111861.0
112033.0
112209.0
112383.0
112555.0
112727.0
112903.0
113079.0
113255.0
113431.0
113605.0
113779.0
113949.0
114119.0
114291.0
114467.0
114643.0
114815.0
114991.0
115163.0
115339.0
115508.0
115682.0
115858.0
116027.0
116203.0
116379.0
116555.0
116727.0
116903.0
117077.0
117251.0
117427.0
117601.0
117775.0
117949.0
118123.0
118292.0
118454.0
118622.0
118798.0
118969.0
119141.0
119315.0
119491.0
119667.0
119843.0
120014.0
120185.0
120359.0
120535.0
120711.0
120887.0
121053.0
121227.0
121398.0
121565.0
121737.0
121913.0
122084.0
122260.0
122436.0
122612.0
122784.0
122956.0
123130.0
123304.0
123478.0
123648.0
123819.0
123995.0
124171.0
124347.0
124521.0
124697.0
124864.0
125040.0
125216.0
125386.0
125562.0
125738.0
125914.0
126090.0
126264.0
126440.0
126614.0
126790.0
126964.0
127140.0
127316.0
127492.0
127668.0
127844.0
128020.0
128196.0
128365.0
128541.0
128713.0
128889.0
129063.0
129237.0
129408.0
129582.0
129751.0
129913.0
130080.0
130254.0
130430.0
130599.0
130773.0
130949.0
131125.0
131301.0
131477.0
131649.0
131821.0
131993.0
132163.0
132337.0
132513.0
132687.0
132856.0
133030.0
133206.0
133376.0
133552.0
133728.0
133900.0
134076.0
134250.0
134426.0
134602.0
134773.0
134949.0
135125.0
135299.0
135473.0
135643.0
135817.0
135984.0
136160.0
136336.0
136510.0
136686.0
136862.0
137038.0
137214.0
137390.0
137566.0
137738.0
137907.0
138079.0
138255.0
138429.0
138605.0
138779.0
138953.0
139129.0
139305.0
139477.0
139653.0
139829.0
140005.0
140177.0
140351.0
140521.0
140688.0
140862.0
141023.0
141199.0
141375.0
141547.0
141723.0
141895.0
142063.0
142239.0
142408.0
142577.0
142749.0
142923.0
143095.0
143269.0
143441.0
143615.0
143789.0
143963.0
144135.0
144311.0
144487.0
144663.0
144839.0
145015.0
145181.0
145357.0
145524.0
145695.0
145869.0
146043.0
146219.0
146395.0
146571.0
146747.0
146923.0
147097.0
147269.0
147445.0
147621.0
147795.0
147971.0
148140.0
148316.0
148484.0
148658.0
148834.0
149008.0
149180.0
149354.0
149530.0
149701.0
149877.0
150053.0
150229.0
150403.0
150577.0
150746.0
150922.0
151096.0
151270.0
151444.0
151620.0
151794.0
151968.0
152144.0
152318.0
152494.0
152668.0
152844.0
153020.0
153196.0
153370.0
153546.0
153720.0
153892.0
154068.0
154244.0
154420.0
154596.0
154767.0
154943.0
155115.0
155281.0
155457.0
155633.0
155807.0
155983.0
156153.0
156327.0
156503.0
156677.0
156847.0
157023.0
157199.0
157370.0
157539.0
157715.0
157891.0
158060.0
158232.0
158408.0
158579.0
158755.0
158927.0
159103.0
159279.0
159455.0
159631.0
159807.0
159981.0
160157.0
160329.0
160500.0
160669.0
160845.0
161021.0
161195.0
161371.0
161547.0
161721.0
161890.0
162066.0
162231.0
162401.0
162575.0
162745.0
162921.0
163097.0
163273.0
163447.0
163621.0
163797.0
163973.0
164147.0
164318.0
164492.0
164653.0
164824.0
165000.0
165171.0
165345.0
165515.0
165691.0
165867.0
166041.0
166210.0
166384.0
166560.0
166734.0
166908.0
167084.0
167258.0
167430.0
167601.0
167775.0
167951.0
168125.0
168301.0
168472.0
168648.0
168824.0
168998.0
169174.0
169346.0
169520.0
169696.0
169870.0
170044.0
170212.0
170388.0
170562.0
170731.0
170902.0
171078.0
171254.0
171430.0
171606.0
171780.0
171956.0
172132.0
172303.0
172479.0
172653.0
172825.0
172999.0
173175.0
173351.0
173525.0
173697.0
173873.0
174049.0
174225.0
174399.0
174573.0
174749.0
174923.0
175094.0
175265.0
175441.0
175612.0
175788.0
175955.0
176131.0
176307.0
176483.0
176647.0
176823.0
176995.0
177164.0
177340.0
177512.0
177684.0
177858.0
178034.0
178210.0
178386.0
178562.0
178736.0
178912.0
179088.0
179254.0
179430.0
179604.0
179778.0
179954.0
180130.0
180306.0
180482.0
180656.0
180830.0
181006.0
181178.0
181354.0
181528.0
181704.0
181878.0
182049.0
182221.0
182397.0
182569.0
182743.0
182919.0
183095.0
183269.0
183445.0
183610.0
183786.0
183962.0
184134.0
184308.0
184482.0
184656.0
184832.0
185008.0
185182.0
185354.0
185525.0
185699.0
185875.0
186051.0
186220.0
186396.0
186565.0
186741.0
186910.0
187084.0
187258.0
187432.0
187601.0
187777.0
187953.0
188127.0
188301.0
188477.0
188647.0
188818.0
188994.0
189164.0
189335.0
189507.0
189681.0
189857.0
190031.0
190207.0
190381.0
190553.0
190729.0
190905.0
191077.0
191247.0
191413.0
191589.0
191763.0
191932.0
192106.0
192282.0
192458.0
192634.0
192805.0
192981.0
193155.0
193326.0
193500.0
193674.0
193850.0
194024.0
194198.0
194372.0
194548.0
194719.0
194891.0
195067.0
195239.0
195413.0
195587.0
195751.0
195923.0
196099.0
196275.0
196439.0
196615.0
196791.0
196963.0
197127.0
197303.0
197479.0
197655.0
197827.0
198003.0
198179.0
198355.0
198531.0
198707.0
198881.0
199057.0
199226.0
199402.0
199578.0
199754.0
199930.0
200106.0
200282.0
200456.0
200627.0
200803.0
200979.0
201155.0
201326.0
201500.0
201676.0
201842.0
202011.0
202185.0
202361.0
202537.0
202713.0
202884.0
203058.0
203232.0
203399.0
203573.0
203747.0
203921.0
204097.0
204267.0
204438.0
204610.0
204786.0
204958.0
205130.0
205304.0
205480.0
205650.0
205826.0
205998.0
206170.0
206346.0
206520.0
206691.0
206867.0
207035.0
207207.0
207379.0
207553.0
207727.0
207903.0
208079.0
208253.0
208427.0
208601.0
208773.0
208942.0
209114.0
209290.0
209464.0
209638.0
209809.0
209983.0
210159.0
210335.0
210511.0
210683.0
210859.0
211031.0
211207.0
211383.0
211555.0
211726.0
211900.0
212068.0
212244.0
212420.0
212587.0
212763.0
212939.0
213115.0
213291.0
213467.0
213641.0
213817.0
213993.0
214164.0
214340.0
214514.0
214690.0
214866.0
215042.0
215218.0
215392.0
