a = 0.8
g = 0.2
e = 0.1
random initial weights = false

-885.0
-1436.0
-1987.0
-2500.0
-2979.0
-3426.0
-3848.0
-4288.0
-4114.0
-4522.0
-4934.0
-4780.0
-4596.0
-4412.0
-4228.0
-4049.0
-3874.0
-3692.0
-3513.0
-3331.0
-3152.0
-2968.0
-2786.0
-2602.0
-2418.0
-2234.0
-2050.0
-1868.0
-1698.0
-1514.0
-1332.0
-1148.0
-966.0
-782.0
-598.0
-414.0
-234.0
-57.0
127.0
311.0
493.0
675.0
849.0
1033.0
1212.0
1389.0
1573.0
1755.0
1935.0
2119.0
2301.0
2483.0
2667.0
2827.0
3006.0
3185.0
3369.0
3553.0
3733.0
3910.0
4094.0
4276.0
4460.0
4638.0
4822.0
5006.0
5178.0
5357.0
5526.0
5710.0
5894.0
6076.0
6260.0
6439.0
6623.0
6807.0
6987.0
7158.0
7340.0
7515.0
7697.0
7867.0
8047.0
8226.0
8408.0
8587.0
8769.0
8953.0
9137.0
9321.0
9503.0
9680.0
9864.0
10046.0
10225.0
10404.0
10578.0
10758.0
10942.0
11124.0
11308.0
11492.0
11669.0
11848.0
12030.0
12214.0
12398.0
12582.0
12766.0
12950.0
13129.0
13313.0
13493.0
13677.0
13861.0
14038.0
14222.0
14401.0
14583.0
14763.0
14947.0
15131.0
15315.0
15497.0
15679.0
15861.0
16041.0
16223.0
16400.0
16584.0
16766.0
16950.0
17132.0
17316.0
17493.0
17675.0
17859.0
18043.0
18227.0
18411.0
18595.0
18779.0
18954.0
19131.0
19315.0
19494.0
19678.0
19857.0
20036.0
20209.0
20386.0
20570.0
20754.0
20934.0
21116.0
21298.0
21482.0
21666.0
21850.0
22034.0
22218.0
22402.0
22580.0
22764.0
22948.0
23125.0
23303.0
23480.0
23664.0
23848.0
24032.0
24209.0
24386.0
24565.0
24744.0
24928.0
25112.0
25292.0
25476.0
25660.0
25837.0
26019.0
26203.0
26382.0
26566.0
26750.0
26932.0
27116.0
27300.0
27479.0
27661.0
27841.0
28025.0
28207.0
28389.0
28571.0
28750.0
28932.0
29111.0
29295.0
29474.0
29658.0
29828.0
30012.0
30196.0
30380.0
30564.0
30748.0
30927.0
31109.0
31288.0
31468.0
31647.0
31831.0
32015.0
32197.0
32379.0
32563.0
32742.0
32924.0
33104.0
33286.0
33470.0
33654.0
33836.0
34020.0
34202.0
34379.0
34563.0
34742.0
34924.0
35099.0
35281.0
35465.0
35649.0
35826.0
36010.0
36192.0
36369.0
36553.0
36737.0
36919.0
37103.0
37282.0
37466.0
37650.0
37829.0
38008.0
38188.0
38372.0
38551.0
38730.0
38912.0
39096.0
39280.0
39464.0
39648.0
39830.0
40009.0
40191.0
40373.0
40548.0
40730.0
40907.0
41087.0
41271.0
41455.0
41634.0
41818.0
42000.0
42184.0
42366.0
42548.0
42730.0
42907.0
43091.0
43275.0
43452.0
43631.0
43815.0
43995.0
44167.0
44349.0
44533.0
44717.0
44901.0
45085.0
45267.0
45441.0
45620.0
45804.0
45986.0
46170.0
46354.0
46538.0
46712.0
46886.0
47064.0
47246.0
47430.0
47614.0
47798.0
47976.0
48160.0
48335.0
48514.0
48691.0
48871.0
49055.0
49234.0
49418.0
49600.0
49777.0
49961.0
50145.0
50329.0
50508.0
50692.0
50876.0
51058.0
51242.0
51426.0
51608.0
51792.0
51961.0
52143.0
52327.0
52509.0
52686.0
52870.0
53050.0
53230.0
53412.0
53596.0
53780.0
53964.0
54140.0
54324.0
54503.0
54682.0
54866.0
55048.0
55232.0
55416.0
55598.0
55782.0
55964.0
56148.0
56330.0
56514.0
56698.0
56882.0
57066.0
57250.0
57434.0
57618.0
57802.0
57984.0
58166.0
58345.0
58529.0
58711.0
58893.0
59077.0
59254.0
59438.0
59622.0
59791.0
59971.0
60151.0
60323.0
60502.0
60686.0
60870.0
61052.0
61234.0
61418.0
61595.0
61779.0
61955.0
62139.0
62312.0
62496.0
62680.0
62864.0
63043.0
63227.0
63411.0
63595.0
63777.0
63954.0
64136.0
64312.0
64496.0
64680.0
64864.0
65046.0
65230.0
65409.0
65588.0
65772.0
65954.0
66138.0
66320.0
66504.0
66686.0
66870.0
67052.0
67229.0
67411.0
67591.0
67773.0
67955.0
68137.0
68321.0
68500.0
68682.0
68864.0
69048.0
69225.0
69409.0
69593.0
69777.0
69957.0
70141.0
70325.0
70509.0
70693.0
70877.0
71057.0
71232.0
71416.0
71600.0
71775.0
71954.0
72136.0
72318.0
72502.0
72686.0
72870.0
73049.0
73231.0
73415.0
73597.0
73777.0
73961.0
74145.0
74322.0
74504.0
74683.0
74865.0
75047.0
75226.0
75408.0
75592.0
75774.0
75956.0
76135.0
76319.0
76503.0
76687.0
76871.0
77055.0
77232.0
77416.0
77600.0
77784.0
77968.0
78150.0
78325.0
78502.0
78684.0
78866.0
79041.0
79220.0
79402.0
79584.0
79768.0
79952.0
80136.0
80320.0
80504.0
80686.0
80863.0
81040.0
81224.0
81408.0
81588.0
81767.0
81951.0
82135.0
82317.0
82501.0
82685.0
82855.0
83039.0
83221.0
83400.0
83584.0
83768.0
83952.0
84131.0
84315.0
84494.0
84674.0
84858.0
85040.0
85222.0
85401.0
85578.0
85755.0
85937.0
86121.0
86297.0
86481.0
86663.0
86845.0
87024.0
87201.0
87385.0
87559.0
87741.0
87925.0
88109.0
88293.0
88468.0
88648.0
88832.0
89016.0
89198.0
89382.0
89566.0
89748.0
89927.0
90111.0
90295.0
90477.0
90661.0
90845.0
91029.0
91213.0
91397.0
91577.0
91755.0
91939.0
92123.0
92307.0
92487.0
92669.0
92853.0
93035.0
93219.0
93398.0
93582.0
93764.0
93946.0
94120.0
94300.0
94482.0
94661.0
94845.0
95025.0
95209.0
95393.0
95570.0
95754.0
95933.0
96115.0
96289.0
96473.0
96652.0
96836.0
97015.0
97199.0
97383.0
97565.0
97745.0
97927.0
98109.0
98293.0
98477.0
98654.0
98826.0
99008.0
99192.0
99369.0
99551.0
99735.0
99919.0
100098.0
100282.0
100462.0
100646.0
100830.0
101014.0
101193.0
101377.0
101559.0
101743.0
101927.0
102111.0
102281.0
102465.0
102649.0
102833.0
103017.0
103199.0
103383.0
103563.0
103747.0
103931.0
104115.0
104299.0
104483.0
104655.0
104839.0
105018.0
105200.0
105380.0
105559.0
105736.0
105920.0
106104.0
106288.0
106472.0
106656.0
106840.0
107022.0
107206.0
107385.0
107564.0
107746.0
107923.0
108105.0
108287.0
108471.0
108655.0
108839.0
109023.0
109207.0
109389.0
109573.0
109750.0
109925.0
110109.0
110293.0
110477.0
110661.0
110845.0
111024.0
111199.0
111381.0
111551.0
111735.0
111919.0
112097.0
112279.0
112461.0
112645.0
112829.0
113013.0
113197.0
113381.0
113565.0
113747.0
113929.0
114106.0
114290.0
114474.0
114654.0
114838.0
115020.0
115204.0
115386.0
115565.0
115749.0
115928.0
116107.0
116287.0
116469.0
116651.0
116835.0
117019.0
117201.0
117385.0
117564.0
117748.0
117922.0
118104.0
118288.0
118467.0
118651.0
118835.0
119014.0
119196.0
119380.0
119562.0
119746.0
119930.0
120114.0
120294.0
120478.0
120662.0
120842.0
121026.0
121204.0
121384.0
121562.0
121746.0
121930.0
122109.0
122293.0
122472.0
122647.0
122831.0
123015.0
123199.0
123383.0
123567.0
123751.0
123933.0
124117.0
124297.0
124479.0
124663.0
124847.0
125031.0
125215.0
125399.0
125581.0
125765.0
125949.0
126131.0
126308.0
126483.0
126667.0
126851.0
127033.0
127217.0
127401.0
127585.0
127769.0
127946.0
128125.0
128309.0
128493.0
128677.0
128861.0
129045.0
129229.0
129408.0
129592.0
129776.0
129960.0
130144.0
130328.0
130505.0
130689.0
130873.0
131055.0
131229.0
131413.0
131592.0
131776.0
131951.0
132128.0
132310.0
132494.0
132676.0
132860.0
133044.0
133214.0
133396.0
133576.0
133755.0
133939.0
134123.0
134307.0
134481.0
134660.0
134844.0
135028.0
135212.0
135394.0
135578.0
135757.0
135941.0
136125.0
136309.0
136491.0
136675.0
136859.0
137043.0
137227.0
137406.0
137590.0
137772.0
137956.0
138140.0
138324.0
138503.0
138687.0
138866.0
139038.0
139215.0
139399.0
139583.0
139767.0
139951.0
140135.0
140317.0
140499.0
140679.0
140863.0
141042.0
141226.0
141408.0
141592.0
141766.0
141950.0
142134.0
142316.0
142500.0
142684.0
142861.0
143045.0
143229.0
143413.0
143597.0
143781.0
143963.0
144147.0
144331.0
144513.0
144697.0
144881.0
145058.0
145242.0
145421.0
145603.0
145782.0
145964.0
146148.0
146332.0
146516.0
146698.0
146882.0
147059.0
147243.0
147427.0
147611.0
147795.0
147972.0
148156.0
148333.0
148517.0
148701.0
148880.0
149062.0
149244.0
149428.0
149610.0
149787.0
149966.0
150148.0
150332.0
150516.0
150700.0
150884.0
151068.0
151248.0
151432.0
151609.0
151788.0
151972.0
152156.0
152338.0
152520.0
152699.0
152878.0
153060.0
153242.0
153421.0
153605.0
153779.0
153954.0
154138.0
154322.0
154506.0
154688.0
154872.0
155056.0
155238.0
155422.0
155604.0
155783.0
155967.0
156151.0
156335.0
156508.0
156687.0
156867.0
157051.0
157235.0
157415.0
157597.0
157779.0
157961.0
158145.0
158321.0
158501.0
158685.0
158869.0
159042.0
159226.0
159403.0
159587.0
159766.0
159950.0
160130.0
160314.0
160498.0
160680.0
160859.0
161041.0
161225.0
161407.0
161591.0
161775.0
161954.0
162136.0
162320.0
162504.0
162684.0
162864.0
163048.0
163227.0
163411.0
163583.0
163767.0
163949.0
164131.0
164315.0
164499.0
164683.0
164867.0
165051.0
165235.0
165419.0
165594.0
165776.0
165955.0
166139.0
166323.0
166507.0
166684.0
166866.0
167048.0
167232.0
167411.0
167595.0
167779.0
167963.0
168142.0
168324.0
168503.0
168685.0
168869.0
169053.0
169237.0
169421.0
169603.0
169785.0
169964.0
170146.0
170330.0
170509.0
170693.0
170873.0
171053.0
171235.0
171417.0
171599.0
171776.0
171955.0
172139.0
172323.0
172505.0
172689.0
172873.0
173057.0
173231.0
173415.0
173599.0
173781.0
173965.0
174149.0
174329.0
174509.0
174693.0
174877.0
175059.0
175243.0
175427.0
175611.0
175790.0
175969.0
176151.0
176335.0
176517.0
176701.0
176878.0
177062.0
177241.0
177425.0
177600.0
177782.0
177966.0
178145.0
178329.0
178513.0
178697.0
178877.0
179054.0
179236.0
179418.0
179600.0
179784.0
179968.0
180147.0
180326.0
180510.0
180694.0
180878.0
181060.0
181244.0
181426.0
181606.0
181790.0
181972.0
182156.0
182340.0
182524.0
182706.0
182890.0
183072.0
183256.0
183435.0
183619.0
183803.0
183985.0
184169.0
184353.0
184537.0
184717.0
184899.0
185079.0
185263.0
185447.0
185631.0
185803.0
185985.0
186169.0
186351.0
186533.0
186707.0
186891.0
187068.0
187247.0
187422.0
187604.0
187788.0
187968.0
188152.0
188336.0
188516.0
188700.0
188877.0
189054.0
189238.0
189420.0
189604.0
189788.0
189972.0
190154.0
190338.0
190517.0
190701.0
190881.0
191065.0
191249.0
191433.0
191617.0
191801.0
191974.0
192158.0
192337.0
192521.0
192705.0
192889.0
193073.0
193250.0
193434.0
193618.0
193793.0
193977.0
194161.0
194338.0
194522.0
194706.0
194890.0
195074.0
195248.0
195430.0
195609.0
195793.0
195977.0
196161.0
196338.0
196520.0
196702.0
196884.0
197063.0
197247.0
197429.0
197608.0
197792.0
197976.0
198158.0
198342.0
198524.0
198708.0
198885.0
199065.0
199249.0
199433.0
199615.0
199792.0
199976.0
200155.0
200339.0
200523.0
200707.0
200891.0
201075.0
201254.0
201438.0
201622.0
201806.0
201978.0
202162.0
202341.0
202525.0
202704.0
202886.0
203070.0
203252.0
203436.0
203618.0
203792.0
203971.0
204155.0
204337.0
204514.0
204687.0
204869.0
205046.0
205230.0
205412.0
205596.0
205776.0
205960.0
206137.0
206321.0
206505.0
206689.0
206873.0
207052.0
207234.0
207413.0
207597.0
207781.0
207965.0
208147.0
208331.0
208508.0
208692.0
208876.0
209060.0
209237.0
209419.0
209603.0
209787.0
209971.0
210153.0
210335.0
210517.0
210701.0
210880.0
211062.0
211244.0
211428.0
211610.0
211792.0
211971.0
212150.0
212334.0
212513.0
212692.0
212876.0
213060.0
213244.0
213428.0
213610.0
213794.0
213978.0
214162.0
214346.0
214523.0
214707.0
214884.0
215068.0
215250.0
215434.0
215618.0
215797.0
215981.0
216163.0
216347.0
216524.0
216708.0
216892.0
217067.0
217251.0
217435.0
217615.0
217787.0
217971.0
218155.0
218332.0
218505.0
218689.0
218873.0
219057.0
219239.0
219423.0
219605.0
219780.0
219962.0
220144.0
220328.0
220510.0
220694.0
220876.0
221060.0
221244.0
221428.0
221612.0
221791.0
221973.0
222157.0
222336.0
222515.0
222699.0
222876.0
223060.0
223237.0
223416.0
223598.0
223778.0
223960.0
224144.0
224328.0
224507.0
224691.0
224873.0
225053.0
225237.0
225419.0
225603.0
225785.0
225964.0
226146.0
226330.0
226514.0
226696.0
226878.0
227062.0
227244.0
227428.0
227612.0
227796.0
227970.0
228152.0
228329.0
228507.0
228691.0
228873.0
229055.0
229235.0
229419.0
229603.0
229780.0
229964.0
230148.0
230328.0
230510.0
230694.0
230878.0
231062.0
231246.0
231428.0
231612.0
231796.0
231978.0
232153.0
232337.0
232521.0
232705.0
232887.0
233071.0
233255.0
233432.0
233614.0
233796.0
233980.0
234164.0
234348.0
234532.0
234714.0
234894.0
235069.0
235253.0
235433.0
235607.0
235791.0
235968.0
236147.0
236331.0
236510.0
236694.0
236878.0
237062.0
237246.0
237430.0
237612.0
237796.0
237976.0
238160.0
238340.0
238524.0
238708.0
238885.0
239069.0
239251.0
239433.0
239612.0
239794.0
239978.0
240160.0
240334.0
240518.0
240702.0
240879.0
241063.0
241247.0
241431.0
241609.0
241793.0
241977.0
242159.0
242343.0
242527.0
242709.0
242893.0
243077.0
243261.0
243440.0
243619.0
243801.0
243985.0
244169.0
244351.0
244535.0
244719.0
244901.0
245078.0
245258.0
245442.0
245609.0
245793.0
245977.0
246161.0
246339.0
246516.0
246700.0
246882.0
247064.0
247248.0
247427.0
247611.0
247795.0
247977.0
248161.0
248343.0
248527.0
248711.0
248893.0
249070.0
249244.0
249426.0
249610.0
249794.0
249973.0
250157.0
250339.0
250523.0
250700.0
250884.0
251056.0
251240.0
251422.0
251596.0
251778.0
251955.0
252139.0
252323.0
252505.0
252689.0
252871.0
253055.0
253239.0
253423.0
253607.0
253791.0
253973.0
254157.0
254341.0
254523.0
254707.0
254891.0
255075.0
255254.0
255434.0
255618.0
255802.0
255984.0
256163.0
256345.0
256529.0
256711.0
256888.0
257063.0
257247.0
257429.0
257613.0
257797.0
257976.0
258160.0
258344.0
258528.0
258702.0
258886.0
259068.0
259248.0
259427.0
259611.0
259795.0
259979.0
260163.0
260347.0
260524.0
260691.0
260875.0
261054.0
261238.0
261422.0
261591.0
261770.0
261954.0
262133.0
262313.0
262495.0
262679.0
262863.0
263037.0
263216.0
263396.0
263578.0
263760.0
263932.0
264116.0
264298.0
264478.0
264657.0
264834.0
265016.0
265194.0
265378.0
265555.0
