a = 0.5
g = 0.8
e = 0.1
random initial weights = false

-1453.0
-2147.0
-2640.0
-3119.0
-3611.0
-6064.0
-8492.0
-8934.0
-11369.0
-11796.0
-14191.0
-14032.0
-14440.0
-14275.0
-14093.0
-13909.0
-13725.0
-13543.0
-13423.0
-13246.0
-13062.0
-12885.0
-12701.0
-12519.0
-12335.0
-12151.0
-11967.0
-11783.0
-11604.0
-11420.0
-11240.0
-11056.0
-10872.0
-10688.0
-10504.0
-10320.0
-10136.0
-9952.0
-9774.0
-9590.0
-9413.0
-9229.0
-9049.0
-8875.0
-8693.0
-8517.0
-8333.0
-8149.0
-7967.0
-7785.0
-7601.0
-7422.0
-7244.0
-7088.0
-6904.0
-6725.0
-6543.0
-6359.0
-6179.0
-5995.0
-5816.0
-5632.0
-5448.0
-5264.0
-5082.0
-4900.0
-4716.0
-4539.0
-4355.0
-4171.0
-3987.0
-3809.0
-3625.0
-3441.0
-3257.0
-3078.0
-2894.0
-2710.0
-2526.0
-2342.0
-2158.0
-1979.0
-1795.0
-1611.0
-1429.0
-1245.0
-1061.0
-877.0
-695.0
-511.0
-327.0
-143.0
41.0
225.0
404.0
583.0
767.0
947.0
1122.0
1301.0
1480.0
1659.0
1843.0
2021.0
2203.0
2387.0
2571.0
2755.0
2934.0
3113.0
3290.0
3465.0
3649.0
3833.0
4017.0
4201.0
4380.0
4562.0
4744.0
4923.0
5107.0
5285.0
5464.0
5648.0
5832.0
6016.0
6200.0
6384.0
6568.0
6747.0
6926.0
7105.0
7289.0
7471.0
7650.0
7810.0
7994.0
8176.0
8353.0
8535.0
8719.0
8896.0
9078.0
9262.0
9446.0
9630.0
9804.0
9986.0
10170.0
10354.0
10536.0
10710.0
10887.0
11071.0
11253.0
11435.0
11619.0
11803.0
11982.0
12166.0
12350.0
12527.0
12706.0
12890.0
13074.0
13258.0
13432.0
13616.0
13798.0
13982.0
14154.0
14333.0
14517.0
14701.0
14883.0
15067.0
15251.0
15428.0
15612.0
15796.0
15975.0
16159.0
16343.0
16527.0
16709.0
16878.0
17060.0
17244.0
17418.0
17602.0
17786.0
17963.0
18143.0
18325.0
18505.0
18689.0
18871.0
19053.0
19237.0
19419.0
19603.0
19785.0
19969.0
20142.0
20321.0
20503.0
20678.0
20862.0
21046.0
21230.0
21414.0
21584.0
21766.0
21950.0
22132.0
22316.0
22500.0
22684.0
22868.0
23050.0
23234.0
23413.0
23597.0
23781.0
23950.0
24126.0
24305.0
24489.0
24671.0
24855.0
25034.0
25207.0
25391.0
25573.0
25757.0
25941.0
26125.0
26305.0
26489.0
26673.0
26855.0
27039.0
27218.0
27397.0
27576.0
27758.0
27937.0
28116.0
28298.0
28474.0
28654.0
28830.0
29005.0
29189.0
29368.0
29548.0
29730.0
29905.0
30085.0
30269.0
30453.0
30637.0
30816.0
30996.0
31176.0
31360.0
31544.0
31728.0
31912.0
32086.0
32260.0
32444.0
32626.0
32810.0
32994.0
33161.0
33345.0
33529.0
33711.0
33895.0
34079.0
34256.0
34438.0
34622.0
34806.0
34983.0
35162.0
35341.0
35521.0
35703.0
35885.0
36069.0
36251.0
36435.0
36619.0
36793.0
36972.0
37156.0
37340.0
37522.0
37701.0
37885.0
38069.0
38251.0
38435.0
38619.0
38799.0
38981.0
39163.0
39347.0
39531.0
39708.0
39887.0
40071.0
40250.0
40434.0
40618.0
40792.0
40976.0
41158.0
41335.0
41519.0
41689.0
41863.0
42045.0
42224.0
42408.0
42587.0
42771.0
42955.0
43139.0
43323.0
43501.0
43685.0
43865.0
44045.0
44229.0
44409.0
44593.0
44777.0
44959.0
45143.0
45327.0
45509.0
45688.0
45872.0
46056.0
46236.0
46418.0
46602.0
46786.0
46966.0
47148.0
47332.0
47511.0
47695.0
47879.0
48061.0
48240.0
48420.0
48595.0
48775.0
48957.0
49141.0
49316.0
49498.0
49682.0
49864.0
50048.0
50232.0
50416.0
50600.0
50782.0
50960.0
51135.0
51319.0
51498.0
51682.0
51861.0
52035.0
52217.0
52401.0
52585.0
52760.0
52944.0
53128.0
53310.0
53492.0
53674.0
53858.0
54042.0
54219.0
54399.0
54578.0
54757.0
54941.0
55125.0
55304.0
55488.0
55668.0
55852.0
56026.0
56205.0
56389.0
56573.0
56757.0
56941.0
57123.0
57302.0
57486.0
57663.0
57847.0
58031.0
58209.0
58393.0
58577.0
58759.0
58943.0
59127.0
59307.0
59491.0
59670.0
59850.0
60034.0
60216.0
60400.0
60584.0
60766.0
60948.0
61132.0
61312.0
61491.0
61673.0
61855.0
62034.0
62218.0
62402.0
62584.0
62763.0
62945.0
63129.0
63308.0
63490.0
63674.0
63858.0
64042.0
64226.0
64410.0
64585.0
64769.0
64953.0
65137.0
65321.0
65505.0
65689.0
65871.0
66055.0
66239.0
66421.0
66605.0
66782.0
66962.0
67137.0
67319.0
67499.0
67683.0
67860.0
68044.0
68228.0
68408.0
68592.0
68774.0
68953.0
69135.0
69319.0
69501.0
69685.0
69867.0
70047.0
70231.0
70415.0
70599.0
70781.0
70965.0
71149.0
71333.0
71517.0
71701.0
71878.0
72057.0
72236.0
72415.0
72599.0
72783.0
72967.0
73151.0
73335.0
73519.0
73701.0
73883.0
74067.0
74251.0
74433.0
74617.0
74801.0
74983.0
75165.0
75349.0
75533.0
75710.0
75894.0
76076.0
76260.0
76442.0
76617.0
76801.0
76985.0
77167.0
77351.0
77533.0
77715.0
77897.0
78079.0
78261.0
78443.0
78621.0
78795.0
78972.0
79156.0
79335.0
79505.0
79689.0
79868.0
80052.0
80234.0
80418.0
80600.0
80782.0
80964.0
81143.0
81325.0
81502.0
81686.0
81868.0
82050.0
82232.0
82416.0
82600.0
82775.0
82959.0
83143.0
83325.0
83504.0
83686.0
83870.0
84052.0
84234.0
84416.0
84600.0
84779.0
84958.0
85142.0
85326.0
85505.0
85684.0
85861.0
86038.0
86220.0
86404.0
86584.0
86766.0
86950.0
87134.0
87316.0
87493.0
87675.0
87859.0
88043.0
88225.0
88404.0
88588.0
88770.0
88954.0
89138.0
89320.0
89502.0
89676.0
89860.0
90044.0
90226.0
90408.0
90590.0
90774.0
90956.0
91135.0
91319.0
91503.0
91673.0
91852.0
92034.0
92218.0
92402.0
92581.0
92765.0
92944.0
93121.0
93305.0
93489.0
93669.0
93851.0
94033.0
94206.0
94388.0
94565.0
94749.0
94933.0
95108.0
95288.0
95470.0
95654.0
95838.0
96022.0
96204.0
96386.0
96570.0
96754.0
96928.0
97112.0
97294.0
97478.0
97662.0
97846.0
98018.0
98190.0
98374.0
98556.0
98738.0
98920.0
99104.0
99278.0
99457.0
99634.0
99806.0
99988.0
100160.0
100339.0
100523.0
100707.0
100886.0
101070.0
101242.0
101424.0
101608.0
101792.0
101976.0
102160.0
102344.0
102528.0
102712.0
102891.0
103070.0
103254.0
103438.0
103620.0
103804.0
103988.0
104172.0
104354.0
104533.0
104717.0
104901.0
105081.0
105263.0
105447.0
105631.0
105815.0
105994.0
106178.0
106362.0
106546.0
106730.0
106914.0
107098.0
107282.0
107464.0
107646.0
107821.0
108005.0
108187.0
108371.0
108550.0
108732.0
108912.0
109091.0
109273.0
109450.0
109634.0
109816.0
110000.0
110184.0
110368.0
110552.0
110736.0
110915.0
111095.0
111272.0
111454.0
111638.0
111817.0
112001.0
112183.0
112367.0
112551.0
112730.0
112914.0
113098.0
113282.0
113455.0
113639.0
113823.0
113998.0
114175.0
114357.0
114537.0
114716.0
114893.0
115077.0
115257.0
115441.0
115625.0
115807.0
115986.0
116168.0
116352.0
116536.0
116718.0
116897.0
117079.0
117258.0
117442.0
117626.0
117806.0
117990.0
118162.0
118346.0
118530.0
118712.0
118896.0
119080.0
119264.0
119448.0
119632.0
119816.0
120000.0
120179.0
120344.0
120519.0
120703.0
120887.0
121067.0
121251.0
121435.0
121619.0
121797.0
121979.0
122154.0
122333.0
122517.0
122696.0
122871.0
123050.0
123234.0
123418.0
123600.0
123784.0
123966.0
124145.0
124324.0
124508.0
124690.0
124874.0
125056.0
125238.0
125420.0
125599.0
125781.0
125961.0
126145.0
126324.0
126508.0
126685.0
126869.0
127053.0
127237.0
127421.0
127605.0
127787.0
127962.0
128146.0
128328.0
128512.0
128696.0
128880.0
129064.0
129246.0
129430.0
129614.0
129796.0
129965.0
130149.0
130333.0
130517.0
130699.0
130883.0
131062.0
131234.0
131418.0
131597.0
131781.0
131965.0
132133.0
132312.0
132491.0
132673.0
132857.0
133036.0
133220.0
133404.0
133584.0
133768.0
133952.0
134136.0
134318.0
134500.0
134682.0
134866.0
135048.0
135225.0
135409.0
135593.0
135772.0
135954.0
136138.0
136317.0
136497.0
136676.0
136856.0
137038.0
137222.0
137406.0
137590.0
137770.0
137949.0
138133.0
138315.0
138483.0
138660.0
138844.0
139028.0
139210.0
139392.0
139569.0
139753.0
139937.0
140121.0
140305.0
140487.0
140669.0
140853.0
141035.0
141219.0
141401.0
141583.0
141757.0
141941.0
142123.0
142307.0
142487.0
142671.0
142855.0
143037.0
143221.0
143403.0
143585.0
143767.0
143949.0
144133.0
144317.0
144496.0
144678.0
144860.0
145042.0
145224.0
145408.0
145592.0
145776.0
145960.0
146144.0
146328.0
146512.0
146696.0
146875.0
147055.0
147230.0
147414.0
147596.0
147780.0
147964.0
148141.0
148325.0
148507.0
148689.0
148873.0
149055.0
149239.0
149418.0
149602.0
149784.0
149968.0
150150.0
150332.0
150511.0
150695.0
150879.0
151056.0
151233.0
151417.0
151596.0
151776.0
151955.0
152134.0
152318.0
152500.0
152677.0
152861.0
153045.0
153224.0
153406.0
153585.0
153764.0
153948.0
154132.0
154316.0
154495.0
154679.0
154858.0
155042.0
155217.0
155399.0
155581.0
155755.0
155933.0
156115.0
156294.0
156478.0
156662.0
156846.0
157030.0
157212.0
157394.0
157578.0
157760.0
157942.0
158126.0
158300.0
158484.0
158668.0
158852.0
159034.0
159211.0
159395.0
159574.0
159758.0
159942.0
160122.0
160306.0
160485.0
160669.0
160851.0
161035.0
161217.0
161401.0
161585.0
161769.0
161946.0
162128.0
162305.0
162489.0
162663.0
162847.0
163029.0
163213.0
163395.0
163575.0
163757.0
163941.0
164123.0
164293.0
164477.0
164661.0
164845.0
165021.0
165203.0
165375.0
165559.0
165743.0
165927.0
166111.0
166295.0
166479.0
166663.0
166847.0
167031.0
167211.0
167395.0
167579.0
167763.0
167940.0
168124.0
168308.0
168492.0
168674.0
168858.0
169042.0
169226.0
169410.0
169594.0
169778.0
169962.0
170144.0
170323.0
170505.0
170689.0
170873.0
171057.0
171241.0
171423.0
171607.0
171791.0
171975.0
172155.0
172337.0
172519.0
172703.0
172875.0
173057.0
173241.0
173421.0
173595.0
173779.0
173963.0
174145.0
174329.0
174511.0
174695.0
174874.0
175058.0
175240.0
175424.0
175599.0
175779.0
175963.0
176145.0
176329.0
176508.0
176692.0
176876.0
177058.0
177237.0
177421.0
177605.0
177789.0
177973.0
178142.0
178319.0
178503.0
178681.0
178863.0
179047.0
179229.0
179413.0
179597.0
179781.0
179960.0
180139.0
180321.0
180505.0
180689.0
180862.0
181046.0
181228.0
181412.0
181589.0
181773.0
181957.0
182139.0
182316.0
182500.0
182684.0
182864.0
183048.0
183230.0
183414.0
183593.0
183775.0
183952.0
184134.0
184316.0
184500.0
184679.0
184863.0
185043.0
185221.0
185405.0
185587.0
185771.0
185949.0
186131.0
186315.0
186497.0
186681.0
186865.0
187042.0
187222.0
187406.0
187590.0
187774.0
187958.0
188122.0
188301.0
188485.0
188669.0
188853.0
189037.0
189216.0
189400.0
189584.0
189768.0
189948.0
190132.0
190314.0
190498.0
190680.0
190864.0
191048.0
191232.0
191416.0
191600.0
191777.0
191961.0
192140.0
192324.0
192506.0
192683.0
192867.0
193051.0
193235.0
193417.0
193596.0
193778.0
193962.0
194137.0
194321.0
194505.0
194687.0
194871.0
195050.0
195232.0
195416.0
195598.0
195780.0
195962.0
196146.0
196328.0
196512.0
196696.0
196878.0
197060.0
197239.0
197423.0
197607.0
197791.0
197968.0
198152.0
198332.0
198514.0
198698.0
198880.0
199064.0
199236.0
199418.0
199600.0
199782.0
199966.0
200150.0
200334.0
200513.0
200675.0
200857.0
201041.0
201225.0
201409.0
201593.0
201777.0
201961.0
202145.0
202320.0
202502.0
202676.0
202860.0
203039.0
203223.0
203407.0
203591.0
203775.0
203959.0
204141.0
204325.0
204496.0
204678.0
204862.0
205044.0
205228.0
205410.0
205592.0
205771.0
205953.0
206133.0
206312.0
206496.0
206680.0
206864.0
207043.0
207227.0
207411.0
207595.0
207779.0
207963.0
208142.0
208326.0
208510.0
208694.0
208878.0
209053.0
209232.0
209416.0
209595.0
209779.0
209963.0
210142.0
210326.0
210510.0
210688.0
210870.0
211050.0
211234.0
211416.0
211600.0
211784.0
211968.0
212152.0
212332.0
212514.0
212698.0
212877.0
213056.0
213236.0
213420.0
213600.0
213780.0
213964.0
214148.0
214328.0
214510.0
214694.0
214878.0
215060.0
215237.0
215421.0
215600.0
215784.0
215968.0
216152.0
216325.0
216504.0
216684.0
216866.0
217050.0
217234.0
217416.0
217600.0
217784.0
217961.0
218145.0
218329.0
218511.0
218688.0
218868.0
219052.0
219231.0
219408.0
219592.0
219776.0
219951.0
220133.0
220315.0
220499.0
220683.0
220865.0
221049.0
221233.0
221407.0
221591.0
221775.0
221954.0
222136.0
222318.0
222500.0
222682.0
222866.0
223045.0
223224.0
223408.0
223592.0
223776.0
223960.0
224144.0
224326.0
224508.0
224690.0
224874.0
225058.0
225240.0
225424.0
225603.0
225785.0
225967.0
226149.0
226329.0
226511.0
226695.0
226879.0
227063.0
227247.0
227431.0
227615.0
227797.0
227981.0
228163.0
228342.0
228526.0
228708.0
228887.0
229071.0
229255.0
229437.0
229617.0
229797.0
229977.0
230154.0
230336.0
230518.0
230700.0
230884.0
231066.0
231240.0
231422.0
231606.0
231785.0
231964.0
232138.0
232322.0
232506.0
232688.0
232867.0
233046.0
233228.0
233410.0
233594.0
233778.0
233962.0
234146.0
234330.0
234514.0
234698.0
234877.0
235059.0
235243.0
235427.0
235611.0
235795.0
235979.0
236157.0
236341.0
236525.0
236709.0
236893.0
237075.0
237259.0
237441.0
237625.0
237809.0
237991.0
238173.0
238357.0
238541.0
238725.0
238907.0
239091.0
239273.0
239457.0
239641.0
239823.0
240005.0
240189.0
240371.0
240555.0
240739.0
240923.0
241107.0
241291.0
241475.0
241659.0
241843.0
242027.0
242207.0
242391.0
242573.0
242757.0
242941.0
243125.0
243302.0
243486.0
243665.0
243847.0
244031.0
244215.0
244399.0
244573.0
244755.0
244939.0
245117.0
245301.0
245485.0
245667.0
245844.0
246024.0
246208.0
246390.0
246574.0
246758.0
246942.0
247126.0
247305.0
247489.0
247671.0
247851.0
248025.0
248202.0
248384.0
248563.0
248745.0
248929.0
249106.0
249290.0
249472.0
249654.0
249838.0
250022.0
250206.0
250381.0
250563.0
250740.0
250922.0
251095.0
251279.0
251463.0
251645.0
251829.0
252013.0
252197.0
252379.0
252559.0
252738.0
252912.0
253096.0
253278.0
253462.0
253641.0
253825.0
254009.0
254193.0
254372.0
254556.0
254740.0
254922.0
255106.0
255288.0
255465.0
255649.0
