a = 0.2
g = 0.8
e = 0.1
random initial weights = false

-2648.0
-3374.0
-5900.0
-6569.0
-6985.0
-7002.0
-7410.0
-7838.0
-10255.0
-10710.0
-13123.0
-13577.0
-13996.0
-16412.0
-16265.0
-16678.0
-17118.0
-17532.0
-17373.0
-17194.0
-17604.0
-17424.0
-17242.0
-17062.0
-16878.0
-16694.0
-16510.0
-16326.0
-16144.0
-15960.0
-15776.0
-15592.0
-15414.0
-15235.0
-15053.0
-14871.0
-14687.0
-14503.0
-14319.0
-14135.0
-13951.0
-13769.0
-13585.0
-13401.0
-13224.0
-13042.0
-12862.0
-12680.0
-12500.0
-12318.0
-12138.0
-11956.0
-11772.0
-11588.0
-11404.0
-11220.0
-11041.0
-10857.0
-10678.0
-10494.0
-10310.0
-10126.0
-9953.0
-9769.0
-9585.0
-9401.0
-9217.0
-9033.0
-8849.0
-8665.0
-8481.0
-8299.0
-8117.0
-7933.0
-7749.0
-7567.0
-7383.0
-7203.0
-7024.0
-6840.0
-6656.0
-6472.0
-6290.0
-6108.0
-5924.0
-5742.0
-5558.0
-5374.0
-5190.0
-5006.0
-4826.0
-4642.0
-4458.0
-4276.0
-4092.0
-3908.0
-3724.0
-3544.0
-3362.0
-3180.0
-3005.0
-2821.0
-2639.0
-2459.0
-2275.0
-2091.0
-1907.0
-1728.0
-1548.0
-1366.0
-1184.0
-1005.0
-828.0
-646.0
-462.0
-278.0
-94.0
90.0
272.0
452.0
636.0
820.0
1004.0
1188.0
1372.0
1549.0
1731.0
1910.0
2094.0
2273.0
2452.0
2636.0
2818.0
3002.0
3184.0
3368.0
3552.0
3731.0
3910.0
4094.0
4278.0
4458.0
4638.0
4818.0
4995.0
5179.0
5356.0
5540.0
5717.0
5901.0
6078.0
6260.0
6424.0
6608.0
6792.0
6974.0
7151.0
7335.0
7519.0
7703.0
7887.0
8067.0
8249.0
8428.0
8610.0
8794.0
8978.0
9162.0
9346.0
9526.0
9705.0
9887.0
10071.0
10253.0
10437.0
10621.0
10805.0
10984.0
11162.0
11346.0
11530.0
11714.0
11898.0
12082.0
12261.0
12445.0
12627.0
12809.0
12993.0
13177.0
13355.0
13537.0
13721.0
13903.0
14087.0
14271.0
14455.0
14639.0
14823.0
15007.0
15191.0
15370.0
15552.0
15736.0
15920.0
16102.0
16286.0
16470.0
16652.0
16832.0
17014.0
17191.0
17375.0
17553.0
17737.0
17916.0
18095.0
18277.0
18461.0
18645.0
18827.0
19011.0
19190.0
19372.0
19554.0
19738.0
19917.0
20099.0
20283.0
20467.0
20651.0
20835.0
21019.0
21203.0
21383.0
21567.0
21751.0
21933.0
22117.0
22296.0
22476.0
22660.0
22834.0
23018.0
23202.0
23379.0
23558.0
23736.0
23920.0
24104.0
24283.0
24465.0
24645.0
24829.0
25013.0
25193.0
25377.0
25556.0
25738.0
25915.0
26094.0
26273.0
26455.0
26637.0
26821.0
27005.0
27184.0
27368.0
27552.0
27736.0
27920.0
28098.0
28282.0
28464.0
28646.0
28825.0
29009.0
29188.0
29367.0
29546.0
29725.0
29904.0
30086.0
30270.0
30449.0
30631.0
30815.0
30994.0
31171.0
31353.0
31535.0
31717.0
31901.0
32085.0
32269.0
32453.0
32637.0
32821.0
32998.0
33177.0
33361.0
33545.0
33727.0
33911.0
34085.0
34269.0
34453.0
34637.0
34816.0
35000.0
35182.0
35364.0
35548.0
35725.0
35907.0
36091.0
36275.0
36454.0
36633.0
36813.0
36997.0
37181.0
37363.0
37547.0
37726.0
37904.0
38083.0
38263.0
38447.0
38625.0
38809.0
38991.0
39171.0
39340.0
39524.0
39708.0
39892.0
40076.0
40260.0
40444.0
40628.0
40810.0
40970.0
41148.0
41332.0
41516.0
41695.0
41877.0
42059.0
42243.0
42425.0
42599.0
42783.0
42960.0
43140.0
43324.0
43508.0
43688.0
43872.0
44054.0
44233.0
44417.0
44601.0
44780.0
44962.0
45146.0
45330.0
45514.0
45698.0
45877.0
46061.0
46239.0
46421.0
46605.0
46784.0
46963.0
47147.0
47329.0
47508.0
47688.0
47872.0
48056.0
48240.0
48419.0
48595.0
48779.0
48963.0
49147.0
49329.0
49506.0
49685.0
49864.0
50044.0
50228.0
50412.0
50594.0
50776.0
50956.0
51136.0
51320.0
51504.0
51683.0
51865.0
52049.0
52233.0
52417.0
52596.0
52780.0
52964.0
53148.0
53330.0
53514.0
53698.0
53877.0
54057.0
54234.0
54418.0
54592.0
54771.0
54955.0
55134.0
55318.0
55502.0
55686.0
55868.0
56052.0
56236.0
56416.0
56600.0
56784.0
56964.0
57148.0
57326.0
57510.0
57690.0
57872.0
58046.0
58230.0
58412.0
58596.0
58778.0
58958.0
59137.0
59319.0
59503.0
59683.0
59867.0
60051.0
60235.0
60419.0
60594.0
60776.0
60960.0
61144.0
61326.0
61510.0
61689.0
61871.0
62055.0
62239.0
62423.0
62607.0
62787.0
62967.0
63151.0
63333.0
63515.0
63699.0
63883.0
64067.0
64249.0
64431.0
64615.0
64797.0
64981.0
65163.0
65345.0
65529.0
65713.0
65890.0
66072.0
66252.0
66429.0
66613.0
66797.0
66974.0
67153.0
67337.0
67521.0
67705.0
67889.0
68073.0
68255.0
68437.0
68607.0
68789.0
68973.0
69157.0
69341.0
69525.0
69709.0
69888.0
70072.0
70251.0
70435.0
70619.0
70796.0
70975.0
71154.0
71338.0
71522.0
71701.0
71881.0
72060.0
72239.0
72408.0
72592.0
72769.0
72953.0
73128.0
73307.0
73491.0
73675.0
73854.0
74038.0
74222.0
74406.0
74580.0
74762.0
74944.0
75128.0
75310.0
75490.0
75669.0
75851.0
76024.0
76208.0
76392.0
76574.0
76756.0
76940.0
77124.0
77308.0
77485.0
77664.0
77848.0
78032.0
78209.0
78391.0
78575.0
78759.0
78943.0
79127.0
79311.0
79495.0
79674.0
79851.0
80035.0
80219.0
80398.0
80582.0
80766.0
80945.0
81129.0
81307.0
81479.0
81659.0
81839.0
82021.0
82205.0
82382.0
82566.0
82743.0
82927.0
83109.0
83291.0
83475.0
83659.0
83841.0
84020.0
84199.0
84383.0
84557.0
84739.0
84916.0
85095.0
85273.0
85455.0
85639.0
85821.0
86003.0
86187.0
86371.0
86555.0
86732.0
86916.0
87100.0
87284.0
87466.0
87650.0
87834.0
88018.0
88198.0
88380.0
88554.0
88732.0
88916.0
89100.0
89284.0
89466.0
89645.0
89823.0
90002.0
90186.0
90365.0
90547.0
90731.0
90906.0
91090.0
91274.0
91458.0
91640.0
91824.0
92008.0
92190.0
92374.0
92558.0
92742.0
92924.0
93098.0
93280.0
93464.0
93646.0
93828.0
94012.0
94194.0
94378.0
94560.0
94744.0
94926.0
95110.0
95280.0
95460.0
95644.0
95824.0
96008.0
96192.0
96376.0
96560.0
96744.0
96926.0
97101.0
97283.0
97465.0
97647.0
97829.0
98006.0
98188.0
98372.0
98554.0
98736.0
98918.0
99102.0
99286.0
99470.0
99652.0
99836.0
100015.0
100199.0
100381.0
100560.0
100737.0
100917.0
101092.0
101276.0
101460.0
101644.0
101828.0
102008.0
102192.0
102371.0
102545.0
102725.0
102907.0
103086.0
103270.0
103454.0
103633.0
103807.0
103989.0
104173.0
104355.0
104539.0
104719.0
104903.0
105085.0
105267.0
105446.0
105628.0
105807.0
105991.0
106173.0
106352.0
106529.0
106711.0
106895.0
107079.0
107258.0
107442.0
107626.0
107808.0
107992.0
108176.0
108360.0
108544.0
108726.0
108910.0
109094.0
109276.0
109453.0
109637.0
109816.0
109998.0
110182.0
110361.0
110545.0
110729.0
110911.0
111093.0
111273.0
111452.0
111631.0
111815.0
111992.0
112176.0
112358.0
112542.0
112726.0
112903.0
113087.0
113271.0
113448.0
113632.0
113814.0
113994.0
114176.0
114355.0
114530.0
114714.0
114888.0
115072.0
115256.0
115436.0
115620.0
115795.0
115977.0
116156.0
116334.0
116518.0
116702.0
116886.0
117065.0
117245.0
117427.0
117611.0
117793.0
117975.0
118149.0
118326.0
118508.0
118690.0
118865.0
119047.0
119231.0
119400.0
119584.0
119768.0
119947.0
120131.0
120311.0
120489.0
120673.0
120857.0
121034.0
121218.0
121397.0
121581.0
121765.0
121949.0
122133.0
122315.0
122493.0
122677.0
122861.0
123036.0
123215.0
123395.0
123577.0
123761.0
123945.0
124122.0
124306.0
124488.0
124672.0
124856.0
125038.0
125222.0
125406.0
125585.0
125769.0
125951.0
126135.0
126319.0
126496.0
126678.0
126862.0
127046.0
127230.0
127412.0
127596.0
127780.0
127964.0
128146.0
128328.0
128507.0
128689.0
128871.0
129053.0
129237.0
129416.0
129600.0
129779.0
129963.0
130140.0
130322.0
130495.0
130677.0
130859.0
131043.0
131227.0
131409.0
131584.0
131766.0
131945.0
132129.0
132313.0
132497.0
132681.0
132865.0
133049.0
133226.0
133410.0
133592.0
133774.0
133953.0
134137.0
134321.0
134503.0
134677.0
134856.0
135040.0
135222.0
135406.0
135588.0
135770.0
135954.0
136138.0
136322.0
136506.0
136690.0
136874.0
137048.0
137222.0
137404.0
137578.0
137762.0
137946.0
138125.0
138309.0
138491.0
138668.0
138852.0
139036.0
139220.0
139402.0
139580.0
139764.0
139939.0
140123.0
140302.0
140484.0
140668.0
140850.0
141034.0
141218.0
141402.0
141586.0
141766.0
141950.0
142134.0
142307.0
142486.0
142670.0
142854.0
143036.0
143220.0
143404.0
143588.0
143770.0
143954.0
144138.0
144322.0
144504.0
144688.0
144860.0
145044.0
145228.0
145410.0
145594.0
145776.0
145960.0
146144.0
146328.0
146508.0
146692.0
146876.0
147056.0
147240.0
147422.0
147604.0
147786.0
147970.0
148149.0
148333.0
148515.0
148697.0
148877.0
149061.0
149245.0
149429.0
149606.0
149790.0
149969.0
150151.0
150326.0
150510.0
150692.0
150869.0
151053.0
151235.0
151412.0
151596.0
151780.0
151964.0
152141.0
152323.0
152502.0
152686.0
152868.0
153052.0
153234.0
153416.0
153598.0
153782.0
153957.0
154136.0
154318.0
154502.0
154686.0
154870.0
155052.0
155236.0
155415.0
155599.0
155783.0
155965.0
156149.0
156331.0
156515.0
156699.0
156878.0
157056.0
157238.0
157420.0
157594.0
157766.0
157950.0
158134.0
158318.0
158502.0
158679.0
158863.0
159040.0
159217.0
159401.0
159585.0
159769.0
159953.0
160137.0
160316.0
160500.0
160684.0
160868.0
161050.0
161229.0
161411.0
161595.0
161779.0
161963.0
162147.0
162331.0
162515.0
162699.0
162881.0
163061.0
163243.0
163427.0
163609.0
163789.0
163973.0
164151.0
164330.0
164512.0
164694.0
164876.0
165053.0
165237.0
165421.0
165600.0
165765.0
165947.0
166131.0
166313.0
166497.0
166676.0
166860.0
167044.0
167226.0
167408.0
167585.0
167759.0
167943.0
168123.0
168300.0
168484.0
168668.0
168847.0
169020.0
169202.0
169382.0
169566.0
169743.0
169925.0
170109.0
170293.0
170477.0
170661.0
170845.0
171029.0
171213.0
171387.0
171571.0
171755.0
171918.0
172102.0
172280.0
172464.0
172638.0
172822.0
173001.0
173185.0
173365.0
173545.0
173729.0
173913.0
174092.0
174276.0
174460.0
174635.0
174817.0
174996.0
175178.0
175355.0
175539.0
175723.0
175900.0
176078.0
176262.0
176442.0
176624.0
176808.0
176992.0
177174.0
177358.0
177535.0
177717.0
177899.0
178081.0
178265.0
178449.0
178633.0
178817.0
179001.0
179185.0
179369.0
179548.0
179732.0
179916.0
180098.0
180282.0
180462.0
180644.0
180828.0
181012.0
181194.0
181373.0
181557.0
181739.0
181921.0
182105.0
182289.0
182471.0
182655.0
182839.0
183023.0
183202.0
183381.0
183558.0
183742.0
183926.0
184110.0
184287.0
184466.0
184646.0
184826.0
185010.0
185194.0
185376.0
185558.0
185740.0
185922.0
186104.0
186288.0
186472.0
186649.0
186833.0
187017.0
187201.0
187378.0
187562.0
187744.0
187923.0
188102.0
188286.0
188462.0
188646.0
188816.0
188995.0
189177.0
189361.0
189545.0
189729.0
189906.0
190085.0
190269.0
190448.0
190625.0
190809.0
190993.0
191177.0
191361.0
191545.0
191729.0
191911.0
192095.0
192279.0
192456.0
192640.0
192822.0
193006.0
193190.0
193372.0
193556.0
193740.0
193914.0
194098.0
194282.0
194466.0
194650.0
194829.0
195013.0
195197.0
195377.0
195559.0
195741.0
195921.0
196105.0
196287.0
196464.0
196648.0
196832.0
197014.0
197198.0
197382.0
197566.0
197750.0
197934.0
198111.0
198295.0
198479.0
198659.0
198836.0
199018.0
199195.0
199377.0
199546.0
199730.0
199912.0
200091.0
200275.0
200459.0
200643.0
200822.0
201002.0
201181.0
201365.0
201549.0
201733.0
201917.0
202099.0
202281.0
202463.0
202645.0
202829.0
203009.0
203191.0
203368.0
203552.0
203736.0
203920.0
204104.0
204288.0
204470.0
204654.0
204838.0
205020.0
205199.0
205383.0
205563.0
205745.0
205929.0
206113.0
206291.0
206475.0
206657.0
206834.0
207013.0
207197.0
207381.0
207565.0
207742.0
207926.0
208106.0
208290.0
208474.0
208656.0
208831.0
209015.0
209197.0
209379.0
209563.0
209745.0
209929.0
210113.0
210297.0
210479.0
210656.0
210833.0
211017.0
211196.0
211375.0
211559.0
211743.0
211915.0
212092.0
212276.0
212460.0
212644.0
212826.0
213008.0
213192.0
213376.0
213553.0
213731.0
213915.0
214099.0
214278.0
214458.0
214640.0
214824.0
215008.0
215183.0
215367.0
215544.0
215723.0
215907.0
216091.0
216266.0
216448.0
216625.0
216807.0
216991.0
217175.0
217354.0
217527.0
217709.0
217893.0
218077.0
218261.0
218443.0
218623.0
218807.0
218989.0
219173.0
219353.0
219537.0
219714.0
219896.0
220078.0
220260.0
220444.0
220628.0
220812.0
220996.0
221180.0
221362.0
221546.0
221730.0
221906.0
222083.0
222267.0
222442.0
222622.0
222806.0
222983.0
223167.0
223351.0
223535.0
223719.0
223901.0
224080.0
224262.0
224441.0
224625.0
224809.0
224993.0
225175.0
225359.0
225538.0
225722.0
225902.0
226084.0
226262.0
226444.0
226628.0
226812.0
226996.0
227175.0
227354.0
227538.0
227720.0
227904.0
228079.0
228263.0
228445.0
228629.0
228813.0
228992.0
229171.0
229353.0
229535.0
229712.0
229896.0
230080.0
230264.0
230448.0
230632.0
230812.0
230991.0
231173.0
231355.0
231537.0
231721.0
231900.0
232084.0
232268.0
232438.0
232620.0
232804.0
232983.0
233167.0
233349.0
233528.0
233712.0
233894.0
234073.0
234257.0
234441.0
234625.0
234809.0
234993.0
235175.0
235359.0
235543.0
235721.0
235900.0
236082.0
236264.0
236448.0
236627.0
236811.0
236979.0
237161.0
237341.0
237520.0
237702.0
237881.0
238065.0
238249.0
238433.0
238617.0
238784.0
238961.0
239145.0
239329.0
239513.0
239687.0
239871.0
240048.0
240232.0
240414.0
240598.0
240778.0
240960.0
241144.0
241328.0
241507.0
241691.0
241875.0
242052.0
242236.0
242416.0
242598.0
242782.0
242966.0
243143.0
243325.0
243509.0
243688.0
243872.0
244052.0
244236.0
244418.0
244602.0
244786.0
244970.0
245154.0
245334.0
245518.0
245702.0
245884.0
246068.0
246252.0
246434.0
246618.0
246800.0
246982.0
247166.0
247346.0
247515.0
247699.0
247874.0
248058.0
248240.0
248422.0
248606.0
248790.0
248974.0
249158.0
249342.0
249524.0
249706.0
249890.0
250074.0
250253.0
250437.0
250619.0
250801.0
250985.0
251169.0
