a = 0.8
g = 0.5
e = 0.1
random initial weights = true

-577.0
-3158.0
-3717.0
-4410.0
-4288.0
-4699.0
-4589.0
-5060.0
-5500.0
-5994.0
-6415.0
-6848.0
-7275.0
-7720.0
-8164.0
-8098.0
-8521.0
-8943.0
-9380.0
-9795.0
-10219.0
-10640.0
-10470.0
-10885.0
-11306.0
-11132.0
-10954.0
-10792.0
-10614.0
-11025.0
-10862.0
-11273.0
-11697.0
-11525.0
-11347.0
-11169.0
-10993.0
-10817.0
-10645.0
-10476.0
-10298.0
-10125.0
-9949.0
-9771.0
-9593.0
-9415.0
-9237.0
-9059.0
-8881.0
-8714.0
-8536.0
-8360.0
-8188.0
-8010.0
-7837.0
-7659.0
-7483.0
-7307.0
-7131.0
-6953.0
-6782.0
-6606.0
-6428.0
-6252.0
-6076.0
-5898.0
-5720.0
-5547.0
-5369.0
-5191.0
-5022.0
-4844.0
-4666.0
-4488.0
-4312.0
-4139.0
-3961.0
-3783.0
-3609.0
-3440.0
-3266.0
-3090.0
-2916.0
-2738.0
-2560.0
-2382.0
-2211.0
-2039.0
-1868.0
-1690.0
-1514.0
-1336.0
-1162.0
-986.0
-814.0
-642.0
-471.0
-293.0
-125.0
53.0
227.0
405.0
583.0
757.0
931.0
1107.0
1285.0
1459.0
1630.0
1806.0
1982.0
2156.0
2332.0
2510.0
2688.0
2849.0
3027.0
3199.0
3372.0
3536.0
3714.0
3890.0
4068.0
4246.0
4422.0
4596.0
4772.0
4946.0
5124.0
5300.0
5471.0
5647.0
5819.0
5997.0
6169.0
6347.0
6523.0
6701.0
6879.0
7055.0
7233.0
7411.0
7587.0
7765.0
7943.0
8121.0
8297.0
8473.0
8649.0
8827.0
9003.0
9181.0
9359.0
9537.0
9713.0
9891.0
10067.0
10245.0
10419.0
10595.0
10771.0
10945.0
11121.0
11299.0
11477.0
11655.0
11833.0
12007.0
12181.0
12359.0
12533.0
12703.0
12881.0
13057.0
13233.0
13409.0
13580.0
13758.0
13934.0
14110.0
14286.0
14462.0
14634.0
14804.0
14980.0
15154.0
15324.0
15493.0
15663.0
15841.0
16013.0
16191.0
16364.0
16542.0
16713.0
16887.0
17063.0
17239.0
17417.0
17595.0
17771.0
17947.0
18125.0
18297.0
18473.0
18651.0
18829.0
19007.0
19176.0
19348.0
19524.0
19702.0
19876.0
20054.0
20228.0
20404.0
20578.0
20756.0
20932.0
21108.0
21284.0
21460.0
21636.0
21814.0
21992.0
22159.0
22337.0
22511.0
22689.0
22863.0
23041.0
23219.0
23393.0
23569.0
23741.0
23915.0
24093.0
24269.0
24447.0
24625.0
24801.0
24979.0
25157.0
25335.0
25511.0
25689.0
25862.0
26031.0
26209.0
26387.0
26563.0
26737.0
26915.0
27091.0
27263.0
27441.0
27608.0
27786.0
27958.0
28134.0
28312.0
28485.0
28661.0
28837.0
29009.0
29182.0
29360.0
29538.0
29716.0
29892.0
30070.0
30243.0
30421.0
30599.0
30769.0
30942.0
31120.0
31296.0
31465.0
31643.0
31817.0
31991.0
32169.0
32345.0
32523.0
32699.0
32875.0
33053.0
33229.0
33405.0
33583.0
33759.0
33937.0
34115.0
34293.0
34466.0
34644.0
34822.0
34995.0
35165.0
35343.0
35521.0
35699.0
35875.0
36053.0
36231.0
36409.0
36585.0
36759.0
36932.0
37100.0
37273.0
37451.0
37629.0
37807.0
37978.0
38154.0
38332.0
38510.0
38686.0
38855.0
39029.0
39200.0
39372.0
39550.0
39726.0
39902.0
40080.0
40251.0
40419.0
40597.0
40773.0
40951.0
41129.0
41307.0
41485.0
41661.0
41833.0
42011.0
42185.0
42363.0
42539.0
42711.0
42877.0
43053.0
43225.0
43403.0
43574.0
43744.0
43918.0
44092.0
44268.0
44446.0
44620.0
44796.0
44974.0
45143.0
45313.0
45491.0
45659.0
45833.0
46006.0
46182.0
46358.0
46534.0
46712.0
46888.0
47064.0
47240.0
47414.0
47590.0
47764.0
47942.0
48120.0
48293.0
48459.0
48635.0
48811.0
48985.0
49161.0
49337.0
49511.0
49689.0
49862.0
50038.0
50214.0
50390.0
50566.0
50742.0
50918.0
51096.0
51270.0
51441.0
51619.0
51797.0
51973.0
52149.0
52327.0
52503.0
52681.0
52855.0
53033.0
53209.0
53387.0
53565.0
53743.0
53919.0
54095.0
54269.0
54447.0
54625.0
54801.0
54970.0
55139.0
55317.0
55491.0
55667.0
55841.0
56019.0
56195.0
56371.0
56545.0
56721.0
56899.0
57075.0
57251.0
57427.0
57605.0
57783.0
57957.0
58135.0
58309.0
58483.0
58661.0
58839.0
59013.0
59191.0
59369.0
59547.0
59723.0
59901.0
60079.0
60247.0
60423.0
60597.0
60775.0
60949.0
61127.0
61297.0
61475.0
61651.0
61827.0
62003.0
62179.0
62355.0
62531.0
62707.0
62883.0
63054.0
63228.0
63406.0
63584.0
63757.0
63930.0
64108.0
64286.0
64462.0
64640.0
64818.0
64994.0
65170.0
65346.0
65524.0
65702.0
65880.0
66058.0
66230.0
66408.0
66577.0
66753.0
66926.0
67104.0
67280.0
67456.0
67627.0
67805.0
67983.0
68159.0
68337.0
68515.0
68686.0
68862.0
69034.0
69212.0
69388.0
69566.0
69742.0
69918.0
70096.0
70272.0
70445.0
70623.0
70799.0
70977.0
71155.0
71331.0
71509.0
71683.0
71861.0
72037.0
72215.0
72393.0
72571.0
72747.0
72921.0
73095.0
73271.0
73449.0
73625.0
73803.0
73979.0
74157.0
74335.0
74513.0
74681.0
74851.0
75027.0
75200.0
75378.0
75552.0
75726.0
75904.0
76082.0
76256.0
76429.0
76607.0
76783.0
76954.0
77132.0
77310.0
77486.0
77664.0
77842.0
78016.0
78190.0
78358.0
78536.0
78714.0
78892.0
79070.0
79248.0
79426.0
79602.0
79775.0
79953.0
80124.0
80302.0
80474.0
80645.0
80823.0
80999.0
81177.0
81353.0
81520.0
81698.0
81876.0
82052.0
82228.0
82399.0
82573.0
82751.0
82929.0
83105.0
83276.0
83444.0
83620.0
83796.0
83974.0
84152.0
84330.0
84508.0
84682.0
84853.0
85029.0
85207.0
85385.0
85563.0
85741.0
85919.0
86097.0
86275.0
86451.0
86627.0
86805.0
86983.0
87152.0
87330.0
87506.0
87679.0
87857.0
88028.0
88206.0
88384.0
88562.0
88738.0
88914.0
89088.0
89264.0
89440.0
89613.0
89791.0
89964.0
90142.0
90318.0
90489.0
90667.0
90841.0
91017.0
91195.0
91373.0
91545.0
91723.0
91899.0
92072.0
92248.0
92419.0
92593.0
92762.0
92930.0
93106.0
93282.0
93453.0
93631.0
93805.0
93983.0
94161.0
94337.0
94510.0
94688.0
94866.0
95044.0
95220.0
95398.0
95576.0
95754.0
95928.0
96106.0
96282.0
96460.0
96633.0
96809.0
96983.0
97159.0
97335.0
97513.0
97691.0
97860.0
98038.0
98216.0
98389.0
98563.0
98739.0
98906.0
99084.0
99258.0
99436.0
99614.0
99792.0
99966.0
100142.0
100320.0
100498.0
100670.0
100846.0
101015.0
101191.0
101369.0
101542.0
101718.0
101892.0
102070.0
102244.0
102417.0
102593.0
102766.0
102940.0
103118.0
103296.0
103474.0
103652.0
103830.0
104006.0
104182.0
104360.0
104536.0
104714.0
104892.0
105070.0
105243.0
105421.0
105597.0
105775.0
105953.0
106129.0
106301.0
106479.0
106657.0
106830.0
107006.0
107182.0
107358.0
107536.0
107714.0
107890.0
108068.0
108246.0
108424.0
108602.0
108775.0
108953.0
109131.0
109304.0
109482.0
109660.0
109838.0
110016.0
110194.0
110370.0
110548.0
110726.0
110904.0
111082.0
111258.0
111436.0
111614.0
111790.0
111966.0
112140.0
112318.0
112492.0
112662.0
112840.0
113016.0
113182.0
113348.0
113524.0
113702.0
113873.0
114051.0
114229.0
114407.0
114583.0
114754.0
114930.0
115108.0
115286.0
115462.0
115640.0
115814.0
115990.0
116163.0
116341.0
116519.0
116697.0
116875.0
117048.0
117226.0
117404.0
117582.0
117758.0
117931.0
118109.0
118285.0
118458.0
118631.0
118803.0
118981.0
119159.0
119335.0
119505.0
119681.0
119853.0
120025.0
120203.0
120379.0
120557.0
120735.0
120913.0
121091.0
121267.0
121445.0
121623.0
121801.0
121979.0
122155.0
122333.0
122511.0
122687.0
122865.0
123043.0
123216.0
123392.0
123570.0
123739.0
123915.0
124093.0
124271.0
124444.0
124620.0
124798.0
124976.0
125150.0
125326.0
125504.0
125682.0
125858.0
126036.0
126214.0
126388.0
126564.0
126733.0
126909.0
127085.0
127263.0
127441.0
127614.0
127792.0
127968.0
128144.0
128322.0
128500.0
128676.0
128854.0
129027.0
129199.0
129373.0
129547.0
129723.0
129899.0
130077.0
130250.0
130426.0
130602.0
130776.0
130954.0
131132.0
131299.0
131477.0
131655.0
131831.0
132009.0
132187.0
132365.0
132543.0
132719.0
132897.0
133075.0
133251.0
133429.0
133607.0
133785.0
133963.0
134136.0
134314.0
134490.0
134668.0
134846.0
135024.0
135200.0
135378.0
135550.0
135728.0
135906.0
136077.0
136251.0
136427.0
136605.0
136783.0
136961.0
137139.0
137313.0
137491.0
137665.0
137843.0
138021.0
138197.0
138375.0
138548.0
138726.0
138902.0
139078.0
139254.0
139432.0
139608.0
139786.0
139958.0
140136.0
140307.0
140485.0
140663.0
140841.0
141017.0
141193.0
141371.0
141544.0
141722.0
141900.0
142078.0
142256.0
142432.0
142603.0
142773.0
142947.0
143125.0
143293.0
143464.0
143640.0
143816.0
143994.0
144172.0
144338.0
144510.0
144683.0
144859.0
145030.0
145206.0
145380.0
145558.0
145736.0
145914.0
146092.0
146268.0
146446.0
146624.0
146800.0
146962.0
147138.0
147316.0
147492.0
147663.0
147832.0
148010.0
148186.0
148364.0
148542.0
148720.0
148890.0
149066.0
149244.0
149415.0
149591.0
149765.0
149943.0
150121.0
150299.0
150477.0
150655.0
150831.0
151007.0
151185.0
151357.0
151531.0
151701.0
151879.0
152057.0
152235.0
152413.0
152589.0
152765.0
152943.0
153121.0
153299.0
153475.0
153649.0
153827.0
154001.0
154179.0
154349.0
154527.0
154705.0
154883.0
155054.0
155227.0
155399.0
155577.0
155755.0
155933.0
156111.0
156289.0
156460.0
156638.0
156816.0
156994.0
157170.0
157348.0
157526.0
157702.0
157878.0
158056.0
158222.0
158400.0
158578.0
158750.0
158928.0
159106.0
159269.0
159445.0
159609.0
159787.0
159956.0
160134.0
160312.0
160490.0
160666.0
160844.0
161020.0
161198.0
161369.0
161547.0
161725.0
161896.0
162066.0
162244.0
162422.0
162600.0
162774.0
162952.0
163126.0
163304.0
163482.0
163658.0
163834.0
164008.0
164186.0
164360.0
164538.0
164716.0
164894.0
165072.0
165250.0
165428.0
165606.0
165782.0
165960.0
166132.0
166305.0
166478.0
166654.0
166832.0
167010.0
167184.0
167362.0
167540.0
167713.0
167889.0
168060.0
168236.0
168412.0
168590.0
168766.0
168939.0
169113.0
169291.0
169464.0
169642.0
169820.0
169992.0
170166.0
170344.0
170517.0
170695.0
170873.0
171051.0
171227.0
171398.0
171576.0
171754.0
171920.0
172096.0
172267.0
172443.0
172621.0
172795.0
172973.0
173151.0
173327.0
173505.0
173683.0
173859.0
174037.0
174211.0
174387.0
174565.0
174743.0
174919.0
175097.0
175270.0
175446.0
175620.0
175798.0
175976.0
176154.0
176330.0
176508.0
176686.0
176864.0
177037.0
177215.0
177393.0
177564.0
177742.0
177911.0
178089.0
178263.0
178441.0
178615.0
178793.0
178966.0
179144.0
179322.0
179493.0
179671.0
179849.0
180027.0
180205.0
180381.0
180559.0
180733.0
180911.0
181087.0
181263.0
181441.0
181615.0
181788.0
181966.0
182144.0
182318.0
182496.0
182674.0
182846.0
183022.0
183200.0
183374.0
183552.0
183726.0
183904.0
184082.0
184260.0
184436.0
184614.0
184787.0
184956.0
185134.0
185312.0
185483.0
185654.0
185830.0
186001.0
186174.0
186350.0
186528.0
186706.0
186878.0
187056.0
187234.0
187412.0
187583.0
187757.0
187933.0
188111.0
188289.0
188467.0
188641.0
188819.0
188997.0
189175.0
189349.0
189525.0
189701.0
189870.0
190048.0
190224.0
190402.0
190580.0
190756.0
190934.0
191107.0
191281.0
191459.0
191637.0
191803.0
191976.0
192147.0
192323.0
192501.0
192679.0
192847.0
193025.0
193201.0
193377.0
193555.0
193726.0
193902.0
194076.0
194254.0
194432.0
194599.0
194768.0
194946.0
195124.0
195298.0
195476.0
195652.0
195821.0
195999.0
196173.0
196351.0
196529.0
196705.0
196883.0
197055.0
197233.0
197405.0
197583.0
197759.0
197932.0
198110.0
198288.0
198466.0
198639.0
198813.0
198991.0
199167.0
199343.0
199521.0
199694.0
199872.0
200046.0
200224.0
200402.0
200576.0
200754.0
200930.0
201108.0
201284.0
201462.0
201640.0
201818.0
201992.0
202170.0
202343.0
202521.0
202689.0
202863.0
203041.0
203219.0
203397.0
203571.0
203749.0
203925.0
204103.0
204279.0
204450.0
204616.0
204792.0
204970.0
205148.0
205326.0
205504.0
205682.0
205860.0
206036.0
206208.0
206384.0
206562.0
206740.0
206918.0
207094.0
207270.0
207446.0
207624.0
207802.0
207976.0
208154.0
208330.0
208508.0
208686.0
208862.0
209038.0
209214.0
209392.0
209563.0
209732.0
209910.0
210088.0
210266.0
210444.0
210614.0
210792.0
210968.0
211136.0
211314.0
211490.0
211663.0
211841.0
212015.0
212187.0
212363.0
212536.0
212704.0
212880.0
213056.0
213218.0
213396.0
213574.0
213750.0
213923.0
214099.0
214270.0
214441.0
214617.0
214789.0
214963.0
215141.0
215319.0
215483.0
215659.0
215837.0
216013.0
216191.0
216369.0
216545.0
216723.0
216901.0
217079.0
217252.0
217430.0
217606.0
217784.0
217962.0
218133.0
218309.0
218487.0
218661.0
218832.0
219008.0
219186.0
219364.0
219542.0
219718.0
219896.0
220072.0
220246.0
220424.0
220602.0
220780.0
220953.0
221131.0
221309.0
221487.0
221665.0
221841.0
222017.0
222195.0
222373.0
222542.0
222720.0
222898.0
223074.0
223250.0
223424.0
223600.0
223776.0
223952.0
224130.0
224302.0
224478.0
224656.0
224828.0
225004.0
225176.0
225345.0
225521.0
225699.0
225877.0
226048.0
226226.0
226404.0
226574.0
226752.0
226930.0
227108.0
227282.0
227454.0
227627.0
227797.0
227973.0
228151.0
228324.0
228498.0
228676.0
228854.0
229032.0
229205.0
229381.0
229559.0
229730.0
229908.0
230086.0
230264.0
230437.0
230615.0
230793.0
230960.0
231133.0
231311.0
231489.0
231667.0
231843.0
232019.0
232195.0
232371.0
232549.0
232725.0
232903.0
233079.0
233257.0
233435.0
233613.0
233789.0
233965.0
234137.0
234313.0
234491.0
234669.0
234845.0
235019.0
235197.0
235375.0
235551.0
235729.0
235907.0
236085.0
236261.0
236439.0
236617.0
236795.0
236971.0
237149.0
237325.0
237503.0
237679.0
237857.0
238035.0
238202.0
238378.0
238556.0
238732.0
238910.0
239088.0
239266.0
239444.0
239620.0
239798.0
239976.0
240145.0
240323.0
240499.0
240665.0
240843.0
241021.0
241195.0
241373.0
241551.0
241725.0
241899.0
242075.0
242253.0
242431.0
242609.0
242785.0
242963.0
243139.0
243317.0
243495.0
243671.0
243847.0
244025.0
244201.0
244377.0
244548.0
244726.0
244904.0
245075.0
245251.0
245429.0
245607.0
245785.0
245963.0
246139.0
