a = 0.2
g = 0.2
e = 0.1
random initial weights = false

-2792.0
-3720.0
-4308.0
-4942.0
-5483.0
-8050.0
-8557.0
-11058.0
-13524.0
-14037.0
-14814.0
-15331.0
-15896.0
-16549.0
-17186.0
-17794.0
-18235.0
-18933.0
-19424.0
-19930.0
-20436.0
-20982.0
-21508.0
-22064.0
-22540.0
-23131.0
-23593.0
-24152.0
-24664.0
-25110.0
-25599.0
-26050.0
-26548.0
-27042.0
-27512.0
-27977.0
-28401.0
-28872.0
-29319.0
-29878.0
-30349.0
-30818.0
-31240.0
-31740.0
-32284.0
-32751.0
-33243.0
-33722.0
-34199.0
-34631.0
-35135.0
-35582.0
-36029.0
-36525.0
-36971.0
-37397.0
-37854.0
-38324.0
-38744.0
-39186.0
-39672.0
-40123.0
-40559.0
-41031.0
-41472.0
-41943.0
-42367.0
-42873.0
-43327.0
-43808.0
-44229.0
-44669.0
-45092.0
-45557.0
-45977.0
-46409.0
-46856.0
-47282.0
-47729.0
-48239.0
-48671.0
-48534.0
-48951.0
-49464.0
-49888.0
-50330.0
-50756.0
-51192.0
-51625.0
-52079.0
-52548.0
-53010.0
-53437.0
-53853.0
-54281.0
-54705.0
-55224.0
-55640.0
-56077.0
-56517.0
-56945.0
-57400.0
-57840.0
-57708.0
-58120.0
-58534.0
-58992.0
-59438.0
-59863.0
-60297.0
-60721.0
-61181.0
-61603.0
-61458.0
-61872.0
-62316.0
-62744.0
-63162.0
-63620.0
-64042.0
-64537.0
-64992.0
-65423.0
-65877.0
-65718.0
-66134.0
-66570.0
-66988.0
-67419.0
-67859.0
-68279.0
-68702.0
-69118.0
-69536.0
-69987.0
-70429.0
-70861.0
-71294.0
-71128.0
-71540.0
-72015.0
-72443.0
-72877.0
-73296.0
-73730.0
-74150.0
-74578.0
-75005.0
-75484.0
-75310.0
-75138.0
-74998.0
-75414.0
-75853.0
-76271.0
-76691.0
-77107.0
-77527.0
-77955.0
-78369.0
-78797.0
-79213.0
-79682.0
-79532.0
-79946.0
-79780.0
-80205.0
-80621.0
-80496.0
-80912.0
-81336.0
-81756.0
-82182.0
-82634.0
-82464.0
-82878.0
-83306.0
-83728.0
-83569.0
-83393.0
-83805.0
-83653.0
-83483.0
-83312.0
-83180.0
-83596.0
-84044.0
-83890.0
-84306.0
-84730.0
-85146.0
-85596.0
-85433.0
-85852.0
-85687.0
-86099.0
-85935.0
-85771.0
-86183.0
-86605.0
-86433.0
-86257.0
-86085.0
-85913.0
-86329.0
-86155.0
-86569.0
-87009.0
-87423.0
-87859.0
-88273.0
-88099.0
-88511.0
-88932.0
-89352.0
-89783.0
-89609.0
-89457.0
-89297.0
-89123.0
-89535.0
-89949.0
-90367.0
-90225.0
-90637.0
-91055.0
-91469.0
-91881.0
-92295.0
-92734.0
-93150.0
-93564.0
-93986.0
-94404.0
-94247.0
-94661.0
-95075.0
-95495.0
-95323.0
-95735.0
-95571.0
-95397.0
-95226.0
-95063.0
-94914.0
-94742.0
-94572.0
-94986.0
-94816.0
-94647.0
-94471.0
-94295.0
-94119.0
-94535.0
-94954.0
-95404.0
-95234.0
-95066.0
-95496.0
-95336.0
-95753.0
-95591.0
-95415.0
-95244.0
-95658.0
-95482.0
-95310.0
-95722.0
-96136.0
-95960.0
-95801.0
-95631.0
-95455.0
-95289.0
-95701.0
-95558.0
-95389.0
-95219.0
-95045.0
-94869.0
-94702.0
-94526.0
-94350.0
-94176.0
-94018.0
-93846.0
-93676.0
-93506.0
-93330.0
-93158.0
-92982.0
-92806.0
-92632.0
-92464.0
-92293.0
-92117.0
-91943.0
-91769.0
-92181.0
-92014.0
-91838.0
-91667.0
-91493.0
-91317.0
-91143.0
-90976.0
-90800.0
-90624.0
-90448.0
-90272.0
-90108.0
-89934.0
-89760.0
-89586.0
-89412.0
-89240.0
-89064.0
-88888.0
-88712.0
-88543.0
-88374.0
-88198.0
-88024.0
-87848.0
-87674.0
-87500.0
-87324.0
-87148.0
-86972.0
-86796.0
-86620.0
-86449.0
-86273.0
-86099.0
-85925.0
-85753.0
-85579.0
-85407.0
-85233.0
-85057.0
-84883.0
-84712.0
-84538.0
-84362.0
-84186.0
-84012.0
-83838.0
-83662.0
-83486.0
-83312.0
-83136.0
-82960.0
-82788.0
-82612.0
-82436.0
-82260.0
-82084.0
-81910.0
-81734.0
-81560.0
-81384.0
-81233.0
-81059.0
-80888.0
-80712.0
-80538.0
-80362.0
-80188.0
-80012.0
-79836.0
-79660.0
-79484.0
-79308.0
-79136.0
-78960.0
-78788.0
-78612.0
-78436.0
-78260.0
-78090.0
-77918.0
-77742.0
-77566.0
-77399.0
-77225.0
-77051.0
-76875.0
-76701.0
-76525.0
-76349.0
-76177.0
-76001.0
-75827.0
-75658.0
-75484.0
-75308.0
-75132.0
-74956.0
-74784.0
-74619.0
-74443.0
-74280.0
-74104.0
-73928.0
-73752.0
-73576.0
-73400.0
-73226.0
-73050.0
-72874.0
-72698.0
-72522.0
-72346.0
-72174.0
-71998.0
-71826.0
-71650.0
-71476.0
-71300.0
-71126.0
-70950.0
-70778.0
-70604.0
-70428.0
-70254.0
-70080.0
-69909.0
-69735.0
-69563.0
-69399.0
-69231.0
-69060.0
-68888.0
-68714.0
-68538.0
-68364.0
-68190.0
-68014.0
-67845.0
-67694.0
-67518.0
-67348.0
-67172.0
-67000.0
-66824.0
-66652.0
-66478.0
-66306.0
-66130.0
-65964.0
-65790.0
-65614.0
-65445.0
-65271.0
-65100.0
-64924.0
-64756.0
-64589.0
-64415.0
-64243.0
-64067.0
-63891.0
-63717.0
-63543.0
-63380.0
-63206.0
-63030.0
-62856.0
-62680.0
-62508.0
-62332.0
-62160.0
-61989.0
-61813.0
-61637.0
-61461.0
-61285.0
-61109.0
-60933.0
-60757.0
-60583.0
-60409.0
-60235.0
-60059.0
-59885.0
-59709.0
-59535.0
-59359.0
-59187.0
-59011.0
-58840.0
-58664.0
-58500.0
-58328.0
-58152.0
-57983.0
-57807.0
-57633.0
-57459.0
-57283.0
-57107.0
-56931.0
-56757.0
-56581.0
-56405.0
-56234.0
-56096.0
-55922.0
-55748.0
-55574.0
-55400.0
-55224.0
-55048.0
-54872.0
-54696.0
-54532.0
-54363.0
-54187.0
-54018.0
-53842.0
-53666.0
-53496.0
-53326.0
-53150.0
-52974.0
-52803.0
-52652.0
-52478.0
-52309.0
-52135.0
-51961.0
-51791.0
-51619.0
-51443.0
-51272.0
-51098.0
-50924.0
-50752.0
-50576.0
-50400.0
-50231.0
-50055.0
-49885.0
-49711.0
-49548.0
-49372.0
-49196.0
-49022.0
-48851.0
-48679.0
-48503.0
-48329.0
-48155.0
-47981.0
-47813.0
-47642.0
-47470.0
-47296.0
-47120.0
-46949.0
-46780.0
-46604.0
-46440.0
-46264.0
-46094.0
-45918.0
-45742.0
-45568.0
-45396.0
-45225.0
-45055.0
-44879.0
-44712.0
-44536.0
-44360.0
-44189.0
-44013.0
-43839.0
-43663.0
-43487.0
-43318.0
-43142.0
-42968.0
-42794.0
-42620.0
-42446.0
-42272.0
-42096.0
-41920.0
-41744.0
-41568.0
-41394.0
-41220.0
-41046.0
-40872.0
-40704.0
-40537.0
-40368.0
-40194.0
-40020.0
-39848.0
-39677.0
-39501.0
-39325.0
-39149.0
-38973.0
-38797.0
-38621.0
-38445.0
-38271.0
-38095.0
-37921.0
-37749.0
-37575.0
-37401.0
-37225.0
-37049.0
-36873.0
-36704.0
-36533.0
-36361.0
-36185.0
-36016.0
-35842.0
-35675.0
-35501.0
-35329.0
-35153.0
-34991.0
-34817.0
-34645.0
-34469.0
-34293.0
-34117.0
-33941.0
-33774.0
-33598.0
-33434.0
-33270.0
-33094.0
-32918.0
-32744.0
-32572.0
-32396.0
-32220.0
-32048.0
-31879.0
-31703.0
-31527.0
-31353.0
-31181.0
-31005.0
-30831.0
-30655.0
-30493.0
-30317.0
-30146.0
-29972.0
-29796.0
-29629.0
-29455.0
-29284.0
-29110.0
-28934.0
-28758.0
-28582.0
-28406.0
-28240.0
-28066.0
-27890.0
-27716.0
-27542.0
-27371.0
-27197.0
-27023.0
-26849.0
-26675.0
-26501.0
-26327.0
-26151.0
-25977.0
-25801.0
-25631.0
-25455.0
-25281.0
-25105.0
-24931.0
-24768.0
-24598.0
-24422.0
-24246.0
-24070.0
-23894.0
-23720.0
-23562.0
-23390.0
-23216.0
-23042.0
-22866.0
-22690.0
-22516.0
-22344.0
-22168.0
-21992.0
-21818.0
-21642.0
-21468.0
-21292.0
-21120.0
-20946.0
-20772.0
-20601.0
-20429.0
-20253.0
-20077.0
-19903.0
-19727.0
-19555.0
-19386.0
-19210.0
-19034.0
-18858.0
-18687.0
-18511.0
-18335.0
-18161.0
-17985.0
-17811.0
-17639.0
-17469.0
-17311.0
-17135.0
-16959.0
-16783.0
-16609.0
-16442.0
-16268.0
-16094.0
-15918.0
-15746.0
-15574.0
-15398.0
-15222.0
-15046.0
-14874.0
-14703.0
-14531.0
-14355.0
-14181.0
-14005.0
-13834.0
-13658.0
-13484.0
-13308.0
-13132.0
-12960.0
-12791.0
-12615.0
-12439.0
-12265.0
-12091.0
-11917.0
-11748.0
-11577.0
-11401.0
-11229.0
-11053.0
-10883.0
-10707.0
-10531.0
-10355.0
-10181.0
-10005.0
-9831.0
-9661.0
-9487.0
-9313.0
-9137.0
-8961.0
-8785.0
-8616.0
-8440.0
-8268.0
-8094.0
-7922.0
-7750.0
-7578.0
-7404.0
-7234.0
-7062.0
-6892.0
-6716.0
-6542.0
-6366.0
-6195.0
-6021.0
-5847.0
-5673.0
-5497.0
-5321.0
-5145.0
-4969.0
-4793.0
-4621.0
-4449.0
-4273.0
-4097.0
-3923.0
-3747.0
-3571.0
-3395.0
-3219.0
-3045.0
-2878.0
-2709.0
-2550.0
-2374.0
-2200.0
-2026.0
-1857.0
-1681.0
-1505.0
-1352.0
-1176.0
-1000.0
-828.0
-652.0
-476.0
-300.0
-130.0
42.0
218.0
390.0
566.0
740.0
914.0
1090.0
1261.0
1430.0
1606.0
1782.0
1954.0
2130.0
2304.0
2478.0
2654.0
2830.0
3004.0
3178.0
3354.0
3502.0
3678.0
3854.0
4030.0
4204.0
4378.0
4554.0
4728.0
4899.0
5063.0
5237.0
5404.0
5578.0
5754.0
5930.0
6104.0
6280.0
6451.0
6625.0
6801.0
6966.0
7132.0
7308.0
7484.0
7656.0
7832.0
8004.0
8178.0
8354.0
8524.0
8700.0
8876.0
9052.0
9226.0
9396.0
9572.0
9748.0
9924.0
10096.0
10272.0
10446.0
10620.0
10792.0
10968.0
11144.0
11311.0
11487.0
11657.0
11831.0
12007.0
12183.0
12359.0
12535.0
12711.0
12881.0
13057.0
13229.0
13398.0
13574.0
13750.0
13926.0
14100.0
14274.0
14450.0
14619.0
14795.0
14971.0
15147.0
15323.0
15495.0
15665.0
15839.0
16013.0
16189.0
16363.0
16535.0
16711.0
16887.0
17063.0
17239.0
17405.0
17581.0
17757.0
17931.0
18105.0
18281.0
18457.0
18626.0
18802.0
18971.0
19142.0
19316.0
19487.0
19663.0
19837.0
20013.0
20182.0
20356.0
20532.0
20708.0
20880.0
21052.0
21228.0
21404.0
21578.0
21754.0
21930.0
22106.0
22272.0
22446.0
22618.0
22787.0
22959.0
23133.0
23309.0
23483.0
23654.0
23824.0
23998.0
24172.0
24348.0
24517.0
24691.0
24863.0
25039.0
25213.0
25378.0
25554.0
25728.0
25904.0
26078.0
26254.0
26423.0
26591.0
26767.0
26939.0
27115.0
27291.0
27465.0
27634.0
27810.0
27986.0
28162.0
28336.0
28505.0
28677.0
28853.0
29029.0
29200.0
29374.0
29550.0
29710.0
29884.0
30055.0
30229.0
30405.0
30581.0
30748.0
30924.0
31100.0
31276.0
31445.0
31619.0
31790.0
31966.0
32142.0
32316.0
32492.0
32662.0
32836.0
33012.0
33188.0
33364.0
33536.0
33710.0
33886.0
34058.0
34234.0
34410.0
34581.0
34755.0
34931.0
35102.0
35278.0
35454.0
35630.0
35801.0
35977.0
36153.0
36327.0
36503.0
36679.0
36849.0
37025.0
37199.0
37375.0
37541.0
37717.0
37893.0
38069.0
38245.0
38417.0
38593.0
38769.0
38945.0
39119.0
39295.0
39471.0
39647.0
39818.0
39989.0
40163.0
40332.0
40508.0
40684.0
40854.0
41030.0
41202.0
41378.0
41554.0
41730.0
41904.0
42078.0
42252.0
42426.0
42602.0
42778.0
42954.0
43128.0
43304.0
43471.0
43645.0
43817.0
43993.0
44169.0
44345.0
44511.0
44685.0
44859.0
45035.0
45206.0
45378.0
45550.0
45724.0
45898.0
46072.0
46248.0
46422.0
46598.0
46774.0
46950.0
47113.0
47289.0
47463.0
47637.0
47809.0
47983.0
48159.0
48335.0
48511.0
48687.0
48863.0
49039.0
49215.0
49387.0
49561.0
49733.0
49909.0
50085.0
50257.0
50433.0
50609.0
50783.0
50959.0
51135.0
51302.0
51474.0
51650.0
51812.0
51988.0
52164.0
52340.0
52516.0
52692.0
52868.0
53044.0
53216.0
53388.0
53564.0
53736.0
53907.0
54083.0
54259.0
54430.0
54606.0
54772.0
54941.0
55117.0
55291.0
55465.0
55639.0
55813.0
55987.0
56159.0
56333.0
56509.0
56685.0
56854.0
57023.0
57199.0
57370.0
57546.0
57714.0
57890.0
58064.0
58236.0
58412.0
58588.0
58762.0
58936.0
59106.0
59282.0
59454.0
59623.0
59799.0
59975.0
60149.0
60323.0
60499.0
60675.0
60849.0
61025.0
61197.0
61369.0
61541.0
61717.0
61886.0
62062.0
62236.0
62412.0
62588.0
62758.0
62934.0
63110.0
63284.0
63460.0
63636.0
63810.0
63986.0
64160.0
64336.0
64507.0
64683.0
64859.0
65024.0
65200.0
65374.0
65550.0
65726.0
65902.0
66078.0
66249.0
66423.0
66599.0
66775.0
66924.0
67100.0
67276.0
67450.0
67621.0
67795.0
67971.0
68147.0
68319.0
68493.0
68661.0
68837.0
69009.0
69178.0
69352.0
69526.0
69700.0
69874.0
70044.0
70220.0
70396.0
70572.0
70738.0
70912.0
71086.0
71262.0
71434.0
71610.0
71786.0
71960.0
72136.0
72312.0
72486.0
72655.0
72831.0
73007.0
73181.0
73357.0
73533.0
73709.0
73885.0
74039.0
74210.0
74386.0
74558.0
74734.0
74908.0
75084.0
75258.0
75427.0
75603.0
75779.0
75941.0
76117.0
76293.0
76467.0
76643.0
76819.0
76995.0
77169.0
77343.0
77519.0
77691.0
77865.0
78039.0
78206.0
78375.0
78551.0
78727.0
78872.0
79048.0
79224.0
79400.0
79574.0
79748.0
79924.0
80098.0
80270.0
80440.0
80616.0
80792.0
80966.0
81142.0
81314.0
81488.0
81660.0
81834.0
82008.0
82178.0
82354.0
82530.0
82706.0
82880.0
83049.0
83225.0
83401.0
83577.0
83753.0
83929.0
84101.0
84273.0
84447.0
84616.0
84787.0
84957.0
85123.0
85299.0
85468.0
85644.0
85820.0
85994.0
86168.0
86344.0
86520.0
86694.0
86870.0
87039.0
87210.0
87382.0
87558.0
87734.0
87910.0
88076.0
88252.0
88426.0
88600.0
88770.0
88939.0
89115.0
89278.0
89454.0
89624.0
89798.0
89974.0
90150.0
90326.0
90502.0
90678.0
90848.0
91024.0
91200.0
91376.0
91543.0
91717.0
91889.0
92065.0
92239.0
92408.0
92584.0
92758.0
92925.0
93101.0
93277.0
93447.0
93617.0
93793.0
93969.0
94145.0
94321.0
94492.0
94668.0
94840.0
95004.0
95180.0
95356.0
95532.0
95706.0
95882.0
96058.0
96234.0
96410.0
96586.0
96758.0
96934.0
97108.0
97284.0
97453.0
97627.0
97803.0
97979.0
98155.0
98331.0
98507.0
98681.0
98857.0
99033.0
99207.0
99379.0
99551.0
99720.0
99896.0
100072.0
100248.0
100424.0
100600.0
100771.0
100947.0
101123.0
101293.0
101465.0
101641.0
101817.0
101993.0
102167.0
102341.0
102513.0
102689.0
102865.0
103039.0
103213.0
103389.0
103565.0
103735.0
103909.0
104075.0
104251.0
104427.0
104603.0
104775.0
104951.0
105118.0
105290.0
105462.0
105638.0
105812.0
105988.0
106162.0
106338.0
106514.0
106690.0
106866.0
107042.0
107218.0
107392.0
107564.0
107738.0
107914.0
108086.0
108262.0
108438.0
108614.0
108790.0
108964.0
109135.0
109311.0
109485.0
109657.0
109833.0
110007.0
110177.0
110349.0
110525.0
110701.0
110871.0
111047.0
111221.0
111395.0
111571.0
111742.0
111912.0
112086.0
112262.0
112438.0
112614.0
112788.0
112962.0
113136.0
113312.0
113486.0
113662.0
113838.0
114010.0
114186.0
114360.0
114534.0
114706.0
114882.0
115048.0
115222.0
115398.0
115574.0
115750.0
115926.0
116097.0
116268.0
