a = 0.5
g = 0.8
e = 0.5
random initial weights = false

-960.0
-1714.0
-2226.0
-2769.0
-3217.0
-3715.0
-4172.0
-4634.0
-5087.0
-5533.0
-7950.0
-8393.0
-8841.0
-8703.0
-8554.0
-8385.0
-8223.0
-8043.0
-7889.0
-7721.0
-7553.0
-7385.0
-7240.0
-7060.0
-6919.0
-6771.0
-6595.0
-6436.0
-6268.0
-6137.0
-5959.0
-5795.0
-5636.0
-5551.0
-5385.0
-5218.0
-5041.0
-4866.0
-4711.0
-4556.0
-4394.0
-4241.0
-4074.0
-3910.0
-3765.0
-3597.0
-3433.0
-3257.0
-3082.0
-2918.0
-2751.0
-2588.0
-2440.0
-2274.0
-2111.0
-1946.0
-1771.0
-1636.0
-1454.0
-1287.0
-1105.0
-940.0
-790.0
-606.0
-433.0
-513.0
-348.0
-185.0
-26.0
151.0
313.0
480.0
631.0
806.0
982.0
1140.0
1302.0
1457.0
1632.0
1801.0
1942.0
2109.0
2209.0
2328.0
2499.0
2650.0
2832.0
2993.0
3173.0
3327.0
3509.0
3672.0
3837.0
4005.0
4161.0
4334.0
4497.0
4648.0
4814.0
4990.0
5106.0
5274.0
5430.0
5600.0
5760.0
5920.0
6084.0
6224.0
6401.0
6569.0
6740.0
6906.0
7060.0
7233.0
7370.0
7526.0
7696.0
7822.0
7983.0
8141.0
8289.0
8471.0
8647.0
8815.0
8999.0
9148.0
9321.0
9465.0
9643.0
9804.0
9904.0
10069.0
10209.0
10372.0
10549.0
10702.0
10848.0
11019.0
11178.0
11325.0
11496.0
11659.0
11834.0
12012.0
12171.0
12317.0
12470.0
12633.0
12793.0
12958.0
13114.0
13265.0
13424.0
13582.0
13708.0
13857.0
14018.0
14188.0
14358.0
14528.0
14679.0
14848.0
15010.0
15185.0
15355.0
15527.0
15686.0
15843.0
16011.0
16182.0
16296.0
16454.0
16598.0
16742.0
16895.0
17049.0
17171.0
17349.0
17519.0
17684.0
17855.0
18033.0
18199.0
18377.0
18549.0
18727.0
18891.0
19059.0
19239.0
19419.0
19584.0
19734.0
19906.0
20069.0
20241.0
20407.0
20589.0
20759.0
20906.0
21074.0
21240.0
21420.0
21528.0
21685.0
21856.0
22019.0
22176.0
22351.0
22494.0
22663.0
22845.0
22978.0
23146.0
23319.0
23482.0
23606.0
23756.0
23936.0
24100.0
24268.0
24433.0
24584.0
24762.0
24928.0
25096.0
25276.0
25437.0
25570.0
25752.0
25920.0
26095.0
26263.0
26425.0
26587.0
26762.0
26921.0
27076.0
27249.0
27410.0
27501.0
27673.0
27839.0
28004.0
28148.0
28321.0
28489.0
28635.0
28783.0
28936.0
29061.0
29243.0
29407.0
29582.0
29739.0
29904.0
30080.0
30228.0
30368.0
30538.0
30667.0
30844.0
31014.0
31176.0
31334.0
31501.0
31665.0
31811.0
31967.0
32103.0
32271.0
32441.0
32605.0
32785.0
32957.0
33141.0
33281.0
33435.0
33604.0
33784.0
33959.0
34130.0
34287.0
34403.0
34580.0
34749.0
34920.0
35085.0
35225.0
35373.0
35534.0
35695.0
35854.0
36022.0
36195.0
36360.0
36521.0
36682.0
36853.0
37035.0
37204.0
37383.0
37488.0
37647.0
37813.0
37988.0
38163.0
38310.0
38480.0
38622.0
38795.0
38959.0
39126.0
39262.0
39430.0
39597.0
39767.0
39937.0
40109.0
40268.0
40440.0
40624.0
40775.0
40943.0
41103.0
41255.0
41425.0
41607.0
41772.0
41912.0
42088.0
42263.0
42439.0
42584.0
42707.0
42848.0
43023.0
43191.0
43331.0
43498.0
43624.0
43764.0
43932.0
44090.0
44268.0
44442.0
44589.0
44750.0
44911.0
45080.0
45229.0
45393.0
45568.0
45737.0
45885.0
46020.0
46195.0
46358.0
46461.0
46626.0
46788.0
46939.0
47077.0
47217.0
47361.0
47540.0
47718.0
47891.0
48060.0
48233.0
48402.0
48575.0
48727.0
48902.0
49049.0
49219.0
49395.0
49551.0
49721.0
49849.0
50023.0
50199.0
50378.0
50536.0
50669.0
50846.0
50979.0
51140.0
51310.0
51475.0
51646.0
51819.0
51980.0
52123.0
52285.0
52450.0
52619.0
52796.0
52961.0
53120.0
53287.0
53460.0
53586.0
53735.0
53911.0
54072.0
54246.0
54420.0
54567.0
54740.0
54915.0
55079.0
55248.0
55402.0
55549.0
55693.0
55868.0
56016.0
56195.0
56360.0
56515.0
56674.0
56804.0
56960.0
57117.0
57270.0
57440.0
57607.0
57776.0
57939.0
58085.0
58253.0
58435.0
58504.0
58673.0
58846.0
59008.0
59152.0
59323.0
59478.0
59645.0
59827.0
59984.0
60146.0
60319.0
60484.0
60626.0
60796.0
60978.0
61139.0
61309.0
61461.0
61626.0
61792.0
61961.0
62138.0
62284.0
62428.0
62582.0
62750.0
62925.0
63093.0
63257.0
63418.0
63598.0
63735.0
63904.0
64074.0
64217.0
64395.0
64531.0
64710.0
64855.0
64981.0
65120.0
65274.0
65444.0
65595.0
65761.0
65931.0
66097.0
66274.0
66441.0
66609.0
66764.0
66928.0
67087.0
67241.0
67385.0
67544.0
67717.0
67826.0
67987.0
68131.0
68287.0
68450.0
68604.0
68788.0
68950.0
69121.0
69287.0
69461.0
69638.0
69801.0
69949.0
70106.0
70268.0
70446.0
70597.0
70739.0
70913.0
71058.0
71212.0
71379.0
71509.0
71684.0
71837.0
71988.0
72167.0
72344.0
72501.0
72661.0
72831.0
72998.0
73155.0
73267.0
73422.0
73561.0
73714.0
73849.0
74024.0
74173.0
74340.0
74496.0
74660.0
74838.0
75010.0
75182.0
75351.0
75535.0
75700.0
75842.0
75992.0
76152.0
76325.0
76478.0
76638.0
76780.0
76958.0
77136.0
77298.0
77476.0
77640.0
77798.0
77957.0
78119.0
78295.0
78465.0
78638.0
78812.0
78970.0
79134.0
79259.0
79427.0
79594.0
79723.0
79888.0
80052.0
80220.0
80392.0
80540.0
80714.0
80846.0
80999.0
81181.0
81363.0
81527.0
81702.0
81879.0
82012.0
82146.0
82320.0
82495.0
82674.0
82828.0
82985.0
83132.0
83307.0
83472.0
83640.0
83795.0
83967.0
84102.0
84277.0
84438.0
84589.0
84749.0
84866.0
85027.0
85209.0
85385.0
85564.0
85735.0
85902.0
86028.0
86194.0
86369.0
86531.0
86681.0
86812.0
86978.0
87146.0
87320.0
87462.0
87608.0
87753.0
87918.0
88089.0
88248.0
88416.0
88594.0
88772.0
88934.0
89112.0
89267.0
89426.0
89571.0
89725.0
89886.0
90034.0
90203.0
90357.0
90532.0
90705.0
90880.0
91050.0
91229.0
91389.0
91569.0
91729.0
91896.0
92054.0
92225.0
92384.0
92563.0
92728.0
92895.0
93064.0
93207.0
93375.0
93555.0
93732.0
93900.0
94069.0
94221.0
94370.0
94507.0
94677.0
94844.0
95015.0
95139.0
95318.0
95502.0
95640.0
95787.0
95963.0
96133.0
96301.0
96475.0
96619.0
96750.0
96915.0
97088.0
97261.0
97411.0
97567.0
97714.0
97890.0
98062.0
98194.0
98364.0
98512.0
98664.0
98830.0
98991.0
99155.0
99323.0
99490.0
99631.0
99807.0
99952.0
100115.0
100287.0
100458.0
100634.0
100780.0
100948.0
101115.0
101278.0
101437.0
101585.0
101752.0
101888.0
102057.0
102219.0
102397.0
102567.0
102751.0
102930.0
103084.0
103229.0
103391.0
103564.0
103722.0
103854.0
104022.0
104192.0
104356.0
104516.0
104693.0
104860.0
105002.0
105148.0
105310.0
105483.0
105655.0
105828.0
105970.0
106141.0
106314.0
106466.0
106632.0
106789.0
106965.0
107116.0
107288.0
107446.0
107622.0
107804.0
107972.0
108119.0
108284.0
108440.0
108609.0
108788.0
108953.0
109074.0
109230.0
109383.0
109550.0
109705.0
109889.0
110049.0
110225.0
110374.0
110550.0
110713.0
110887.0
111055.0
111224.0
111383.0
111560.0
111705.0
111866.0
112028.0
112194.0
112362.0
112510.0
112676.0
112856.0
113021.0
113192.0
113350.0
113503.0
113670.0
113840.0
113985.0
114140.0
114324.0
114483.0
114620.0
114800.0
114978.0
115091.0
115261.0
115426.0
115589.0
115765.0
115906.0
116068.0
116241.0
116374.0
116532.0
116645.0
116803.0
116934.0
117081.0
117245.0
117380.0
117523.0
117668.0
117811.0
117976.0
118084.0
118218.0
118365.0
118547.0
118704.0
118865.0
119030.0
119202.0
119364.0
119543.0
119696.0
119840.0
120006.0
120171.0
120339.0
120516.0
120679.0
120852.0
121015.0
121176.0
121331.0
121494.0
121664.0
121824.0
121984.0
122162.0
122340.0
122498.0
122675.0
122844.0
122993.0
123106.0
123279.0
123449.0
123619.0
123797.0
123945.0
124112.0
124259.0
124420.0
124590.0
124744.0
124900.0
125051.0
125215.0
125379.0
125542.0
125722.0
125887.0
126038.0
126199.0
126349.0
126502.0
126672.0
126845.0
126983.0
127139.0
127302.0
127466.0
127642.0
127818.0
127997.0
128171.0
128340.0
128504.0
128688.0
128860.0
129025.0
129190.0
129339.0
129495.0
129668.0
129845.0
130029.0
130167.0
130322.0
130472.0
130631.0
130806.0
130892.0
131054.0
131224.0
131375.0
131540.0
131717.0
131886.0
132038.0
132222.0
132400.0
132543.0
132721.0
132885.0
133055.0
133196.0
133373.0
133536.0
133705.0
133835.0
134003.0
134147.0
134278.0
134435.0
134609.0
134766.0
134930.0
135105.0
135272.0
135441.0
135599.0
135764.0
135928.0
136088.0
136261.0
136439.0
136610.0
136789.0
136929.0
137078.0
137223.0
137384.0
137535.0
137694.0
137862.0
138029.0
138186.0
138351.0
138526.0
138697.0
138857.0
139030.0
139194.0
139371.0
139511.0
139654.0
139819.0
139983.0
140155.0
140306.0
140465.0
140626.0
140787.0
140954.0
141122.0
141284.0
141460.0
141640.0
141809.0
141982.0
142159.0
142333.0
142491.0
142662.0
142837.0
142976.0
143145.0
143296.0
143453.0
143617.0
143785.0
143952.0
144106.0
144265.0
144411.0
144581.0
144705.0
144872.0
145027.0
145172.0
145304.0
145484.0
145648.0
145800.0
145901.0
146064.0
146224.0
146398.0
146555.0
146720.0
146894.0
147061.0
147203.0
147375.0
147495.0
147642.0
147795.0
147973.0
148110.0
148251.0
148416.0
148579.0
148749.0
148893.0
149066.0
149238.0
149393.0
149556.0
149722.0
149861.0
150032.0
150189.0
150363.0
150504.0
150627.0
150795.0
150964.0
151119.0
151261.0
151434.0
151587.0
151748.0
151918.0
152078.0
152204.0
152371.0
152537.0
152693.0
152863.0
153034.0
153208.0
153376.0
153558.0
153716.0
153879.0
154034.0
154216.0
154389.0
154554.0
154731.0
154905.0
155079.0
155255.0
155402.0
155556.0
155704.0
155865.0
156044.0
156203.0
156348.0
156521.0
156617.0
156790.0
156947.0
157122.0
157294.0
157472.0
157647.0
157813.0
157969.0
158149.0
158324.0
158487.0
158655.0
158805.0
158962.0
159131.0
159311.0
159465.0
159645.0
159803.0
159972.0
160144.0
160310.0
160469.0
160619.0
160777.0
160921.0
161051.0
161207.0
161369.0
161541.0
161709.0
161874.0
162040.0
162189.0
162347.0
162518.0
162677.0
162857.0
163015.0
163182.0
163341.0
163515.0
163675.0
163846.0
163989.0
164125.0
164283.0
164445.0
164609.0
164781.0
164941.0
165113.0
165259.0
165409.0
165566.0
165743.0
165859.0
166041.0
166213.0
166346.0
166525.0
166691.0
166850.0
167024.0
167180.0
167362.0
167527.0
167698.0
167841.0
168020.0
168196.0
168371.0
168524.0
168696.0
168871.0
169034.0
169197.0
169373.0
169553.0
169722.0
169889.0
170038.0
170200.0
170334.0
170514.0
170662.0
170819.0
170980.0
171137.0
171310.0
171475.0
171617.0
171799.0
171964.0
172134.0
172311.0
172455.0
172616.0
172750.0
172923.0
173079.0
173233.0
173397.0
173553.0
173719.0
173890.0
174055.0
174215.0
174365.0
174532.0
174691.0
174856.0
175019.0
175169.0
175325.0
175484.0
175662.0
175801.0
175967.0
176101.0
176239.0
176414.0
176592.0
176747.0
176893.0
177059.0
177221.0
177361.0
177509.0
177678.0
177841.0
178016.0
178191.0
178327.0
178493.0
178612.0
178764.0
178927.0
179067.0
179231.0
179398.0
179566.0
179740.0
179884.0
180048.0
180194.0
180361.0
180519.0
180695.0
180849.0
181007.0
181170.0
181338.0
181495.0
181663.0
181830.0
181988.0
182132.0
182299.0
182478.0
182640.0
182792.0
182972.0
183132.0
183283.0
183462.0
183632.0
183812.0
183964.0
184128.0
184263.0
184429.0
184604.0
184773.0
184937.0
185107.0
185273.0
185437.0
185610.0
185787.0
185898.0
186058.0
186232.0
186398.0
186564.0
186722.0
186879.0
187050.0
187217.0
187378.0
187547.0
187700.0
187870.0
188025.0
188197.0
188368.0
188513.0
188674.0
188822.0
188989.0
189142.0
189277.0
189444.0
189596.0
189742.0
189874.0
190030.0
190187.0
190353.0
190520.0
190695.0
190869.0
191044.0
191190.0
191346.0
191516.0
191663.0
191843.0
192015.0
192149.0
192308.0
192471.0
192646.0
192820.0
192946.0
193108.0
193273.0
193447.0
193623.0
193794.0
193955.0
194109.0
194282.0
194441.0
194612.0
194760.0
194918.0
195059.0
195203.0
195362.0
195540.0
195715.0
195872.0
196048.0
196218.0
196369.0
196536.0
196706.0
196860.0
197031.0
197208.0
197350.0
197524.0
197676.0
197829.0
197969.0
198138.0
198301.0
198457.0
198637.0
198815.0
198981.0
199146.0
199312.0
199484.0
199628.0
199808.0
199973.0
200137.0
200308.0
200490.0
200655.0
200837.0
200984.0
201155.0
201322.0
201500.0
201676.0
201831.0
201992.0
202165.0
202334.0
202489.0
202673.0
202846.0
203021.0
203184.0
203353.0
203515.0
203668.0
203848.0
204008.0
204158.0
204314.0
204460.0
204632.0
204816.0
204978.0
205130.0
205298.0
205445.0
205561.0
205698.0
205848.0
205999.0
206173.0
206355.0
206521.0
206686.0
206846.0
206971.0
207114.0
207270.0
207431.0
207597.0
207759.0
207912.0
208065.0
208229.0
208379.0
208537.0
208688.0
208857.0
209002.0
209163.0
209311.0
209486.0
209656.0
209833.0
209967.0
210144.0
210319.0
210465.0
210614.0
210794.0
210968.0
211139.0
211270.0
211429.0
211604.0
211775.0
211929.0
212093.0
212272.0
212449.0
212608.0
212777.0
212939.0
213097.0
213243.0
213415.0
213578.0
213741.0
213909.0
214079.0
214198.0
214366.0
214517.0
214642.0
214808.0
214978.0
215142.0
215307.0
215470.0
215613.0
215786.0
215954.0
216122.0
216293.0
216459.0
216611.0
216761.0
216943.0
217103.0
217230.0
217383.0
217556.0
217730.0
217912.0
218058.0
218185.0
218360.0
218544.0
218690.0
218843.0
219010.0
219181.0
219337.0
219507.0
219633.0
219812.0
219969.0
220138.0
220317.0
220472.0
220649.0
220799.0
220975.0
221134.0
221311.0
221484.0
221647.0
221814.0
221973.0
222128.0
222300.0
222484.0
222653.0
222795.0
222968.0
223140.0
223300.0
223472.0
223624.0
223786.0
223944.0
224108.0
224258.0
224416.0
224591.0
224773.0
224912.0
225057.0
225229.0
225393.0
225541.0
225723.0
225905.0
226087.0
226256.0
226436.0
226609.0
226772.0
226938.0
227090.0
227239.0
227389.0
227542.0
227712.0
227875.0
228044.0
228191.0
228373.0
228539.0
228710.0
228877.0
229030.0
229180.0
229328.0
229499.0
229666.0
229828.0
229991.0
230163.0
230340.0
230517.0
230683.0
230853.0
