a = 0.2
g = 0.5
e = 0.1
random initial weights = true

-1016.0
-1433.0
-2270.0
-4749.0
-5379.0
-5806.0
-6371.0
-6811.0
-7260.0
-7726.0
-8195.0
-8642.0
-9073.0
-9518.0
-9975.0
-10426.0
-10899.0
-11330.0
-11901.0
-12363.0
-12792.0
-13280.0
-13706.0
-14123.0
-14571.0
-15000.0
-15452.0
-15892.0
-16354.0
-16769.0
-17225.0
-17649.0
-18072.0
-18499.0
-18916.0
-19339.0
-19768.0
-20183.0
-20643.0
-21062.0
-21496.0
-21919.0
-21783.0
-22194.0
-22623.0
-23038.0
-23462.0
-23877.0
-23717.0
-24130.0
-24564.0
-24983.0
-25406.0
-25829.0
-25657.0
-26077.0
-26492.0
-26907.0
-27336.0
-27749.0
-28173.0
-28591.0
-28472.0
-28888.0
-29309.0
-29154.0
-29582.0
-30003.0
-30448.0
-30278.0
-30694.0
-30526.0
-30348.0
-30172.0
-30592.0
-31009.0
-31431.0
-31848.0
-31681.0
-31503.0
-31325.0
-31151.0
-30981.0
-30821.0
-30645.0
-30471.0
-30888.0
-30728.0
-31139.0
-31567.0
-31980.0
-31809.0
-31641.0
-31463.0
-31876.0
-32295.0
-32126.0
-31948.0
-31770.0
-31592.0
-31414.0
-31825.0
-31651.0
-31475.0
-31308.0
-31134.0
-30956.0
-30778.0
-30600.0
-30422.0
-30249.0
-30071.0
-29898.0
-29725.0
-29547.0
-29371.0
-29193.0
-29015.0
-28837.0
-28664.0
-28498.0
-28324.0
-28150.0
-27972.0
-27794.0
-27628.0
-27450.0
-27274.0
-27098.0
-26924.0
-26746.0
-26573.0
-26399.0
-26227.0
-26049.0
-25873.0
-25697.0
-25519.0
-25345.0
-25167.0
-24989.0
-24813.0
-24637.0
-24461.0
-24283.0
-24107.0
-23934.0
-23756.0
-23578.0
-23402.0
-23224.0
-23046.0
-22870.0
-22696.0
-22518.0
-22342.0
-22168.0
-21990.0
-21812.0
-21636.0
-21463.0
-21285.0
-21109.0
-20936.0
-20758.0
-20580.0
-20408.0
-20232.0
-20056.0
-19878.0
-19700.0
-19522.0
-19346.0
-19168.0
-18990.0
-18819.0
-18641.0
-18465.0
-18287.0
-18111.0
-17933.0
-17757.0
-17579.0
-17401.0
-17230.0
-17052.0
-16876.0
-16705.0
-16533.0
-16359.0
-16181.0
-16003.0
-15829.0
-15656.0
-15478.0
-15300.0
-15124.0
-14948.0
-14772.0
-14599.0
-14425.0
-14249.0
-14073.0
-13895.0
-13722.0
-13544.0
-13368.0
-13190.0
-13012.0
-12834.0
-12662.0
-12484.0
-12306.0
-12130.0
-11954.0
-11778.0
-11604.0
-11431.0
-11253.0
-11075.0
-10897.0
-10719.0
-10541.0
-10365.0
-10189.0
-10011.0
-9833.0
-9655.0
-9477.0
-9299.0
-9121.0
-8943.0
-8774.0
-8596.0
-8422.0
-8244.0
-8066.0
-7888.0
-7718.0
-7545.0
-7372.0
-7196.0
-7018.0
-6852.0
-6674.0
-6496.0
-6318.0
-6140.0
-5964.0
-5788.0
-5610.0
-5438.0
-5262.0
-5084.0
-4917.0
-4744.0
-4570.0
-4396.0
-4222.0
-4046.0
-3875.0
-3702.0
-3526.0
-3348.0
-3170.0
-2994.0
-2816.0
-2642.0
-2464.0
-2286.0
-2117.0
-1941.0
-1763.0
-1585.0
-1412.0
-1243.0
-1065.0
-887.0
-713.0
-537.0
-359.0
-183.0
-5.0
171.0
349.0
525.0
703.0
881.0
1057.0
1235.0
1409.0
1587.0
1758.0
1936.0
2109.0
2287.0
2461.0
2634.0
2808.0
2986.0
3162.0
3340.0
3516.0
3687.0
3863.0
4039.0
4215.0
4393.0
4566.0
4737.0
4915.0
5088.0
5266.0
5442.0
5620.0
5796.0
5974.0
6152.0
6330.0
6508.0
6686.0
6864.0
7040.0
7218.0
7396.0
7572.0
7746.0
7922.0
8098.0
8276.0
8454.0
8632.0
8803.0
8981.0
9157.0
9335.0
9509.0
9685.0
9863.0
10039.0
10210.0
10386.0
10564.0
10738.0
10916.0
11094.0
11267.0
11443.0
11619.0
11795.0
11966.0
12144.0
12322.0
12498.0
12676.0
12854.0
13030.0
13208.0
13381.0
13551.0
13724.0
13902.0
14078.0
14256.0
14434.0
14610.0
14786.0
14962.0
15138.0
15314.0
15492.0
15670.0
15848.0
16021.0
16199.0
16375.0
16553.0
16731.0
16909.0
17082.0
17255.0
17433.0
17609.0
17780.0
17958.0
18127.0
18296.0
18474.0
18650.0
18824.0
18995.0
19171.0
19340.0
19518.0
19696.0
19864.0
20040.0
20216.0
20394.0
20572.0
20745.0
20923.0
21101.0
21271.0
21449.0
21625.0
21803.0
21981.0
22152.0
22325.0
22503.0
22679.0
22852.0
23028.0
23204.0
23382.0
23560.0
23738.0
23916.0
24094.0
24264.0
24442.0
24613.0
24791.0
24967.0
25143.0
25321.0
25497.0
25675.0
25853.0
26025.0
26199.0
26377.0
26551.0
26722.0
26896.0
27074.0
27244.0
27422.0
27596.0
27767.0
27938.0
28116.0
28289.0
28467.0
28643.0
28817.0
28995.0
29173.0
29347.0
29520.0
29696.0
29874.0
30052.0
30228.0
30406.0
30584.0
30760.0
30938.0
31112.0
31290.0
31468.0
31646.0
31824.0
32002.0
32180.0
32358.0
32536.0
32712.0
32888.0
33066.0
33240.0
33418.0
33590.0
33768.0
33946.0
34120.0
34296.0
34469.0
34647.0
34825.0
35003.0
35181.0
35348.0
35526.0
35704.0
35880.0
36058.0
36234.0
36412.0
36590.0
36761.0
36939.0
37110.0
37288.0
37464.0
37640.0
37816.0
37994.0
38172.0
38350.0
38528.0
38699.0
38877.0
39051.0
39229.0
39405.0
39581.0
39757.0
39928.0
40106.0
40282.0
40460.0
40638.0
40816.0
40994.0
41170.0
41344.0
41522.0
41700.0
41876.0
42052.0
42230.0
42404.0
42582.0
42760.0
42936.0
43110.0
43286.0
43459.0
43637.0
43815.0
43988.0
44162.0
44340.0
44518.0
44694.0
44872.0
45048.0
45224.0
45400.0
45578.0
45754.0
45932.0
46103.0
46275.0
46453.0
46629.0
46800.0
46957.0
47128.0
47306.0
47482.0
47660.0
47836.0
48012.0
48188.0
48362.0
48533.0
48709.0
48887.0
49060.0
49231.0
49405.0
49583.0
49761.0
49939.0
50115.0
50293.0
50471.0
50649.0
50827.0
51005.0
51183.0
51361.0
51537.0
51711.0
51882.0
52056.0
52234.0
52405.0
52576.0
52752.0
52923.0
53099.0
53273.0
53444.0
53616.0
53792.0
53970.0
54148.0
54326.0
54504.0
54673.0
54844.0
55022.0
55187.0
55365.0
55543.0
55714.0
55887.0
56065.0
56241.0
56409.0
56585.0
56763.0
56935.0
57107.0
57283.0
57461.0
57635.0
57813.0
57991.0
58169.0
58338.0
58511.0
58687.0
58861.0
59032.0
59210.0
59381.0
59557.0
59735.0
59913.0
60091.0
60269.0
60447.0
60609.0
60787.0
60965.0
61143.0
61321.0
61495.0
61673.0
61849.0
62022.0
62200.0
62371.0
62542.0
62710.0
62888.0
63061.0
63239.0
63412.0
63590.0
63768.0
63946.0
64124.0
64293.0
64462.0
64640.0
64818.0
64992.0
65170.0
65348.0
65524.0
65702.0
65880.0
66058.0
66232.0
66408.0
66586.0
66754.0
66930.0
67103.0
67276.0
67454.0
67622.0
67789.0
67965.0
68143.0
68317.0
68495.0
68671.0
68845.0
69023.0
69199.0
69377.0
69555.0
69729.0
69898.0
70076.0
70254.0
70432.0
70606.0
70784.0
70962.0
71140.0
71318.0
71496.0
71665.0
71843.0
72021.0
72199.0
72375.0
72551.0
72729.0
72907.0
73083.0
73259.0
73433.0
73607.0
73781.0
73957.0
74133.0
74311.0
74487.0
74665.0
74843.0
75017.0
75195.0
75373.0
75549.0
75723.0
75889.0
76062.0
76236.0
76410.0
76586.0
76764.0
76940.0
77118.0
77289.0
77467.0
77645.0
77819.0
77997.0
78170.0
78348.0
78526.0
78702.0
78880.0
79058.0
79230.0
79406.0
79584.0
79762.0
79938.0
80112.0
80283.0
80461.0
80637.0
80815.0
80979.0
81157.0
81333.0
81511.0
81689.0
81867.0
82045.0
82223.0
82401.0
82579.0
82757.0
82928.0
83102.0
83280.0
83458.0
83632.0
83805.0
83981.0
84159.0
84333.0
84511.0
84687.0
84863.0
85039.0
85210.0
85388.0
85561.0
85739.0
85915.0
86089.0
86265.0
86441.0
86617.0
86795.0
86971.0
87149.0
87327.0
87505.0
87683.0
87861.0
88037.0
88215.0
88384.0
88560.0
88738.0
88914.0
89086.0
89264.0
89442.0
89611.0
89783.0
89956.0
90126.0
90302.0
90475.0
90653.0
90829.0
91005.0
91183.0
91361.0
91537.0
91713.0
91891.0
92065.0
92243.0
92416.0
92594.0
92767.0
92941.0
93119.0
93297.0
93475.0
93653.0
93831.0
94007.0
94185.0
94359.0
94537.0
94715.0
94891.0
95067.0
95245.0
95419.0
95597.0
95773.0
95951.0
96129.0
96307.0
96485.0
96663.0
96841.0
97017.0
97193.0
97369.0
97540.0
97718.0
97894.0
98072.0
98250.0
98423.0
98596.0
98774.0
98952.0
99128.0
99306.0
99482.0
99655.0
99828.0
100006.0
100184.0
100356.0
100534.0
100712.0
100890.0
101066.0
101244.0
101420.0
101596.0
101774.0
101952.0
102130.0
102308.0
102481.0
102647.0
102819.0
102993.0
103166.0
103342.0
103520.0
103698.0
103876.0
104054.0
104226.0
104404.0
104582.0
104751.0
104927.0
105105.0
105279.0
105457.0
105635.0
105808.0
105986.0
106160.0
106336.0
106508.0
106686.0
106860.0
107036.0
107214.0
107388.0
107561.0
107739.0
107917.0
108095.0
108273.0
108449.0
108627.0
108803.0
108974.0
109145.0
109323.0
109501.0
109679.0
109855.0
110029.0
110205.0
110383.0
110556.0
110734.0
110908.0
111086.0
111264.0
111440.0
111618.0
111792.0
111970.0
112146.0
112324.0
112500.0
112674.0
112850.0
113026.0
113204.0
113378.0
113554.0
113728.0
113904.0
114082.0
114251.0
114429.0
114605.0
114783.0
114961.0
115137.0
115315.0
115493.0
115671.0
115847.0
116025.0
116196.0
116364.0
116540.0
116718.0
116896.0
117067.0
117245.0
117421.0
117594.0
117772.0
117950.0
118128.0
118304.0
118482.0
118654.0
118832.0
119010.0
119188.0
119364.0
119542.0
119711.0
119889.0
120067.0
120243.0
120421.0
120599.0
120773.0
120951.0
121124.0
121300.0
121478.0
121647.0
121825.0
122003.0
122181.0
122359.0
122537.0
122715.0
122893.0
123071.0
123247.0
123420.0
123598.0
123771.0
123949.0
124123.0
124301.0
124479.0
124657.0
124830.0
125006.0
125179.0
125357.0
125533.0
125707.0
125878.0
126054.0
126232.0
126406.0
126584.0
126758.0
126936.0
127112.0
127288.0
127464.0
127637.0
127807.0
127981.0
128157.0
128335.0
128506.0
128675.0
128853.0
129029.0
129203.0
129381.0
129557.0
129731.0
129907.0
130085.0
130261.0
130439.0
130612.0
130790.0
130968.0
131146.0
131324.0
131500.0
131678.0
131856.0
132034.0
132212.0
132388.0
132566.0
132744.0
132918.0
133092.0
133263.0
133436.0
133614.0
133790.0
133966.0
134144.0
134322.0
134498.0
134672.0
134843.0
135021.0
135199.0
135377.0
135555.0
135733.0
135911.0
136089.0
136267.0
136445.0
136614.0
136792.0
136964.0
137142.0
137320.0
137498.0
137676.0
137854.0
138030.0
138208.0
138386.0
138562.0
138738.0
138914.0
139090.0
139263.0
139439.0
139617.0
139788.0
139966.0
140142.0
140318.0
140492.0
140670.0
140846.0
141024.0
141200.0
141378.0
141556.0
141727.0
141900.0
142069.0
142242.0
142418.0
142596.0
142762.0
142940.0
143118.0
143296.0
143469.0
143647.0
143821.0
143995.0
144173.0
144349.0
144527.0
144705.0
144883.0
145061.0
145234.0
145412.0
145585.0
145761.0
145937.0
146115.0
146282.0
146460.0
146634.0
146812.0
146988.0
147166.0
147342.0
147520.0
147691.0
147863.0
148041.0
148219.0
148390.0
148568.0
148744.0
148922.0
149100.0
149278.0
149454.0
149630.0
149806.0
149984.0
150157.0
150333.0
150507.0
150685.0
150856.0
151034.0
151208.0
151384.0
151562.0
151740.0
151918.0
152089.0
152267.0
152445.0
152623.0
152801.0
152977.0
153155.0
153333.0
153511.0
153689.0
153865.0
154036.0
154214.0
154388.0
154566.0
154744.0
154911.0
155087.0
155265.0
155443.0
155621.0
155799.0
155971.0
156144.0
156322.0
156500.0
156673.0
156847.0
157025.0
157199.0
157377.0
157555.0
157733.0
157911.0
158084.0
158260.0
158438.0
158616.0
158789.0
158967.0
159141.0
159319.0
159493.0
159664.0
159840.0
160014.0
160187.0
160363.0
160541.0
160719.0
160895.0
161071.0
161247.0
161421.0
161599.0
161775.0
161951.0
162127.0
162303.0
162481.0
162652.0
162830.0
163008.0
163186.0
163364.0
163540.0
163711.0
163885.0
164061.0
164239.0
164413.0
164591.0
164764.0
164942.0
165120.0
165298.0
165461.0
165637.0
165811.0
165985.0
166163.0
166341.0
166519.0
166691.0
166862.0
167040.0
167214.0
167392.0
167570.0
167738.0
167914.0
168090.0
168264.0
168442.0
168618.0
168794.0
168972.0
169148.0
169326.0
169500.0
169678.0
169856.0
170034.0
170210.0
170386.0
170562.0
170740.0
170909.0
171087.0
171260.0
171438.0
171614.0
171792.0
171966.0
172144.0
172318.0
172492.0
172670.0
172838.0
173016.0
173192.0
173370.0
173548.0
173726.0
173897.0
174073.0
174244.0
174420.0
174598.0
174776.0
174954.0
175120.0
175298.0
175476.0
175654.0
175830.0
176006.0
176180.0
176353.0
176527.0
176698.0
176876.0
177054.0
177232.0
177410.0
177588.0
177759.0
177937.0
178104.0
178278.0
178456.0
178630.0
178801.0
178977.0
179155.0
179331.0
179509.0
179687.0
179863.0
180041.0
180219.0
180397.0
180562.0
180736.0
180912.0
181090.0
181266.0
181440.0
181618.0
181796.0
181969.0
182143.0
182319.0
182493.0
182659.0
182835.0
183008.0
183181.0
183359.0
183537.0
183710.0
183888.0
184057.0
184233.0
184409.0
184587.0
184765.0
184941.0
185119.0
185295.0
185473.0
185651.0
185829.0
186007.0
186185.0
186357.0
186533.0
186711.0
186889.0
187063.0
187236.0
187412.0
187590.0
187768.0
187946.0
188124.0
188302.0
188467.0
188645.0
188821.0
188999.0
189177.0
189353.0
189531.0
189705.0
189883.0
190061.0
190234.0
190412.0
190590.0
190768.0
190946.0
191122.0
191298.0
191476.0
191652.0
191820.0
191998.0
192176.0
192350.0
192528.0
192706.0
192884.0
193062.0
193240.0
193418.0
193592.0
193768.0
193944.0
194118.0
194296.0
194472.0
194648.0
194826.0
195004.0
195177.0
195355.0
195531.0
195704.0
195880.0
196056.0
196230.0
196406.0
196584.0
196762.0
196935.0
197111.0
197284.0
197462.0
197640.0
197816.0
197992.0
198170.0
198348.0
198522.0
198700.0
198878.0
199054.0
199228.0
199402.0
199580.0
199753.0
199929.0
200105.0
200283.0
200459.0
200635.0
200813.0
200985.0
201161.0
201339.0
201515.0
201689.0
201867.0
202043.0
202219.0
202397.0
202575.0
202753.0
202931.0
203105.0
203276.0
203450.0
203619.0
203795.0
203971.0
204144.0
204322.0
204489.0
204667.0
204845.0
205023.0
205201.0
205379.0
205555.0
205733.0
205911.0
206089.0
206267.0
206445.0
206621.0
206794.0
206972.0
207150.0
207323.0
207499.0
207672.0
207848.0
208018.0
208196.0
208370.0
208546.0
208724.0
208902.0
209073.0
209251.0
209416.0
209594.0
209767.0
209945.0
210121.0
210299.0
210475.0
210651.0
210824.0
210993.0
211171.0
211342.0
211520.0
211698.0
211869.0
212047.0
212223.0
212401.0
212579.0
212752.0
212925.0
213101.0
213275.0
213451.0
213625.0
213803.0
213981.0
