a = 0.8
g = 0.2
e = 0.5
random initial weights = false

-331.0
-343.0
-256.0
-763.0
-1393.0
-1898.0
-2334.0
-2799.0
-3282.0
-3718.0
-4142.0
-4566.0
-5050.0
-4885.0
-4736.0
-4587.0
-4421.0
-4288.0
-4138.0
-3963.0
-3825.0
-3659.0
-3480.0
-3330.0
-3159.0
-3002.0
-2995.0
-2832.0
-2658.0
-2488.0
-2309.0
-2132.0
-1982.0
-1825.0
-1655.0
-1501.0
-1366.0
-1218.0
-1038.0
-860.0
-703.0
-525.0
-377.0
-217.0
-103.0
64.0
232.0
403.0
571.0
746.0
900.0
1084.0
1251.0
1413.0
1595.0
1755.0
1905.0
2078.0
2233.0
2406.0
2536.0
2679.0
2840.0
3004.0
3160.0
3311.0
3491.0
3656.0
3801.0
3962.0
4133.0
4297.0
4463.0
4613.0
4776.0
4934.0
5114.0
5266.0
5404.0
5573.0
5749.0
5901.0
6074.0
6244.0
6373.0
6511.0
6642.0
6805.0
6980.0
7156.0
7296.0
7463.0
7607.0
7791.0
7973.0
8129.0
8299.0
8432.0
8589.0
8756.0
8931.0
9089.0
9273.0
9394.0
9559.0
9736.0
9889.0
10065.0
10230.0
10372.0
10520.0
10688.0
10863.0
11033.0
11171.0
11351.0
11521.0
11670.0
11829.0
11996.0
12135.0
12306.0
12478.0
12646.0
12801.0
12962.0
13144.0
13319.0
13492.0
13659.0
13832.0
13997.0
14148.0
14323.0
14503.0
14671.0
14829.0
14968.0
15147.0
15316.0
15339.0
15512.0
15692.0
15870.0
16043.0
16196.0
16365.0
16522.0
16670.0
16831.0
16998.0
17148.0
17326.0
17485.0
17654.0
17818.0
18000.0
18165.0
18342.0
18459.0
18636.0
18804.0
18972.0
19138.0
19282.0
19444.0
19589.0
19748.0
19912.0
20096.0
20256.0
20420.0
20552.0
20694.0
20847.0
21012.0
21167.0
21286.0
21434.0
21596.0
21743.0
21893.0
22051.0
22180.0
22350.0
22523.0
22703.0
22877.0
23036.0
23204.0
23367.0
23531.0
23700.0
23879.0
24042.0
24208.0
24376.0
24549.0
24718.0
24853.0
25025.0
25178.0
25354.0
25527.0
25663.0
25826.0
25972.0
26131.0
26304.0
26471.0
26619.0
26786.0
26951.0
27127.0
27290.0
27450.0
27627.0
27751.0
27917.0
28065.0
28229.0
28393.0
28553.0
28708.0
28793.0
28977.0
29138.0
29304.0
29484.0
29628.0
29800.0
29957.0
30122.0
30296.0
30432.0
30571.0
30741.0
30925.0
31092.0
31255.0
31405.0
31576.0
31750.0
31913.0
32013.0
32183.0
32358.0
32532.0
32697.0
32862.0
33007.0
33149.0
33318.0
33483.0
33646.0
33787.0
33909.0
34087.0
34267.0
34428.0
34607.0
34772.0
34945.0
35097.0
35277.0
35403.0
35551.0
35723.0
35898.0
36072.0
36241.0
36404.0
36575.0
36737.0
36907.0
37077.0
37250.0
37408.0
37582.0
37759.0
37904.0
38068.0
38215.0
38378.0
38543.0
38711.0
38883.0
39060.0
39235.0
39413.0
39576.0
39744.0
39918.0
40069.0
40231.0
40390.0
40562.0
40730.0
40897.0
41059.0
41219.0
41393.0
41545.0
41715.0
41862.0
42027.0
42207.0
42377.0
42519.0
42676.0
42844.0
42998.0
43178.0
43311.0
43431.0
43588.0
43748.0
43916.0
44083.0
44207.0
44389.0
44482.0
44611.0
44770.0
44895.0
45032.0
45203.0
45356.0
45521.0
45699.0
45850.0
46007.0
46161.0
46322.0
46490.0
46659.0
46803.0
46904.0
47039.0
47202.0
47376.0
47551.0
47717.0
47855.0
48029.0
48178.0
48360.0
48523.0
48707.0
48860.0
49044.0
49223.0
49372.0
49539.0
49672.0
49834.0
49988.0
50153.0
50310.0
50463.0
50622.0
50782.0
50932.0
51097.0
51262.0
51381.0
51535.0
51645.0
51807.0
51959.0
52118.0
52298.0
52451.0
52615.0
52777.0
52940.0
53072.0
53235.0
53409.0
53574.0
53707.0
53866.0
54031.0
54206.0
54362.0
54544.0
54701.0
54866.0
55031.0
55191.0
55354.0
55509.0
55689.0
55852.0
56015.0
56171.0
56349.0
56509.0
56634.0
56790.0
56936.0
57093.0
57254.0
57436.0
57607.0
57775.0
57945.0
58118.0
58286.0
58440.0
58536.0
58715.0
58851.0
59011.0
59195.0
59373.0
59507.0
59674.0
59830.0
59983.0
60138.0
60297.0
60450.0
60617.0
60713.0
60853.0
61030.0
61205.0
61370.0
61498.0
61664.0
61836.0
61974.0
62152.0
62326.0
62501.0
62649.0
62820.0
62988.0
63084.0
63251.0
63420.0
63599.0
63783.0
63955.0
64118.0
64266.0
64427.0
64582.0
64714.0
64876.0
65045.0
65211.0
65386.0
65566.0
65713.0
65888.0
66053.0
66216.0
66389.0
66552.0
66713.0
66875.0
67032.0
67198.0
67354.0
67490.0
67667.0
67842.0
67977.0
68132.0
68302.0
68461.0
68624.0
68785.0
68950.0
69106.0
69234.0
69396.0
69474.0
69658.0
69812.0
69982.0
70150.0
70304.0
70482.0
70652.0
70823.0
70993.0
71162.0
71327.0
71484.0
71630.0
71774.0
71958.0
72142.0
72308.0
72472.0
72590.0
72750.0
72917.0
73096.0
73238.0
73385.0
73543.0
73709.0
73872.0
74023.0
74189.0
74310.0
74471.0
74644.0
74805.0
74944.0
75115.0
75288.0
75444.0
75593.0
75761.0
75931.0
76072.0
76237.0
76411.0
76576.0
76753.0
76921.0
77094.0
77270.0
77416.0
77581.0
77717.0
77868.0
78024.0
78187.0
78358.0
78515.0
78689.0
78840.0
79022.0
79170.0
79332.0
79496.0
79668.0
79829.0
79991.0
80166.0
80332.0
80499.0
80657.0
80823.0
81000.0
81128.0
81300.0
81445.0
81618.0
81777.0
81923.0
82082.0
82262.0
82433.0
82597.0
82773.0
82936.0
83102.0
83264.0
83431.0
83601.0
83766.0
83930.0
84065.0
84195.0
84327.0
84497.0
84656.0
84807.0
84977.0
85128.0
85310.0
85478.0
85641.0
85819.0
85984.0
86141.0
86304.0
86469.0
86645.0
86804.0
86967.0
87137.0
87303.0
87474.0
87653.0
87801.0
87967.0
88130.0
88265.0
88402.0
88563.0
88703.0
88876.0
89025.0
89176.0
89312.0
89483.0
89650.0
89804.0
89977.0
90091.0
90245.0
90414.0
90578.0
90734.0
90896.0
91002.0
91173.0
91311.0
91478.0
91630.0
91804.0
91986.0
92133.0
92275.0
92438.0
92613.0
92780.0
92944.0
93121.0
93274.0
93430.0
93594.0
93755.0
93921.0
94089.0
94220.0
94356.0
94518.0
94690.0
94847.0
94997.0
95176.0
95348.0
95528.0
95673.0
95852.0
96036.0
96218.0
96366.0
96538.0
96709.0
96879.0
97036.0
97200.0
97362.0
97537.0
97705.0
97887.0
98048.0
98226.0
98400.0
98553.0
98716.0
98875.0
99051.0
99227.0
99403.0
99562.0
99727.0
99902.0
100026.0
100173.0
100345.0
100510.0
100668.0
100837.0
100989.0
101146.0
101313.0
101475.0
101642.0
101802.0
101986.0
102170.0
102321.0
102487.0
102665.0
102832.0
103001.0
103161.0
103322.0
103502.0
103634.0
103779.0
103905.0
104042.0
104198.0
104380.0
104526.0
104655.0
104826.0
105001.0
105169.0
105308.0
105471.0
105624.0
105808.0
105949.0
106094.0
106271.0
106407.0
106576.0
106735.0
106857.0
107008.0
107178.0
107341.0
107486.0
107640.0
107799.0
107952.0
108126.0
108276.0
108429.0
108600.0
108763.0
108917.0
109095.0
109275.0
109443.0
109603.0
109778.0
109957.0
110123.0
110305.0
110465.0
110642.0
110812.0
110974.0
111150.0
111320.0
111476.0
111646.0
111819.0
111973.0
112147.0
112294.0
112448.0
112611.0
112788.0
112958.0
113108.0
113249.0
113355.0
113492.0
113674.0
113843.0
114002.0
114162.0
114329.0
114481.0
114658.0
114831.0
114999.0
115167.0
115341.0
115516.0
115690.0
115855.0
116029.0
116200.0
116374.0
116542.0
116704.0
116884.0
117056.0
117236.0
117383.0
117557.0
117732.0
117905.0
118064.0
118236.0
118403.0
118572.0
118750.0
118900.0
119057.0
119231.0
119408.0
119580.0
119757.0
119881.0
120058.0
120217.0
120369.0
120548.0
120705.0
120846.0
121012.0
121181.0
121283.0
121463.0
121601.0
121773.0
121945.0
122115.0
122271.0
122428.0
122585.0
122748.0
122916.0
123078.0
123202.0
123351.0
123492.0
123632.0
123777.0
123934.0
124100.0
124248.0
124395.0
124566.0
124742.0
124913.0
125071.0
125248.0
125414.0
125592.0
125754.0
125923.0
126101.0
126274.0
126420.0
126590.0
126738.0
126900.0
127048.0
127226.0
127396.0
127554.0
127711.0
127886.0
128052.0
128229.0
128369.0
128536.0
128699.0
128863.0
129033.0
129209.0
129353.0
129513.0
129680.0
129860.0
130038.0
130204.0
130343.0
130512.0
130661.0
130833.0
130987.0
131136.0
131316.0
131495.0
131650.0
131830.0
132000.0
132167.0
132317.0
132483.0
132661.0
132826.0
133010.0
133159.0
133321.0
133499.0
133670.0
133820.0
133963.0
134127.0
134294.0
134471.0
134579.0
134719.0
134868.0
135036.0
135202.0
135374.0
135538.0
135717.0
135824.0
135972.0
136142.0
136308.0
136473.0
136621.0
136789.0
136953.0
137119.0
137280.0
137425.0
137581.0
137707.0
137882.0
138043.0
138183.0
138346.0
138523.0
138663.0
138833.0
138999.0
139143.0
139297.0
139463.0
139619.0
139796.0
139974.0
140153.0
140294.0
140460.0
140604.0
140739.0
140902.0
141070.0
141233.0
141367.0
141512.0
141672.0
141838.0
141994.0
142159.0
142334.0
142494.0
142655.0
142832.0
143010.0
143174.0
143342.0
143513.0
143673.0
143836.0
144020.0
144170.0
144315.0
144462.0
144637.0
144812.0
144969.0
145082.0
145253.0
145372.0
145538.0
145690.0
145847.0
146006.0
146172.0
146316.0
146475.0
146633.0
146785.0
146963.0
147110.0
147282.0
147445.0
147612.0
147781.0
147946.0
148117.0
148301.0
148469.0
148635.0
148807.0
148984.0
149136.0
149305.0
149451.0
149630.0
149810.0
149958.0
150108.0
150280.0
150458.0
150611.0
150780.0
150953.0
151083.0
151243.0
151414.0
151580.0
151734.0
151907.0
152055.0
152184.0
152338.0
152486.0
152655.0
152803.0
152975.0
153132.0
153307.0
153472.0
153641.0
153814.0
153982.0
154161.0
154322.0
154489.0
154666.0
154836.0
154959.0
155125.0
155305.0
155470.0
155648.0
155819.0
155989.0
156169.0
156345.0
156512.0
156679.0
156843.0
157005.0
157178.0
157345.0
157500.0
157684.0
157840.0
158010.0
158178.0
158329.0
158485.0
158653.0
158810.0
158972.0
159132.0
159298.0
159436.0
159615.0
159769.0
159934.0
160104.0
160269.0
160412.0
160570.0
160723.0
160880.0
161055.0
161221.0
161378.0
161528.0
161697.0
161863.0
161961.0
162119.0
162270.0
162432.0
162603.0
162773.0
162950.0
163097.0
163248.0
163427.0
163602.0
163779.0
163925.0
164086.0
164241.0
164425.0
164596.0
164755.0
164910.0
165072.0
165256.0
165425.0
165604.0
165779.0
165950.0
166120.0
166288.0
166463.0
166643.0
166803.0
166969.0
167141.0
167318.0
167445.0
167588.0
167768.0
167923.0
168076.0
168230.0
168382.0
168551.0
168700.0
168858.0
169006.0
169186.0
169359.0
169533.0
169685.0
169808.0
169966.0
170140.0
170305.0
170462.0
170626.0
170801.0
170978.0
171158.0
171247.0
171386.0
171568.0
171695.0
171859.0
172024.0
172186.0
172361.0
172534.0
172697.0
172854.0
172994.0
173107.0
173275.0
173457.0
173626.0
173804.0
173959.0
174120.0
174288.0
174430.0
174576.0
174750.0
174891.0
175071.0
175210.0
175381.0
175552.0
175723.0
175880.0
176039.0
176202.0
176349.0
176509.0
176674.0
176844.0
176998.0
177169.0
177339.0
177513.0
177625.0
177799.0
177973.0
178141.0
178308.0
178487.0
178648.0
178776.0
178946.0
179110.0
179272.0
179394.0
179566.0
179723.0
179868.0
180044.0
180217.0
180397.0
180548.0
180707.0
180824.0
180993.0
181110.0
181270.0
181441.0
181625.0
181794.0
181971.0
182122.0
182297.0
182461.0
182641.0
182755.0
182924.0
183099.0
183279.0
183447.0
183579.0
183754.0
183913.0
184085.0
184223.0
184371.0
184543.0
184713.0
184836.0
184979.0
185151.0
185316.0
185467.0
185637.0
185783.0
185921.0
186094.0
186267.0
186423.0
186586.0
186757.0
186925.0
187100.0
187273.0
187437.0
187604.0
187772.0
187942.0
188096.0
188221.0
188372.0
188514.0
188672.0
188808.0
188960.0
189099.0
189275.0
189444.0
189624.0
189786.0
189947.0
190126.0
190288.0
190447.0
190602.0
190755.0
190893.0
191043.0
191198.0
191359.0
191511.0
191649.0
191807.0
191985.0
192142.0
192312.0
192455.0
192582.0
192734.0
192892.0
193069.0
193234.0
193392.0
193542.0
193676.0
193840.0
194006.0
194166.0
194316.0
194470.0
194647.0
194758.0
194915.0
195087.0
195242.0
195407.0
195562.0
195720.0
195896.0
196055.0
196214.0
196394.0
196518.0
196650.0
196815.0
196958.0
197133.0
197246.0
197396.0
197563.0
197711.0
197877.0
198029.0
198203.0
198366.0
198536.0
198706.0
198877.0
199053.0
199214.0
199356.0
199510.0
199676.0
199843.0
200001.0
200161.0
200326.0
200500.0
200656.0
200804.0
200981.0
201134.0
201293.0
201459.0
201619.0
201788.0
201948.0
202115.0
202275.0
202451.0
202612.0
202786.0
202966.0
203071.0
203248.0
203416.0
203575.0
203731.0
203899.0
204079.0
204232.0
204392.0
204565.0
204647.0
204816.0
204982.0
205130.0
205291.0
205460.0
205629.0
205790.0
205930.0
206107.0
206255.0
206416.0
206526.0
206679.0
206816.0
206976.0
207144.0
207290.0
207457.0
207600.0
207765.0
207935.0
208119.0
208285.0
208452.0
208597.0
208747.0
208883.0
209026.0
209203.0
209360.0
209525.0
209688.0
209799.0
209976.0
210150.0
210309.0
210484.0
210657.0
210829.0
210997.0
211150.0
211298.0
211475.0
211614.0
211772.0
211941.0
212075.0
212257.0
212372.0
212546.0
212716.0
212877.0
213052.0
213218.0
213389.0
213562.0
213734.0
213907.0
214066.0
214243.0
214425.0
214592.0
214772.0
214937.0
215087.0
215243.0
215416.0
215544.0
215722.0
215904.0
216033.0
216208.0
216378.0
216553.0
216686.0
216850.0
216993.0
217172.0
217342.0
217501.0
217654.0
217820.0
217991.0
218112.0
218287.0
218428.0
218598.0
218773.0
218935.0
219098.0
219255.0
219425.0
219551.0
219709.0
219859.0
220018.0
220153.0
220306.0
220464.0
220644.0
220815.0
220995.0
221157.0
221312.0
221475.0
221627.0
221791.0
221949.0
222128.0
222274.0
222408.0
222583.0
222723.0
222887.0
223002.0
223180.0
223337.0
223515.0
223676.0
223849.0
224013.0
224176.0
224353.0
224498.0
224643.0
224772.0
224920.0
225058.0
225182.0
225336.0
225492.0
225606.0
225772.0
225941.0
226107.0
226260.0
226407.0
226548.0
226707.0
226845.0
227003.0
227185.0
227351.0
227506.0
227656.0
227829.0
227993.0
228167.0
228321.0
228472.0
228638.0
228800.0
228960.0
229096.0
229265.0
229429.0
229574.0
229728.0
229873.0
230006.0
230180.0
230353.0
230510.0
230677.0
230859.0
231015.0
231165.0
231329.0
231496.0
231646.0
231802.0
231969.0
232143.0
232323.0
232484.0
232647.0
232813.0
232985.0
233156.0
233333.0
233506.0
