a = 0.2
g = 0.2
e = 0.3
random initial weights = false

-936.0
-1662.0
-2111.0
-2709.0
-3285.0
-3896.0
-4390.0
-4972.0
-5488.0
-5951.0
-6529.0
-7149.0
-7589.0
-8065.0
-8624.0
-9063.0
-9518.0
-10062.0
-10586.0
-11085.0
-11606.0
-12058.0
-12504.0
-13028.0
-13568.0
-14003.0
-14453.0
-14944.0
-15392.0
-15833.0
-16321.0
-16767.0
-16670.0
-17081.0
-17506.0
-17997.0
-18455.0
-18902.0
-19333.0
-19831.0
-20250.0
-20690.0
-21193.0
-21657.0
-22098.0
-22525.0
-22995.0
-23415.0
-23867.0
-24310.0
-24797.0
-25242.0
-25714.0
-26154.0
-26629.0
-26476.0
-26327.0
-26740.0
-26586.0
-27002.0
-27423.0
-27849.0
-28303.0
-28753.0
-29203.0
-29644.0
-30067.0
-30534.0
-30992.0
-31411.0
-31852.0
-32294.0
-32778.0
-33226.0
-33650.0
-34073.0
-34499.0
-34938.0
-35384.0
-35809.0
-36228.0
-36692.0
-37137.0
-37556.0
-37972.0
-38398.0
-38816.0
-39249.0
-39729.0
-39587.0
-40006.0
-40493.0
-40916.0
-41370.0
-41781.0
-42218.0
-42651.0
-43070.0
-43513.0
-43930.0
-43786.0
-44216.0
-44044.0
-44455.0
-44887.0
-45346.0
-45175.0
-45615.0
-46038.0
-45869.0
-46282.0
-46721.0
-47155.0
-47566.0
-47981.0
-48423.0
-48863.0
-49283.0
-49698.0
-49565.0
-49399.0
-49824.0
-50243.0
-50685.0
-51102.0
-51531.0
-51972.0
-51810.0
-52225.0
-52645.0
-53060.0
-53515.0
-53945.0
-54388.0
-54819.0
-54657.0
-55068.0
-55494.0
-55929.0
-56378.0
-56823.0
-57260.0
-57677.0
-58090.0
-58523.0
-58962.0
-59385.0
-59221.0
-59638.0
-60057.0
-60475.0
-60317.0
-60143.0
-59965.0
-59793.0
-59617.0
-59464.0
-59893.0
-59758.0
-59586.0
-59447.0
-59862.0
-60298.0
-60130.0
-60550.0
-60973.0
-60799.0
-60621.0
-61045.0
-60877.0
-60712.0
-60549.0
-60376.0
-60218.0
-60635.0
-60510.0
-60334.0
-60179.0
-60592.0
-61016.0
-60848.0
-60698.0
-60528.0
-60379.0
-60216.0
-60645.0
-60475.0
-60302.0
-60130.0
-60556.0
-60973.0
-60846.0
-60676.0
-60509.0
-60335.0
-60157.0
-59996.0
-59824.0
-59657.0
-59484.0
-59310.0
-59146.0
-59563.0
-59391.0
-59236.0
-59062.0
-58899.0
-58749.0
-58594.0
-58422.0
-58248.0
-58668.0
-59093.0
-58919.0
-58745.0
-58585.0
-59004.0
-59435.0
-59278.0
-59117.0
-58949.0
-58789.0
-58632.0
-58475.0
-58316.0
-58146.0
-57968.0
-57804.0
-57628.0
-57485.0
-57314.0
-57731.0
-58152.0
-57993.0
-57822.0
-57660.0
-57486.0
-57318.0
-57144.0
-57562.0
-57392.0
-57803.0
-57660.0
-57486.0
-57337.0
-57165.0
-56987.0
-56839.0
-56676.0
-56509.0
-56337.0
-56164.0
-55992.0
-55844.0
-55689.0
-55513.0
-55345.0
-55176.0
-55002.0
-54836.0
-54682.0
-54516.0
-54355.0
-54186.0
-54017.0
-53848.0
-53677.0
-53535.0
-53401.0
-53228.0
-53060.0
-52892.0
-52723.0
-52553.0
-52384.0
-52224.0
-52053.0
-51881.0
-51705.0
-51536.0
-51947.0
-51777.0
-51607.0
-51437.0
-51299.0
-51123.0
-50972.0
-50814.0
-50643.0
-50471.0
-50316.0
-50155.0
-49986.0
-49814.0
-49660.0
-49492.0
-49323.0
-49150.0
-48981.0
-48808.0
-48636.0
-48478.0
-48895.0
-48729.0
-48555.0
-48391.0
-48806.0
-48651.0
-48485.0
-48312.0
-48138.0
-47968.0
-47790.0
-47620.0
-47453.0
-47293.0
-47124.0
-46972.0
-46810.0
-46632.0
-46458.0
-46282.0
-46108.0
-45930.0
-45763.0
-45628.0
-45452.0
-45278.0
-45117.0
-44941.0
-44777.0
-44603.0
-44431.0
-44267.0
-44099.0
-43925.0
-43757.0
-43590.0
-43424.0
-43262.0
-43084.0
-42908.0
-42770.0
-42594.0
-42425.0
-42257.0
-42092.0
-41926.0
-41750.0
-41576.0
-41398.0
-41220.0
-41044.0
-40874.0
-40698.0
-40529.0
-40365.0
-40191.0
-40022.0
-39857.0
-39683.0
-39524.0
-39348.0
-39177.0
-39003.0
-38827.0
-38674.0
-38502.0
-38328.0
-38173.0
-38000.0
-37829.0
-37660.0
-37484.0
-37315.0
-37144.0
-36968.0
-36792.0
-36626.0
-36459.0
-36293.0
-36132.0
-35963.0
-35814.0
-35653.0
-35480.0
-35310.0
-35140.0
-34974.0
-34796.0
-34627.0
-34462.0
-34292.0
-34124.0
-33953.0
-33782.0
-33611.0
-33443.0
-33265.0
-33091.0
-32921.0
-32752.0
-32579.0
-32403.0
-32236.0
-32063.0
-31889.0
-31715.0
-31544.0
-31368.0
-31196.0
-31024.0
-30854.0
-30678.0
-30508.0
-30334.0
-30158.0
-29994.0
-29833.0
-29655.0
-29486.0
-29318.0
-29155.0
-28982.0
-28814.0
-28649.0
-28476.0
-28307.0
-28194.0
-28025.0
-27849.0
-27697.0
-27530.0
-27365.0
-27193.0
-27024.0
-26846.0
-26674.0
-26500.0
-26330.0
-26161.0
-25985.0
-25824.0
-25661.0
-25499.0
-25331.0
-25174.0
-25007.0
-24839.0
-24670.0
-24498.0
-24330.0
-24163.0
-24030.0
-23854.0
-23676.0
-23546.0
-23368.0
-23199.0
-23023.0
-22852.0
-22674.0
-22509.0
-22347.0
-22184.0
-22006.0
-21834.0
-21658.0
-21494.0
-21336.0
-21163.0
-20993.0
-20827.0
-20653.0
-20485.0
-20309.0
-20144.0
-19970.0
-19794.0
-19634.0
-19468.0
-19292.0
-19116.0
-18946.0
-18776.0
-18604.0
-18432.0
-18273.0
-18099.0
-17936.0
-17762.0
-17594.0
-17440.0
-17269.0
-17093.0
-16922.0
-16752.0
-16580.0
-16412.0
-16234.0
-16058.0
-15882.0
-15706.0
-15534.0
-15379.0
-15205.0
-15068.0
-14896.0
-14725.0
-14552.0
-14376.0
-14203.0
-14037.0
-13873.0
-13701.0
-13531.0
-13357.0
-13193.0
-13015.0
-12841.0
-12676.0
-12502.0
-12328.0
-12161.0
-11998.0
-11822.0
-11649.0
-11478.0
-11304.0
-11131.0
-10960.0
-10800.0
-10639.0
-10475.0
-10317.0
-10156.0
-9988.0
-9827.0
-9656.0
-9483.0
-9305.0
-9148.0
-8976.0
-8812.0
-8643.0
-8473.0
-8305.0
-8138.0
-7962.0
-7784.0
-7608.0
-7455.0
-7290.0
-7125.0
-6959.0
-6809.0
-6631.0
-6461.0
-6285.0
-6136.0
-5960.0
-5784.0
-5606.0
-5435.0
-5268.0
-5099.0
-4927.0
-4753.0
-4577.0
-4412.0
-4243.0
-4084.0
-3914.0
-3746.0
-3595.0
-3419.0
-3243.0
-3065.0
-2891.0
-2726.0
-2550.0
-2378.0
-2207.0
-2031.0
-1860.0
-1691.0
-1520.0
-1355.0
-1191.0
-1013.0
-854.0
-685.0
-511.0
-335.0
-159.0
6.0
180.0
356.0
519.0
688.0
854.0
1012.0
1183.0
1337.0
1515.0
1685.0
1859.0
2030.0
2190.0
2364.0
2538.0
2708.0
2880.0
3043.0
3219.0
3393.0
3569.0
3745.0
3913.0
4079.0
4248.0
4424.0
4596.0
4765.0
4927.0
5100.0
5272.0
5428.0
5586.0
5759.0
5933.0
6109.0
6267.0
6443.0
6612.0
6788.0
6962.0
7138.0
7302.0
7470.0
7635.0
7789.0
7965.0
8143.0
8321.0
8497.0
8664.0
8835.0
9006.0
9163.0
9332.0
9489.0
9660.0
9811.0
9961.0
10137.0
10291.0
10462.0
10604.0
10782.0
10958.0
11125.0
11279.0
11437.0
11615.0
11779.0
11946.0
12116.0
12272.0
12438.0
12599.0
12773.0
12944.0
13105.0
13263.0
13420.0
13583.0
13759.0
13935.0
14097.0
14273.0
14447.0
14623.0
14794.0
14962.0
15134.0
15306.0
15476.0
15635.0
15807.0
15979.0
16148.0
16313.0
16485.0
16638.0
16816.0
16987.0
17151.0
17318.0
17488.0
17664.0
17838.0
18016.0
18192.0
18359.0
18528.0
18697.0
18862.0
19033.0
19196.0
19370.0
19534.0
19708.0
19884.0
20044.0
20208.0
20375.0
20524.0
20695.0
20862.0
21031.0
21209.0
21378.0
21539.0
21715.0
21889.0
22048.0
22202.0
22363.0
22535.0
22707.0
22883.0
23049.0
23220.0
23386.0
23549.0
23712.0
23876.0
24049.0
24213.0
24373.0
24541.0
24707.0
24883.0
25051.0
25225.0
25396.0
25563.0
25725.0
25894.0
26070.0
26244.0
26411.0
26577.0
26739.0
26903.0
27062.0
27230.0
27389.0
27563.0
27730.0
27901.0
28075.0
28249.0
28413.0
28591.0
28755.0
28922.0
29094.0
29262.0
29432.0
29604.0
29758.0
29929.0
30105.0
30283.0
30446.0
30609.0
30785.0
30954.0
31116.0
31278.0
31450.0
31612.0
31778.0
31951.0
32116.0
32282.0
32451.0
32625.0
32793.0
32957.0
33114.0
33284.0
33453.0
33623.0
33790.0
33964.0
34135.0
34299.0
34454.0
34630.0
34800.0
34970.0
35144.0
35302.0
35476.0
35647.0
35816.0
35983.0
36126.0
36299.0
36472.0
36638.0
36810.0
36962.0
37130.0
37286.0
37419.0
37591.0
37762.0
37936.0
38099.0
38273.0
38445.0
38614.0
38784.0
38956.0
39130.0
39295.0
39459.0
39626.0
39797.0
39971.0
40144.0
40316.0
40488.0
40654.0
40828.0
40992.0
41170.0
41348.0
41526.0
41686.0
41854.0
42013.0
42170.0
42342.0
42509.0
42647.0
42818.0
42994.0
43166.0
43340.0
43507.0
43669.0
43832.0
43998.0
44161.0
44339.0
44511.0
44663.0
44837.0
44989.0
45163.0
45318.0
45472.0
45644.0
45812.0
45979.0
46149.0
46315.0
46485.0
46654.0
46828.0
46999.0
47156.0
47321.0
47491.0
47669.0
47838.0
47998.0
48167.0
48343.0
48517.0
48686.0
48840.0
49007.0
49181.0
49359.0
49520.0
49691.0
49869.0
50018.0
50185.0
50340.0
50518.0
50694.0
50861.0
51034.0
51203.0
51377.0
51553.0
51714.0
51892.0
52068.0
52242.0
52420.0
52588.0
52760.0
52936.0
53102.0
53260.0
53430.0
53602.0
53780.0
53945.0
54117.0
54291.0
54458.0
54616.0
54794.0
54968.0
55142.0
55312.0
55482.0
55658.0
55823.0
55980.0
56152.0
56323.0
56490.0
56666.0
56844.0
57008.0
57170.0
57342.0
57512.0
57684.0
57850.0
58017.0
58185.0
58358.0
58529.0
58692.0
58861.0
59034.0
59205.0
59383.0
59547.0
59703.0
59872.0
60050.0
60217.0
60356.0
60514.0
60688.0
60864.0
61042.0
61214.0
61383.0
61543.0
61717.0
61888.0
62062.0
62222.0
62394.0
62565.0
62727.0
62898.0
63074.0
63250.0
63422.0
63586.0
63759.0
63935.0
64113.0
64277.0
64451.0
64629.0
64796.0
64967.0
65137.0
65301.0
65446.0
65616.0
65790.0
65964.0
66123.0
66291.0
66460.0
66633.0
66802.0
66976.0
67152.0
67328.0
67497.0
67664.0
67835.0
68002.0
68165.0
68331.0
68475.0
68649.0
68818.0
68990.0
69156.0
69316.0
69490.0
69656.0
69830.0
69989.0
70167.0
70343.0
70519.0
70691.0
70861.0
71034.0
71212.0
71385.0
71554.0
71720.0
71881.0
72045.0
72217.0
72380.0
72532.0
72708.0
72879.0
73049.0
73217.0
73379.0
73553.0
73729.0
73897.0
74071.0
74245.0
74417.0
74593.0
74750.0
74916.0
75087.0
75248.0
75420.0
75592.0
75770.0
75932.0
76097.0
76261.0
76420.0
76585.0
76753.0
76929.0
77107.0
77285.0
77459.0
77633.0
77796.0
77957.0
78129.0
78284.0
78434.0
78603.0
78772.0
78948.0
79122.0
79298.0
79451.0
79629.0
79783.0
79959.0
80135.0
80311.0
80485.0
80659.0
80837.0
81009.0
81180.0
81341.0
81519.0
81697.0
81871.0
82033.0
82184.0
82356.0
82527.0
82691.0
82867.0
83029.0
83202.0
83367.0
83539.0
83708.0
83872.0
84048.0
84215.0
84391.0
84546.0
84722.0
84896.0
85057.0
85225.0
85395.0
85565.0
85739.0
85911.0
86089.0
86267.0
86436.0
86584.0
86750.0
86923.0
87099.0
87269.0
87445.0
87619.0
87793.0
87926.0
88090.0
88259.0
88435.0
88606.0
88774.0
88939.0
89102.0
89269.0
89434.0
89598.0
89763.0
89939.0
90113.0
90287.0
90454.0
90624.0
90797.0
90971.0
91149.0
91322.0
91498.0
91662.0
91840.0
92003.0
92177.0
92346.0
92518.0
92686.0
92864.0
93040.0
93213.0
93380.0
93552.0
93719.0
93858.0
94018.0
94187.0
94351.0
94527.0
94692.0
94857.0
95031.0
95201.0
95360.0
95531.0
95705.0
95881.0
96050.0
96222.0
96388.0
96554.0
96720.0
96894.0
97072.0
97242.0
97405.0
97577.0
97746.0
97920.0
98093.0
98266.0
98430.0
98608.0
98780.0
98954.0
99121.0
99285.0
99461.0
99620.0
99794.0
99972.0
100148.0
100322.0
100492.0
100658.0
100815.0
100985.0
101146.0
101322.0
101481.0
101648.0
101805.0
101966.0
102136.0
102303.0
102469.0
102643.0
102813.0
102984.0
103150.0
103326.0
103498.0
103658.0
103834.0
104006.0
104180.0
104352.0
104522.0
104693.0
104869.0
105025.0
105197.0
105355.0
105515.0
105660.0
105823.0
105994.0
106158.0
106328.0
106506.0
106675.0
106851.0
107024.0
107200.0
107376.0
107552.0
107724.0
107885.0
108057.0
108228.0
108404.0
108582.0
108760.0
108929.0
109105.0
109264.0
109434.0
109593.0
109767.0
109913.0
110081.0
110244.0
110417.0
110595.0
110747.0
110914.0
111072.0
111241.0
111410.0
111567.0
111745.0
111918.0
112088.0
112257.0
112433.0
112604.0
112767.0
112932.0
113088.0
113261.0
113418.0
113590.0
113760.0
113923.0
114091.0
114252.0
114430.0
114594.0
114766.0
114934.0
115112.0
115288.0
115461.0
115639.0
115810.0
115981.0
116145.0
116313.0
116489.0
116663.0
116827.0
116984.0
117134.0
117291.0
117446.0
117624.0
117800.0
117978.0
118148.0
118320.0
118491.0
118669.0
118845.0
119003.0
119173.0
119345.0
119518.0
119694.0
119863.0
120030.0
120197.0
120373.0
120549.0
120683.0
120831.0
120997.0
121160.0
121319.0
121497.0
121657.0
121830.0
122006.0
122173.0
122342.0
122510.0
122657.0
122829.0
123007.0
123183.0
123343.0
123498.0
123669.0
123834.0
124004.0
124180.0
124349.0
124525.0
124703.0
124867.0
125035.0
125205.0
125378.0
125556.0
125732.0
125900.0
126066.0
126237.0
126406.0
126577.0
126740.0
126913.0
127077.0
127248.0
127405.0
127570.0
127733.0
127900.0
128070.0
128244.0
128420.0
128583.0
128761.0
128935.0
129109.0
129283.0
129461.0
129633.0
129811.0
129969.0
130141.0
130317.0
130491.0
130660.0
130829.0
130992.0
131170.0
131343.0
131515.0
131680.0
131851.0
132007.0
132172.0
132342.0
132520.0
132691.0
132858.0
133028.0
133206.0
133376.0
133550.0
133726.0
133900.0
134065.0
134236.0
134410.0
134586.0
134747.0
134925.0
135099.0
135257.0
135426.0
135602.0
135768.0
135942.0
136106.0
136284.0
136460.0
136625.0
136799.0
136955.0
137101.0
137262.0
137440.0
137607.0
137777.0
137935.0
138097.0
138261.0
138434.0
138610.0
138778.0
138952.0
139121.0
139287.0
139453.0
139627.0
139789.0
139965.0
140139.0
140304.0
140474.0
140641.0
140803.0
140979.0
141141.0
141314.0
141488.0
141657.0
141831.0
142003.0
142167.0
142343.0
142513.0
142661.0
142837.0
143001.0
143177.0
143344.0
143514.0
143684.0
143853.0
144029.0
144188.0
144359.0
144526.0
144699.0
144861.0
145033.0
145204.0
145373.0
145544.0
145720.0
145892.0
146061.0
146239.0
146408.0
146577.0
146749.0
146914.0
147082.0
147246.0
147420.0
147591.0
147765.0
147929.0
148096.0
148270.0
148446.0
148622.0
148798.0
148960.0
149115.0
149291.0
149464.0
149632.0
149808.0
149982.0
150147.0
150317.0
150473.0
150635.0
150786.0
150955.0
151112.0
151288.0
151464.0
151640.0
151805.0
151970.0
152130.0
152308.0
152482.0
