a = 0.8
g = 0.8
e = 0.3
random initial weights = false

-785.0
-1521.0
-1971.0
-2536.0
-2990.0
-3568.0
-4168.0
-4709.0
-5164.0
-5693.0
-6244.0
-6668.0
-7131.0
-7604.0
-8048.0
-7920.0
-7766.0
-8205.0
-8044.0
-8467.0
-8893.0
-9317.0
-9772.0
-9636.0
-9474.0
-9304.0
-9134.0
-9548.0
-9408.0
-9824.0
-10254.0
-10676.0
-11097.0
-10932.0
-10774.0
-10608.0
-11038.0
-10884.0
-10717.0
-10570.0
-10398.0
-10230.0
-10075.0
-9907.0
-9740.0
-9566.0
-9426.0
-9269.0
-9106.0
-8938.0
-8780.0
-8617.0
-8456.0
-8301.0
-8153.0
-7998.0
-7832.0
-7656.0
-7492.0
-7333.0
-7170.0
-6994.0
-6831.0
-6662.0
-6499.0
-6325.0
-6151.0
-5981.0
-5816.0
-5640.0
-5464.0
-5302.0
-5131.0
-4978.0
-4810.0
-4634.0
-4460.0
-4299.0
-4138.0
-3966.0
-3790.0
-3620.0
-3455.0
-3289.0
-3122.0
-2948.0
-2781.0
-2613.0
-2442.0
-2272.0
-2111.0
-1942.0
-1771.0
-1611.0
-1437.0
-1266.0
-1107.0
-931.0
-763.0
-606.0
-432.0
-271.0
-99.0
68.0
234.0
394.0
568.0
733.0
907.0
1081.0
1245.0
1419.0
1588.0
1764.0
1936.0
2101.0
2273.0
2431.0
2590.0
2754.0
2928.0
3100.0
3270.0
3436.0
3601.0
3771.0
3943.0
4113.0
4282.0
4456.0
4598.0
4770.0
4936.0
5101.0
5259.0
5431.0
5600.0
5741.0
5913.0
6084.0
6256.0
6416.0
6580.0
6750.0
6921.0
7090.0
7251.0
7418.0
7578.0
7742.0
7903.0
8061.0
8224.0
8394.0
8568.0
8732.0
8906.0
9077.0
9239.0
9406.0
9575.0
9745.0
9897.0
10069.0
10233.0
10383.0
10557.0
10726.0
10884.0
11041.0
11213.0
11387.0
11550.0
11715.0
11882.0
12041.0
12194.0
12355.0
12525.0
12673.0
12849.0
13023.0
13187.0
13350.0
13524.0
13679.0
13845.0
14000.0
14172.0
14335.0
14496.0
14668.0
14834.0
14983.0
15138.0
15308.0
15471.0
15633.0
15800.0
15969.0
16137.0
16308.0
16476.0
16650.0
16822.0
16987.0
17161.0
17333.0
17499.0
17673.0
17845.0
18019.0
18187.0
18344.0
18508.0
18675.0
18839.0
19013.0
19172.0
19344.0
19514.0
19686.0
19858.0
20020.0
20191.0
20355.0
20510.0
20679.0
20844.0
21003.0
21170.0
21344.0
21509.0
21683.0
21857.0
22018.0
22190.0
22360.0
22534.0
22683.0
22852.0
23013.0
23178.0
23346.0
23520.0
23692.0
23862.0
24023.0
24182.0
24352.0
24524.0
24684.0
24852.0
25017.0
25184.0
25351.0
25514.0
25674.0
25840.0
26004.0
26174.0
26333.0
26509.0
26674.0
26848.0
27022.0
27190.0
27360.0
27513.0
27687.0
27850.0
28015.0
28186.0
28348.0
28520.0
28696.0
28855.0
29025.0
29186.0
29362.0
29527.0
29683.0
29836.0
30000.0
30151.0
30316.0
30490.0
30664.0
30828.0
30995.0
31162.0
31327.0
31498.0
31665.0
31830.0
32006.0
32180.0
32352.0
32496.0
32666.0
32834.0
33001.0
33170.0
33324.0
33498.0
33663.0
33830.0
34001.0
34164.0
34332.0
34499.0
34659.0
34833.0
35007.0
35181.0
35331.0
35487.0
35646.0
35810.0
35964.0
36136.0
36300.0
36462.0
36617.0
36788.0
36962.0
37136.0
37299.0
37469.0
37630.0
37797.0
37967.0
38122.0
38282.0
38436.0
38597.0
38769.0
38938.0
39110.0
39282.0
39448.0
39613.0
39775.0
39945.0
40114.0
40286.0
40452.0
40618.0
40778.0
40954.0
41130.0
41295.0
41467.0
41643.0
41801.0
41968.0
42137.0
42284.0
42448.0
42619.0
42787.0
42963.0
43137.0
43304.0
43474.0
43635.0
43804.0
43970.0
44144.0
44305.0
44462.0
44627.0
44789.0
44961.0
45122.0
45298.0
45462.0
45621.0
45790.0
45949.0
46117.0
46284.0
46450.0
46626.0
46800.0
46970.0
47146.0
47315.0
47487.0
47661.0
47820.0
47994.0
48166.0
48322.0
48492.0
48663.0
48828.0
48998.0
49172.0
49337.0
49496.0
49663.0
49826.0
49989.0
50165.0
50335.0
50495.0
50671.0
50843.0
51014.0
51188.0
51348.0
51520.0
51680.0
51849.0
52019.0
52191.0
52365.0
52530.0
52706.0
52860.0
53030.0
53204.0
53359.0
53524.0
53688.0
53856.0
54022.0
54189.0
54359.0
54527.0
54699.0
54863.0
55029.0
55199.0
55369.0
55545.0
55711.0
55881.0
56055.0
56231.0
56401.0
56570.0
56742.0
56890.0
57050.0
57212.0
57386.0
57558.0
57719.0
57890.0
58064.0
58230.0
58406.0
58571.0
58736.0
58901.0
59063.0
59221.0
59391.0
59567.0
59739.0
59896.0
60072.0
60244.0
60411.0
60583.0
60757.0
60925.0
61090.0
61260.0
61421.0
61587.0
61749.0
61914.0
62070.0
62242.0
62403.0
62573.0
62743.0
62901.0
63065.0
63241.0
63415.0
63561.0
63733.0
63903.0
64061.0
64224.0
64398.0
64570.0
64739.0
64904.0
65058.0
65227.0
65388.0
65555.0
65731.0
65897.0
66064.0
66236.0
66403.0
66579.0
66753.0
66929.0
67105.0
67276.0
67439.0
67609.0
67770.0
67929.0
68077.0
68245.0
68413.0
68585.0
68748.0
68916.0
69086.0
69256.0
69418.0
69588.0
69762.0
69913.0
70078.0
70236.0
70391.0
70563.0
70726.0
70890.0
71064.0
71238.0
71406.0
71582.0
71753.0
71921.0
72091.0
72267.0
72434.0
72597.0
72769.0
72934.0
73095.0
73265.0
73439.0
73599.0
73775.0
73951.0
74127.0
74303.0
74477.0
74630.0
74804.0
74976.0
75146.0
75309.0
75481.0
75655.0
75825.0
75991.0
76165.0
76327.0
76497.0
76664.0
76833.0
77003.0
77173.0
77343.0
77500.0
77661.0
77835.0
78004.0
78176.0
78344.0
78512.0
78688.0
78862.0
79030.0
79202.0
79365.0
79537.0
79709.0
79883.0
80053.0
80220.0
80382.0
80545.0
80708.0
80880.0
81050.0
81221.0
81387.0
81558.0
81728.0
81882.0
82056.0
82228.0
82389.0
82561.0
82733.0
82901.0
83067.0
83241.0
83393.0
83561.0
83731.0
83874.0
84045.0
84219.0
84382.0
84554.0
84719.0
84883.0
85039.0
85213.0
85385.0
85553.0
85725.0
85899.0
86067.0
86238.0
86406.0
86577.0
86751.0
86927.0
87088.0
87255.0
87407.0
87571.0
87739.0
87900.0
88067.0
88218.0
88388.0
88555.0
88721.0
88893.0
89055.0
89220.0
89392.0
89561.0
89737.0
89895.0
90067.0
90221.0
90371.0
90529.0
90688.0
90858.0
91025.0
91197.0
91346.0
91516.0
91680.0
91837.0
92002.0
92170.0
92337.0
92500.0
92672.0
92844.0
93004.0
93174.0
93350.0
93522.0
93677.0
93846.0
94010.0
94174.0
94337.0
94501.0
94665.0
94833.0
94986.0
95160.0
95334.0
95510.0
95682.0
95858.0
96017.0
96191.0
96336.0
96506.0
96666.0
96834.0
97003.0
97173.0
97321.0
97488.0
97653.0
97817.0
97991.0
98167.0
98339.0
98503.0
98672.0
98825.0
98992.0
99145.0
99317.0
99493.0
99659.0
99833.0
99994.0
100156.0
100325.0
100499.0
100667.0
100843.0
100998.0
101174.0
101341.0
101505.0
101664.0
101834.0
102006.0
102180.0
102347.0
102505.0
102679.0
102845.0
103021.0
103182.0
103349.0
103525.0
103684.0
103858.0
104029.0
104197.0
104369.0
104533.0
104700.0
104876.0
105045.0
105212.0
105378.0
105524.0
105688.0
105856.0
106024.0
106200.0
106366.0
106540.0
106712.0
106869.0
107045.0
107213.0
107387.0
107563.0
107730.0
107904.0
108067.0
108229.0
108399.0
108573.0
108741.0
108915.0
109091.0
109260.0
109420.0
109581.0
109751.0
109920.0
110094.0
110257.0
110413.0
110562.0
110731.0
110898.0
111074.0
111238.0
111410.0
111578.0
111743.0
111915.0
112083.0
112240.0
112414.0
112579.0
112735.0
112909.0
113081.0
113252.0
113428.0
113598.0
113768.0
113940.0
114110.0
114249.0
114410.0
114572.0
114739.0
114909.0
115059.0
115222.0
115382.0
115552.0
115713.0
115880.0
116052.0
116228.0
116398.0
116574.0
116748.0
116920.0
117082.0
117249.0
117425.0
117586.0
117754.0
117923.0
118057.0
118224.0
118384.0
118551.0
118723.0
118894.0
119062.0
119229.0
119395.0
119569.0
119745.0
119908.0
120077.0
120249.0
120406.0
120566.0
120737.0
120907.0
121079.0
121248.0
121417.0
121582.0
121758.0
121913.0
122085.0
122242.0
122408.0
122584.0
122760.0
122916.0
123086.0
123262.0
123434.0
123602.0
123778.0
123950.0
124124.0
124298.0
124460.0
124634.0
124795.0
124952.0
125124.0
125286.0
125458.0
125630.0
125794.0
125956.0
126126.0
126300.0
126476.0
126648.0
126820.0
126986.0
127152.0
127315.0
127485.0
127647.0
127801.0
127975.0
128142.0
128299.0
128467.0
128631.0
128800.0
128964.0
129109.0
129275.0
129447.0
129608.0
129776.0
129940.0
130116.0
130281.0
130447.0
130617.0
130772.0
130931.0
131099.0
131266.0
131427.0
131599.0
131765.0
131939.0
132106.0
132275.0
132449.0
132619.0
132789.0
132959.0
133126.0
133293.0
133456.0
133621.0
133791.0
133960.0
134134.0
134303.0
134473.0
134643.0
134801.0
134970.0
135137.0
135307.0
135481.0
135655.0
135812.0
135988.0
136151.0
136315.0
136472.0
136642.0
136801.0
136972.0
137144.0
137318.0
137490.0
137660.0
137823.0
137995.0
138161.0
138331.0
138500.0
138667.0
138838.0
139004.0
139175.0
139347.0
139493.0
139663.0
139826.0
139998.0
140168.0
140335.0
140503.0
140658.0
140830.0
141001.0
141171.0
141340.0
141511.0
141680.0
141850.0
142021.0
142191.0
142359.0
142517.0
142691.0
142865.0
143034.0
143199.0
143365.0
143528.0
143697.0
143869.0
144037.0
144194.0
144358.0
144528.0
144690.0
144864.0
145031.0
145203.0
145375.0
145549.0
145714.0
145888.0
146058.0
146217.0
146385.0
146554.0
146726.0
146895.0
147071.0
147222.0
147398.0
147565.0
147739.0
147899.0
148075.0
148243.0
148401.0
148567.0
148733.0
148903.0
149073.0
149245.0
149421.0
149586.0
149760.0
149924.0
150086.0
150258.0
150428.0
150602.0
150768.0
150932.0
151098.0
151268.0
151428.0
151602.0
151776.0
151948.0
152120.0
152286.0
152441.0
152612.0
152776.0
152950.0
153120.0
153294.0
153457.0
153607.0
153758.0
153922.0
154096.0
154263.0
154424.0
154587.0
154757.0
154911.0
155077.0
155229.0
155405.0
155567.0
155735.0
155911.0
156079.0
156247.0
156423.0
156588.0
156758.0
156925.0
157090.0
157255.0
157425.0
157597.0
157762.0
157934.0
158106.0
158269.0
158441.0
158617.0
158774.0
158938.0
159091.0
159265.0
159435.0
159600.0
159768.0
159942.0
160107.0
160279.0
160453.0
160612.0
160776.0
160950.0
161110.0
161280.0
161442.0
161616.0
161781.0
161951.0
162121.0
162273.0
162449.0
162623.0
162783.0
162948.0
163119.0
163287.0
163461.0
163633.0
163794.0
163966.0
164131.0
164307.0
164476.0
164644.0
164818.0
164988.0
165160.0
165332.0
165497.0
165667.0
165824.0
165983.0
166157.0
166327.0
166474.0
166644.0
166818.0
166983.0
167149.0
167311.0
167487.0
167657.0
167826.0
168000.0
168176.0
168348.0
168516.0
168692.0
168853.0
169029.0
169182.0
169354.0
169521.0
169688.0
169862.0
170027.0
170155.0
170324.0
170496.0
170662.0
170817.0
170993.0
171156.0
171325.0
171476.0
171639.0
171800.0
171958.0
172118.0
172277.0
172453.0
172627.0
172799.0
172967.0
173130.0
173289.0
173461.0
173629.0
173787.0
173948.0
174120.0
174287.0
174458.0
174630.0
174801.0
174953.0
175127.0
175299.0
175460.0
175630.0
175788.0
175962.0
176132.0
176300.0
176476.0
176631.0
176807.0
176968.0
177142.0
177306.0
177474.0
177645.0
177812.0
177977.0
178144.0
178314.0
178486.0
178658.0
178832.0
178991.0
179162.0
179331.0
179505.0
179675.0
179844.0
179997.0
180159.0
180314.0
180481.0
180643.0
180803.0
180975.0
181147.0
181313.0
181476.0
181645.0
181803.0
181966.0
182140.0
182302.0
182474.0
182646.0
182818.0
182990.0
183158.0
183323.0
183492.0
183666.0
183836.0
183987.0
184161.0
184332.0
184502.0
184668.0
184830.0
185006.0
185182.0
185348.0
185517.0
185682.0
185849.0
186025.0
186183.0
186350.0
186520.0
186687.0
186851.0
187023.0
187197.0
187369.0
187531.0
187701.0
187870.0
188041.0
188202.0
188376.0
188545.0
188716.0
188856.0
189019.0
189193.0
189357.0
189508.0
189671.0
189845.0
190021.0
190183.0
190350.0
190502.0
190676.0
190840.0
191008.0
191177.0
191343.0
191511.0
191687.0
191854.0
192023.0
192185.0
192349.0
192509.0
192669.0
192836.0
193002.0
193167.0
193343.0
193510.0
193668.0
193835.0
194003.0
194156.0
194318.0
194480.0
194643.0
194807.0
194969.0
195145.0
195317.0
195484.0
195644.0
195800.0
195976.0
196131.0
196299.0
196475.0
196633.0
196807.0
196979.0
197151.0
197313.0
197481.0
197649.0
197821.0
197987.0
198161.0
198335.0
198500.0
198674.0
198846.0
199008.0
199184.0
199350.0
199519.0
199688.0
199864.0
200040.0
200205.0
200377.0
200549.0
200717.0
200875.0
201045.0
201215.0
201371.0
201545.0
201705.0
201881.0
202052.0
202216.0
202380.0
202552.0
202718.0
202884.0
203045.0
203219.0
203388.0
203556.0
203709.0
203859.0
204021.0
204193.0
204369.0
204526.0
204696.0
204862.0
205038.0
205214.0
205383.0
205555.0
205727.0
205890.0
206056.0
206230.0
206400.0
206568.0
206740.0
206905.0
207070.0
207242.0
207414.0
207584.0
207746.0
207912.0
208082.0
208254.0
208422.0
208592.0
208768.0
208942.0
209111.0
209279.0
209450.0
209612.0
209778.0
209952.0
210124.0
210300.0
210463.0
210639.0
210811.0
210976.0
211138.0
211299.0
211467.0
211625.0
211791.0
211959.0
212126.0
212291.0
212461.0
212630.0
212802.0
212976.0
213139.0
213307.0
213483.0
213657.0
213831.0
214002.0
214159.0
214331.0
214488.0
214645.0
214810.0
214979.0
215147.0
215310.0
215474.0
215644.0
215818.0
215988.0
216148.0
216304.0
216476.0
216644.0
216820.0
216994.0
217164.0
217332.0
217502.0
217671.0
217837.0
218002.0
218172.0
218344.0
218516.0
218692.0
218856.0
219030.0
219193.0
219365.0
219533.0
219703.0
219869.0
220039.0
220213.0
220367.0
220543.0
220707.0
220863.0
221033.0
221207.0
221379.0
221547.0
221721.0
221882.0
222054.0
222228.0
222391.0
222555.0
222725.0
222890.0
223051.0
223207.0
223381.0
223555.0
223722.0
223894.0
224056.0
224225.0
224397.0
224569.0
224741.0
224913.0
225078.0
225238.0
225414.0
225584.0
225754.0
225926.0
226093.0
226237.0
226408.0
226564.0
226736.0
226892.0
227062.0
227238.0
227410.0
227572.0
227744.0
227920.0
228090.0
228248.0
228418.0
228579.0
228748.0
228922.0
229082.0
229245.0
229419.0
229589.0
229758.0
229922.0
230093.0
230251.0
230423.0
230597.0
230767.0
230941.0
231105.0
231272.0
231440.0
231594.0
231770.0
231920.0
232089.0
232256.0
232422.0
232589.0
232763.0
232937.0
233100.0
233272.0
233440.0
