a = 0.2
g = 0.8
e = 0.3
random initial weights = false

-985.0
-1430.0
-1887.0
-2474.0
-4975.0
-5480.0
-6089.0
-8572.0
-11063.0
-11539.0
-11445.0
-11940.0
-12369.0
-12848.0
-13285.0
-13758.0
-14178.0
-14606.0
-15030.0
-15495.0
-15935.0
-16371.0
-18790.0
-19246.0
-19677.0
-20134.0
-20569.0
-20998.0
-20904.0
-20764.0
-21182.0
-21611.0
-22117.0
-22550.0
-22973.0
-23401.0
-23818.0
-23656.0
-24111.0
-24538.0
-24966.0
-25387.0
-25246.0
-25672.0
-25547.0
-25393.0
-25244.0
-25074.0
-25508.0
-25923.0
-26400.0
-26857.0
-27283.0
-27119.0
-26945.0
-26771.0
-26604.0
-27038.0
-26882.0
-26725.0
-26551.0
-26407.0
-26237.0
-26073.0
-25903.0
-25730.0
-25552.0
-25376.0
-25789.0
-25634.0
-25458.0
-25282.0
-25106.0
-24934.0
-24775.0
-24608.0
-24430.0
-24254.0
-24087.0
-23919.0
-23758.0
-23587.0
-23413.0
-23237.0
-23070.0
-22908.0
-22732.0
-22563.0
-22399.0
-22223.0
-22066.0
-21906.0
-21738.0
-21569.0
-21403.0
-21225.0
-21056.0
-20899.0
-20727.0
-20559.0
-20385.0
-20207.0
-20033.0
-19860.0
-19695.0
-19525.0
-19366.0
-19190.0
-19016.0
-18844.0
-18674.0
-18503.0
-18327.0
-18155.0
-17979.0
-17816.0
-17658.0
-17486.0
-17325.0
-17160.0
-16989.0
-16823.0
-16651.0
-16477.0
-16315.0
-16151.0
-15977.0
-15806.0
-15640.0
-15471.0
-15300.0
-15134.0
-14956.0
-14780.0
-14622.0
-14451.0
-14291.0
-14130.0
-13965.0
-13798.0
-13624.0
-13446.0
-13268.0
-13098.0
-12927.0
-12749.0
-12580.0
-12407.0
-12238.0
-12066.0
-11908.0
-11735.0
-11582.0
-11422.0
-11252.0
-11106.0
-10944.0
-10792.0
-10622.0
-10458.0
-10290.0
-10130.0
-9961.0
-9796.0
-9625.0
-9447.0
-9275.0
-9107.0
-8938.0
-8766.0
-8598.0
-8447.0
-8284.0
-8117.0
-7939.0
-7775.0
-7599.0
-7433.0
-7261.0
-7087.0
-6920.0
-6742.0
-6591.0
-6419.0
-6245.0
-6074.0
-5905.0
-5729.0
-5568.0
-5397.0
-5223.0
-5047.0
-4880.0
-4710.0
-4532.0
-4377.0
-4204.0
-4054.0
-3884.0
-3710.0
-3553.0
-3380.0
-3204.0
-3028.0
-2859.0
-2681.0
-2505.0
-2332.0
-2163.0
-1995.0
-1826.0
-1654.0
-1476.0
-1300.0
-1130.0
-952.0
-789.0
-626.0
-457.0
-283.0
-113.0
63.0
237.0
401.0
575.0
753.0
924.0
1092.0
1257.0
1430.0
1606.0
1784.0
1958.0
2126.0
2304.0
2472.0
2641.0
2812.0
2984.0
3150.0
3302.0
3474.0
3647.0
3825.0
4001.0
4167.0
4334.0
4508.0
4682.0
4856.0
5025.0
5190.0
5368.0
5541.0
5715.0
5893.0
6058.0
6232.0
6406.0
6580.0
6745.0
6917.0
7091.0
7256.0
7434.0
7588.0
7752.0
7913.0
8077.0
8250.0
8421.0
8593.0
8762.0
8935.0
9106.0
9272.0
9448.0
9602.0
9772.0
9937.0
10110.0
10280.0
10452.0
10618.0
10794.0
10972.0
11139.0
11313.0
11482.0
11650.0
11820.0
11992.0
12170.0
12341.0
12499.0
12672.0
12848.0
13016.0
13189.0
13361.0
13535.0
13713.0
13882.0
14055.0
14223.0
14385.0
14548.0
14722.0
14898.0
15067.0
15226.0
15404.0
15578.0
15750.0
15926.0
16090.0
16264.0
16431.0
16609.0
16778.0
16943.0
17099.0
17250.0
17428.0
17604.0
17766.0
17927.0
18103.0
18269.0
18439.0
18601.0
18765.0
18943.0
19117.0
19289.0
19454.0
19628.0
19799.0
19969.0
20130.0
20295.0
20471.0
20636.0
20808.0
20982.0
21156.0
21315.0
21482.0
21656.0
21832.0
22005.0
22176.0
22336.0
22507.0
22665.0
22837.0
22999.0
23170.0
23343.0
23502.0
23663.0
23839.0
24011.0
24184.0
24355.0
24524.0
24694.0
24865.0
25041.0
25219.0
25395.0
25563.0
25737.0
25911.0
26084.0
26250.0
26426.0
26600.0
26778.0
26944.0
27118.0
27287.0
27463.0
27634.0
27810.0
27978.0
28146.0
28319.0
28492.0
28648.0
28817.0
28978.0
29152.0
29324.0
29496.0
29667.0
29845.0
30012.0
30188.0
30362.0
30531.0
30702.0
30878.0
31052.0
31207.0
31383.0
31554.0
31707.0
31873.0
32037.0
32208.0
32362.0
32538.0
32714.0
32884.0
33033.0
33203.0
33367.0
33541.0
33712.0
33876.0
34048.0
34226.0
34381.0
34552.0
34728.0
34893.0
35064.0
35227.0
35391.0
35549.0
35714.0
35890.0
36059.0
36237.0
36402.0
36571.0
36744.0
36916.0
37090.0
37266.0
37442.0
37606.0
37772.0
37946.0
38115.0
38282.0
38456.0
38628.0
38793.0
38962.0
39138.0
39311.0
39469.0
39647.0
39821.0
39977.0
40141.0
40314.0
40482.0
40652.0
40821.0
40990.0
41156.0
41330.0
41496.0
41668.0
41837.0
42008.0
42177.0
42353.0
42529.0
42703.0
42876.0
43042.0
43206.0
43372.0
43545.0
43707.0
43857.0
44035.0
44209.0
44374.0
44539.0
44711.0
44889.0
45065.0
45229.0
45385.0
45541.0
45692.0
45850.0
46021.0
46186.0
46364.0
46542.0
46711.0
46874.0
47052.0
47226.0
47402.0
47574.0
47747.0
47915.0
48085.0
48263.0
48424.0
48588.0
48766.0
48939.0
49102.0
49275.0
49433.0
49598.0
49776.0
49948.0
50121.0
50299.0
50466.0
50644.0
50813.0
50991.0
51161.0
51337.0
51509.0
51656.0
51811.0
51969.0
52147.0
52319.0
52495.0
52658.0
52824.0
52992.0
53147.0
53314.0
53488.0
53660.0
53836.0
54002.0
54180.0
54351.0
54527.0
54695.0
54867.0
55041.0
55217.0
55393.0
55562.0
55733.0
55899.0
56077.0
56255.0
56416.0
56594.0
56756.0
56918.0
57092.0
57262.0
57429.0
57603.0
57779.0
57949.0
58118.0
58296.0
58467.0
58617.0
58771.0
58942.0
59113.0
59275.0
59440.0
59609.0
59762.0
59929.0
60103.0
60281.0
60445.0
60621.0
60783.0
60954.0
61127.0
61299.0
61477.0
61648.0
61813.0
61989.0
62163.0
62341.0
62507.0
62683.0
62851.0
63027.0
63191.0
63363.0
63521.0
63675.0
63839.0
64012.0
64188.0
64362.0
64526.0
64700.0
64871.0
65036.0
65208.0
65384.0
65553.0
65729.0
65899.0
66073.0
66243.0
66394.0
66570.0
66741.0
66910.0
67083.0
67257.0
67435.0
67603.0
67765.0
67932.0
68110.0
68288.0
68461.0
68630.0
68794.0
68953.0
69129.0
69303.0
69475.0
69649.0
69823.0
69991.0
70155.0
70315.0
70481.0
70644.0
70820.0
70983.0
71141.0
71315.0
71491.0
71655.0
71823.0
71995.0
72164.0
72336.0
72507.0
72675.0
72837.0
73004.0
73163.0
73339.0
73513.0
73681.0
73849.0
74018.0
74180.0
74347.0
74521.0
74685.0
74856.0
75025.0
75194.0
75372.0
75548.0
75720.0
75896.0
76068.0
76246.0
76424.0
76591.0
76754.0
76928.0
77104.0
77271.0
77447.0
77614.0
77792.0
77956.0
78125.0
78294.0
78468.0
78646.0
78814.0
78986.0
79153.0
79314.0
79483.0
79657.0
79761.0
79937.0
80102.0
80275.0
80442.0
80614.0
80786.0
80949.0
81113.0
81280.0
81456.0
81628.0
81802.0
81973.0
82130.0
82308.0
82478.0
82644.0
82811.0
82976.0
83150.0
83321.0
83493.0
83671.0
83844.0
84022.0
84191.0
84365.0
84520.0
84694.0
84870.0
85044.0
85203.0
85372.0
85540.0
85718.0
85896.0
86063.0
86241.0
86413.0
86587.0
86765.0
86941.0
87119.0
87289.0
87453.0
87625.0
87781.0
87939.0
88117.0
88287.0
88441.0
88612.0
88786.0
88954.0
89113.0
89283.0
89438.0
89581.0
89752.0
89928.0
90106.0
90284.0
90457.0
90619.0
90791.0
90969.0
91136.0
91306.0
91475.0
91635.0
91811.0
91977.0
92144.0
92311.0
92484.0
92651.0
92820.0
92992.0
93161.0
93337.0
93506.0
93682.0
93842.0
94008.0
94172.0
94348.0
94510.0
94678.0
94856.0
95030.0
95193.0
95358.0
95532.0
95694.0
95856.0
96025.0
96187.0
96347.0
96515.0
96693.0
96862.0
97036.0
97204.0
97382.0
97553.0
97709.0
97876.0
98054.0
98228.0
98404.0
98580.0
98756.0
98925.0
99092.0
99256.0
99418.0
99589.0
99761.0
99932.0
100095.0
100261.0
100433.0
100607.0
100781.0
100953.0
101129.0
101300.0
101478.0
101656.0
101825.0
101995.0
102167.0
102338.0
102514.0
102692.0
102858.0
103036.0
103212.0
103379.0
103549.0
103727.0
103903.0
104067.0
104215.0
104387.0
104563.0
104739.0
104908.0
105081.0
105251.0
105417.0
105590.0
105768.0
105936.0
106107.0
106275.0
106432.0
106602.0
106773.0
106942.0
107108.0
107284.0
107458.0
107634.0
107804.0
107978.0
108154.0
108319.0
108495.0
108659.0
108828.0
109006.0
109184.0
109360.0
109532.0
109687.0
109865.0
110032.0
110203.0
110381.0
110557.0
110733.0
110902.0
111071.0
111241.0
111397.0
111557.0
111733.0
111898.0
112074.0
112241.0
112391.0
112558.0
112734.0
112907.0
113083.0
113254.0
113423.0
113597.0
113770.0
113944.0
114106.0
114284.0
114452.0
114620.0
114793.0
114967.0
115140.0
115305.0
115467.0
115643.0
115811.0
115987.0
116151.0
116317.0
116489.0
116667.0
116841.0
117009.0
117183.0
117357.0
117535.0
117696.0
117870.0
118046.0
118224.0
118391.0
118560.0
118731.0
118900.0
119071.0
119237.0
119392.0
119561.0
119735.0
119906.0
120072.0
120248.0
120424.0
120598.0
120770.0
120934.0
121103.0
121274.0
121443.0
121616.0
121794.0
121966.0
122142.0
122311.0
122476.0
122652.0
122825.0
123001.0
123173.0
123347.0
123515.0
123665.0
123828.0
124001.0
124163.0
124332.0
124503.0
124672.0
124843.0
124998.0
125150.0
125320.0
125488.0
125655.0
125831.0
126002.0
126178.0
126349.0
126515.0
126693.0
126864.0
127027.0
127188.0
127362.0
127533.0
127701.0
127870.0
128037.0
128201.0
128360.0
128533.0
128711.0
128885.0
129055.0
129222.0
129400.0
129578.0
129752.0
129924.0
130097.0
130263.0
130427.0
130581.0
130755.0
130915.0
131087.0
131259.0
131437.0
131608.0
131764.0
131934.0
132082.0
132258.0
132422.0
132593.0
132758.0
132932.0
133092.0
133253.0
133425.0
133593.0
133767.0
133941.0
134117.0
134286.0
134460.0
134624.0
134800.0
134970.0
135126.0
135304.0
135482.0
135647.0
135823.0
135997.0
136173.0
136334.0
136505.0
136667.0
136841.0
137009.0
137187.0
137365.0
137520.0
137696.0
137868.0
138034.0
138210.0
138375.0
138551.0
138723.0
138897.0
139069.0
139219.0
139384.0
139552.0
139726.0
139897.0
140073.0
140243.0
140400.0
140578.0
140751.0
140929.0
141101.0
141271.0
141449.0
141627.0
141791.0
141962.0
142132.0
142305.0
142463.0
142639.0
142815.0
142976.0
143154.0
143326.0
143490.0
143668.0
143836.0
144010.0
144160.0
144329.0
144507.0
144678.0
144834.0
145008.0
145180.0
145350.0
145517.0
145695.0
145871.0
146029.0
146196.0
146359.0
146533.0
146709.0
146873.0
147037.0
147207.0
147377.0
147550.0
147712.0
147882.0
148045.0
148213.0
148382.0
148550.0
148717.0
148893.0
149069.0
149216.0
149371.0
149535.0
149708.0
149869.0
150034.0
150202.0
150374.0
150550.0
150722.0
150898.0
151066.0
151244.0
151411.0
151584.0
151762.0
151938.0
152111.0
152277.0
152449.0
152614.0
152790.0
152968.0
153134.0
153303.0
153479.0
153655.0
153825.0
154003.0
154168.0
154320.0
154494.0
154647.0
154812.0
154990.0
155166.0
155322.0
155488.0
155654.0
155832.0
156003.0
156164.0
156331.0
156505.0
156675.0
156842.0
157018.0
157182.0
157356.0
157529.0
157705.0
157879.0
158046.0
158217.0
158389.0
158559.0
158737.0
158898.0
159074.0
159252.0
159405.0
159579.0
159749.0
159921.0
160093.0
160263.0
160430.0
160603.0
160776.0
160947.0
161109.0
161283.0
161457.0
161625.0
161795.0
161973.0
162149.0
162305.0
162479.0
162653.0
162813.0
162991.0
163161.0
163322.0
163493.0
163663.0
163836.0
163989.0
164165.0
164337.0
164508.0
164686.0
164846.0
165018.0
165192.0
165366.0
165532.0
165706.0
165880.0
166042.0
166218.0
166390.0
166555.0
166719.0
166891.0
167061.0
167228.0
167402.0
167580.0
167745.0
167917.0
168079.0
168255.0
168433.0
168602.0
168769.0
168945.0
169121.0
169290.0
169461.0
169635.0
169803.0
169965.0
170136.0
170312.0
170484.0
170651.0
170819.0
170990.0
171158.0
171316.0
171481.0
171655.0
171818.0
171987.0
172154.0
172323.0
172501.0
172668.0
172844.0
173011.0
173182.0
173352.0
173524.0
173698.0
173861.0
174025.0
174193.0
174365.0
174537.0
174699.0
174868.0
175031.0
175207.0
175366.0
175535.0
175702.0
175880.0
176046.0
176211.0
176385.0
176557.0
176733.0
176911.0
177087.0
177261.0
177437.0
177604.0
177761.0
177926.0
178100.0
178268.0
178420.0
178592.0
178761.0
178935.0
179095.0
179267.0
179432.0
179596.0
179770.0
179940.0
180104.0
180273.0
180440.0
180616.0
180779.0
180953.0
181131.0
181302.0
181476.0
181652.0
181825.0
181994.0
182151.0
182318.0
182488.0
182655.0
182825.0
182999.0
183173.0
183337.0
183513.0
183668.0
183838.0
184003.0
184181.0
184344.0
184507.0
184679.0
184851.0
185024.0
185196.0
185366.0
185544.0
185703.0
185871.0
186039.0
186202.0
186373.0
186544.0
186702.0
186864.0
187036.0
187203.0
187379.0
187552.0
187730.0
187902.0
188080.0
188258.0
188432.0
188608.0
188784.0
188950.0
189117.0
189277.0
189444.0
189616.0
189790.0
189961.0
190139.0
190310.0
190488.0
190664.0
190833.0
191000.0
191174.0
191350.0
191524.0
191700.0
191855.0
192026.0
192192.0
192370.0
192534.0
192700.0
192876.0
193040.0
193218.0
193385.0
193553.0
193727.0
193901.0
194061.0
194218.0
194394.0
194562.0
194738.0
194902.0
195076.0
195248.0
195421.0
195592.0
195768.0
195942.0
196107.0
196276.0
196438.0
196583.0
196751.0
196918.0
197083.0
197257.0
197419.0
197593.0
197765.0
197935.0
198113.0
198285.0
198463.0
198615.0
198786.0
198962.0
199125.0
199303.0
199477.0
199651.0
199825.0
199994.0
200163.0
200339.0
200504.0
200674.0
200835.0
201003.0
201171.0
201343.0
201515.0
201682.0
201856.0
202026.0
202193.0
202344.0
202500.0
202674.0
202836.0
203005.0
203183.0
203356.0
203515.0
203686.0
203860.0
204023.0
204193.0
204363.0
204535.0
204702.0
204876.0
205037.0
205211.0
205380.0
205558.0
205716.0
205890.0
206062.0
206232.0
206406.0
206582.0
206751.0
206929.0
207099.0
207273.0
207438.0
207607.0
207768.0
207935.0
208111.0
208284.0
208456.0
208627.0
208791.0
208955.0
209131.0
209300.0
209467.0
209645.0
209792.0
209955.0
210119.0
210295.0
210460.0
210632.0
210803.0
210970.0
211140.0
211309.0
211481.0
211630.0
211797.0
211959.0
212128.0
212291.0
212467.0
212640.0
212814.0
212986.0
213156.0
213327.0
213497.0
213655.0
213833.0
213994.0
214153.0
214320.0
214490.0
214655.0
214818.0
214992.0
215158.0
215331.0
215502.0
215664.0
215831.0
215998.0
216168.0
216319.0
216495.0
216666.0
216839.0
