a = 0.5
g = 0.5
e = 0.3
random initial weights = false

-2741.0
-3586.0
-4187.0
-4741.0
-5307.0
-5761.0
-6237.0
-6652.0
-7127.0
-7578.0
-8014.0
-7872.0
-8296.0
-8157.0
-7991.0
-8408.0
-8248.0
-8068.0
-7910.0
-7738.0
-7556.0
-7381.0
-7197.0
-7015.0
-6838.0
-6666.0
-6497.0
-6326.0
-6148.0
-5977.0
-5800.0
-5631.0
-5447.0
-5273.0
-5096.0
-4926.0
-4742.0
-4562.0
-4382.0
-4230.0
-4051.0
-3871.0
-3696.0
-3514.0
-3342.0
-3160.0
-2986.0
-2808.0
-2626.0
-2463.0
-2300.0
-2130.0
-1962.0
-1801.0
-1624.0
-1442.0
-1265.0
-1100.0
-940.0
-771.0
-594.0
-426.0
-242.0
-69.0
93.0
264.0
444.0
623.0
807.0
986.0
1157.0
1327.0
1505.0
1689.0
1869.0
2053.0
2210.0
2392.0
2569.0
2751.0
2935.0
3115.0
3292.0
3466.0
3640.0
3815.0
3989.0
4162.0
4334.0
4518.0
4697.0
4866.0
5045.0
5229.0
5402.0
5586.0
5760.0
5929.0
6101.0
6283.0
6460.0
6635.0
6808.0
6988.0
7161.0
7343.0
7525.0
7698.0
7880.0
8050.0
8232.0
8384.0
8562.0
8741.0
8923.0
9103.0
9273.0
9448.0
9625.0
9795.0
9979.0
10155.0
10318.0
10500.0
10672.0
10838.0
10999.0
11183.0
11354.0
11532.0
11701.0
11871.0
12030.0
12205.0
12385.0
12559.0
12731.0
12898.0
13077.0
13254.0
13420.0
13602.0
13776.0
13938.0
14106.0
14266.0
14448.0
14611.0
14786.0
14968.0
15147.0
15326.0
15504.0
15676.0
15856.0
16030.0
16202.0
16386.0
16566.0
16746.0
16888.0
17063.0
17238.0
17418.0
17602.0
17774.0
17951.0
18129.0
18311.0
18486.0
18663.0
18845.0
19016.0
19191.0
19371.0
19549.0
19731.0
19905.0
20017.0
20199.0
20364.0
20539.0
20699.0
20876.0
21046.0
21226.0
21396.0
21568.0
21745.0
21927.0
22111.0
22282.0
22464.0
22646.0
22808.0
22985.0
23169.0
23353.0
23514.0
23680.0
23857.0
24011.0
24191.0
24363.0
24537.0
24719.0
24896.0
25078.0
25243.0
25427.0
25596.0
25776.0
25947.0
26125.0
26298.0
26482.0
26653.0
26829.0
27008.0
27165.0
27327.0
27502.0
27677.0
27834.0
28016.0
28188.0
28372.0
28544.0
28724.0
28897.0
29068.0
29240.0
29422.0
29599.0
29765.0
29949.0
30119.0
30287.0
30467.0
30642.0
30806.0
30986.0
31161.0
31331.0
31513.0
31680.0
31849.0
32029.0
32206.0
32386.0
32566.0
32745.0
32927.0
33103.0
33287.0
33467.0
33649.0
33828.0
34012.0
34191.0
34363.0
34536.0
34718.0
34889.0
35062.0
35226.0
35403.0
35587.0
35765.0
35939.0
36118.0
36294.0
36476.0
36655.0
36824.0
37008.0
37168.0
37350.0
37522.0
37687.0
37863.0
38021.0
38201.0
38380.0
38564.0
38734.0
38905.0
39080.0
39238.0
39418.0
39596.0
39766.0
39933.0
40117.0
40299.0
40476.0
40650.0
40805.0
40989.0
41164.0
41334.0
41471.0
41641.0
41812.0
41977.0
42147.0
42310.0
42489.0
42658.0
42817.0
42991.0
43151.0
43314.0
43480.0
43664.0
43829.0
43988.0
44165.0
44347.0
44517.0
44693.0
44864.0
45046.0
45226.0
45405.0
45589.0
45769.0
45946.0
46119.0
46301.0
46469.0
46647.0
46815.0
46999.0
47176.0
47325.0
47500.0
47659.0
47819.0
47985.0
48164.0
48336.0
48504.0
48684.0
48861.0
49031.0
49201.0
49383.0
49547.0
49713.0
49891.0
50068.0
50242.0
50412.0
50581.0
50756.0
50938.0
51103.0
51280.0
51457.0
51639.0
51819.0
51993.0
52172.0
52350.0
52534.0
52718.0
52896.0
53075.0
53246.0
53417.0
53597.0
53767.0
53923.0
54107.0
54283.0
54456.0
54636.0
54818.0
54991.0
55159.0
55333.0
55487.0
55671.0
55830.0
56014.0
56194.0
56376.0
56547.0
56708.0
56888.0
57059.0
57241.0
57409.0
57584.0
57768.0
57950.0
58130.0
58314.0
58484.0
58650.0
58830.0
59005.0
59175.0
59352.0
59536.0
59709.0
59881.0
60058.0
60215.0
60395.0
60564.0
60744.0
60923.0
61107.0
61284.0
61463.0
61633.0
61800.0
61970.0
62144.0
62323.0
62498.0
62667.0
62845.0
63020.0
63197.0
63361.0
63526.0
63710.0
63873.0
64057.0
64227.0
64392.0
64562.0
64737.0
64919.0
65081.0
65261.0
65432.0
65611.0
65793.0
65973.0
66141.0
66313.0
66497.0
66662.0
66827.0
66993.0
67165.0
67349.0
67529.0
67707.0
67887.0
68059.0
68241.0
68420.0
68592.0
68772.0
68935.0
69096.0
69274.0
69454.0
69631.0
69815.0
69986.0
70158.0
70336.0
70508.0
70684.0
70866.0
71048.0
71228.0
71412.0
71590.0
71772.0
71951.0
72131.0
72313.0
72481.0
72660.0
72844.0
73019.0
73194.0
73354.0
73513.0
73686.0
73868.0
74038.0
74217.0
74392.0
74568.0
74746.0
74925.0
75104.0
75279.0
75452.0
75636.0
75813.0
75982.0
76161.0
76320.0
76500.0
76682.0
76866.0
77023.0
77187.0
77369.0
77546.0
77723.0
77907.0
78084.0
78241.0
78421.0
78599.0
78779.0
78950.0
79129.0
79311.0
79489.0
79662.0
79838.0
80018.0
80202.0
80380.0
80557.0
80723.0
80897.0
81073.0
81239.0
81416.0
81593.0
81772.0
81934.0
82118.0
82295.0
82474.0
82651.0
82830.0
83003.0
83178.0
83358.0
83542.0
83722.0
83904.0
84069.0
84246.0
84414.0
84594.0
84759.0
84938.0
85089.0
85273.0
85452.0
85625.0
85800.0
85982.0
86151.0
86333.0
86501.0
86671.0
86846.0
87024.0
87208.0
87376.0
87560.0
87730.0
87899.0
88064.0
88248.0
88420.0
88600.0
88782.0
88946.0
89123.0
89300.0
89475.0
89653.0
89827.0
89995.0
90179.0
90328.0
90507.0
90686.0
90860.0
91025.0
91200.0
91367.0
91545.0
91722.0
91884.0
92061.0
92240.0
92420.0
92602.0
92767.0
92929.0
93105.0
93289.0
93473.0
93653.0
93837.0
94011.0
94189.0
94344.0
94520.0
94686.0
94859.0
95026.0
95196.0
95376.0
95545.0
95704.0
95868.0
96052.0
96226.0
96377.0
96553.0
96730.0
96914.0
97088.0
97270.0
97444.0
97621.0
97794.0
97962.0
98116.0
98293.0
98449.0
98629.0
98808.0
98988.0
99146.0
99312.0
99485.0
99667.0
99849.0
100015.0
100178.0
100360.0
100536.0
100711.0
100880.0
101062.0
101221.0
101403.0
101587.0
101769.0
101939.0
102090.0
102266.0
102436.0
102604.0
102779.0
102950.0
103120.0
103300.0
103475.0
103654.0
103836.0
104015.0
104190.0
104369.0
104553.0
104732.0
104907.0
105091.0
105273.0
105448.0
105630.0
105790.0
105964.0
106148.0
106324.0
106501.0
106681.0
106853.0
107027.0
107198.0
107365.0
107537.0
107708.0
107892.0
108070.0
108239.0
108421.0
108574.0
108744.0
108910.0
109082.0
109264.0
109448.0
109603.0
109773.0
109947.0
110129.0
110303.0
110477.0
110647.0
110821.0
110996.0
111173.0
111348.0
111532.0
111711.0
111879.0
112058.0
112231.0
112402.0
112571.0
112755.0
112925.0
113105.0
113284.0
113452.0
113629.0
113797.0
113974.0
114154.0
114312.0
114483.0
114663.0
114836.0
115012.0
115194.0
115371.0
115555.0
115728.0
115886.0
116061.0
116243.0
116418.0
116600.0
116770.0
116943.0
117114.0
117284.0
117462.0
117644.0
117810.0
117987.0
118162.0
118346.0
118514.0
118694.0
118876.0
119053.0
119232.0
119406.0
119583.0
119759.0
119935.0
120113.0
120286.0
120462.0
120639.0
120811.0
120993.0
121161.0
121345.0
121525.0
121697.0
121881.0
122059.0
122226.0
122390.0
122566.0
122748.0
122932.0
123112.0
123270.0
123449.0
123631.0
123804.0
123964.0
124130.0
124300.0
124469.0
124646.0
124813.0
124990.0
125164.0
125346.0
125521.0
125698.0
125870.0
126037.0
126212.0
126396.0
126558.0
126727.0
126903.0
127039.0
127216.0
127396.0
127575.0
127757.0
127937.0
128108.0
128278.0
128456.0
128631.0
128803.0
128968.0
129150.0
129334.0
129511.0
129689.0
129869.0
130046.0
130202.0
130376.0
130544.0
130713.0
130885.0
131049.0
131222.0
131404.0
131583.0
131753.0
131923.0
132100.0
132279.0
132449.0
132613.0
132764.0
132942.0
133097.0
133262.0
133446.0
133626.0
133810.0
133990.0
134164.0
134344.0
134519.0
134689.0
134868.0
135040.0
135212.0
135391.0
135568.0
135743.0
135919.0
136091.0
136273.0
136453.0
136621.0
136799.0
136974.0
137146.0
137326.0
137497.0
137657.0
137835.0
138017.0
138193.0
138375.0
138545.0
138722.0
138904.0
139081.0
139259.0
139435.0
139619.0
139787.0
139966.0
140144.0
140324.0
140506.0
140683.0
140862.0
141044.0
141219.0
141393.0
141565.0
141735.0
141917.0
142087.0
142261.0
142432.0
142608.0
142788.0
142972.0
143145.0
143325.0
143488.0
143666.0
143840.0
144017.0
144197.0
144381.0
144551.0
144721.0
144894.0
145064.0
145246.0
145412.0
145592.0
145774.0
145947.0
146127.0
146307.0
146484.0
146656.0
146840.0
147020.0
147197.0
147371.0
147555.0
147720.0
147877.0
148061.0
148233.0
148404.0
148584.0
148763.0
148933.0
149113.0
149277.0
149459.0
149639.0
149803.0
149982.0
150159.0
150338.0
150516.0
150688.0
150867.0
151042.0
151214.0
151388.0
151567.0
151747.0
151907.0
152076.0
152255.0
152437.0
152602.0
152781.0
152950.0
153106.0
153280.0
153457.0
153629.0
153808.0
153985.0
154163.0
154338.0
154520.0
154704.0
154880.0
155062.0
155240.0
155400.0
155568.0
155748.0
155928.0
156105.0
156280.0
156462.0
156640.0
156812.0
156992.0
157165.0
157347.0
157521.0
157705.0
157878.0
158060.0
158216.0
158395.0
158574.0
158739.0
158921.0
159097.0
159265.0
159438.0
159614.0
159786.0
159965.0
160149.0
160331.0
160509.0
160684.0
160864.0
161029.0
161211.0
161389.0
161557.0
161741.0
161916.0
162098.0
162272.0
162444.0
162616.0
162793.0
162973.0
163148.0
163332.0
163514.0
163696.0
163878.0
164062.0
164237.0
164414.0
164596.0
164778.0
164956.0
165125.0
165302.0
165477.0
165654.0
165831.0
165989.0
166169.0
166351.0
166531.0
166715.0
166884.0
167054.0
167224.0
167398.0
167570.0
167754.0
167917.0
168090.0
168251.0
168423.0
168590.0
168765.0
168941.0
169123.0
169289.0
169467.0
169644.0
169828.0
170001.0
170177.0
170361.0
170543.0
170727.0
170901.0
171083.0
171251.0
171414.0
171594.0
171774.0
171951.0
172133.0
172299.0
172456.0
172640.0
172801.0
172975.0
173136.0
173301.0
173475.0
173651.0
173814.0
173986.0
174170.0
174339.0
174511.0
174695.0
174849.0
175028.0
175193.0
175371.0
175550.0
175715.0
175889.0
176071.0
176255.0
176423.0
176605.0
176768.0
176945.0
177120.0
177299.0
177470.0
177649.0
177829.0
178008.0
178190.0
178366.0
178538.0
178714.0
178879.0
179063.0
179245.0
179422.0
179604.0
179768.0
179952.0
180127.0
180305.0
180487.0
180667.0
180843.0
181022.0
181206.0
181383.0
181567.0
181745.0
181920.0
182095.0
182272.0
182449.0
182615.0
182799.0
182974.0
183153.0
183324.0
183508.0
183690.0
183857.0
184035.0
184217.0
184391.0
184567.0
184745.0
184927.0
185101.0
185272.0
185443.0
185616.0
185792.0
185964.0
186138.0
186322.0
186495.0
186677.0
186850.0
187025.0
187204.0
187388.0
187557.0
187739.0
187921.0
188103.0
188278.0
188458.0
188625.0
188809.0
188993.0
189163.0
189343.0
189527.0
189711.0
189890.0
190062.0
190242.0
190415.0
190587.0
190766.0
190941.0
191117.0
191296.0
191473.0
191653.0
191828.0
192007.0
192185.0
192359.0
192534.0
192712.0
192894.0
193078.0
193255.0
193416.0
193598.0
193775.0
193939.0
194098.0
194272.0
194436.0
194610.0
194792.0
194964.0
195139.0
195323.0
195507.0
195686.0
195870.0
196047.0
196220.0
196393.0
196573.0
196753.0
196926.0
197108.0
197268.0
197443.0
197621.0
197801.0
197973.0
198155.0
198328.0
198506.0
198671.0
198849.0
199026.0
199203.0
199373.0
199552.0
199736.0
199911.0
200093.0
200265.0
200434.0
200597.0
200776.0
200950.0
201132.0
201307.0
201480.0
201657.0
201839.0
202006.0
202171.0
202350.0
202518.0
202695.0
202863.0
203035.0
203214.0
203388.0
203560.0
203737.0
203914.0
204090.0
204272.0
204444.0
204628.0
204805.0
204983.0
205161.0
205343.0
205527.0
205699.0
205871.0
206044.0
206226.0
206408.0
206585.0
206769.0
206949.0
207121.0
207298.0
207462.0
207644.0
207809.0
207979.0
208154.0
208338.0
208516.0
208685.0
208857.0
209037.0
209212.0
209388.0
209563.0
209723.0
209903.0
210081.0
210244.0
210421.0
210601.0
210774.0
210953.0
211119.0
211287.0
211466.0
211648.0
211832.0
212011.0
212193.0
212358.0
212528.0
212702.0
212881.0
213061.0
213232.0
213416.0
213598.0
213780.0
213953.0
214128.0
214296.0
214473.0
214655.0
214830.0
215014.0
215182.0
215364.0
215548.0
215713.0
215884.0
216061.0
216240.0
216420.0
216593.0
216766.0
216942.0
217124.0
217294.0
217463.0
217643.0
217813.0
217974.0
218151.0
218333.0
218511.0
218686.0
218868.0
219033.0
219209.0
219385.0
219558.0
219737.0
219900.0
220080.0
220247.0
220427.0
220609.0
220784.0
220966.0
221138.0
221311.0
221493.0
221666.0
221848.0
222020.0
222198.0
222380.0
222560.0
222739.0
222919.0
223098.0
223257.0
223439.0
223613.0
223788.0
223945.0
224117.0
224297.0
224474.0
224651.0
224817.0
224987.0
225169.0
225353.0
225535.0
225709.0
225886.0
226070.0
226246.0
226430.0
226605.0
226774.0
226949.0
227119.0
227303.0
227466.0
227648.0
227825.0
228009.0
228186.0
228348.0
228521.0
228688.0
228860.0
229030.0
229214.0
229380.0
229554.0
229730.0
229901.0
230072.0
230254.0
230424.0
230599.0
230748.0
230930.0
231091.0
231264.0
231439.0
231607.0
231787.0
231969.0
232147.0
232318.0
232495.0
232675.0
232855.0
233027.0
233206.0
233381.0
233558.0
233742.0
233915.0
234095.0
234261.0
234438.0
234617.0
234794.0
234978.0
235152.0
235319.0
235489.0
235666.0
235845.0
236018.0
236190.0
236339.0
236523.0
236687.0
236871.0
237049.0
237233.0
237410.0
237592.0
237774.0
237954.0
238128.0
238310.0
238482.0
238666.0
238843.0
239013.0
239197.0
239376.0
239547.0
239726.0
239898.0
240078.0
240253.0
240428.0
240612.0
240792.0
240961.0
241133.0
241317.0
241494.0
241662.0
241830.0
242007.0
242180.0
242341.0
242513.0
242683.0
242855.0
243026.0
243208.0
243383.0
243545.0
243713.0
243869.0
244034.0
244209.0
244389.0
244571.0
244747.0
244927.0
245097.0
245263.0
245423.0
245584.0
245760.0
245938.0
246110.0
246294.0
246476.0
246639.0
246799.0
246964.0
247143.0
247313.0
247480.0
247664.0
247848.0
248025.0
248189.0
248373.0
248557.0
248725.0
248891.0
249075.0
249255.0
249433.0
249612.0
249777.0
249959.0
250138.0
250320.0
250502.0
250681.0
250851.0
251026.0
