a = 0.5
g = 0.5
e = 0.3
random initial weights = true

-568.0
-1376.0
-1923.0
-2440.0
-2897.0
-3343.0
-3846.0
-4284.0
-4720.0
-5206.0
-5640.0
-5507.0
-5927.0
-5761.0
-6183.0
-6623.0
-7042.0
-6875.0
-6696.0
-6521.0
-6339.0
-6159.0
-5984.0
-5800.0
-5628.0
-5465.0
-5281.0
-5103.0
-4928.0
-4746.0
-4566.0
-4388.0
-4217.0
-4040.0
-3863.0
-3693.0
-3517.0
-3353.0
-3180.0
-3000.0
-2821.0
-2651.0
-2488.0
-2306.0
-2140.0
-1967.0
-1801.0
-1627.0
-1461.0
-1295.0
-1126.0
-942.0
-792.0
-622.0
-442.0
-264.0
-84.0
98.0
269.0
434.0
616.0
791.0
975.0
1159.0
1317.0
1499.0
1675.0
1842.0
2015.0
2184.0
2358.0
2536.0
2714.0
2898.0
3078.0
3247.0
3408.0
3588.0
3772.0
3940.0
4115.0
4291.0
4468.0
4646.0
4818.0
4995.0
5164.0
5346.0
5517.0
5697.0
5876.0
6056.0
6230.0
6407.0
6591.0
6768.0
6936.0
7120.0
7297.0
7469.0
7644.0
7802.0
7984.0
8145.0
8319.0
8487.0
8659.0
8833.0
9009.0
9184.0
9366.0
9545.0
9718.0
9898.0
10075.0
10239.0
10423.0
10603.0
10766.0
10946.0
11114.0
11287.0
11462.0
11630.0
11802.0
11976.0
12160.0
12337.0
12510.0
12694.0
12871.0
13030.0
13212.0
13382.0
13562.0
13721.0
13903.0
14074.0
14256.0
14433.0
14601.0
14766.0
14943.0
15117.0
15293.0
15477.0
15661.0
15839.0
16023.0
16198.0
16382.0
16557.0
16737.0
16916.0
17091.0
17268.0
17448.0
17630.0
17805.0
17987.0
18149.0
18328.0
18508.0
18688.0
18870.0
19045.0
19220.0
19396.0
19578.0
19748.0
19921.0
20096.0
20275.0
20448.0
20627.0
20807.0
20971.0
21151.0
21335.0
21515.0
21694.0
21878.0
22062.0
22202.0
22365.0
22543.0
22720.0
22881.0
23054.0
23228.0
23410.0
23580.0
23759.0
23932.0
24112.0
24296.0
24466.0
24625.0
24800.0
24975.0
25124.0
25306.0
25485.0
25653.0
25813.0
25988.0
26165.0
26333.0
26507.0
26676.0
26838.0
27008.0
27178.0
27357.0
27539.0
27711.0
27888.0
28067.0
28244.0
28426.0
28605.0
28782.0
28953.0
29116.0
29291.0
29466.0
29644.0
29806.0
29988.0
30167.0
30349.0
30514.0
30689.0
30864.0
31044.0
31219.0
31401.0
31585.0
31753.0
31931.0
32113.0
32282.0
32466.0
32648.0
32822.0
32990.0
33167.0
33347.0
33521.0
33703.0
33873.0
34057.0
34232.0
34401.0
34572.0
34746.0
34918.0
35097.0
35276.0
35451.0
35619.0
35794.0
35966.0
36138.0
36320.0
36495.0
36672.0
36842.0
37015.0
37190.0
37367.0
37544.0
37724.0
37894.0
38059.0
38223.0
38405.0
38574.0
38754.0
38928.0
39112.0
39296.0
39468.0
39641.0
39797.0
39965.0
40144.0
40326.0
40506.0
40673.0
40850.0
40994.0
41178.0
41362.0
41533.0
41704.0
41874.0
42048.0
42220.0
42377.0
42541.0
42717.0
42895.0
43075.0
43251.0
43413.0
43586.0
43759.0
43939.0
44116.0
44293.0
44467.0
44609.0
44793.0
44968.0
45142.0
45324.0
45492.0
45676.0
45860.0
46028.0
46212.0
46384.0
46559.0
46735.0
46913.0
47092.0
47262.0
47440.0
47618.0
47793.0
47960.0
48142.0
48326.0
48502.0
48675.0
48852.0
49027.0
49202.0
49374.0
49526.0
49701.0
49873.0
50038.0
50215.0
50374.0
50547.0
50725.0
50892.0
51076.0
51255.0
51424.0
51608.0
51775.0
51952.0
52124.0
52306.0
52484.0
52661.0
52845.0
53017.0
53195.0
53379.0
53561.0
53732.0
53911.0
54091.0
54256.0
54427.0
54605.0
54769.0
54918.0
55097.0
55277.0
55450.0
55627.0
55811.0
55988.0
56166.0
56343.0
56522.0
56704.0
56877.0
57055.0
57233.0
57400.0
57582.0
57766.0
57939.0
58107.0
58280.0
58448.0
58632.0
58809.0
58978.0
59150.0
59323.0
59507.0
59681.0
59855.0
60039.0
60206.0
60377.0
60554.0
60710.0
60890.0
61051.0
61231.0
61405.0
61582.0
61760.0
61918.0
62086.0
62254.0
62432.0
62614.0
62788.0
62958.0
63135.0
63308.0
63478.0
63656.0
63838.0
64008.0
64190.0
64365.0
64549.0
64729.0
64898.0
65067.0
65217.0
65401.0
65585.0
65762.0
65946.0
66120.0
66300.0
66482.0
66662.0
66842.0
67022.0
67197.0
67366.0
67548.0
67720.0
67900.0
68077.0
68253.0
68435.0
68615.0
68794.0
68978.0
69150.0
69334.0
69514.0
69696.0
69880.0
70064.0
70246.0
70406.0
70570.0
70745.0
70922.0
71096.0
71274.0
71434.0
71607.0
71789.0
71960.0
72117.0
72289.0
72466.0
72634.0
72811.0
72988.0
73168.0
73347.0
73522.0
73702.0
73867.0
74033.0
74195.0
74379.0
74555.0
74725.0
74907.0
75089.0
75259.0
75441.0
75618.0
75792.0
75976.0
76148.0
76317.0
76494.0
76660.0
76828.0
77000.0
77171.0
77350.0
77534.0
77711.0
77882.0
78052.0
78231.0
78405.0
78568.0
78746.0
78919.0
79097.0
79269.0
79449.0
79628.0
79797.0
79969.0
80129.0
80311.0
80491.0
80662.0
80820.0
81002.0
81155.0
81325.0
81503.0
81680.0
81859.0
82041.0
82223.0
82390.0
82538.0
82716.0
82896.0
83078.0
83244.0
83416.0
83596.0
83771.0
83939.0
84110.0
84280.0
84462.0
84621.0
84803.0
84987.0
85166.0
85350.0
85527.0
85686.0
85833.0
86008.0
86185.0
86342.0
86524.0
86708.0
86881.0
87063.0
87237.0
87417.0
87594.0
87774.0
87949.0
88129.0
88309.0
88488.0
88667.0
88842.0
89010.0
89188.0
89355.0
89535.0
89717.0
89895.0
90074.0
90228.0
90408.0
90590.0
90760.0
90944.0
91119.0
91301.0
91465.0
91649.0
91828.0
91997.0
92166.0
92350.0
92517.0
92699.0
92883.0
93062.0
93244.0
93413.0
93590.0
93760.0
93942.0
94117.0
94288.0
94452.0
94631.0
94806.0
94982.0
95164.0
95327.0
95511.0
95682.0
95857.0
96033.0
96211.0
96386.0
96566.0
96746.0
96916.0
97082.0
97260.0
97439.0
97611.0
97790.0
97963.0
98145.0
98315.0
98497.0
98671.0
98851.0
99027.0
99199.0
99374.0
99558.0
99726.0
99892.0
100062.0
100246.0
100430.0
100601.0
100780.0
100950.0
101127.0
101311.0
101462.0
101644.0
101828.0
102008.0
102192.0
102363.0
102540.0
102722.0
102900.0
103077.0
103259.0
103439.0
103614.0
103786.0
103966.0
104136.0
104320.0
104497.0
104673.0
104851.0
105025.0
105209.0
105391.0
105556.0
105735.0
105908.0
106083.0
106243.0
106408.0
106590.0
106760.0
106942.0
107111.0
107277.0
107441.0
107606.0
107777.0
107957.0
108137.0
108287.0
108462.0
108633.0
108813.0
108993.0
109160.0
109321.0
109491.0
109665.0
109849.0
110017.0
110197.0
110374.0
110549.0
110725.0
110901.0
111077.0
111256.0
111435.0
111619.0
111801.0
111974.0
112153.0
112330.0
112490.0
112672.0
112840.0
113014.0
113189.0
113362.0
113542.0
113722.0
113900.0
114082.0
114254.0
114428.0
114600.0
114779.0
114941.0
115121.0
115305.0
115472.0
115656.0
115829.0
115997.0
116172.0
116354.0
116538.0
116699.0
116878.0
117028.0
117200.0
117377.0
117561.0
117743.0
117911.0
118091.0
118268.0
118438.0
118613.0
118790.0
118972.0
119156.0
119336.0
119513.0
119691.0
119865.0
120037.0
120221.0
120397.0
120572.0
120742.0
120924.0
121098.0
121259.0
121430.0
121614.0
121794.0
121967.0
122139.0
122301.0
122481.0
122661.0
122840.0
123017.0
123188.0
123365.0
123542.0
123722.0
123896.0
124073.0
124243.0
124420.0
124593.0
124771.0
124955.0
125134.0
125293.0
125451.0
125628.0
125800.0
125977.0
126149.0
126333.0
126507.0
126686.0
126866.0
127043.0
127221.0
127374.0
127551.0
127723.0
127907.0
128084.0
128268.0
128442.0
128622.0
128801.0
128980.0
129153.0
129337.0
129495.0
129677.0
129845.0
130029.0
130198.0
130382.0
130558.0
130734.0
130892.0
131064.0
131248.0
131428.0
131585.0
131758.0
131924.0
132104.0
132274.0
132456.0
132620.0
132787.0
132971.0
133146.0
133315.0
133490.0
133674.0
133846.0
134021.0
134184.0
134366.0
134546.0
134717.0
134901.0
135080.0
135257.0
135429.0
135578.0
135760.0
135939.0
136118.0
136289.0
136457.0
136637.0
136791.0
136970.0
137149.0
137331.0
137509.0
137686.0
137861.0
138039.0
138207.0
138382.0
138562.0
138739.0
138921.0
139103.0
139282.0
139461.0
139640.0
139822.0
139987.0
140171.0
140355.0
140539.0
140721.0
140888.0
141058.0
141236.0
141420.0
141584.0
141766.0
141943.0
142118.0
142297.0
142463.0
142647.0
142822.0
143006.0
143188.0
143353.0
143535.0
143710.0
143892.0
144069.0
144221.0
144398.0
144571.0
144746.0
144926.0
145108.0
145275.0
145448.0
145630.0
145798.0
145973.0
146151.0
146330.0
146505.0
146671.0
146855.0
147027.0
147202.0
147384.0
147564.0
147712.0
147889.0
148069.0
148253.0
148425.0
148590.0
148755.0
148933.0
149105.0
149289.0
149471.0
149651.0
149826.0
150003.0
150185.0
150369.0
150549.0
150725.0
150899.0
151076.0
151253.0
151428.0
151608.0
151755.0
151930.0
152100.0
152273.0
152457.0
152632.0
152805.0
152980.0
153164.0
153332.0
153504.0
153686.0
153856.0
154036.0
154216.0
154390.0
154568.0
154746.0
154922.0
155097.0
155268.0
155440.0
155622.0
155802.0
155984.0
156159.0
156343.0
156511.0
156683.0
156841.0
157023.0
157207.0
157369.0
157540.0
157719.0
157884.0
158068.0
158245.0
158410.0
158587.0
158746.0
158911.0
159080.0
159207.0
159385.0
159559.0
159733.0
159908.0
160090.0
160268.0
160447.0
160626.0
160798.0
160955.0
161124.0
161306.0
161485.0
161660.0
161838.0
162009.0
162178.0
162351.0
162522.0
162696.0
162868.0
163047.0
163215.0
163394.0
163570.0
163754.0
163922.0
164092.0
164270.0
164443.0
164620.0
164790.0
164972.0
165144.0
165318.0
165502.0
165682.0
165860.0
166037.0
166210.0
166389.0
166573.0
166753.0
166930.0
167110.0
167283.0
167450.0
167618.0
167795.0
167979.0
168154.0
168331.0
168470.0
168645.0
168815.0
168994.0
169161.0
169334.0
169502.0
169675.0
169850.0
170029.0
170199.0
170367.0
170547.0
170708.0
170882.0
171064.0
171231.0
171406.0
171590.0
171774.0
171943.0
172115.0
172292.0
172463.0
172645.0
172820.0
172995.0
173171.0
173350.0
173529.0
173701.0
173875.0
174057.0
174239.0
174408.0
174592.0
174752.0
174927.0
175107.0
175286.0
175466.0
175640.0
175817.0
175989.0
176164.0
176341.0
176510.0
176692.0
176858.0
177024.0
177208.0
177387.0
177561.0
177736.0
177920.0
178095.0
178277.0
178461.0
178638.0
178814.0
178996.0
179180.0
179364.0
179539.0
179718.0
179902.0
180084.0
180264.0
180448.0
180611.0
180788.0
180960.0
181140.0
181312.0
181479.0
181661.0
181829.0
182009.0
182193.0
182368.0
182550.0
182734.0
182913.0
183087.0
183261.0
183429.0
183598.0
183757.0
183941.0
184116.0
184283.0
184467.0
184638.0
184815.0
184992.0
185163.0
185337.0
185515.0
185693.0
185873.0
186055.0
186223.0
186407.0
186573.0
186753.0
186937.0
187119.0
187287.0
187465.0
187643.0
187816.0
187993.0
188175.0
188347.0
188510.0
188677.0
188859.0
189020.0
189200.0
189353.0
189535.0
189709.0
189883.0
190062.0
190237.0
190419.0
190601.0
190783.0
190965.0
191147.0
191318.0
191481.0
191645.0
191820.0
191985.0
192158.0
192340.0
192516.0
192689.0
192849.0
193033.0
193204.0
193384.0
193563.0
193745.0
193920.0
194100.0
194267.0
194449.0
194612.0
194782.0
194966.0
195136.0
195305.0
195482.0
195654.0
195834.0
195997.0
196177.0
196350.0
196527.0
196706.0
196879.0
197058.0
197233.0
197415.0
197585.0
197767.0
197935.0
198112.0
198296.0
198475.0
198648.0
198826.0
199002.0
199182.0
199359.0
199524.0
199706.0
199876.0
200048.0
200215.0
200372.0
200537.0
200721.0
200888.0
201065.0
201247.0
201427.0
201604.0
201778.0
201958.0
202125.0
202309.0
202489.0
202671.0
202853.0
203028.0
203200.0
203375.0
203555.0
203733.0
203909.0
204083.0
204252.0
204430.0
204603.0
204776.0
204952.0
205117.0
205289.0
205466.0
205648.0
205827.0
206007.0
206186.0
206357.0
206534.0
206714.0
206894.0
207074.0
207243.0
207423.0
207592.0
207776.0
207939.0
208123.0
208301.0
208478.0
208654.0
208832.0
209014.0
209194.0
209376.0
209553.0
209726.0
209906.0
210082.0
210249.0
210429.0
210608.0
210786.0
210970.0
211147.0
211329.0
211511.0
211686.0
211868.0
212050.0
212232.0
212414.0
212586.0
212763.0
212947.0
213120.0
213298.0
213478.0
213660.0
213842.0
214001.0
214178.0
214362.0
214529.0
214706.0
214871.0
215050.0
215234.0
215397.0
215567.0
215749.0
215933.0
216112.0
216287.0
216457.0
216630.0
216803.0
216979.0
217149.0
217329.0
217505.0
217677.0
217856.0
218026.0
218187.0
218365.0
218536.0
218720.0
218902.0
219059.0
219225.0
219407.0
219582.0
219766.0
219950.0
220118.0
220287.0
220449.0
220621.0
220791.0
220961.0
221127.0
221295.0
221479.0
221646.0
221819.0
221994.0
222176.0
222354.0
222526.0
222708.0
222856.0
223030.0
223212.0
223392.0
223555.0
223737.0
223908.0
224085.0
224269.0
224432.0
224606.0
224788.0
224970.0
225128.0
225308.0
225488.0
225667.0
225847.0
226027.0
226190.0
226365.0
226549.0
226727.0
226909.0
227091.0
227271.0
227436.0
227620.0
227804.0
227970.0
228152.0
228324.0
228495.0
228674.0
228856.0
229033.0
229198.0
229375.0
229553.0
229731.0
229903.0
230087.0
230266.0
230433.0
230617.0
230780.0
230957.0
231137.0
231309.0
231475.0
231653.0
231824.0
231999.0
232170.0
232337.0
232516.0
232680.0
232853.0
233023.0
233207.0
233384.0
233561.0
233729.0
233906.0
234083.0
234259.0
234436.0
234618.0
234795.0
234964.0
235144.0
235315.0
235490.0
235657.0
235836.0
236020.0
236192.0
236366.0
236538.0
236720.0
236904.0
237078.0
237243.0
237420.0
237600.0
237784.0
237956.0
238124.0
238301.0
238478.0
238652.0
238836.0
239020.0
239195.0
239377.0
239547.0
239724.0
239906.0
240083.0
240255.0
240435.0
240617.0
240801.0
240971.0
241133.0
241317.0
241501.0
241670.0
241849.0
242019.0
242189.0
242361.0
242539.0
242706.0
242882.0
243049.0
243233.0
243415.0
243599.0
243776.0
243945.0
244112.0
244292.0
244454.0
244636.0
244813.0
244993.0
245171.0
245353.0
245528.0
245686.0
245868.0
246052.0
246232.0
246400.0
246584.0
246759.0
246929.0
247098.0
247267.0
247446.0
247628.0
247787.0
247971.0
248153.0
248324.0
248506.0
248681.0
248840.0
249012.0
249186.0
249366.0
249546.0
249725.0
249895.0
250053.0
250218.0
250395.0
250575.0
250754.0
250938.0
251118.0
251300.0
251465.0
251649.0
251831.0
252006.0
252180.0
252364.0
252543.0
