a = 0.8
g = 0.8
e = 0.3
random initial weights = true

-787.0
-3393.0
-4079.0
-4549.0
-5092.0
-5590.0
-6062.0
-6514.0
-6971.0
-7463.0
-7911.0
-8352.0
-8787.0
-8671.0
-8495.0
-8926.0
-9355.0
-9775.0
-10200.0
-10633.0
-11061.0
-10921.0
-11365.0
-11814.0
-12282.0
-12109.0
-12531.0
-12405.0
-12818.0
-12650.0
-12476.0
-12897.0
-12729.0
-12615.0
-12441.0
-12267.0
-12095.0
-11933.0
-11761.0
-11585.0
-11415.0
-11247.0
-11081.0
-10909.0
-10744.0
-10588.0
-10420.0
-10257.0
-10096.0
-9939.0
-9767.0
-9595.0
-9423.0
-9249.0
-9073.0
-8901.0
-8725.0
-8551.0
-8373.0
-8197.0
-8031.0
-7858.0
-7718.0
-7549.0
-7375.0
-7208.0
-7045.0
-6867.0
-6697.0
-6521.0
-6352.0
-6183.0
-6007.0
-5843.0
-5667.0
-5493.0
-5323.0
-5154.0
-4976.0
-4802.0
-4626.0
-4468.0
-4301.0
-4136.0
-3958.0
-3806.0
-3637.0
-3481.0
-3323.0
-3149.0
-2971.0
-2793.0
-2617.0
-2446.0
-2288.0
-2110.0
-1936.0
-1762.0
-1597.0
-1447.0
-1273.0
-1101.0
-930.0
-752.0
-579.0
-405.0
-231.0
-53.0
116.0
285.0
461.0
633.0
804.0
964.0
1134.0
1310.0
1477.0
1648.0
1801.0
1977.0
2155.0
2329.0
2505.0
2678.0
2854.0
3028.0
3202.0
3368.0
3535.0
3689.0
3867.0
4038.0
4212.0
4386.0
4558.0
4731.0
4901.0
5071.0
5249.0
5412.0
5584.0
5757.0
5933.0
6107.0
6271.0
6449.0
6627.0
6800.0
6976.0
7152.0
7330.0
7504.0
7660.0
7831.0
7991.0
8163.0
8329.0
8499.0
8675.0
8839.0
9017.0
9179.0
9351.0
9523.0
9699.0
9861.0
10037.0
10215.0
10378.0
10552.0
10718.0
10896.0
11066.0
11234.0
11399.0
11570.0
11748.0
11910.0
12078.0
12252.0
12421.0
12593.0
12755.0
12923.0
13097.0
13273.0
13391.0
13569.0
13747.0
13916.0
14094.0
14270.0
14444.0
14611.0
14787.0
14963.0
15141.0
15301.0
15457.0
15633.0
15806.0
15982.0
16155.0
16320.0
16494.0
16656.0
16832.0
16994.0
17156.0
17332.0
17499.0
17667.0
17837.0
18013.0
18183.0
18357.0
18519.0
18683.0
18854.0
19030.0
19188.0
19362.0
19538.0
19716.0
19884.0
20056.0
20229.0
20400.0
20573.0
20740.0
20902.0
21078.0
21245.0
21421.0
21587.0
21756.0
21919.0
22083.0
22239.0
22409.0
22582.0
22754.0
22923.0
23091.0
23267.0
23433.0
23607.0
23783.0
23961.0
24123.0
24301.0
24462.0
24640.0
24807.0
24979.0
25152.0
25321.0
25497.0
25675.0
25851.0
26027.0
26196.0
26365.0
26529.0
26695.0
26869.0
27045.0
27221.0
27397.0
27571.0
27744.0
27913.0
28080.0
28231.0
28403.0
28569.0
28747.0
28911.0
29085.0
29259.0
29437.0
29613.0
29789.0
29959.0
30137.0
30313.0
30491.0
30667.0
30841.0
31011.0
31177.0
31349.0
31523.0
31699.0
31877.0
32039.0
32217.0
32393.0
32565.0
32737.0
32896.0
33063.0
33233.0
33400.0
33569.0
33741.0
33909.0
34085.0
34254.0
34427.0
34601.0
34777.0
34915.0
35085.0
35256.0
35420.0
35588.0
35747.0
35902.0
36071.0
36249.0
36416.0
36574.0
36750.0
36913.0
37073.0
37247.0
37419.0
37581.0
37759.0
37935.0
38106.0
38282.0
38438.0
38614.0
38790.0
38954.0
39128.0
39285.0
39461.0
39627.0
39801.0
39977.0
40148.0
40315.0
40484.0
40660.0
40836.0
41002.0
41178.0
41356.0
41525.0
41695.0
41867.0
42039.0
42202.0
42373.0
42547.0
42715.0
42893.0
43062.0
43232.0
43406.0
43580.0
43753.0
43920.0
44092.0
44257.0
44425.0
44595.0
44761.0
44935.0
45104.0
45280.0
45449.0
45625.0
45801.0
45971.0
46139.0
46303.0
46460.0
46624.0
46786.0
46956.0
47128.0
47290.0
47462.0
47621.0
47781.0
47955.0
48110.0
48279.0
48453.0
48631.0
48803.0
48976.0
49154.0
49326.0
49500.0
49670.0
49817.0
49989.0
50154.0
50321.0
50495.0
50661.0
50834.0
51006.0
51179.0
51350.0
51526.0
51685.0
51861.0
52037.0
52215.0
52369.0
52541.0
52719.0
52892.0
53055.0
53219.0
53389.0
53552.0
53720.0
53891.0
54065.0
54241.0
54414.0
54592.0
54745.0
54906.0
55071.0
55244.0
55418.0
55589.0
55755.0
55933.0
56096.0
56266.0
56444.0
56611.0
56779.0
56942.0
57114.0
57288.0
57459.0
57635.0
57803.0
57977.0
58151.0
58327.0
58499.0
58671.0
58849.0
59023.0
59197.0
59375.0
59536.0
59714.0
59890.0
60066.0
60242.0
60414.0
60590.0
60762.0
60938.0
61101.0
61273.0
61447.0
61613.0
61784.0
61951.0
62118.0
62283.0
62441.0
62568.0
62742.0
62918.0
63088.0
63262.0
63433.0
63603.0
63768.0
63936.0
64101.0
64274.0
64452.0
64618.0
64796.0
64957.0
65123.0
65282.0
65458.0
65634.0
65806.0
65977.0
66153.0
66327.0
66498.0
66664.0
66842.0
67016.0
67178.0
67345.0
67506.0
67671.0
67839.0
68002.0
68173.0
68351.0
68527.0
68698.0
68858.0
69034.0
69199.0
69377.0
69547.0
69718.0
69885.0
70058.0
70231.0
70407.0
70570.0
70746.0
70915.0
71093.0
71262.0
71438.0
71600.0
71763.0
71937.0
72113.0
72274.0
72450.0
72622.0
72788.0
72966.0
73138.0
73310.0
73475.0
73636.0
73801.0
73979.0
74142.0
74320.0
74487.0
74661.0
74835.0
75009.0
75177.0
75339.0
75517.0
75695.0
75855.0
76031.0
76207.0
76385.0
76563.0
76737.0
76898.0
77072.0
77235.0
77395.0
77565.0
77739.0
77913.0
78080.0
78247.0
78421.0
78594.0
78765.0
78939.0
79115.0
79282.0
79437.0
79590.0
79751.0
79891.0
80067.0
80241.0
80411.0
80585.0
80758.0
80912.0
81084.0
81252.0
81428.0
81606.0
81777.0
81948.0
82124.0
82298.0
82469.0
82641.0
82811.0
82977.0
83148.0
83322.0
83484.0
83651.0
83823.0
83959.0
84126.0
84300.0
84472.0
84644.0
84817.0
84985.0
85149.0
85313.0
85489.0
85647.0
85814.0
85984.0
86158.0
86334.0
86506.0
86678.0
86844.0
87013.0
87186.0
87362.0
87534.0
87699.0
87855.0
88019.0
88182.0
88360.0
88536.0
88710.0
88886.0
89062.0
89227.0
89399.0
89570.0
89746.0
89922.0
90094.0
90268.0
90431.0
90607.0
90778.0
90949.0
91118.0
91292.0
91466.0
91639.0
91815.0
91983.0
92137.0
92311.0
92485.0
92657.0
92831.0
93007.0
93175.0
93349.0
93502.0
93658.0
93836.0
93994.0
94164.0
94329.0
94490.0
94659.0
94833.0
95000.0
95178.0
95340.0
95512.0
95640.0
95813.0
95985.0
96149.0
96325.0
96501.0
96668.0
96846.0
97018.0
97192.0
97352.0
97526.0
97702.0
97855.0
98029.0
98205.0
98383.0
98557.0
98731.0
98895.0
99065.0
99234.0
99412.0
99590.0
99757.0
99928.0
100104.0
100256.0
100421.0
100594.0
100758.0
100936.0
101112.0
101288.0
101460.0
101636.0
101793.0
101956.0
102134.0
102297.0
102464.0
102637.0
102805.0
102981.0
103147.0
103321.0
103490.0
103666.0
103827.0
104003.0
104181.0
104339.0
104508.0
104686.0
104852.0
105022.0
105190.0
105364.0
105534.0
105699.0
105872.0
106044.0
106212.0
106377.0
106551.0
106727.0
106903.0
107074.0
107238.0
107388.0
107555.0
107726.0
107893.0
108067.0
108239.0
108417.0
108588.0
108764.0
108934.0
109099.0
109277.0
109441.0
109597.0
109775.0
109937.0
110106.0
110280.0
110446.0
110610.0
110779.0
110955.0
111126.0
111291.0
111459.0
111629.0
111792.0
111970.0
112141.0
112305.0
112460.0
112622.0
112793.0
112965.0
113143.0
113315.0
113484.0
113657.0
113831.0
113991.0
114163.0
114335.0
114503.0
114673.0
114846.0
115011.0
115187.0
115352.0
115528.0
115706.0
115873.0
116042.0
116220.0
116396.0
116568.0
116733.0
116895.0
117067.0
117227.0
117396.0
117555.0
117710.0
117875.0
118049.0
118225.0
118403.0
118572.0
118742.0
118914.0
119090.0
119259.0
119433.0
119606.0
119775.0
119953.0
120125.0
120294.0
120461.0
120635.0
120806.0
120984.0
121160.0
121329.0
121489.0
121653.0
121827.0
122001.0
122172.0
122346.0
122514.0
122688.0
122860.0
123021.0
123182.0
123353.0
123520.0
123693.0
123869.0
124040.0
124214.0
124385.0
124556.0
124725.0
124895.0
125062.0
125236.0
125404.0
125567.0
125734.0
125910.0
126086.0
126262.0
126427.0
126597.0
126771.0
126940.0
127118.0
127288.0
127456.0
127627.0
127800.0
127976.0
128148.0
128324.0
128500.0
128668.0
128840.0
129012.0
129185.0
129357.0
129535.0
129696.0
129863.0
130025.0
130192.0
130366.0
130529.0
130694.0
130872.0
131048.0
131216.0
131384.0
131558.0
131716.0
131884.0
132055.0
132231.0
132402.0
132574.0
132740.0
132914.0
133090.0
133266.0
133440.0
133613.0
133781.0
133954.0
134132.0
134296.0
134462.0
134627.0
134790.0
134943.0
135109.0
135278.0
135448.0
135612.0
135777.0
135945.0
136114.0
136290.0
136464.0
136631.0
136799.0
136963.0
137131.0
137298.0
137467.0
137638.0
137801.0
137960.0
138132.0
138300.0
138463.0
138621.0
138799.0
138975.0
139141.0
139317.0
139475.0
139649.0
139825.0
139999.0
140158.0
140325.0
140497.0
140675.0
140830.0
141006.0
141176.0
141328.0
141490.0
141659.0
141831.0
141994.0
142166.0
142335.0
142507.0
142650.0
142818.0
142989.0
143149.0
143323.0
143490.0
143647.0
143821.0
143994.0
144165.0
144341.0
144511.0
144679.0
144837.0
145010.0
145180.0
145356.0
145534.0
145703.0
145881.0
146059.0
146233.0
146407.0
146580.0
146738.0
146904.0
147073.0
147238.0
147400.0
147574.0
147746.0
147919.0
148091.0
148264.0
148440.0
148614.0
148788.0
148962.0
149133.0
149305.0
149474.0
149644.0
149811.0
149981.0
150143.0
150316.0
150488.0
150664.0
150842.0
151020.0
151191.0
151359.0
151531.0
151702.0
151871.0
152047.0
152215.0
152374.0
152534.0
152707.0
152883.0
153059.0
153235.0
153407.0
153575.0
153717.0
153889.0
154031.0
154207.0
154371.0
154530.0
154699.0
154868.0
155044.0
155204.0
155380.0
155550.0
155726.0
155892.0
156066.0
156240.0
156414.0
156578.0
156742.0
156915.0
157084.0
157253.0
157431.0
157605.0
157771.0
157947.0
158121.0
158286.0
158464.0
158633.0
158807.0
158978.0
159141.0
159317.0
159459.0
159630.0
159808.0
159974.0
160150.0
160328.0
160490.0
160649.0
160820.0
160998.0
161172.0
161344.0
161517.0
161675.0
161842.0
162020.0
162189.0
162358.0
162528.0
162700.0
162874.0
163042.0
163187.0
163360.0
163528.0
163689.0
163863.0
164039.0
164185.0
164355.0
164512.0
164686.0
164860.0
165032.0
165202.0
165380.0
165551.0
165725.0
165899.0
166075.0
166244.0
166406.0
166565.0
166739.0
166912.0
167085.0
167258.0
167427.0
167605.0
167781.0
167957.0
168123.0
168299.0
168477.0
168640.0
168808.0
168960.0
169130.0
169304.0
169480.0
169647.0
169816.0
169986.0
170157.0
170328.0
170496.0
170665.0
170822.0
170994.0
171172.0
171336.0
171508.0
171686.0
171860.0
172032.0
172210.0
172384.0
172558.0
172721.0
172894.0
173068.0
173236.0
173407.0
173578.0
173733.0
173911.0
174084.0
174258.0
174432.0
174597.0
174773.0
174943.0
175121.0
175295.0
175465.0
175634.0
175812.0
175983.0
176151.0
176323.0
176499.0
176661.0
176832.0
176999.0
177175.0
177349.0
177521.0
177692.0
177847.0
178018.0
178194.0
178365.0
178543.0
178710.0
178874.0
179047.0
179215.0
179382.0
179538.0
179708.0
179877.0
180055.0
180233.0
180411.0
180579.0
180753.0
180931.0
181105.0
181266.0
181444.0
181622.0
181794.0
181972.0
182150.0
182313.0
182480.0
182653.0
182831.0
182988.0
183164.0
183337.0
183499.0
183668.0
183838.0
184014.0
184190.0
184363.0
184541.0
184717.0
184887.0
185052.0
185221.0
185393.0
185565.0
185728.0
185902.0
186073.0
186242.0
186418.0
186594.0
186759.0
186921.0
187093.0
187261.0
187422.0
187590.0
187766.0
187930.0
188102.0
188276.0
188442.0
188604.0
188780.0
188949.0
189125.0
189283.0
189451.0
189619.0
189788.0
189964.0
190137.0
190306.0
190479.0
190640.0
190804.0
190980.0
191140.0
191309.0
191482.0
191656.0
191828.0
191998.0
192169.0
192336.0
192493.0
192660.0
192829.0
193007.0
193174.0
193348.0
193515.0
193684.0
193856.0
194029.0
194203.0
194379.0
194543.0
194707.0
194866.0
195040.0
195210.0
195379.0
195555.0
195729.0
195902.0
196070.0
196230.0
196402.0
196573.0
196739.0
196913.0
197084.0
197249.0
197425.0
197594.0
197761.0
197926.0
198076.0
198244.0
198422.0
198596.0
198772.0
198948.0
199122.0
199287.0
199447.0
199616.0
199782.0
199936.0
200103.0
200281.0
200447.0
200606.0
200778.0
200946.0
201115.0
201285.0
201459.0
201630.0
201798.0
201972.0
202141.0
202314.0
202480.0
202642.0
202818.0
202991.0
203154.0
203321.0
203494.0
203667.0
203843.0
204005.0
204178.0
204356.0
204509.0
204676.0
204850.0
205024.0
205191.0
205363.0
205541.0
205709.0
205864.0
206038.0
206216.0
206380.0
206554.0
206719.0
206895.0
207052.0
207226.0
207399.0
207568.0
207742.0
207913.0
208089.0
208259.0
208430.0
208596.0
208756.0
208917.0
209093.0
209269.0
209447.0
209607.0
209779.0
209950.0
210118.0
210283.0
210457.0
210627.0
210792.0
210963.0
211137.0
211302.0
211464.0
211627.0
211799.0
211951.0
212118.0
212287.0
212455.0
212619.0
212784.0
212962.0
213121.0
213294.0
213458.0
213629.0
213807.0
213983.0
214149.0
214318.0
214494.0
214662.0
214838.0
215008.0
215179.0
215345.0
215523.0
215695.0
215873.0
216042.0
216216.0
216379.0
216544.0
216716.0
216892.0
217062.0
217222.0
217377.0
217551.0
217727.0
217898.0
218071.0
218245.0
218417.0
218588.0
218758.0
218936.0
219102.0
219276.0
219441.0
219619.0
219791.0
219963.0
220137.0
220313.0
220479.0
220651.0
220829.0
221001.0
221167.0
221343.0
221519.0
221692.0
221857.0
222028.0
222194.0
222356.0
222520.0
222691.0
222862.0
223036.0
223203.0
223376.0
223554.0
223714.0
223870.0
224034.0
224206.0
224363.0
224525.0
224694.0
224852.0
225028.0
225193.0
225371.0
225544.0
225720.0
225885.0
226059.0
226233.0
226409.0
226583.0
226752.0
226926.0
227094.0
227270.0
227444.0
227611.0
227785.0
227959.0
228121.0
228293.0
228459.0
228628.0
228804.0
228974.0
229141.0
229315.0
229485.0
229646.0
229814.0
229983.0
230153.0
230323.0
230488.0
230654.0
230821.0
230993.0
231169.0
231347.0
231519.0
231685.0
231852.0
232010.0
232180.0
232342.0
232511.0
232687.0
232852.0
233021.0
233179.0
233340.0
233516.0
233676.0
233840.0
233995.0
234154.0
234317.0
234495.0
234662.0
234835.0
235009.0
235178.0
235352.0
235511.0
235682.0
235853.0
236025.0
236201.0
236355.0
