a = 0.8
g = 0.2
e = 0.1
random initial weights = true

-2547.0
-5238.0
-7762.0
-8384.0
-8836.0
-9328.0
-9817.0
-10270.0
-10840.0
-11270.0
-11695.0
-12135.0
-12580.0
-13043.0
-13481.0
-13898.0
-14358.0
-14815.0
-15243.0
-15073.0
-15484.0
-15359.0
-15770.0
-16201.0
-16624.0
-17046.0
-17470.0
-17891.0
-18316.0
-18734.0
-18562.0
-18410.0
-18242.0
-18653.0
-18483.0
-18898.0
-19316.0
-19146.0
-19559.0
-19974.0
-19807.0
-20218.0
-20637.0
-20463.0
-20285.0
-20111.0
-20522.0
-20352.0
-20176.0
-20002.0
-19828.0
-19652.0
-19478.0
-19300.0
-19126.0
-18952.0
-18776.0
-18600.0
-18424.0
-18246.0
-18068.0
-17892.0
-17718.0
-17540.0
-17362.0
-17184.0
-17008.0
-16839.0
-16661.0
-16483.0
-16305.0
-16127.0
-15949.0
-15773.0
-15597.0
-15419.0
-15250.0
-15072.0
-14896.0
-14722.0
-14546.0
-14368.0
-14190.0
-14022.0
-13846.0
-13668.0
-13495.0
-13322.0
-13146.0
-12968.0
-12790.0
-12614.0
-12441.0
-12263.0
-12085.0
-11909.0
-11738.0
-11560.0
-11389.0
-11211.0
-11033.0
-10857.0
-10679.0
-10501.0
-10323.0
-10147.0
-9973.0
-9795.0
-9617.0
-9445.0
-9267.0
-9091.0
-8913.0
-8744.0
-8566.0
-8390.0
-8214.0
-8041.0
-7863.0
-7687.0
-7511.0
-7333.0
-7163.0
-6985.0
-6807.0
-6629.0
-6453.0
-6275.0
-6105.0
-5927.0
-5753.0
-5579.0
-5401.0
-5223.0
-5045.0
-4867.0
-4689.0
-4513.0
-4335.0
-4157.0
-3979.0
-3805.0
-3627.0
-3453.0
-3275.0
-3101.0
-2927.0
-2751.0
-2573.0
-2402.0
-2224.0
-2048.0
-1881.0
-1703.0
-1525.0
-1351.0
-1173.0
-1000.0
-831.0
-663.0
-485.0
-307.0
-135.0
41.0
219.0
392.0
570.0
746.0
924.0
1102.0
1275.0
1451.0
1629.0
1807.0
1983.0
2161.0
2337.0
2510.0
2682.0
2858.0
3034.0
3212.0
3383.0
3561.0
3739.0
3910.0
4088.0
4254.0
4432.0
4605.0
4783.0
4961.0
5137.0
5313.0
5491.0
5664.0
5837.0
6015.0
6191.0
6367.0
6545.0
6721.0
6897.0
7075.0
7253.0
7429.0
7605.0
7781.0
7959.0
8137.0
8315.0
8493.0
8671.0
8843.0
9016.0
9194.0
9372.0
9548.0
9726.0
9900.0
10078.0
10247.0
10423.0
10601.0
10774.0
10943.0
11117.0
11295.0
11473.0
11649.0
11827.0
12005.0
12183.0
12361.0
12535.0
12699.0
12877.0
13055.0
13233.0
13411.0
13589.0
13767.0
13945.0
14119.0
14297.0
14470.0
14646.0
14819.0
14990.0
15168.0
15344.0
15520.0
15696.0
15869.0
16047.0
16223.0
16401.0
16579.0
16757.0
16935.0
17113.0
17289.0
17460.0
17633.0
17811.0
17984.0
18160.0
18338.0
18516.0
18694.0
18870.0
19048.0
19226.0
19404.0
19578.0
19756.0
19934.0
20110.0
20288.0
20464.0
20642.0
20820.0
20998.0
21174.0
21352.0
21528.0
21706.0
21878.0
22054.0
22225.0
22401.0
22579.0
22757.0
22935.0
23111.0
23289.0
23467.0
23645.0
23814.0
23992.0
24164.0
24338.0
24512.0
24690.0
24866.0
25033.0
25211.0
25389.0
25562.0
25740.0
25918.0
26094.0
26267.0
26445.0
26623.0
26801.0
26977.0
27153.0
27329.0
27507.0
27685.0
27858.0
28034.0
28212.0
28390.0
28568.0
28742.0
28920.0
29098.0
29276.0
29454.0
29627.0
29805.0
29983.0
30159.0
30337.0
30513.0
30691.0
30867.0
31043.0
31221.0
31399.0
31572.0
31745.0
31917.0
32095.0
32273.0
32449.0
32627.0
32803.0
32976.0
33154.0
33330.0
33503.0
33674.0
33852.0
34028.0
34201.0
34379.0
34557.0
34730.0
34906.0
35084.0
35262.0
35440.0
35616.0
35792.0
35968.0
36146.0
36322.0
36500.0
36678.0
36849.0
37025.0
37203.0
37381.0
37557.0
37735.0
37911.0
38089.0
38265.0
38439.0
38615.0
38791.0
38969.0
39145.0
39323.0
39499.0
39677.0
39853.0
40027.0
40203.0
40376.0
40552.0
40723.0
40901.0
41077.0
41253.0
41431.0
41609.0
41782.0
41958.0
42136.0
42312.0
42490.0
42668.0
42846.0
43024.0
43202.0
43375.0
43553.0
43731.0
43909.0
44080.0
44258.0
44434.0
44612.0
44779.0
44955.0
45133.0
45311.0
45489.0
45665.0
45843.0
46019.0
46190.0
46366.0
46544.0
46722.0
46900.0
47078.0
47256.0
47432.0
47610.0
47784.0
47958.0
48134.0
48312.0
48483.0
48661.0
48839.0
49005.0
49183.0
49361.0
49539.0
49715.0
49891.0
50067.0
50243.0
50419.0
50591.0
50765.0
50943.0
51110.0
51288.0
51464.0
51642.0
51820.0
51996.0
52174.0
52352.0
52525.0
52703.0
52879.0
53057.0
53233.0
53411.0
53585.0
53761.0
53939.0
54115.0
54293.0
54471.0
54649.0
54827.0
55003.0
55181.0
55359.0
55537.0
55715.0
55893.0
56071.0
56247.0
56418.0
56596.0
56774.0
56952.0
57128.0
57306.0
57484.0
57662.0
57833.0
58009.0
58182.0
58360.0
58533.0
58697.0
58870.0
59048.0
59226.0
59396.0
59574.0
59752.0
59926.0
60102.0
60280.0
60458.0
60634.0
60810.0
60988.0
61166.0
61342.0
61518.0
61694.0
61872.0
62041.0
62217.0
62391.0
62569.0
62745.0
62921.0
63099.0
63270.0
63446.0
63620.0
63798.0
63976.0
64154.0
64332.0
64508.0
64681.0
64855.0
65033.0
65209.0
65387.0
65563.0
65737.0
65915.0
66091.0
66265.0
66441.0
66619.0
66792.0
66961.0
67139.0
67317.0
67495.0
67666.0
67842.0
68020.0
68193.0
68371.0
68547.0
68723.0
68901.0
69077.0
69255.0
69433.0
69611.0
69787.0
69958.0
70130.0
70304.0
70482.0
70660.0
70838.0
71011.0
71182.0
71358.0
71532.0
71706.0
71884.0
72062.0
72240.0
72418.0
72596.0
72772.0
72950.0
73128.0
73304.0
73480.0
73658.0
73834.0
74008.0
74179.0
74357.0
74519.0
74697.0
74875.0
75048.0
75222.0
75398.0
75576.0
75754.0
75926.0
76104.0
76280.0
76454.0
76632.0
76810.0
76986.0
77160.0
77328.0
77506.0
77682.0
77856.0
78030.0
78204.0
78382.0
78560.0
78738.0
78910.0
79088.0
79266.0
79442.0
79603.0
79781.0
79955.0
80131.0
80309.0
80485.0
80661.0
80837.0
81013.0
81191.0
81367.0
81538.0
81716.0
81892.0
82070.0
82248.0
82424.0
82602.0
82780.0
82956.0
83134.0
83304.0
83482.0
83658.0
83831.0
84005.0
84178.0
84354.0
84532.0
84710.0
84877.0
85055.0
85231.0
85407.0
85583.0
85756.0
85926.0
86104.0
86282.0
86460.0
86638.0
86811.0
86989.0
87163.0
87339.0
87517.0
87693.0
87871.0
88047.0
88225.0
88403.0
88579.0
88752.0
88930.0
89106.0
89284.0
89460.0
89636.0
89810.0
89988.0
90162.0
90338.0
90516.0
90692.0
90870.0
91048.0
91221.0
91399.0
91575.0
91753.0
91931.0
92099.0
92277.0
92451.0
92629.0
92802.0
92980.0
93158.0
93334.0
93512.0
93690.0
93868.0
94042.0
94215.0
94393.0
94569.0
94745.0
94923.0
95094.0
95272.0
95441.0
95619.0
95797.0
95975.0
96153.0
96331.0
96502.0
96680.0
96854.0
97030.0
97208.0
97386.0
97559.0
97735.0
97911.0
98085.0
98258.0
98436.0
98614.0
98781.0
98952.0
99121.0
99297.0
99475.0
99653.0
99824.0
100000.0
100176.0
100352.0
100520.0
100696.0
100874.0
101052.0
101230.0
101404.0
101580.0
101756.0
101934.0
102107.0
102283.0
102461.0
102639.0
102817.0
102993.0
103171.0
103349.0
103520.0
103691.0
103869.0
104045.0
104223.0
104393.0
104567.0
104745.0
104919.0
105089.0
105263.0
105441.0
105615.0
105791.0
105967.0
106140.0
106318.0
106486.0
106662.0
106840.0
107018.0
107192.0
107370.0
107542.0
107720.0
107891.0
108069.0
108242.0
108418.0
108596.0
108772.0
108950.0
109128.0
109306.0
109480.0
109658.0
109834.0
110012.0
110190.0
110366.0
110542.0
110710.0
110886.0
111053.0
111229.0
111405.0
111581.0
111759.0
111937.0
112115.0
112291.0
112469.0
112645.0
112821.0
112997.0
113175.0
113353.0
113531.0
113703.0
113877.0
114055.0
114233.0
114409.0
114581.0
114757.0
114935.0
115111.0
115289.0
115458.0
115636.0
115814.0
115992.0
116170.0
116346.0
116524.0
116700.0
116878.0
117052.0
117230.0
117401.0
117575.0
117751.0
117927.0
118098.0
118276.0
118447.0
118623.0
118799.0
118975.0
119149.0
119327.0
119501.0
119679.0
119857.0
120033.0
120204.0
120382.0
120558.0
120736.0
120909.0
121085.0
121263.0
121439.0
121617.0
121788.0
121966.0
122138.0
122314.0
122477.0
122653.0
122829.0
123007.0
123185.0
123361.0
123539.0
123713.0
123891.0
124069.0
124247.0
124425.0
124598.0
124774.0
124948.0
125126.0
125302.0
125480.0
125658.0
125836.0
126012.0
126190.0
126366.0
126544.0
126722.0
126898.0
127074.0
127252.0
127430.0
127608.0
127786.0
127962.0
128140.0
128312.0
128486.0
128659.0
128837.0
129010.0
129188.0
129359.0
129535.0
129708.0
129884.0
130062.0
130240.0
130416.0
130594.0
130772.0
130950.0
131123.0
131301.0
131479.0
131648.0
131826.0
132004.0
132182.0
132360.0
132536.0
132714.0
132890.0
133068.0
133246.0
133424.0
133602.0
133778.0
133956.0
134134.0
134312.0
134490.0
134666.0
134844.0
135020.0
135196.0
135374.0
135552.0
135728.0
135901.0
136079.0
136253.0
136429.0
136607.0
136785.0
136954.0
137132.0
137310.0
137486.0
137664.0
137842.0
138020.0
138198.0
138376.0
138552.0
138728.0
138906.0
139080.0
139254.0
139432.0
139610.0
139786.0
139964.0
140142.0
140315.0
140493.0
140671.0
140849.0
141027.0
141201.0
141379.0
141557.0
141723.0
141901.0
142079.0
142257.0
142435.0
142611.0
142789.0
142962.0
143140.0
143318.0
143496.0
143674.0
143850.0
144021.0
144199.0
144373.0
144542.0
144713.0
144891.0
145069.0
145243.0
145421.0
145597.0
145775.0
145953.0
146129.0
146307.0
146485.0
146661.0
146839.0
147012.0
147190.0
147368.0
147544.0
147717.0
147895.0
148071.0
148249.0
148425.0
148598.0
148776.0
148954.0
149132.0
149310.0
149481.0
149652.0
149830.0
150008.0
150184.0
150362.0
150540.0
150718.0
150889.0
151067.0
151245.0
151421.0
151599.0
151777.0
151945.0
152118.0
152294.0
152467.0
152643.0
152821.0
152997.0
153170.0
153343.0
153521.0
153699.0
153875.0
154053.0
154227.0
154398.0
154576.0
154752.0
154924.0
155097.0
155273.0
155451.0
155625.0
155801.0
155979.0
156155.0
156331.0
156503.0
156676.0
156854.0
157032.0
157210.0
157386.0
157564.0
157740.0
157916.0
158090.0
158268.0
158440.0
158611.0
158787.0
158959.0
159125.0
159301.0
159479.0
159651.0
159824.0
160002.0
160175.0
160346.0
160517.0
160695.0
160873.0
161049.0
161227.0
161403.0
161577.0
161744.0
161916.0
162094.0
162272.0
162450.0
162618.0
162791.0
162969.0
163145.0
163323.0
163499.0
163675.0
163843.0
164019.0
164197.0
164375.0
164543.0
164719.0
164897.0
165075.0
165247.0
165425.0
165603.0
165779.0
165957.0
166135.0
166304.0
166480.0
166652.0
166828.0
167006.0
167184.0
167357.0
167535.0
167706.0
167882.0
168056.0
168234.0
168410.0
168588.0
168764.0
168942.0
169120.0
169296.0
169470.0
169648.0
169826.0
170000.0
170178.0
170354.0
170530.0
170706.0
170882.0
171060.0
171238.0
171409.0
171587.0
171759.0
171937.0
172115.0
172293.0
172471.0
172647.0
172821.0
172999.0
173177.0
173353.0
173531.0
173705.0
173883.0
174061.0
174231.0
174407.0
174583.0
174757.0
174935.0
175111.0
175280.0
175458.0
175634.0
175808.0
175986.0
176154.0
176332.0
176510.0
176683.0
176861.0
177039.0
177217.0
177393.0
177571.0
177744.0
177920.0
178098.0
178270.0
178448.0
178626.0
178804.0
178980.0
179158.0
179336.0
179512.0
179688.0
179862.0
180040.0
180218.0
180394.0
180568.0
180746.0
180924.0
181102.0
181274.0
181452.0
181630.0
181808.0
181979.0
182157.0
182331.0
182503.0
182679.0
182857.0
183033.0
183211.0
183382.0
183554.0
183732.0
183904.0
184082.0
184258.0
184434.0
184612.0
184788.0
184964.0
185140.0
185318.0
185489.0
185659.0
185835.0
186006.0
186182.0
186351.0
186524.0
186702.0
186880.0
187058.0
187234.0
187410.0
187581.0
187759.0
187935.0
188113.0
188285.0
188463.0
188641.0
188817.0
188995.0
189169.0
189340.0
189509.0
189687.0
189856.0
190030.0
190206.0
190379.0
190557.0
190735.0
190913.0
191087.0
191265.0
191443.0
191621.0
191794.0
191972.0
192138.0
192314.0
192487.0
192663.0
192839.0
193017.0
193193.0
193364.0
193542.0
193720.0
193898.0
194076.0
194254.0
194432.0
194610.0
194788.0
194964.0
195142.0
195318.0
195496.0
195672.0
195850.0
196026.0
196204.0
196382.0
196560.0
196738.0
196916.0
197094.0
197270.0
197443.0
197621.0
197799.0
197968.0
198146.0
198324.0
198497.0
198675.0
198848.0
199026.0
199204.0
199382.0
199555.0
199729.0
199902.0
200080.0
200254.0
200430.0
200603.0
200781.0
200959.0
201137.0
201315.0
201493.0
201671.0
201843.0
202021.0
202195.0
202373.0
202549.0
202727.0
202901.0
203075.0
203253.0
203426.0
203604.0
203780.0
203956.0
204134.0
204308.0
204486.0
204664.0
204842.0
205006.0
205179.0
205357.0
205533.0
205709.0
205885.0
206063.0
206241.0
206419.0
206597.0
206773.0
206949.0
207121.0
207299.0
207477.0
207653.0
207825.0
208003.0
208181.0
208359.0
208533.0
208709.0
208887.0
209065.0
209241.0
209412.0
209585.0
209758.0
209930.0
210108.0
210286.0
210464.0
210636.0
210812.0
210990.0
211163.0
211336.0
211514.0
211692.0
211868.0
212046.0
212224.0
212402.0
212580.0
212751.0
212929.0
213107.0
213285.0
213463.0
213636.0
213814.0
213990.0
214168.0
214346.0
214524.0
214702.0
214880.0
215053.0
215229.0
215403.0
215579.0
215757.0
215930.0
216108.0
216286.0
216446.0
216624.0
216800.0
216976.0
217145.0
217323.0
217501.0
217672.0
217850.0
218024.0
218202.0
218371.0
218537.0
218715.0
218893.0
219071.0
219249.0
219423.0
219589.0
219767.0
219945.0
220121.0
220297.0
220475.0
220653.0
220831.0
221007.0
221185.0
221361.0
221534.0
221712.0
221890.0
222068.0
222246.0
222424.0
222602.0
222776.0
222952.0
223130.0
223298.0
223476.0
223654.0
223832.0
224010.0
224188.0
224359.0
224537.0
224710.0
224888.0
225066.0
225242.0
225418.0
225596.0
225772.0
225950.0
226128.0
226306.0
226482.0
226660.0
226838.0
227014.0
227188.0
227362.0
227533.0
227711.0
227887.0
228061.0
228232.0
228405.0
228583.0
228761.0
228939.0
229110.0
229286.0
229462.0
229638.0
229814.0
229990.0
230162.0
230340.0
230516.0
230692.0
230866.0
231042.0
231216.0
231392.0
231568.0
231746.0
231915.0
232081.0
232254.0
232430.0
232603.0
232781.0
232955.0
233131.0
233307.0
233485.0
233659.0
233837.0
234003.0
234181.0
234359.0
234533.0
234709.0
234887.0
235061.0
