a = 0.2
g = 0.8
e = 0.5
random initial weights = true

-807.0
-1379.0
-1891.0
-2666.0
-3392.0
-3885.0
-4464.0
-4942.0
-5426.0
-6128.0
-6558.0
-7028.0
-7483.0
-7920.0
-8362.0
-8846.0
-9311.0
-9769.0
-10318.0
-10779.0
-11211.0
-11626.0
-12097.0
-12592.0
-13027.0
-13548.0
-14001.0
-14426.0
-14885.0
-15320.0
-15785.0
-15677.0
-16144.0
-16576.0
-17035.0
-17464.0
-17328.0
-17777.0
-18192.0
-18060.0
-17898.0
-18328.0
-18177.0
-18006.0
-18441.0
-18918.0
-18780.0
-18614.0
-18470.0
-18300.0
-18155.0
-18011.0
-17852.0
-17692.0
-17533.0
-17958.0
-17827.0
-18246.0
-18090.0
-17922.0
-17758.0
-17601.0
-17466.0
-17304.0
-17140.0
-16974.0
-16839.0
-17296.0
-17713.0
-18130.0
-17988.0
-17824.0
-17653.0
-17482.0
-17314.0
-17159.0
-17015.0
-16864.0
-16696.0
-16531.0
-16378.0
-16212.0
-16057.0
-15917.0
-15746.0
-15572.0
-15421.0
-15245.0
-15090.0
-14933.0
-14780.0
-14618.0
-14461.0
-14312.0
-14161.0
-14019.0
-13847.0
-13700.0
-13544.0
-13377.0
-13231.0
-13068.0
-12915.0
-12772.0
-12630.0
-12458.0
-12280.0
-12124.0
-11974.0
-11803.0
-11647.0
-11511.0
-11357.0
-11201.0
-11079.0
-10906.0
-10753.0
-10590.0
-10437.0
-10278.0
-10133.0
-9959.0
-9801.0
-9638.0
-9479.0
-9305.0
-9164.0
-8995.0
-8842.0
-8704.0
-8532.0
-8413.0
-8267.0
-8099.0
-7949.0
-7803.0
-7644.0
-7484.0
-7340.0
-7187.0
-7015.0
-6844.0
-6676.0
-6531.0
-6368.0
-6211.0
-6062.0
-5908.0
-5748.0
-5617.0
-5467.0
-5291.0
-5129.0
-4963.0
-4801.0
-4653.0
-4484.0
-4322.0
-4168.0
-4011.0
-3839.0
-3683.0
-3535.0
-3365.0
-3217.0
-3084.0
-2941.0
-2786.0
-2627.0
-2460.0
-2298.0
-2160.0
-1992.0
-1832.0
-1663.0
-1521.0
-1347.0
-1214.0
-1048.0
-919.0
-753.0
-588.0
-421.0
-261.0
-106.0
61.0
225.0
379.0
547.0
718.0
881.0
988.0
1145.0
1311.0
1456.0
1582.0
1735.0
1878.0
2042.0
2220.0
2362.0
2523.0
2666.0
2788.0
2958.0
3100.0
3264.0
3427.0
3570.0
3734.0
3889.0
4052.0
4226.0
4378.0
4532.0
4696.0
4844.0
4997.0
5163.0
5326.0
5496.0
5665.0
5799.0
5968.0
6140.0
6270.0
6415.0
6581.0
6746.0
6918.0
7080.0
7236.0
7348.0
7505.0
7681.0
7842.0
8018.0
8155.0
8320.0
8485.0
8645.0
8815.0
8960.0
9110.0
9272.0
9446.0
9608.0
9751.0
9925.0
10067.0
10218.0
10374.0
10545.0
10703.0
10858.0
11036.0
11198.0
11369.0
11540.0
11696.0
11865.0
12032.0
12195.0
12343.0
12504.0
12668.0
12808.0
12956.0
13125.0
13254.0
13418.0
13582.0
13754.0
13907.0
14028.0
14189.0
14357.0
14523.0
14652.0
14814.0
14917.0
15073.0
15242.0
15402.0
15572.0
15720.0
15881.0
16055.0
16179.0
16318.0
16449.0
16591.0
16743.0
16905.0
17059.0
17235.0
17386.0
17541.0
17687.0
17847.0
17940.0
18073.0
18249.0
18395.0
18551.0
18706.0
18861.0
19011.0
19157.0
19321.0
19481.0
19648.0
19810.0
19986.0
20144.0
20303.0
20464.0
20611.0
20768.0
20930.0
21089.0
21247.0
21397.0
21553.0
21712.0
21861.0
22030.0
22186.0
22342.0
22496.0
22656.0
22818.0
22969.0
23137.0
23309.0
23452.0
23621.0
23781.0
23954.0
24105.0
24243.0
24421.0
24583.0
24759.0
24908.0
25055.0
25213.0
25361.0
25535.0
25684.0
25855.0
26025.0
26177.0
26339.0
26511.0
26687.0
26830.0
26966.0
27129.0
27284.0
27457.0
27614.0
27767.0
27907.0
28080.0
28223.0
28388.0
28562.0
28711.0
28883.0
29041.0
29215.0
29373.0
29540.0
29701.0
29872.0
30033.0
30194.0
30326.0
30487.0
30659.0
30824.0
30984.0
31160.0
31334.0
31501.0
31661.0
31811.0
31958.0
32096.0
32246.0
32387.0
32552.0
32726.0
32885.0
33041.0
33184.0
33357.0
33533.0
33693.0
33860.0
34022.0
34157.0
34297.0
34464.0
34620.0
34790.0
34958.0
35134.0
35287.0
35436.0
35607.0
35779.0
35928.0
36092.0
36260.0
36391.0
36561.0
36708.0
36877.0
37022.0
37194.0
37340.0
37462.0
37582.0
37721.0
37878.0
38036.0
38184.0
38355.0
38501.0
38668.0
38820.0
38992.0
39156.0
39320.0
39485.0
39650.0
39792.0
39946.0
40100.0
40259.0
40424.0
40576.0
40718.0
40882.0
41060.0
41234.0
41394.0
41548.0
41692.0
41846.0
41983.0
42142.0
42288.0
42437.0
42583.0
42751.0
42891.0
43036.0
43192.0
43343.0
43467.0
43627.0
43790.0
43959.0
44122.0
44293.0
44455.0
44599.0
44755.0
44924.0
45084.0
45211.0
45389.0
45535.0
45687.0
45851.0
46023.0
46180.0
46305.0
46479.0
46634.0
46794.0
46958.0
47121.0
47279.0
47429.0
47573.0
47723.0
47866.0
48027.0
48185.0
48315.0
48482.0
48632.0
48794.0
48899.0
49063.0
49183.0
49356.0
49507.0
49683.0
49842.0
50005.0
50166.0
50328.0
50500.0
50637.0
50802.0
50972.0
51141.0
51271.0
51413.0
51551.0
51687.0
51844.0
51989.0
52136.0
52219.0
52383.0
52546.0
52696.0
52872.0
53043.0
53189.0
53357.0
53471.0
53643.0
53780.0
53937.0
54087.0
54240.0
54407.0
54550.0
54720.0
54870.0
55039.0
55193.0
55354.0
55505.0
55649.0
55799.0
55963.0
56116.0
56270.0
56431.0
56591.0
56737.0
56852.0
57021.0
57178.0
57329.0
57498.0
57594.0
57758.0
57913.0
58072.0
58201.0
58362.0
58526.0
58697.0
58862.0
59000.0
59149.0
59323.0
59488.0
59654.0
59816.0
59985.0
60133.0
60307.0
60474.0
60620.0
60784.0
60944.0
61102.0
61264.0
61405.0
61561.0
61695.0
61856.0
62017.0
62175.0
62337.0
62489.0
62652.0
62820.0
62994.0
63146.0
63308.0
63482.0
63652.0
63817.0
63970.0
64118.0
64282.0
64425.0
64588.0
64754.0
64918.0
65068.0
65213.0
65375.0
65529.0
65690.0
65836.0
65999.0
66154.0
66288.0
66462.0
66613.0
66791.0
66952.0
67082.0
67239.0
67400.0
67568.0
67746.0
67839.0
68000.0
68137.0
68298.0
68443.0
68597.0
68764.0
68923.0
69088.0
69262.0
69421.0
69581.0
69729.0
69892.0
70047.0
70218.0
70378.0
70492.0
70641.0
70803.0
70957.0
71126.0
71290.0
71461.0
71626.0
71795.0
71945.0
72112.0
72264.0
72408.0
72586.0
72730.0
72898.0
73070.0
73219.0
73374.0
73545.0
73714.0
73843.0
74015.0
74181.0
74344.0
74508.0
74658.0
74808.0
74972.0
75140.0
75287.0
75424.0
75581.0
75742.0
75858.0
76009.0
76154.0
76258.0
76434.0
76600.0
76770.0
76912.0
77057.0
77201.0
77354.0
77528.0
77680.0
77815.0
77989.0
78151.0
78299.0
78473.0
78624.0
78735.0
78865.0
79007.0
79104.0
79252.0
79417.0
79575.0
79720.0
79892.0
80064.0
80214.0
80388.0
80552.0
80716.0
80872.0
81027.0
81194.0
81367.0
81543.0
81709.0
81870.0
82013.0
82176.0
82310.0
82480.0
82624.0
82775.0
82947.0
83110.0
83270.0
83427.0
83565.0
83739.0
83871.0
84043.0
84204.0
84362.0
84494.0
84663.0
84820.0
84943.0
85090.0
85264.0
85417.0
85573.0
85729.0
85892.0
86042.0
86208.0
86380.0
86547.0
86704.0
86866.0
87033.0
87168.0
87340.0
87503.0
87663.0
87799.0
87934.0
88099.0
88268.0
88438.0
88575.0
88692.0
88841.0
89003.0
89166.0
89327.0
89477.0
89647.0
89766.0
89907.0
90050.0
90204.0
90351.0
90512.0
90643.0
90809.0
90971.0
91119.0
91282.0
91453.0
91618.0
91782.0
91922.0
92073.0
92228.0
92397.0
92556.0
92721.0
92843.0
93017.0
93173.0
93287.0
93449.0
93600.0
93774.0
93927.0
94085.0
94263.0
94429.0
94583.0
94724.0
94876.0
95025.0
95185.0
95353.0
95501.0
95668.0
95784.0
95931.0
96072.0
96224.0
96374.0
96499.0
96666.0
96813.0
96980.0
97149.0
97286.0
97441.0
97592.0
97744.0
97898.0
98062.0
98233.0
98388.0
98524.0
98666.0
98817.0
98976.0
99142.0
99299.0
99467.0
99634.0
99799.0
99916.0
100077.0
100236.0
100410.0
100583.0
100754.0
100908.0
101071.0
101241.0
101396.0
101553.0
101713.0
101868.0
102019.0
102187.0
102329.0
102474.0
102630.0
102781.0
102944.0
103074.0
103239.0
103397.0
103553.0
103722.0
103880.0
104048.0
104209.0
104342.0
104497.0
104637.0
104767.0
104902.0
105060.0
105225.0
105382.0
105551.0
105702.0
105866.0
106023.0
106196.0
106365.0
106493.0
106663.0
106827.0
107003.0
107145.0
107317.0
107466.0
107628.0
107798.0
107952.0
108108.0
108282.0
108427.0
108567.0
108735.0
108902.0
109035.0
109211.0
109344.0
109499.0
109672.0
109838.0
110003.0
110165.0
110334.0
110505.0
110650.0
110789.0
110939.0
111103.0
111258.0
111369.0
111540.0
111716.0
111828.0
111999.0
112163.0
112330.0
112485.0
112663.0
112835.0
112992.0
113144.0
113307.0
113460.0
113632.0
113763.0
113908.0
114059.0
114220.0
114369.0
114501.0
114653.0
114827.0
114986.0
115095.0
115271.0
115434.0
115563.0
115718.0
115882.0
116039.0
116184.0
116333.0
116495.0
116652.0
116809.0
116985.0
117131.0
117283.0
117433.0
117607.0
117781.0
117936.0
118092.0
118259.0
118419.0
118583.0
118752.0
118917.0
119075.0
119219.0
119375.0
119553.0
119711.0
119870.0
120037.0
120179.0
120325.0
120503.0
120658.0
120826.0
120971.0
121119.0
121271.0
121430.0
121575.0
121753.0
121920.0
122087.0
122256.0
122411.0
122574.0
122706.0
122851.0
123025.0
123195.0
123362.0
123533.0
123697.0
123861.0
124024.0
124183.0
124344.0
124454.0
124587.0
124731.0
124896.0
125062.0
125217.0
125369.0
125524.0
125688.0
125824.0
125981.0
126145.0
126317.0
126461.0
126592.0
126746.0
126901.0
127061.0
127212.0
127377.0
127549.0
127706.0
127865.0
128034.0
128190.0
128323.0
128479.0
128631.0
128791.0
128943.0
129079.0
129207.0
129364.0
129514.0
129688.0
129845.0
129996.0
130158.0
130312.0
130478.0
130638.0
130794.0
130939.0
131099.0
131267.0
131406.0
131576.0
131742.0
131902.0
132063.0
132228.0
132397.0
132563.0
132704.0
132869.0
133043.0
133206.0
133363.0
133513.0
133675.0
133835.0
133996.0
134151.0
134299.0
134465.0
134639.0
134779.0
134926.0
135104.0
135247.0
135393.0
135569.0
135724.0
135869.0
136041.0
136159.0
136333.0
136497.0
136653.0
136821.0
136963.0
137125.0
137295.0
137453.0
137606.0
137764.0
137942.0
138098.0
138266.0
138436.0
138568.0
138716.0
138840.0
138999.0
139145.0
139287.0
139461.0
139628.0
139795.0
139950.0
140126.0
140261.0
140431.0
140585.0
140758.0
140886.0
141030.0
141168.0
141339.0
141479.0
141640.0
141800.0
141935.0
142083.0
142228.0
142389.0
142535.0
142668.0
142825.0
142958.0
143129.0
143305.0
143457.0
143594.0
143770.0
143939.0
144095.0
144218.0
144390.0
144546.0
144694.0
144854.0
145030.0
145173.0
145333.0
145478.0
145617.0
145773.0
145949.0
146115.0
146267.0
146424.0
146591.0
146749.0
146915.0
147079.0
147241.0
147395.0
147538.0
147699.0
147857.0
148005.0
148183.0
148345.0
148501.0
148673.0
148813.0
148966.0
149123.0
149269.0
149445.0
149605.0
149781.0
149946.0
150106.0
150272.0
150439.0
150613.0
150784.0
150938.0
151103.0
151255.0
151422.0
151578.0
151733.0
151889.0
152061.0
152219.0
152380.0
152541.0
152694.0
152841.0
152992.0
153154.0
153306.0
153482.0
153634.0
153780.0
153918.0
154094.0
154218.0
154387.0
154545.0
154700.0
154845.0
155006.0
155164.0
155318.0
155484.0
155642.0
155812.0
155986.0
156130.0
156304.0
156480.0
156622.0
156795.0
156930.0
157084.0
157256.0
157412.0
157551.0
157719.0
157895.0
158032.0
158206.0
158349.0
158520.0
158676.0
158826.0
158983.0
159147.0
159274.0
159436.0
159582.0
159734.0
159879.0
160042.0
160173.0
160332.0
160504.0
160656.0
160813.0
160968.0
161133.0
161297.0
161439.0
161599.0
161763.0
161910.0
162029.0
162177.0
162335.0
162474.0
162626.0
162797.0
162975.0
163116.0
163282.0
163399.0
163552.0
163725.0
163881.0
164022.0
164180.0
164343.0
164498.0
164671.0
164843.0
164991.0
165146.0
165310.0
165452.0
165621.0
165764.0
165931.0
166087.0
166234.0
166402.0
166564.0
166740.0
166895.0
167063.0
167217.0
167379.0
167529.0
167677.0
167845.0
168021.0
168170.0
168316.0
168481.0
168652.0
168815.0
168976.0
169140.0
169289.0
169436.0
169594.0
169753.0
169917.0
170072.0
170213.0
170375.0
170524.0
170687.0
170834.0
170982.0
171149.0
171302.0
171443.0
171608.0
171777.0
171933.0
172087.0
172259.0
172431.0
172597.0
172746.0
172915.0
173036.0
173179.0
173345.0
173492.0
173655.0
173831.0
173986.0
174140.0
174316.0
174473.0
174636.0
174773.0
174940.0
175101.0
175275.0
175447.0
175614.0
175762.0
175903.0
176043.0
176170.0
176313.0
176470.0
176643.0
176798.0
176949.0
177115.0
177271.0
177431.0
177597.0
177771.0
177940.0
178107.0
178269.0
178415.0
178569.0
178733.0
178890.0
179059.0
179233.0
179404.0
179560.0
179698.0
179872.0
180040.0
180201.0
180352.0
180508.0
180647.0
180796.0
180965.0
181126.0
181276.0
181440.0
181613.0
181785.0
181933.0
182092.0
182261.0
182411.0
182571.0
182708.0
182864.0
183031.0
183184.0
183340.0
183510.0
183676.0
183823.0
183961.0
184117.0
184281.0
184457.0
184605.0
184750.0
184910.0
185070.0
185185.0
185354.0
185522.0
185685.0
185835.0
185981.0
186151.0
186311.0
186459.0
186610.0
186744.0
186866.0
187015.0
187181.0
187347.0
187496.0
187659.0
187837.0
188008.0
188169.0
188345.0
188495.0
188652.0
188815.0
188982.0
189130.0
189295.0
189461.0
189626.0
189781.0
189936.0
190110.0
190263.0
190439.0
190592.0
190768.0
190928.0
191054.0
191232.0
191402.0
191578.0
191749.0
191921.0
192093.0
192234.0
192389.0
192543.0
192719.0
192865.0
192999.0
193160.0
193316.0
193475.0
193637.0
193800.0
193955.0
194104.0
194262.0
194420.0
194584.0
194733.0
194907.0
195048.0
195213.0
195373.0
195510.0
195633.0
195801.0
195975.0
196128.0
196261.0
196387.0
196525.0
196685.0
196844.0
196986.0
197144.0
197302.0
197460.0
197633.0
197754.0
197918.0
198087.0
198256.0
198426.0
198577.0
198741.0
198888.0
199060.0
199213.0
199377.0
199539.0
199692.0
199817.0
199982.0
200123.0
200290.0
200453.0
200623.0
200780.0
200921.0
201095.0
201260.0
201428.0
201580.0
201728.0
201893.0
202048.0
202215.0
202380.0
202540.0
202684.0
202827.0
202991.0
203147.0
203291.0
203465.0
203635.0
203793.0
203938.0
204095.0
204258.0
204413.0
204552.0
204701.0
204857.0
205011.0
205175.0
205320.0
205492.0
205650.0
