a = 0.8
g = 0.5
e = 0.3
random initial weights = false

-756.0
-1188.0
-1715.0
-2208.0
-2379.0
-2225.0
-2055.0
-2467.0
-2908.0
-3377.0
-3825.0
-4254.0
-4089.0
-3919.0
-4364.0
-4184.0
-4041.0
-3861.0
-3694.0
-3517.0
-3333.0
-3151.0
-2969.0
-2810.0
-2626.0
-2442.0
-2260.0
-2080.0
-1912.0
-1759.0
-1591.0
-1416.0
-1232.0
-1057.0
-883.0
-712.0
-530.0
-359.0
-175.0
-2.0
175.0
359.0
539.0
709.0
883.0
1067.0
1249.0
1428.0
1603.0
1771.0
1946.0
2120.0
2295.0
2465.0
2643.0
2820.0
2999.0
3179.0
3349.0
3529.0
3704.0
3877.0
4061.0
4231.0
4411.0
4593.0
4769.0
4947.0
5121.0
5271.0
5442.0
5622.0
5792.0
5972.0
6151.0
6331.0
6509.0
6663.0
6845.0
7022.0
7192.0
7368.0
7536.0
7708.0
7888.0
8063.0
8241.0
8425.0
8604.0
8772.0
8944.0
9102.0
9274.0
9454.0
9621.0
9801.0
9974.0
10154.0
10334.0
10494.0
10671.0
10845.0
11006.0
11176.0
11344.0
11524.0
11702.0
11876.0
12055.0
12231.0
12410.0
12594.0
12770.0
12949.0
13129.0
13311.0
13486.0
13652.0
13810.0
13980.0
14152.0
14308.0
14483.0
14665.0
14849.0
15031.0
15205.0
15378.0
15557.0
15734.0
15907.0
16076.0
16260.0
16442.0
16622.0
16802.0
16981.0
17154.0
17333.0
17503.0
17682.0
17855.0
18029.0
18197.0
18374.0
18556.0
18728.0
18885.0
19069.0
19231.0
19387.0
19564.0
19739.0
19913.0
20079.0
20251.0
20421.0
20597.0
20759.0
20943.0
21115.0
21280.0
21438.0
21620.0
21800.0
21984.0
22161.0
22345.0
22522.0
22695.0
22870.0
23049.0
23222.0
23395.0
23568.0
23736.0
23915.0
24077.0
24249.0
24431.0
24603.0
24781.0
24961.0
25132.0
25314.0
25491.0
25654.0
25831.0
25995.0
26167.0
26346.0
26530.0
26704.0
26881.0
27054.0
27213.0
27384.0
27563.0
27740.0
27919.0
28099.0
28272.0
28440.0
28624.0
28791.0
28943.0
29116.0
29298.0
29478.0
29652.0
29817.0
29996.0
30169.0
30353.0
30524.0
30698.0
30872.0
31038.0
31208.0
31380.0
31546.0
31717.0
31882.0
32060.0
32230.0
32408.0
32585.0
32755.0
32930.0
33101.0
33280.0
33447.0
33609.0
33779.0
33961.0
34141.0
34299.0
34472.0
34649.0
34833.0
35010.0
35168.0
35332.0
35514.0
35675.0
35852.0
36034.0
36218.0
36383.0
36556.0
36731.0
36903.0
37082.0
37246.0
37416.0
37589.0
37766.0
37942.0
38103.0
38277.0
38439.0
38611.0
38791.0
38969.0
39146.0
39311.0
39488.0
39651.0
39814.0
39984.0
40135.0
40313.0
40492.0
40654.0
40836.0
41020.0
41200.0
41375.0
41551.0
41733.0
41904.0
42088.0
42272.0
42440.0
42602.0
42767.0
42931.0
43115.0
43297.0
43476.0
43660.0
43834.0
44018.0
44195.0
44367.0
44546.0
44712.0
44878.0
45052.0
45229.0
45413.0
45561.0
45743.0
45925.0
46104.0
46284.0
46454.0
46638.0
46820.0
46983.0
47162.0
47342.0
47520.0
47697.0
47873.0
48044.0
48221.0
48393.0
48562.0
48744.0
48895.0
49052.0
49234.0
49406.0
49578.0
49752.0
49934.0
50114.0
50298.0
50478.0
50651.0
50833.0
51017.0
51188.0
51367.0
51549.0
51726.0
51898.0
52065.0
52240.0
52414.0
52591.0
52750.0
52921.0
53094.0
53271.0
53446.0
53623.0
53801.0
53972.0
54142.0
54322.0
54506.0
54678.0
54854.0
55021.0
55198.0
55377.0
55553.0
55735.0
55910.0
56088.0
56270.0
56450.0
56630.0
56803.0
56985.0
57150.0
57323.0
57496.0
57678.0
57833.0
58007.0
58186.0
58366.0
58537.0
58716.0
58885.0
59065.0
59242.0
59422.0
59606.0
59788.0
59951.0
60135.0
60315.0
60482.0
60662.0
60841.0
61025.0
61203.0
61381.0
61554.0
61728.0
61905.0
62085.0
62251.0
62411.0
62593.0
62765.0
62947.0
63127.0
63305.0
63489.0
63656.0
63824.0
64006.0
64185.0
64352.0
64532.0
64690.0
64874.0
65049.0
65226.0
65403.0
65582.0
65757.0
65918.0
66095.0
66279.0
66461.0
66634.0
66816.0
66998.0
67182.0
67357.0
67535.0
67710.0
67887.0
68069.0
68234.0
68400.0
68579.0
68750.0
68929.0
69109.0
69291.0
69461.0
69631.0
69803.0
69985.0
70162.0
70340.0
70510.0
70692.0
70864.0
71039.0
71205.0
71379.0
71546.0
71730.0
71912.0
72080.0
72250.0
72422.0
72604.0
72770.0
72939.0
73108.0
73280.0
73455.0
73637.0
73814.0
73998.0
74171.0
74322.0
74498.0
74673.0
74852.0
75021.0
75203.0
75380.0
75562.0
75742.0
75921.0
76097.0
76266.0
76436.0
76600.0
76782.0
76966.0
77130.0
77307.0
77489.0
77673.0
77839.0
78017.0
78199.0
78379.0
78561.0
78736.0
78918.0
79081.0
79245.0
79417.0
79596.0
79780.0
79948.0
80119.0
80301.0
80479.0
80663.0
80821.0
80994.0
81167.0
81349.0
81526.0
81702.0
81879.0
82063.0
82231.0
82408.0
82590.0
82772.0
82949.0
83129.0
83303.0
83483.0
83656.0
83828.0
84007.0
84187.0
84357.0
84525.0
84689.0
84864.0
85039.0
85221.0
85400.0
85582.0
85759.0
85939.0
86121.0
86292.0
86469.0
86647.0
86820.0
86997.0
87164.0
87343.0
87520.0
87697.0
87871.0
88055.0
88230.0
88405.0
88577.0
88747.0
88921.0
89087.0
89271.0
89448.0
89623.0
89801.0
89971.0
90149.0
90316.0
90498.0
90648.0
90823.0
90974.0
91158.0
91340.0
91513.0
91689.0
91869.0
92053.0
92233.0
92410.0
92577.0
92754.0
92933.0
93117.0
93296.0
93473.0
93650.0
93824.0
93998.0
94177.0
94352.0
94534.0
94684.0
94868.0
95042.0
95216.0
95376.0
95551.0
95735.0
95909.0
96084.0
96259.0
96434.0
96611.0
96790.0
96956.0
97131.0
97295.0
97479.0
97654.0
97829.0
98002.0
98179.0
98363.0
98538.0
98689.0
98867.0
99043.0
99215.0
99389.0
99554.0
99720.0
99893.0
100073.0
100257.0
100437.0
100611.0
100786.0
100960.0
101135.0
101317.0
101480.0
101652.0
101821.0
102003.0
102180.0
102364.0
102534.0
102709.0
102862.0
103037.0
103196.0
103376.0
103555.0
103730.0
103903.0
104072.0
104239.0
104418.0
104591.0
104750.0
104920.0
105088.0
105263.0
105445.0
105629.0
105811.0
105988.0
106152.0
106336.0
106508.0
106674.0
106854.0
107031.0
107207.0
107379.0
107561.0
107732.0
107911.0
108090.0
108249.0
108431.0
108609.0
108791.0
108962.0
109138.0
109318.0
109500.0
109672.0
109852.0
110016.0
110193.0
110350.0
110527.0
110697.0
110879.0
111049.0
111233.0
111412.0
111583.0
111763.0
111936.0
112120.0
112290.0
112468.0
112642.0
112821.0
113001.0
113181.0
113349.0
113499.0
113681.0
113861.0
114043.0
114220.0
114389.0
114571.0
114746.0
114928.0
115106.0
115278.0
115458.0
115625.0
115799.0
115974.0
116142.0
116314.0
116498.0
116664.0
116839.0
117011.0
117187.0
117364.0
117544.0
117710.0
117878.0
118052.0
118236.0
118403.0
118587.0
118757.0
118936.0
119104.0
119274.0
119437.0
119611.0
119783.0
119962.0
120131.0
120308.0
120467.0
120651.0
120823.0
120994.0
121162.0
121313.0
121488.0
121659.0
121826.0
122006.0
122183.0
122348.0
122526.0
122710.0
122880.0
123064.0
123238.0
123418.0
123587.0
123769.0
123951.0
124133.0
124297.0
124479.0
124654.0
124821.0
125001.0
125183.0
125360.0
125530.0
125714.0
125898.0
126065.0
126237.0
126404.0
126576.0
126756.0
126926.0
127100.0
127274.0
127439.0
127616.0
127784.0
127956.0
128132.0
128314.0
128496.0
128664.0
128807.0
128970.0
129136.0
129311.0
129484.0
129657.0
129837.0
130017.0
130195.0
130372.0
130547.0
130724.0
130904.0
131075.0
131253.0
131424.0
131604.0
131784.0
131961.0
132135.0
132312.0
132464.0
132632.0
132789.0
132957.0
133136.0
133305.0
133482.0
133651.0
133830.0
134010.0
134184.0
134366.0
134546.0
134721.0
134897.0
135057.0
135232.0
135411.0
135569.0
135738.0
135901.0
136081.0
136260.0
136430.0
136603.0
136787.0
136958.0
137125.0
137309.0
137486.0
137654.0
137832.0
138002.0
138175.0
138352.0
138525.0
138709.0
138887.0
139058.0
139227.0
139399.0
139573.0
139753.0
139935.0
140114.0
140296.0
140475.0
140652.0
140811.0
140993.0
141168.0
141333.0
141515.0
141694.0
141878.0
142049.0
142228.0
142403.0
142575.0
142753.0
142918.0
143090.0
143250.0
143425.0
143607.0
143782.0
143964.0
144136.0
144315.0
144483.0
144650.0
144823.0
144989.0
145155.0
145337.0
145514.0
145687.0
145871.0
146049.0
146225.0
146400.0
146566.0
146737.0
146901.0
147065.0
147244.0
147423.0
147593.0
147775.0
147947.0
148125.0
148300.0
148472.0
148654.0
148832.0
149007.0
149187.0
149360.0
149538.0
149720.0
149899.0
150083.0
150265.0
150447.0
150629.0
150804.0
150978.0
151162.0
151339.0
151519.0
151694.0
151863.0
152045.0
152217.0
152387.0
152566.0
152735.0
152910.0
153089.0
153262.0
153439.0
153619.0
153798.0
153960.0
154129.0
154304.0
154486.0
154661.0
154839.0
154997.0
155144.0
155323.0
155498.0
155665.0
155843.0
156021.0
156176.0
156339.0
156518.0
156690.0
156865.0
157041.0
157225.0
157398.0
157582.0
157761.0
157926.0
158106.0
158284.0
158453.0
158621.0
158776.0
158946.0
159128.0
159294.0
159478.0
159656.0
159840.0
160020.0
160200.0
160370.0
160539.0
160716.0
160893.0
161068.0
161231.0
161411.0
161556.0
161735.0
161910.0
162080.0
162260.0
162434.0
162618.0
162780.0
162956.0
163140.0
163322.0
163502.0
163679.0
163861.0
164025.0
164195.0
164375.0
164546.0
164724.0
164908.0
165090.0
165268.0
165443.0
165612.0
165787.0
165967.0
166146.0
166321.0
166498.0
166674.0
166858.0
167042.0
167219.0
167398.0
167568.0
167747.0
167917.0
168086.0
168258.0
168429.0
168598.0
168771.0
168948.0
169114.0
169291.0
169473.0
169653.0
169832.0
170005.0
170180.0
170352.0
170534.0
170716.0
170886.0
171057.0
171233.0
171415.0
171599.0
171769.0
171946.0
172112.0
172296.0
172478.0
172653.0
172819.0
172991.0
173163.0
173337.0
173509.0
173693.0
173868.0
174034.0
174216.0
174393.0
174553.0
174735.0
174913.0
175093.0
175275.0
175453.0
175637.0
175814.0
175984.0
176157.0
176339.0
176516.0
176693.0
176860.0
177036.0
177199.0
177372.0
177554.0
177734.0
177913.0
178089.0
178271.0
178453.0
178635.0
178815.0
178999.0
179183.0
179333.0
179504.0
179677.0
179850.0
180029.0
180201.0
180379.0
180553.0
180720.0
180889.0
181068.0
181247.0
181417.0
181592.0
181772.0
181954.0
182136.0
182306.0
182490.0
182669.0
182837.0
183011.0
183172.0
183340.0
183524.0
183699.0
183878.0
184055.0
184237.0
184414.0
184586.0
184768.0
184950.0
185132.0
185316.0
185500.0
185680.0
185862.0
186044.0
186222.0
186396.0
186572.0
186750.0
186934.0
187111.0
187293.0
187461.0
187643.0
187813.0
187997.0
188167.0
188337.0
188521.0
188686.0
188865.0
189022.0
189204.0
189388.0
189572.0
189747.0
189931.0
190095.0
190274.0
190458.0
190642.0
190812.0
190994.0
191167.0
191339.0
191523.0
191702.0
191882.0
192057.0
192237.0
192419.0
192589.0
192764.0
192943.0
193117.0
193297.0
193469.0
193653.0
193837.0
194012.0
194189.0
194373.0
194557.0
194732.0
194914.0
195088.0
195264.0
195438.0
195616.0
195787.0
195959.0
196139.0
196323.0
196498.0
196680.0
196859.0
197030.0
197210.0
197392.0
197552.0
197717.0
197897.0
198074.0
198239.0
198419.0
198601.0
198779.0
198957.0
199135.0
199294.0
199466.0
199641.0
199819.0
199998.0
200169.0
200353.0
200517.0
200691.0
200861.0
201045.0
201223.0
201403.0
201575.0
201745.0
201924.0
202094.0
202265.0
202447.0
202619.0
202799.0
202971.0
203143.0
203325.0
203500.0
203676.0
203854.0
204005.0
204184.0
204366.0
204548.0
204712.0
204876.0
205053.0
205232.0
205409.0
205591.0
205771.0
205946.0
206128.0
206307.0
206489.0
206666.0
206826.0
207003.0
207181.0
207359.0
207531.0
207709.0
207887.0
208066.0
208238.0
208404.0
208586.0
208765.0
208947.0
209098.0
209271.0
209434.0
209607.0
209772.0
209943.0
210125.0
210302.0
210475.0
210657.0
210826.0
211001.0
211183.0
211367.0
211541.0
211708.0
211892.0
212059.0
212241.0
212421.0
212600.0
212770.0
212949.0
213124.0
213304.0
213488.0
213665.0
213847.0
213994.0
214160.0
214328.0
214508.0
214674.0
214836.0
214990.0
215150.0
215308.0
215470.0
215641.0
215812.0
215989.0
216164.0
216346.0
216524.0
216697.0
216866.0
217045.0
217227.0
217394.0
217560.0
217744.0
217917.0
218097.0
218258.0
218420.0
218593.0
218770.0
218938.0
219112.0
219282.0
219454.0
219619.0
219803.0
219985.0
220162.0
220323.0
220495.0
220675.0
220837.0
221010.0
221187.0
221369.0
221539.0
221719.0
221895.0
222074.0
222228.0
222406.0
222579.0
222748.0
222907.0
223082.0
223262.0
223439.0
223605.0
223780.0
223954.0
224130.0
224296.0
224469.0
224646.0
224823.0
224999.0
225183.0
225363.0
225547.0
225720.0
225895.0
226079.0
226236.0
226392.0
226559.0
226736.0
226915.0
227097.0
227274.0
227445.0
227627.0
227811.0
227991.0
228171.0
228348.0
228525.0
228709.0
228876.0
229056.0
229226.0
229394.0
229568.0
229738.0
229917.0
230099.0
230266.0
230421.0
230597.0
230779.0
230961.0
231134.0
231312.0
231486.0
231661.0
231836.0
232018.0
232172.0
232342.0
232522.0
232699.0
232879.0
233054.0
233238.0
233415.0
233592.0
233776.0
233951.0
234126.0
234308.0
234485.0
234663.0
234843.0
235021.0
235189.0
235373.0
235547.0
235727.0
235911.0
236091.0
236258.0
236440.0
236622.0
236801.0
236978.0
237146.0
237323.0
237489.0
237671.0
237848.0
238032.0
238210.0
238374.0
238554.0
238738.0
238917.0
239101.0
239262.0
239441.0
239616.0
239779.0
239954.0
240125.0
240285.0
240462.0
240637.0
240803.0
240987.0
241167.0
241332.0
241501.0
241660.0
241837.0
242021.0
242191.0
242365.0
242533.0
242717.0
242877.0
243033.0
243217.0
243380.0
243536.0
243715.0
243897.0
244070.0
244247.0
244431.0
244611.0
244791.0
244965.0
245128.0
245310.0
245490.0
245672.0
245852.0
246029.0
246209.0
246383.0
246537.0
246714.0
246893.0
247059.0
247236.0
247409.0
247593.0
247767.0
247951.0
248133.0
248315.0
248490.0
248657.0
248839.0
249016.0
249194.0
249353.0
249523.0
249697.0
249870.0
250054.0
250231.0
250396.0
250564.0
250741.0
250908.0
251077.0
251245.0
251427.0
251607.0
251778.0
251952.0
252122.0
252299.0
252478.0
252650.0
252808.0
252976.0
253143.0
253327.0
253500.0
253678.0
253842.0
254022.0
254193.0
254370.0
254538.0
254716.0
254898.0
255072.0
