a = 0.8
g = 0.8
e = 0.5
random initial weights = true

-2772.0
-5635.0
-6423.0
-7130.0
-7627.0
-8089.0
-8567.0
-9051.0
-9496.0
-10063.0
-10490.0
-10974.0
-11460.0
-11903.0
-12329.0
-12178.0
-12595.0
-13035.0
-12898.0
-13315.0
-13199.0
-13047.0
-12894.0
-12731.0
-12614.0
-12436.0
-12272.0
-12119.0
-11945.0
-11771.0
-11600.0
-11433.0
-11299.0
-11143.0
-10980.0
-10804.0
-10642.0
-10485.0
-10321.0
-10160.0
-10008.0
-9852.0
-9693.0
-9537.0
-9363.0
-9187.0
-9021.0
-8867.0
-8701.0
-8542.0
-8394.0
-8245.0
-8083.0
-7955.0
-7795.0
-7626.0
-7470.0
-7311.0
-7162.0
-7003.0
-6847.0
-6671.0
-6495.0
-6382.0
-6209.0
-6043.0
-5924.0
-5753.0
-5610.0
-5441.0
-5282.0
-5117.0
-4952.0
-4793.0
-4627.0
-4455.0
-4289.0
-4135.0
-3982.0
-3830.0
-3668.0
-3504.0
-3338.0
-3168.0
-3004.0
-2839.0
-2700.0
-2530.0
-2393.0
-2217.0
-2060.0
-1906.0
-1756.0
-1589.0
-1437.0
-1261.0
-1115.0
-953.0
-802.0
-635.0
-477.0
-303.0
-139.0
37.0
197.0
367.0
515.0
676.0
854.0
1012.0
1179.0
1345.0
1516.0
1682.0
1837.0
1999.0
2148.0
2296.0
2431.0
2594.0
2772.0
2931.0
3089.0
3244.0
3394.0
3556.0
3710.0
3878.0
4046.0
4167.0
4311.0
4462.0
4634.0
4786.0
4949.0
5121.0
5271.0
5441.0
5609.0
5783.0
5942.0
6114.0
6268.0
6428.0
6604.0
6760.0
6930.0
7095.0
7229.0
7379.0
7544.0
7714.0
7836.0
8002.0
8163.0
8327.0
8478.0
8640.0
8810.0
8981.0
9152.0
9310.0
9482.0
9640.0
9754.0
9923.0
10033.0
10176.0
10334.0
10468.0
10613.0
10769.0
10929.0
11079.0
11235.0
11395.0
11550.0
11709.0
11877.0
12043.0
12181.0
12333.0
12472.0
12591.0
12760.0
12924.0
13086.0
13248.0
13409.0
13554.0
13726.0
13865.0
14021.0
14165.0
14301.0
14445.0
14610.0
14760.0
14932.0
15099.0
15264.0
15408.0
15563.0
15728.0
15892.0
16062.0
16229.0
16403.0
16546.0
16715.0
16856.0
17020.0
17171.0
17321.0
17486.0
17664.0
17813.0
17976.0
18128.0
18296.0
18452.0
18591.0
18743.0
18913.0
19072.0
19244.0
19407.0
19576.0
19735.0
19906.0
20063.0
20223.0
20388.0
20546.0
20707.0
20872.0
21035.0
21188.0
21333.0
21487.0
21649.0
21806.0
21965.0
22122.0
22288.0
22439.0
22599.0
22756.0
22923.0
23093.0
23251.0
23416.0
23559.0
23696.0
23860.0
24008.0
24164.0
24328.0
24486.0
24635.0
24778.0
24908.0
25079.0
25246.0
25382.0
25537.0
25700.0
25847.0
26004.0
26148.0
26316.0
26405.0
26561.0
26728.0
26895.0
27033.0
27191.0
27359.0
27510.0
27636.0
27808.0
27945.0
28063.0
28189.0
28361.0
28494.0
28666.0
28829.0
28970.0
29118.0
29288.0
29409.0
29571.0
29739.0
29887.0
30028.0
30178.0
30332.0
30493.0
30661.0
30833.0
30998.0
31148.0
31319.0
31478.0
31620.0
31771.0
31928.0
32081.0
32244.0
32404.0
32528.0
32695.0
32855.0
33020.0
33187.0
33354.0
33523.0
33685.0
33852.0
34024.0
34183.0
34309.0
34475.0
34649.0
34811.0
34958.0
35120.0
35273.0
35413.0
35580.0
35674.0
35834.0
36000.0
36169.0
36324.0
36487.0
36657.0
36803.0
36967.0
37133.0
37300.0
37466.0
37620.0
37798.0
37945.0
38113.0
38255.0
38405.0
38565.0
38729.0
38891.0
39044.0
39218.0
39333.0
39511.0
39675.0
39822.0
39996.0
40163.0
40326.0
40489.0
40637.0
40815.0
40961.0
41128.0
41280.0
41432.0
41603.0
41768.0
41912.0
42076.0
42246.0
42398.0
42570.0
42739.0
42890.0
43024.0
43185.0
43348.0
43506.0
43665.0
43829.0
43966.0
44133.0
44296.0
44418.0
44590.0
44750.0
44896.0
45060.0
45220.0
45369.0
45526.0
45696.0
45863.0
46026.0
46195.0
46367.0
46516.0
46667.0
46835.0
47000.0
47153.0
47303.0
47452.0
47598.0
47774.0
47919.0
48032.0
48206.0
48357.0
48521.0
48667.0
48826.0
48981.0
49147.0
49315.0
49475.0
49612.0
49773.0
49913.0
50024.0
50173.0
50327.0
50450.0
50608.0
50732.0
50893.0
51033.0
51197.0
51350.0
51511.0
51673.0
51838.0
51998.0
52132.0
52289.0
52458.0
52601.0
52739.0
52900.0
53028.0
53186.0
53340.0
53512.0
53672.0
53834.0
53985.0
54154.0
54317.0
54476.0
54634.0
54808.0
54967.0
55117.0
55271.0
55412.0
55576.0
55748.0
55910.0
56077.0
56227.0
56394.0
56543.0
56716.0
56866.0
57022.0
57188.0
57344.0
57518.0
57686.0
57862.0
58016.0
58167.0
58326.0
58491.0
58637.0
58808.0
58942.0
59049.0
59216.0
59385.0
59538.0
59693.0
59861.0
60031.0
60186.0
60354.0
60509.0
60659.0
60823.0
60971.0
61142.0
61311.0
61479.0
61628.0
61753.0
61902.0
62072.0
62232.0
62400.0
62558.0
62730.0
62868.0
63027.0
63163.0
63317.0
63477.0
63629.0
63790.0
63956.0
64040.0
64197.0
64349.0
64489.0
64653.0
64796.0
64942.0
65106.0
65264.0
65418.0
65590.0
65702.0
65868.0
66017.0
66177.0
66309.0
66435.0
66595.0
66755.0
66926.0
67090.0
67253.0
67413.0
67579.0
67737.0
67898.0
68074.0
68243.0
68380.0
68530.0
68684.0
68827.0
68988.0
69126.0
69292.0
69453.0
69614.0
69778.0
69948.0
70080.0
70225.0
70397.0
70551.0
70684.0
70836.0
70994.0
71150.0
71317.0
71486.0
71615.0
71789.0
71940.0
72091.0
72260.0
72402.0
72566.0
72684.0
72836.0
72990.0
73141.0
73304.0
73450.0
73608.0
73779.0
73921.0
74063.0
74213.0
74374.0
74544.0
74691.0
74855.0
75013.0
75187.0
75350.0
75516.0
75684.0
75829.0
75989.0
76162.0
76324.0
76450.0
76615.0
76789.0
76944.0
77108.0
77249.0
77408.0
77574.0
77704.0
77869.0
78031.0
78209.0
78358.0
78512.0
78664.0
78838.0
78977.0
79144.0
79310.0
79451.0
79616.0
79769.0
79926.0
80089.0
80238.0
80386.0
80546.0
80720.0
80865.0
81009.0
81174.0
81348.0
81501.0
81668.0
81811.0
81964.0
82140.0
82299.0
82464.0
82616.0
82772.0
82934.0
83091.0
83267.0
83416.0
83592.0
83737.0
83897.0
84068.0
84227.0
84382.0
84536.0
84707.0
84870.0
85030.0
85175.0
85319.0
85473.0
85626.0
85776.0
85911.0
86067.0
86219.0
86387.0
86500.0
86606.0
86738.0
86894.0
87055.0
87199.0
87373.0
87515.0
87689.0
87855.0
87989.0
88163.0
88328.0
88478.0
88646.0
88818.0
88969.0
89145.0
89303.0
89468.0
89621.0
89772.0
89943.0
90098.0
90240.0
90392.0
90545.0
90691.0
90861.0
91016.0
91160.0
91306.0
91451.0
91629.0
91773.0
91934.0
92083.0
92241.0
92413.0
92566.0
92728.0
92892.0
93040.0
93210.0
93374.0
93530.0
93674.0
93839.0
94006.0
94174.0
94321.0
94459.0
94623.0
94801.0
94962.0
95134.0
95297.0
95424.0
95590.0
95766.0
95924.0
96081.0
96250.0
96420.0
96590.0
96752.0
96862.0
97030.0
97200.0
97378.0
97481.0
97616.0
97782.0
97927.0
98076.0
98246.0
98396.0
98543.0
98696.0
98868.0
99036.0
99206.0
99380.0
99502.0
99650.0
99824.0
99979.0
100139.0
100283.0
100455.0
100608.0
100763.0
100923.0
101070.0
101248.0
101403.0
101543.0
101702.0
101856.0
102034.0
102184.0
102349.0
102500.0
102625.0
102771.0
102943.0
103116.0
103278.0
103435.0
103579.0
103707.0
103885.0
104043.0
104219.0
104366.0
104514.0
104686.0
104849.0
104999.0
105148.0
105307.0
105483.0
105638.0
105805.0
105983.0
106118.0
106294.0
106431.0
106592.0
106740.0
106908.0
107075.0
107229.0
107394.0
107554.0
107717.0
107856.0
107993.0
108140.0
108300.0
108418.0
108589.0
108732.0
108893.0
109046.0
109172.0
109323.0
109481.0
109651.0
109785.0
109948.0
110111.0
110264.0
110438.0
110590.0
110753.0
110919.0
111078.0
111242.0
111414.0
111567.0
111712.0
111884.0
112051.0
112219.0
112365.0
112538.0
112694.0
112850.0
113007.0
113160.0
113321.0
113478.0
113654.0
113815.0
113968.0
114124.0
114284.0
114443.0
114589.0
114763.0
114930.0
115074.0
115244.0
115413.0
115536.0
115687.0
115831.0
115999.0
116162.0
116308.0
116450.0
116626.0
116785.0
116940.0
117080.0
117230.0
117392.0
117546.0
117712.0
117866.0
118024.0
118180.0
118341.0
118498.0
118656.0
118780.0
118947.0
119113.0
119285.0
119452.0
119585.0
119753.0
119893.0
120041.0
120187.0
120357.0
120527.0
120688.0
120852.0
121014.0
121190.0
121360.0
121538.0
121706.0
121830.0
121938.0
122101.0
122251.0
122411.0
122575.0
122723.0
122880.0
123048.0
123219.0
123385.0
123563.0
123697.0
123873.0
124031.0
124189.0
124363.0
124526.0
124678.0
124823.0
124982.0
125132.0
125296.0
125469.0
125629.0
125794.0
125967.0
126138.0
126288.0
126442.0
126600.0
126771.0
126906.0
127021.0
127191.0
127317.0
127467.0
127623.0
127773.0
127920.0
128037.0
128207.0
128371.0
128516.0
128669.0
128843.0
128986.0
129143.0
129307.0
129471.0
129642.0
129802.0
129951.0
130109.0
130273.0
130426.0
130590.0
130741.0
130899.0
131072.0
131228.0
131396.0
131560.0
131694.0
131865.0
132023.0
132181.0
132333.0
132492.0
132662.0
132795.0
132957.0
133103.0
133247.0
133404.0
133578.0
133750.0
133895.0
134057.0
134203.0
134322.0
134480.0
134658.0
134795.0
134949.0
135120.0
135278.0
135426.0
135576.0
135725.0
135842.0
136009.0
136175.0
136331.0
136471.0
136629.0
136778.0
136952.0
137104.0
137277.0
137437.0
137588.0
137751.0
137923.0
138090.0
138253.0
138416.0
138582.0
138744.0
138918.0
139073.0
139230.0
139368.0
139537.0
139709.0
139876.0
140052.0
140211.0
140356.0
140491.0
140649.0
140801.0
140959.0
141112.0
141273.0
141432.0
141592.0
141757.0
141886.0
142047.0
142203.0
142368.0
142526.0
142677.0
142832.0
142988.0
143156.0
143312.0
143413.0
143567.0
143671.0
143834.0
143989.0
144134.0
144308.0
144459.0
144598.0
144754.0
144920.0
145084.0
145260.0
145424.0
145588.0
145759.0
145925.0
146103.0
146235.0
146391.0
146540.0
146699.0
146868.0
147026.0
147180.0
147338.0
147499.0
147671.0
147829.0
147994.0
148128.0
148306.0
148474.0
148621.0
148777.0
148912.0
149090.0
149250.0
149385.0
149527.0
149631.0
149790.0
149931.0
150100.0
150252.0
150414.0
150577.0
150715.0
150867.0
151038.0
151189.0
151359.0
151523.0
151688.0
151852.0
152015.0
152164.0
152336.0
152490.0
152663.0
152830.0
152988.0
153139.0
153285.0
153461.0
153597.0
153736.0
153878.0
154008.0
154149.0
154296.0
154439.0
154594.0
154750.0
154921.0
155083.0
155255.0
155413.0
155573.0
155725.0
155853.0
156009.0
156169.0
156320.0
156474.0
156632.0
156803.0
156942.0
157101.0
157228.0
157386.0
157536.0
157698.0
157871.0
157986.0
158126.0
158289.0
158410.0
158575.0
158697.0
158862.0
159026.0
159189.0
159352.0
159515.0
159675.0
159840.0
160016.0
160168.0
160273.0
160408.0
160574.0
160745.0
160916.0
161078.0
161241.0
161414.0
161580.0
161750.0
161906.0
162057.0
162229.0
162387.0
162526.0
162686.0
162847.0
163015.0
163145.0
163307.0
163479.0
163614.0
163779.0
163930.0
164074.0
164211.0
164353.0
164526.0
164698.0
164869.0
165013.0
165158.0
165332.0
165490.0
165654.0
165815.0
165954.0
166123.0
166286.0
166451.0
166588.0
166738.0
166899.0
167056.0
167222.0
167387.0
167536.0
167662.0
167831.0
167995.0
168126.0
168269.0
168419.0
168585.0
168738.0
168880.0
169041.0
169207.0
169360.0
169516.0
169654.0
169821.0
169983.0
170135.0
170274.0
170436.0
170596.0
170741.0
170910.0
171082.0
171244.0
171379.0
171532.0
171704.0
171861.0
172026.0
172178.0
172345.0
172494.0
172615.0
172748.0
172881.0
173019.0
173172.0
173342.0
173516.0
173661.0
173826.0
173979.0
174130.0
174283.0
174430.0
174573.0
174732.0
174886.0
175062.0
175236.0
175408.0
175555.0
175720.0
175888.0
176047.0
176157.0
176327.0
176483.0
176635.0
176797.0
176936.0
177110.0
177265.0
177431.0
177609.0
177747.0
177905.0
178068.0
178233.0
178403.0
178551.0
178705.0
178852.0
179019.0
179179.0
179339.0
179507.0
179671.0
179828.0
179996.0
180160.0
180329.0
180499.0
180673.0
180841.0
181006.0
181162.0
181302.0
181453.0
181602.0
181762.0
181889.0
182049.0
182210.0
182347.0
182517.0
182672.0
182836.0
182991.0
183145.0
183321.0
183485.0
183646.0
183813.0
183966.0
184124.0
184295.0
184442.0
184609.0
184776.0
184922.0
185071.0
185236.0
185410.0
185577.0
185751.0
185900.0
186052.0
186206.0
186361.0
186526.0
186685.0
186853.0
187019.0
187170.0
187335.0
187481.0
187653.0
187813.0
187977.0
188145.0
188316.0
188492.0
188654.0
188798.0
188936.0
189101.0
189207.0
189359.0
189526.0
189653.0
189820.0
189975.0
190142.0
190269.0
190434.0
190580.0
190741.0
190898.0
191051.0
191182.0
191333.0
191478.0
191648.0
191792.0
191942.0
192120.0
192294.0
192457.0
192606.0
192784.0
192950.0
193116.0
193292.0
193449.0
193608.0
193763.0
193907.0
194069.0
194225.0
194362.0
194538.0
194708.0
194870.0
195021.0
195180.0
195322.0
195463.0
195628.0
195796.0
195974.0
196142.0
196300.0
196439.0
196601.0
196745.0
196898.0
197031.0
197204.0
197360.0
197523.0
197688.0
197847.0
198008.0
198165.0
198305.0
198473.0
198645.0
198819.0
198976.0
199120.0
199290.0
199440.0
199586.0
199733.0
199911.0
200063.0
200228.0
200387.0
200558.0
200719.0
200893.0
201053.0
201203.0
201345.0
201490.0
201650.0
201800.0
201974.0
202134.0
202290.0
202457.0
202624.0
202771.0
202936.0
203088.0
203247.0
203418.0
203586.0
203746.0
203896.0
204063.0
204227.0
204366.0
204510.0
204678.0
204841.0
204980.0
205139.0
205297.0
205458.0
205609.0
205754.0
205886.0
206039.0
206173.0
206316.0
206488.0
206645.0
206811.0
206983.0
207155.0
207331.0
207486.0
207655.0
207785.0
207949.0
208113.0
208277.0
208441.0
208598.0
208770.0
208937.0
209072.0
209235.0
209395.0
209566.0
209729.0
209889.0
210059.0
210222.0
210392.0
210540.0
210705.0
210854.0
211019.0
211183.0
211355.0
211517.0
211676.0
211830.0
211970.0
212121.0
212286.0
212427.0
212591.0
212730.0
212900.0
213064.0
213206.0
213365.0
213531.0
213664.0
213790.0
213947.0
214091.0
214239.0
214407.0
214573.0
214743.0
214911.0
215067.0
215237.0
215409.0
215573.0
215733.0
215905.0
216075.0
216227.0
216384.0
216487.0
216632.0
216805.0
216977.0
217127.0
217287.0
217445.0
217592.0
217750.0
217898.0
218063.0
218218.0
218371.0
218536.0
218682.0
