a = 0.2
g = 0.5
e = 0.1
random initial weights = false

-725.0
-1289.0
-3964.0
-6402.0
-6960.0
-7437.0
-7950.0
-8389.0
-8834.0
-9270.0
-9696.0
-10154.0
-10609.0
-11034.0
-11449.0
-11896.0
-11712.0
-11538.0
-11948.0
-12358.0
-12768.0
-12600.0
-13008.0
-13429.0
-13267.0
-13083.0
-13493.0
-13327.0
-13150.0
-12966.0
-12782.0
-12598.0
-12414.0
-12230.0
-12048.0
-11864.0
-11685.0
-11501.0
-11317.0
-11133.0
-10954.0
-10770.0
-10588.0
-10404.0
-10220.0
-10036.0
-9857.0
-9673.0
-9493.0
-9313.0
-9136.0
-8952.0
-8768.0
-8584.0
-8400.0
-8226.0
-8048.0
-7864.0
-7680.0
-7501.0
-7317.0
-7138.0
-6954.0
-6770.0
-6586.0
-6402.0
-6218.0
-6034.0
-5854.0
-5675.0
-5491.0
-5307.0
-5125.0
-4945.0
-4761.0
-4577.0
-4400.0
-4223.0
-4049.0
-3865.0
-3685.0
-3503.0
-3319.0
-3135.0
-2958.0
-2776.0
-2594.0
-2410.0
-2233.0
-2054.0
-1870.0
-1696.0
-1512.0
-1332.0
-1153.0
-969.0
-785.0
-601.0
-417.0
-235.0
-55.0
125.0
278.0
460.0
642.0
820.0
999.0
1183.0
1365.0
1545.0
1729.0
1904.0
2088.0
2270.0
2454.0
2638.0
2822.0
3006.0
3188.0
3372.0
3554.0
3738.0
3922.0
4106.0
4290.0
4469.0
4653.0
4835.0
5005.0
5182.0
5366.0
5550.0
5734.0
5913.0
6095.0
6274.0
6458.0
6642.0
6824.0
7006.0
7190.0
7374.0
7558.0
7742.0
7926.0
8103.0
8282.0
8461.0
8638.0
8817.0
8999.0
9179.0
9363.0
9539.0
9723.0
9905.0
10089.0
10273.0
10452.0
10634.0
10818.0
11002.0
11176.0
11354.0
11536.0
11720.0
11900.0
12074.0
12258.0
12440.0
12622.0
12806.0
12988.0
13162.0
13330.0
13509.0
13693.0
13872.0
14056.0
14240.0
14424.0
14603.0
14777.0
14957.0
15139.0
15323.0
15502.0
15681.0
15865.0
16045.0
16222.0
16406.0
16590.0
16767.0
16936.0
17115.0
17294.0
17478.0
17657.0
17836.0
18020.0
18202.0
18386.0
18570.0
18747.0
18931.0
19110.0
19285.0
19464.0
19643.0
19827.0
20009.0
20186.0
20365.0
20544.0
20723.0
20902.0
21086.0
21270.0
21450.0
21634.0
21808.0
21987.0
22165.0
22342.0
22526.0
22710.0
22892.0
23071.0
23253.0
23432.0
23610.0
23792.0
23974.0
24154.0
24331.0
24515.0
24697.0
24879.0
25054.0
25236.0
25420.0
25599.0
25783.0
25962.0
26137.0
26319.0
26496.0
26680.0
26862.0
27046.0
27225.0
27404.0
27578.0
27760.0
27942.0
28126.0
28302.0
28486.0
28656.0
28835.0
29014.0
29193.0
29377.0
29559.0
29733.0
29917.0
30096.0
30271.0
30455.0
30634.0
30818.0
30992.0
31176.0
31360.0
31544.0
31728.0
31910.0
32094.0
32274.0
32458.0
32642.0
32826.0
33010.0
33192.0
33374.0
33553.0
33732.0
33911.0
34095.0
34279.0
34456.0
34638.0
34820.0
35004.0
35188.0
35365.0
35549.0
35728.0
35907.0
36086.0
36268.0
36447.0
36629.0
36811.0
36995.0
37173.0
37350.0
37527.0
37711.0
37890.0
38069.0
38251.0
38430.0
38605.0
38787.0
38971.0
39155.0
39339.0
39521.0
39705.0
39887.0
40064.0
40248.0
40432.0
40612.0
40791.0
40975.0
41159.0
41343.0
41527.0
41709.0
41891.0
42075.0
42246.0
42430.0
42614.0
42796.0
42978.0
43157.0
43339.0
43514.0
43689.0
43873.0
44052.0
44229.0
44413.0
44597.0
44779.0
44963.0
45147.0
45324.0
45508.0
45692.0
45876.0
46060.0
46244.0
46428.0
46607.0
46786.0
46970.0
47154.0
47338.0
47520.0
47702.0
47886.0
48063.0
48236.0
48412.0
48589.0
48768.0
48952.0
49129.0
49307.0
49486.0
49655.0
49839.0
50019.0
50193.0
50370.0
50549.0
50733.0
50917.0
51096.0
51266.0
51443.0
51625.0
51807.0
51989.0
52173.0
52357.0
52541.0
52725.0
52909.0
53081.0
53265.0
53449.0
53633.0
53815.0
53997.0
54181.0
54365.0
54549.0
54733.0
54917.0
55099.0
55278.0
55453.0
55635.0
55819.0
56001.0
56185.0
56364.0
56548.0
56732.0
56916.0
57100.0
57284.0
57468.0
57650.0
57820.0
58004.0
58181.0
58363.0
58540.0
58724.0
58908.0
59092.0
59271.0
59455.0
59637.0
59821.0
60005.0
60184.0
60366.0
60550.0
60734.0
60911.0
61095.0
61279.0
61463.0
61642.0
61826.0
62003.0
62187.0
62371.0
62548.0
62732.0
62914.0
63091.0
63273.0
63453.0
63632.0
63816.0
64000.0
64184.0
64364.0
64548.0
64732.0
64916.0
65098.0
65282.0
65464.0
65644.0
65823.0
66003.0
66187.0
66371.0
66555.0
66739.0
66917.0
67101.0
67281.0
67458.0
67640.0
67822.0
68006.0
68190.0
68374.0
68554.0
68736.0
68916.0
69100.0
69284.0
69466.0
69650.0
69827.0
70004.0
70184.0
70366.0
70550.0
70734.0
70918.0
71100.0
71277.0
71461.0
71643.0
71827.0
72011.0
72195.0
72377.0
72557.0
72739.0
72923.0
73105.0
73284.0
73459.0
73639.0
73821.0
74005.0
74189.0
74373.0
74552.0
74736.0
74918.0
75102.0
75284.0
75468.0
75652.0
75836.0
76015.0
76194.0
76378.0
76562.0
76741.0
76925.0
77109.0
77288.0
77472.0
77656.0
77835.0
78004.0
78188.0
78367.0
78544.0
78728.0
78910.0
79092.0
79276.0
79455.0
79632.0
79810.0
79994.0
80176.0
80360.0
80537.0
80721.0
80905.0
81089.0
81268.0
81450.0
81634.0
81816.0
81995.0
82179.0
82358.0
82542.0
82726.0
82906.0
83084.0
83268.0
83452.0
83631.0
83815.0
83997.0
84179.0
84353.0
84535.0
84719.0
84903.0
85087.0
85269.0
85453.0
85635.0
85819.0
85998.0
86178.0
86362.0
86541.0
86723.0
86907.0
87087.0
87271.0
87453.0
87637.0
87815.0
87994.0
88178.0
88352.0
88536.0
88713.0
88897.0
89081.0
89263.0
89442.0
89626.0
89805.0
89989.0
90171.0
90351.0
90535.0
90719.0
90903.0
91087.0
91269.0
91453.0
91637.0
91819.0
91998.0
92182.0
92366.0
92545.0
92729.0
92913.0
93090.0
93274.0
93451.0
93635.0
93819.0
93996.0
94178.0
94362.0
94544.0
94721.0
94901.0
95085.0
95269.0
95453.0
95637.0
95821.0
96000.0
96184.0
96368.0
96545.0
96729.0
96913.0
97095.0
97277.0
97454.0
97631.0
97810.0
97994.0
98178.0
98353.0
98535.0
98719.0
98901.0
99085.0
99264.0
99444.0
99628.0
99812.0
99996.0
100180.0
100364.0
100543.0
100725.0
100909.0
101093.0
101277.0
101461.0
101645.0
101829.0
102011.0
102195.0
102379.0
102563.0
102747.0
102931.0
103115.0
103289.0
103473.0
103657.0
103836.0
104010.0
104194.0
104376.0
104560.0
104739.0
104914.0
105098.0
105282.0
105464.0
105639.0
105819.0
106003.0
106185.0
106364.0
106546.0
106726.0
106908.0
107092.0
107272.0
107456.0
107640.0
107822.0
108006.0
108190.0
108374.0
108553.0
108730.0
108904.0
109088.0
109265.0
109447.0
109627.0
109811.0
109993.0
110172.0
110354.0
110534.0
110716.0
110896.0
111080.0
111259.0
111443.0
111623.0
111807.0
111989.0
112165.0
112349.0
112533.0
112717.0
112899.0
113083.0
113267.0
113451.0
113633.0
113812.0
113992.0
114176.0
114360.0
114544.0
114728.0
114912.0
115092.0
115276.0
115455.0
115637.0
115821.0
116005.0
116189.0
116373.0
116552.0
116736.0
116920.0
117104.0
117288.0
117472.0
117654.0
117834.0
118018.0
118195.0
118379.0
118561.0
118743.0
118927.0
119111.0
119291.0
119475.0
119659.0
119841.0
120025.0
120209.0
120393.0
120577.0
120756.0
120940.0
121119.0
121303.0
121482.0
121664.0
121846.0
122025.0
122209.0
122393.0
122577.0
122761.0
122945.0
123118.0
123302.0
123481.0
123654.0
123831.0
124015.0
124199.0
124383.0
124565.0
124749.0
124933.0
125112.0
125289.0
125473.0
125657.0
125841.0
126013.0
126197.0
126381.0
126565.0
126749.0
126933.0
127112.0
127291.0
127475.0
127657.0
127835.0
128019.0
128196.0
128373.0
128557.0
128741.0
128921.0
129105.0
129282.0
129466.0
129650.0
129832.0
130016.0
130193.0
130367.0
130551.0
130733.0
130909.0
131093.0
131277.0
131457.0
131634.0
131816.0
131998.0
132182.0
132364.0
132546.0
132728.0
132907.0
133091.0
133273.0
133455.0
133637.0
133816.0
133998.0
134173.0
134357.0
134541.0
134720.0
134902.0
135086.0
135270.0
135447.0
135629.0
135813.0
135992.0
136176.0
136358.0
136540.0
136724.0
136903.0
137077.0
137257.0
137437.0
137614.0
137798.0
137980.0
138164.0
138346.0
138530.0
138714.0
138898.0
139082.0
139264.0
139448.0
139632.0
139816.0
139995.0
140174.0
140353.0
140535.0
140712.0
140896.0
141080.0
141257.0
141436.0
141620.0
141804.0
141988.0
142172.0
142356.0
142540.0
142724.0
142906.0
143088.0
143272.0
143451.0
143635.0
143819.0
144003.0
144178.0
144357.0
144539.0
144721.0
144898.0
145082.0
145266.0
145445.0
145624.0
145808.0
145984.0
146156.0
146335.0
146512.0
146694.0
146878.0
147062.0
147246.0
147426.0
147610.0
147785.0
147963.0
148143.0
148327.0
148511.0
148695.0
148866.0
149045.0
149229.0
149413.0
149592.0
149767.0
149951.0
150135.0
150319.0
150503.0
150687.0
150866.0
151048.0
151223.0
151402.0
151586.0
151765.0
151949.0
152131.0
152311.0
152493.0
152677.0
152861.0
153045.0
153224.0
153396.0
153580.0
153757.0
153941.0
154125.0
154309.0
154493.0
154677.0
154859.0
155041.0
155225.0
155409.0
155591.0
155773.0
155955.0
156139.0
156323.0
156507.0
156681.0
156856.0
157036.0
157216.0
157400.0
157584.0
157768.0
157952.0
158125.0
158304.0
158488.0
158667.0
158842.0
159021.0
159203.0
159382.0
159561.0
159745.0
159925.0
160109.0
160291.0
160475.0
160652.0
160829.0
161011.0
161190.0
161374.0
161558.0
161742.0
161926.0
162105.0
162287.0
162466.0
162646.0
162825.0
163009.0
163191.0
163375.0
163559.0
163741.0
163920.0
164104.0
164288.0
164468.0
164647.0
164831.0
165013.0
165197.0
165381.0
165565.0
165749.0
165926.0
166110.0
166287.0
166471.0
166653.0
166837.0
167021.0
167205.0
167389.0
167569.0
167753.0
167937.0
168121.0
168305.0
168487.0
168671.0
168855.0
169039.0
169213.0
169393.0
169577.0
169754.0
169938.0
170117.0
170299.0
170483.0
170667.0
170846.0
171028.0
171208.0
171390.0
171574.0
171758.0
171942.0
172126.0
172308.0
172487.0
172669.0
172853.0
173037.0
173219.0
173401.0
173573.0
173757.0
173939.0
174123.0
174307.0
174491.0
174675.0
174848.0
175032.0
175211.0
175388.0
175560.0
175744.0
175928.0
176112.0
176296.0
176478.0
176657.0
176839.0
177023.0
177205.0
177389.0
177568.0
177742.0
177926.0
178110.0
178294.0
178476.0
178658.0
178842.0
179026.0
179210.0
179392.0
179576.0
179760.0
179944.0
180128.0
180310.0
180494.0
180678.0
180852.0
181034.0
181213.0
181397.0
181579.0
181754.0
181938.0
182122.0
182302.0
182486.0
182668.0
182850.0
183034.0
183218.0
183402.0
183586.0
183766.0
183950.0
184130.0
184307.0
184491.0
184675.0
184859.0
185033.0
185217.0
185401.0
185585.0
185769.0
185944.0
186128.0
186312.0
186496.0
186680.0
186862.0
187046.0
187230.0
187414.0
187593.0
187772.0
187956.0
188140.0
188324.0
188508.0
188690.0
188874.0
189056.0
189236.0
189415.0
189599.0
189783.0
189965.0
190149.0
190331.0
190515.0
190694.0
190871.0
191055.0
191234.0
191416.0
191600.0
191782.0
191966.0
192143.0
192327.0
192511.0
192695.0
192879.0
193061.0
193240.0
193417.0
193599.0
193781.0
193965.0
194144.0
194323.0
194500.0
194674.0
194858.0
195037.0
195219.0
195399.0
195578.0
195760.0
195935.0
196119.0
196303.0
196482.0
196666.0
196843.0
197027.0
197209.0
197393.0
197575.0
197759.0
197941.0
198123.0
198301.0
198480.0
198664.0
198843.0
199023.0
199205.0
199387.0
199571.0
199755.0
199939.0
200123.0
200307.0
200486.0
200668.0
200848.0
201032.0
201209.0
201393.0
201577.0
201761.0
201945.0
202129.0
202313.0
202497.0
202673.0
202857.0
203037.0
203221.0
203400.0
203584.0
203759.0
203939.0
204121.0
204301.0
204472.0
204645.0
204829.0
205013.0
205197.0
205381.0
205565.0
205747.0
205931.0
206111.0
206295.0
206477.0
206661.0
206845.0
207029.0
207213.0
207393.0
207572.0
207756.0
207938.0
208115.0
208297.0
208481.0
208663.0
208845.0
209029.0
209211.0
209393.0
209573.0
209757.0
209939.0
210123.0
210298.0
210482.0
210666.0
210850.0
211027.0
211211.0
211395.0
211579.0
211763.0
211947.0
212131.0
212313.0
212492.0
212676.0
212853.0
213035.0
213219.0
213399.0
213578.0
213762.0
213946.0
214130.0
214314.0
214498.0
214677.0
214861.0
215033.0
215215.0
215399.0
215583.0
215767.0
215951.0
216135.0
216319.0
216501.0
216683.0
216867.0
217051.0
217231.0
217413.0
217595.0
217772.0
217948.0
218130.0
218314.0
218498.0
218682.0
218862.0
219046.0
219228.0
219410.0
219594.0
219771.0
219955.0
220137.0
220311.0
220493.0
220677.0
220859.0
221041.0
221223.0
221407.0
221589.0
221773.0
221943.0
222117.0
222299.0
222476.0
222660.0
222842.0
223026.0
223203.0
223380.0
223564.0
223743.0
223925.0
224104.0
224283.0
224467.0
224651.0
224833.0
225017.0
225194.0
225378.0
225560.0
225734.0
225918.0
226102.0
226284.0
226458.0
226640.0
226824.0
227008.0
227192.0
227371.0
227555.0
227737.0
227921.0
228103.0
228278.0
228462.0
228646.0
228830.0
229009.0
229193.0
229377.0
229556.0
229733.0
229917.0
230101.0
230285.0
230463.0
230637.0
230807.0
230989.0
231168.0
231345.0
231527.0
231711.0
231895.0
232074.0
232258.0
232432.0
232611.0
232793.0
232977.0
233156.0
233340.0
233524.0
233706.0
233876.0
234060.0
234240.0
234422.0
234601.0
234783.0
234965.0
235147.0
235324.0
235508.0
235692.0
235876.0
236060.0
236244.0
236428.0
236605.0
236789.0
236973.0
237157.0
237341.0
237520.0
237697.0
237881.0
238065.0
238247.0
238431.0
238615.0
238799.0
238983.0
239167.0
239346.0
239528.0
239712.0
239891.0
240068.0
240244.0
240428.0
240612.0
240794.0
240978.0
241162.0
241341.0
241525.0
241709.0
241891.0
242075.0
242259.0
242443.0
242627.0
242809.0
242984.0
243168.0
243347.0
243529.0
243706.0
243890.0
244062.0
244246.0
244423.0
244602.0
244786.0
244966.0
245150.0
245334.0
245513.0
245697.0
245881.0
246056.0
246240.0
246420.0
246600.0
246784.0
246966.0
247150.0
247322.0
247506.0
247685.0
247865.0
248045.0
248227.0
248402.0
248586.0
248770.0
248954.0
249138.0
249322.0
249495.0
249679.0
249863.0
250047.0
250231.0
250415.0
250591.0
250775.0
250957.0
251141.0
251325.0
251509.0
251693.0
251872.0
252056.0
252240.0
252422.0
252604.0
252788.0
252968.0
253150.0
253332.0
253516.0
253695.0
253879.0
