a = 0.5
g = 0.8
e = 0.1
random initial weights = true

-2718.0
-3270.0
-3753.0
-4215.0
-4866.0
-5321.0
-5764.0
-6198.0
-8600.0
-11041.0
-10893.0
-11303.0
-13695.0
-13541.0
-13364.0
-13206.0
-13027.0
-12858.0
-12676.0
-12492.0
-12313.0
-12136.0
-11954.0
-11775.0
-11593.0
-11409.0
-11225.0
-11043.0
-10861.0
-10682.0
-10498.0
-10314.0
-10130.0
-9964.0
-9786.0
-9602.0
-9423.0
-9243.0
-9059.0
-8881.0
-8701.0
-8528.0
-8344.0
-8160.0
-7976.0
-7792.0
-7610.0
-7426.0
-7242.0
-7063.0
-6886.0
-6702.0
-6520.0
-6336.0
-6152.0
-5973.0
-5789.0
-5605.0
-5423.0
-5239.0
-5060.0
-4878.0
-4694.0
-4510.0
-4326.0
-4146.0
-3977.0
-3797.0
-3613.0
-3429.0
-3245.0
-3061.0
-2884.0
-2700.0
-2516.0
-2332.0
-2148.0
-1969.0
-1785.0
-1606.0
-1424.0
-1246.0
-1062.0
-878.0
-699.0
-524.0
-340.0
-158.0
24.0
208.0
383.0
567.0
751.0
933.0
1115.0
1290.0
1472.0
1646.0
1828.0
2010.0
2194.0
2373.0
2555.0
2739.0
2923.0
3107.0
3286.0
3468.0
3647.0
3826.0
4010.0
4194.0
4376.0
4560.0
4740.0
4915.0
5099.0
5283.0
5465.0
5647.0
5829.0
6013.0
6197.0
6381.0
6560.0
6739.0
6923.0
7107.0
7291.0
7475.0
7659.0
7843.0
8027.0
8211.0
8395.0
8577.0
8759.0
8931.0
9115.0
9297.0
9481.0
9665.0
9844.0
10021.0
10203.0
10387.0
10571.0
10753.0
10937.0
11121.0
11305.0
11487.0
11671.0
11855.0
12039.0
12223.0
12400.0
12584.0
12761.0
12945.0
13129.0
13313.0
13497.0
13681.0
13865.0
14044.0
14228.0
14412.0
14591.0
14770.0
14954.0
15138.0
15322.0
15494.0
15668.0
15847.0
16031.0
16210.0
16392.0
16576.0
16755.0
16939.0
17121.0
17298.0
17480.0
17659.0
17841.0
18018.0
18202.0
18384.0
18568.0
18747.0
18929.0
19113.0
19293.0
19475.0
19659.0
19843.0
20022.0
20201.0
20380.0
20564.0
20748.0
20930.0
21114.0
21298.0
21478.0
21662.0
21846.0
22023.0
22207.0
22384.0
22568.0
22752.0
22936.0
23113.0
23297.0
23481.0
23665.0
23849.0
24033.0
24217.0
24401.0
24583.0
24765.0
24947.0
25121.0
25305.0
25489.0
25673.0
25850.0
26032.0
26209.0
26393.0
26572.0
26749.0
26933.0
27117.0
27301.0
27483.0
27667.0
27851.0
28033.0
28207.0
28391.0
28575.0
28759.0
28943.0
29121.0
29303.0
29485.0
29669.0
29853.0
30031.0
30205.0
30389.0
30568.0
30752.0
30936.0
31120.0
31299.0
31474.0
31656.0
31840.0
32024.0
32206.0
32390.0
32574.0
32758.0
32942.0
33124.0
33303.0
33487.0
33669.0
33853.0
34037.0
34221.0
34400.0
34577.0
34761.0
34945.0
35127.0
35311.0
35495.0
35677.0
35861.0
36045.0
36229.0
36408.0
36590.0
36774.0
36953.0
37130.0
37314.0
37483.0
37665.0
37849.0
38029.0
38213.0
38397.0
38581.0
38765.0
38947.0
39131.0
39310.0
39492.0
39676.0
39860.0
40044.0
40228.0
40412.0
40596.0
40780.0
40964.0
41148.0
41332.0
41511.0
41695.0
41879.0
42058.0
42237.0
42414.0
42594.0
42776.0
42960.0
43144.0
43323.0
43505.0
43687.0
43871.0
44055.0
44228.0
44412.0
44594.0
44768.0
44952.0
45129.0
45313.0
45495.0
45679.0
45861.0
46040.0
46224.0
46408.0
46592.0
46769.0
46953.0
47132.0
47310.0
47494.0
47678.0
47862.0
48044.0
48222.0
48404.0
48586.0
48768.0
48947.0
49131.0
49305.0
49489.0
49671.0
49855.0
50039.0
50216.0
50398.0
50582.0
50766.0
50950.0
51132.0
51316.0
51500.0
51682.0
51859.0
52043.0
52227.0
52404.0
52588.0
52772.0
52956.0
53135.0
53319.0
53503.0
53687.0
53871.0
54050.0
54234.0
54418.0
54597.0
54781.0
54960.0
55144.0
55328.0
55510.0
55692.0
55876.0
56058.0
56237.0
56419.0
56598.0
56782.0
56957.0
57139.0
57319.0
57498.0
57682.0
57861.0
58040.0
58220.0
58404.0
58588.0
58772.0
58956.0
59138.0
59322.0
59504.0
59688.0
59872.0
60052.0
60231.0
60410.0
60594.0
60778.0
60951.0
61135.0
61317.0
61499.0
61678.0
61857.0
62041.0
62225.0
62404.0
62588.0
62772.0
62952.0
63126.0
63310.0
63492.0
63676.0
63858.0
64037.0
64216.0
64400.0
64584.0
64766.0
64946.0
65126.0
65310.0
65487.0
65669.0
65853.0
66028.0
66210.0
66392.0
66574.0
66758.0
66940.0
67119.0
67303.0
67480.0
67664.0
67848.0
68032.0
68214.0
68398.0
68580.0
68762.0
68946.0
69130.0
69305.0
69489.0
69671.0
69850.0
70034.0
70216.0
70386.0
70570.0
70752.0
70936.0
71120.0
71304.0
71484.0
71662.0
71846.0
72030.0
72214.0
72398.0
72582.0
72756.0
72936.0
73120.0
73304.0
73483.0
73665.0
73845.0
74018.0
74197.0
74379.0
74563.0
74740.0
74924.0
75106.0
75290.0
75474.0
75658.0
75842.0
76024.0
76203.0
76380.0
76564.0
76734.0
76918.0
77100.0
77275.0
77455.0
77639.0
77823.0
78007.0
78187.0
78371.0
78551.0
78735.0
78919.0
79103.0
79287.0
79471.0
79653.0
79837.0
80021.0
80205.0
80387.0
80571.0
80755.0
80939.0
81118.0
81298.0
81482.0
81664.0
81846.0
82028.0
82207.0
82391.0
82575.0
82757.0
82939.0
83123.0
83307.0
83487.0
83671.0
83846.0
84025.0
84209.0
84391.0
84575.0
84757.0
84941.0
85116.0
85296.0
85480.0
85664.0
85843.0
86016.0
86198.0
86382.0
86566.0
86748.0
86927.0
87101.0
87278.0
87462.0
87644.0
87828.0
88012.0
88194.0
88376.0
88558.0
88740.0
88924.0
89108.0
89292.0
89476.0
89656.0
89838.0
90020.0
90202.0
90386.0
90568.0
90740.0
90917.0
91101.0
91279.0
91458.0
91637.0
91819.0
92003.0
92187.0
92371.0
92550.0
92732.0
92900.0
93082.0
93266.0
93448.0
93632.0
93816.0
94000.0
94180.0
94364.0
94543.0
94722.0
94902.0
95086.0
95270.0
95449.0
95621.0
95800.0
95982.0
96166.0
96350.0
96524.0
96708.0
96892.0
97071.0
97253.0
97435.0
97619.0
97799.0
97983.0
98167.0
98342.0
98517.0
98701.0
98878.0
99062.0
99246.0
99428.0
99605.0
99787.0
99971.0
100153.0
100332.0
100514.0
100696.0
100873.0
101047.0
101231.0
101415.0
101599.0
101783.0
101965.0
102149.0
102333.0
102512.0
102689.0
102864.0
103048.0
103227.0
103407.0
103586.0
103760.0
103944.0
104128.0
104310.0
104492.0
104676.0
104860.0
105039.0
105223.0
105400.0
105584.0
105766.0
105945.0
106129.0
106313.0
106497.0
106681.0
106860.0
107044.0
107228.0
107412.0
107596.0
107775.0
107959.0
108143.0
108322.0
108504.0
108681.0
108865.0
109049.0
109233.0
109417.0
109601.0
109781.0
109965.0
110141.0
110323.0
110505.0
110689.0
110871.0
111053.0
111235.0
111408.0
111590.0
111770.0
111954.0
112138.0
112322.0
112504.0
112688.0
112872.0
113050.0
113234.0
113413.0
113591.0
113770.0
113954.0
114138.0
114315.0
114497.0
114679.0
114856.0
115040.0
115222.0
115406.0
115590.0
115774.0
115956.0
116138.0
116322.0
116504.0
116683.0
116867.0
117044.0
117228.0
117408.0
117592.0
117776.0
117960.0
118144.0
118328.0
118508.0
118682.0
118866.0
119046.0
119226.0
119410.0
119594.0
119778.0
119960.0
120144.0
120328.0
120507.0
120691.0
120873.0
121057.0
121229.0
121413.0
121595.0
121774.0
121958.0
122142.0
122324.0
122503.0
122685.0
122869.0
123053.0
123235.0
123419.0
123601.0
123781.0
123965.0
124149.0
124333.0
124515.0
124697.0
124879.0
125063.0
125243.0
125422.0
125601.0
125785.0
125969.0
126147.0
126331.0
126513.0
126692.0
126871.0
127055.0
127235.0
127419.0
127603.0
127785.0
127969.0
128151.0
128335.0
128509.0
128693.0
128875.0
129059.0
129243.0
129425.0
129605.0
129782.0
129966.0
130150.0
130327.0
130511.0
130695.0
130879.0
131057.0
131234.0
131418.0
131602.0
131784.0
131958.0
132142.0
132321.0
132496.0
132675.0
132857.0
133041.0
133223.0
133407.0
133584.0
133768.0
133950.0
134129.0
134313.0
134497.0
134681.0
134863.0
135045.0
135227.0
135409.0
135593.0
135772.0
135956.0
136136.0
136320.0
136502.0
136686.0
136865.0
137047.0
137231.0
137415.0
137597.0
137776.0
137960.0
138142.0
138326.0
138508.0
138685.0
138869.0
139053.0
139232.0
139416.0
139598.0
139782.0
139966.0
140150.0
140329.0
140511.0
140695.0
140879.0
141058.0
141235.0
141414.0
141596.0
141778.0
141962.0
142144.0
142328.0
142510.0
142689.0
142871.0
143055.0
143239.0
143416.0
143600.0
143784.0
143968.0
144145.0
144327.0
144509.0
144693.0
144875.0
145057.0
145239.0
145418.0
145602.0
145786.0
145965.0
146147.0
146321.0
146503.0
146687.0
146871.0
147050.0
147234.0
147418.0
147602.0
147786.0
147968.0
148147.0
148331.0
148515.0
148699.0
148883.0
149067.0
149251.0
149433.0
149617.0
149801.0
149980.0
150164.0
150338.0
150520.0
150704.0
150884.0
151068.0
151252.0
151434.0
151616.0
151798.0
151982.0
152164.0
152343.0
152527.0
152707.0
152891.0
153075.0
153259.0
153438.0
153622.0
153806.0
153990.0
154174.0
154351.0
154528.0
154700.0
154882.0
155066.0
155246.0
155430.0
155614.0
155793.0
155977.0
156161.0
156345.0
156529.0
156713.0
156897.0
157081.0
157260.0
157444.0
157623.0
157807.0
157989.0
158171.0
158353.0
158535.0
158714.0
158891.0
159071.0
159255.0
159437.0
159621.0
159805.0
159987.0
160171.0
160355.0
160539.0
160723.0
160907.0
161091.0
161270.0
161452.0
161634.0
161818.0
161997.0
162181.0
162363.0
162545.0
162724.0
162908.0
163092.0
163276.0
163460.0
163644.0
163826.0
164010.0
164192.0
164374.0
164558.0
164731.0
164913.0
165097.0
165274.0
165456.0
165640.0
165810.0
165994.0
166172.0
166356.0
166540.0
166720.0
166904.0
167086.0
167270.0
167454.0
167636.0
167816.0
168000.0
168175.0
168353.0
168532.0
168716.0
168893.0
169077.0
169259.0
169438.0
169617.0
169801.0
169985.0
170169.0
170351.0
170531.0
170715.0
170899.0
171083.0
171267.0
171451.0
171633.0
171813.0
171997.0
172179.0
172363.0
172547.0
172731.0
172915.0
173099.0
173272.0
173456.0
173638.0
173822.0
174006.0
174186.0
174365.0
174549.0
174728.0
174905.0
175085.0
175269.0
175446.0
175621.0
175805.0
175987.0
176171.0
176353.0
176537.0
176721.0
176900.0
177077.0
177259.0
177443.0
177627.0
177811.0
177993.0
178177.0
178359.0
178541.0
178723.0
178907.0
179089.0
179268.0
179452.0
179629.0
179813.0
179997.0
180181.0
180361.0
180535.0
180717.0
180901.0
181080.0
181264.0
181446.0
181623.0
181807.0
181989.0
182168.0
182345.0
182527.0
182709.0
182881.0
183058.0
183237.0
183419.0
183603.0
183787.0
183971.0
184148.0
184332.0
184516.0
184700.0
184882.0
185061.0
185245.0
185429.0
185608.0
185790.0
185969.0
186153.0
186332.0
186516.0
186694.0
186878.0
187060.0
187242.0
187426.0
187608.0
187790.0
187970.0
188154.0
188334.0
188516.0
188700.0
188884.0
189068.0
189245.0
189423.0
189607.0
189791.0
189975.0
190159.0
190343.0
190517.0
190696.0
190865.0
191047.0
191231.0
191413.0
191592.0
191776.0
191958.0
192140.0
192317.0
192491.0
192669.0
192851.0
193035.0
193212.0
193386.0
193570.0
193749.0
193929.0
194109.0
194293.0
194475.0
194657.0
194836.0
195016.0
195198.0
195382.0
195566.0
195738.0
195920.0
196100.0
196279.0
196463.0
196642.0
196821.0
197003.0
197185.0
197364.0
197548.0
197732.0
197911.0
198095.0
198277.0
198461.0
198645.0
198829.0
199011.0
199195.0
199379.0
199563.0
199747.0
199914.0
200098.0
200282.0
200466.0
200638.0
200815.0
200997.0
201179.0
201363.0
201547.0
201729.0
201911.0
202093.0
202272.0
202456.0
202640.0
202824.0
203008.0
203185.0
203369.0
203543.0
203725.0
203909.0
204089.0
204273.0
204455.0
204637.0
204821.0
205005.0
205187.0
205365.0
205549.0
205733.0
205915.0
206095.0
206274.0
206458.0
206640.0
206824.0
206998.0
207176.0
207358.0
207540.0
207724.0
207908.0
208092.0
208276.0
208449.0
208633.0
208817.0
209001.0
209185.0
209367.0
209544.0
209726.0
209910.0
210094.0
210274.0
210458.0
210637.0
210821.0
211005.0
211185.0
211357.0
211536.0
211711.0
211891.0
212073.0
212255.0
212439.0
212621.0
212803.0
212987.0
213167.0
213347.0
213531.0
213715.0
213899.0
214083.0
214265.0
214449.0
214631.0
214815.0
214999.0
215178.0
215360.0
215540.0
215714.0
215896.0
216075.0
216254.0
216438.0
216620.0
216799.0
216983.0
217167.0
217351.0
217533.0
217717.0
217901.0
218085.0
218267.0
218449.0
218633.0
218817.0
219001.0
219173.0
219353.0
219537.0
219717.0
219901.0
220085.0
220269.0
220453.0
220625.0
220805.0
220989.0
221173.0
221357.0
221541.0
221725.0
221909.0
222091.0
222275.0
222444.0
222628.0
222808.0
222992.0
223176.0
223360.0
223537.0
223721.0
223905.0
224089.0
224267.0
224451.0
224619.0
224803.0
224987.0
225171.0
225350.0
225532.0
225714.0
225896.0
226073.0
226257.0
226441.0
226620.0
226794.0
226976.0
227158.0
227335.0
227519.0
227703.0
227887.0
228064.0
228248.0
228422.0
228601.0
228781.0
228960.0
229142.0
229322.0
229506.0
229683.0
229862.0
230046.0
230230.0
230414.0
230598.0
230782.0
230962.0
231144.0
231323.0
231507.0
231691.0
231875.0
232059.0
232243.0
232427.0
232611.0
232793.0
232973.0
233153.0
233330.0
233512.0
233692.0
233874.0
234058.0
234237.0
234421.0
234601.0
234783.0
234965.0
235147.0
235329.0
235511.0
235695.0
235874.0
236058.0
236240.0
236424.0
236608.0
236792.0
236976.0
237156.0
237340.0
237524.0
237706.0
237890.0
238074.0
238258.0
238442.0
238626.0
238808.0
238992.0
239174.0
239358.0
239536.0
239713.0
239895.0
240079.0
240263.0
240445.0
240629.0
240808.0
240992.0
241174.0
241358.0
241542.0
241714.0
241896.0
242076.0
242251.0
242433.0
242617.0
242801.0
242985.0
243169.0
243346.0
243530.0
243714.0
243898.0
244077.0
244259.0
244441.0
244625.0
244809.0
244991.0
245175.0
245354.0
245536.0
245716.0
245900.0
246080.0
246262.0
246444.0
246626.0
246810.0
246994.0
247173.0
247350.0
247517.0
247701.0
247885.0
248053.0
248237.0
248421.0
248605.0
248784.0
248968.0
249152.0
249336.0
249520.0
249702.0
249886.0
250065.0
250249.0
250433.0
250617.0
250799.0
250978.0
251160.0
251342.0
251526.0
251703.0
251887.0
252069.0
252253.0
252437.0
252621.0
252805.0
252989.0
253173.0
253350.0
253529.0
253704.0
253881.0
254065.0
254249.0
254431.0
254613.0
254790.0
254965.0
255149.0
255333.0
255515.0
255694.0
255878.0
256060.0
256244.0
256428.0
