a = 0.8
g = 0.2
e = 0.3
random initial weights = true

-2730.0
-5394.0
-5809.0
-6615.0
-7183.0
-7638.0
-8065.0
-8531.0
-8998.0
-9487.0
-9944.0
-10373.0
-10801.0
-11235.0
-11752.0
-12176.0
-12617.0
-13074.0
-13530.0
-13969.0
-14407.0
-14872.0
-15289.0
-15123.0
-15552.0
-15380.0
-15804.0
-16241.0
-16069.0
-16488.0
-16342.0
-16795.0
-17214.0
-17629.0
-18054.0
-18467.0
-18299.0
-18135.0
-18558.0
-18991.0
-19419.0
-19834.0
-19673.0
-20108.0
-20526.0
-20950.0
-20774.0
-20596.0
-21012.0
-21445.0
-21286.0
-21112.0
-20936.0
-20758.0
-20607.0
-20431.0
-20855.0
-20704.0
-21119.0
-20959.0
-20796.0
-20625.0
-20454.0
-20283.0
-20107.0
-19947.0
-19786.0
-19608.0
-19432.0
-19258.0
-19089.0
-18913.0
-18761.0
-18595.0
-18442.0
-18268.0
-18090.0
-17916.0
-17745.0
-17579.0
-17423.0
-17258.0
-17087.0
-16923.0
-16759.0
-16591.0
-16426.0
-16252.0
-16074.0
-15910.0
-15732.0
-15561.0
-15388.0
-15218.0
-15040.0
-14864.0
-14695.0
-14517.0
-14345.0
-14185.0
-14019.0
-13850.0
-13674.0
-13517.0
-13339.0
-13163.0
-12997.0
-12829.0
-12699.0
-12532.0
-12356.0
-12195.0
-12034.0
-11874.0
-11698.0
-11527.0
-11364.0
-11202.0
-11040.0
-10862.0
-10690.0
-10516.0
-10340.0
-10172.0
-9996.0
-9834.0
-9656.0
-9484.0
-9310.0
-9136.0
-8962.0
-8786.0
-8621.0
-8464.0
-8290.0
-8117.0
-7941.0
-7775.0
-7603.0
-7427.0
-7257.0
-7087.0
-6927.0
-6754.0
-6576.0
-6398.0
-6233.0
-6064.0
-5891.0
-5728.0
-5550.0
-5385.0
-5211.0
-5049.0
-4873.0
-4702.0
-4528.0
-4357.0
-4202.0
-4032.0
-3858.0
-3688.0
-3518.0
-3342.0
-3173.0
-3001.0
-2825.0
-2647.0
-2477.0
-2311.0
-2137.0
-1966.0
-1803.0
-1640.0
-1472.0
-1296.0
-1118.0
-957.0
-783.0
-616.0
-444.0
-271.0
-100.0
74.0
238.0
403.0
569.0
731.0
891.0
1060.0
1234.0
1408.0
1566.0
1738.0
1897.0
2069.0
2223.0
2399.0
2577.0
2753.0
2915.0
3087.0
3249.0
3408.0
3582.0
3724.0
3902.0
4060.0
4232.0
4408.0
4580.0
4745.0
4889.0
5058.0
5234.0
5393.0
5562.0
5736.0
5897.0
6059.0
6216.0
6388.0
6553.0
6718.0
6896.0
7068.0
7242.0
7411.0
7580.0
7753.0
7924.0
8094.0
8261.0
8432.0
8601.0
8772.0
8942.0
9115.0
9284.0
9448.0
9624.0
9791.0
9944.0
10116.0
10282.0
10440.0
10616.0
10778.0
10954.0
11124.0
11287.0
11456.0
11632.0
11804.0
11977.0
12144.0
12312.0
12471.0
12637.0
12810.0
12980.0
13144.0
13310.0
13481.0
13657.0
13830.0
13982.0
14153.0
14331.0
14487.0
14665.0
14841.0
14994.0
15172.0
15344.0
15516.0
15688.0
15855.0
16015.0
16175.0
16332.0
16493.0
16664.0
16840.0
17009.0
17163.0
17335.0
17511.0
17685.0
17858.0
18025.0
18197.0
18360.0
18533.0
18702.0
18867.0
19045.0
19217.0
19384.0
19543.0
19716.0
19879.0
20051.0
20212.0
20374.0
20538.0
20706.0
20878.0
21045.0
21208.0
21375.0
21547.0
21720.0
21887.0
22057.0
22231.0
22405.0
22583.0
22756.0
22923.0
23101.0
23269.0
23433.0
23601.0
23779.0
23951.0
24122.0
24296.0
24456.0
24629.0
24801.0
24975.0
25147.0
25316.0
25492.0
25663.0
25837.0
26011.0
26184.0
26354.0
26505.0
26679.0
26841.0
27017.0
27193.0
27362.0
27540.0
27710.0
27888.0
28059.0
28222.0
28388.0
28552.0
28719.0
28882.0
29050.0
29217.0
29395.0
29566.0
29744.0
29916.0
30089.0
30265.0
30439.0
30615.0
30783.0
30943.0
31113.0
31281.0
31457.0
31633.0
31807.0
31983.0
32152.0
32323.0
32492.0
32659.0
32837.0
33013.0
33179.0
33352.0
33514.0
33692.0
33863.0
34034.0
34212.0
34388.0
34560.0
34730.0
34899.0
35064.0
35238.0
35412.0
35582.0
35754.0
35922.0
36090.0
36264.0
36420.0
36580.0
36748.0
36910.0
37062.0
37235.0
37402.0
37578.0
37754.0
37907.0
38075.0
38249.0
38423.0
38588.0
38764.0
38920.0
39088.0
39257.0
39423.0
39592.0
39757.0
39933.0
40102.0
40266.0
40442.0
40606.0
40772.0
40943.0
41113.0
41291.0
41454.0
41616.0
41787.0
41945.0
42114.0
42282.0
42458.0
42630.0
42806.0
42980.0
43148.0
43314.0
43485.0
43654.0
43821.0
43988.0
44157.0
44321.0
44485.0
44655.0
44813.0
44976.0
45148.0
45316.0
45486.0
45664.0
45840.0
45995.0
46165.0
46328.0
46504.0
46670.0
46832.0
47006.0
47177.0
47327.0
47500.0
47678.0
47854.0
48030.0
48197.0
48370.0
48542.0
48720.0
48883.0
49057.0
49221.0
49385.0
49559.0
49731.0
49905.0
50081.0
50259.0
50427.0
50592.0
50765.0
50941.0
51112.0
51290.0
51466.0
51642.0
51810.0
51973.0
52151.0
52322.0
52496.0
52668.0
52833.0
53002.0
53170.0
53346.0
53524.0
53686.0
53864.0
54038.0
54214.0
54383.0
54557.0
54733.0
54909.0
55077.0
55251.0
55427.0
55599.0
55775.0
55939.0
56103.0
56276.0
56435.0
56606.0
56782.0
56954.0
57122.0
57296.0
57472.0
57646.0
57803.0
57967.0
58135.0
58286.0
58462.0
58630.0
58797.0
58967.0
59143.0
59317.0
59490.0
59659.0
59829.0
60007.0
60185.0
60357.0
60533.0
60702.0
60878.0
61054.0
61225.0
61397.0
61570.0
61735.0
61908.0
62070.0
62230.0
62393.0
62569.0
62733.0
62897.0
63075.0
63243.0
63403.0
63577.0
63746.0
63919.0
64095.0
64262.0
64438.0
64597.0
64773.0
64933.0
65095.0
65268.0
65436.0
65612.0
65782.0
65950.0
66124.0
66302.0
66463.0
66629.0
66802.0
66980.0
67156.0
67332.0
67496.0
67672.0
67846.0
68004.0
68170.0
68344.0
68511.0
68685.0
68841.0
68998.0
69176.0
69341.0
69513.0
69682.0
69852.0
70022.0
70195.0
70362.0
70531.0
70699.0
70872.0
71038.0
71216.0
71392.0
71562.0
71732.0
71901.0
72071.0
72247.0
72413.0
72581.0
72754.0
72918.0
73094.0
73272.0
73446.0
73619.0
73793.0
73950.0
74126.0
74246.0
74413.0
74583.0
74752.0
74926.0
75100.0
75269.0
75435.0
75600.0
75768.0
75921.0
76067.0
76229.0
76387.0
76559.0
76735.0
76904.0
77076.0
77245.0
77416.0
77588.0
77762.0
77915.0
78089.0
78257.0
78433.0
78607.0
78773.0
78942.0
79109.0
79280.0
79448.0
79621.0
79795.0
79971.0
80140.0
80316.0
80483.0
80648.0
80808.0
80958.0
81128.0
81287.0
81458.0
81621.0
81797.0
81971.0
82147.0
82318.0
82484.0
82662.0
82827.0
83003.0
83181.0
83345.0
83523.0
83694.0
83865.0
84005.0
84166.0
84344.0
84496.0
84672.0
84831.0
84993.0
85158.0
85315.0
85484.0
85662.0
85833.0
85995.0
86162.0
86329.0
86492.0
86657.0
86829.0
86997.0
87162.0
87340.0
87508.0
87679.0
87839.0
88017.0
88191.0
88364.0
88532.0
88692.0
88845.0
89015.0
89176.0
89341.0
89508.0
89680.0
89858.0
90020.0
90192.0
90364.0
90534.0
90710.0
90883.0
91061.0
91235.0
91408.0
91573.0
91747.0
91909.0
92081.0
92255.0
92429.0
92593.0
92771.0
92936.0
93093.0
93265.0
93438.0
93606.0
93778.0
93956.0
94132.0
94306.0
94482.0
94656.0
94829.0
95005.0
95181.0
95332.0
95492.0
95668.0
95839.0
96008.0
96168.0
96336.0
96510.0
96673.0
96847.0
97000.0
97172.0
97345.0
97498.0
97672.0
97839.0
98008.0
98182.0
98358.0
98505.0
98667.0
98820.0
98978.0
99140.0
99312.0
99474.0
99628.0
99800.0
99968.0
100131.0
100296.0
100466.0
100634.0
100803.0
100981.0
101149.0
101316.0
101484.0
101639.0
101817.0
101990.0
102155.0
102322.0
102494.0
102660.0
102833.0
103005.0
103179.0
103343.0
103506.0
103673.0
103843.0
104013.0
104189.0
104358.0
104532.0
104703.0
104881.0
105055.0
105226.0
105389.0
105540.0
105703.0
105875.0
106044.0
106210.0
106384.0
106553.0
106724.0
106888.0
107064.0
107240.0
107408.0
107570.0
107734.0
107901.0
108079.0
108252.0
108425.0
108601.0
108777.0
108939.0
109110.0
109286.0
109460.0
109629.0
109807.0
109973.0
110142.0
110320.0
110487.0
110657.0
110824.0
110995.0
111169.0
111341.0
111510.0
111676.0
111841.0
112002.0
112178.0
112345.0
112517.0
112691.0
112849.0
113021.0
113195.0
113362.0
113533.0
113701.0
113870.0
114041.0
114207.0
114383.0
114557.0
114727.0
114897.0
115065.0
115225.0
115387.0
115556.0
115732.0
115900.0
116078.0
116242.0
116411.0
116580.0
116731.0
116894.0
117063.0
117239.0
117408.0
117579.0
117737.0
117908.0
118074.0
118240.0
118410.0
118574.0
118752.0
118926.0
119089.0
119255.0
119428.0
119600.0
119767.0
119937.0
120111.0
120281.0
120450.0
120621.0
120799.0
120969.0
121141.0
121317.0
121495.0
121669.0
121843.0
122019.0
122184.0
122355.0
122522.0
122690.0
122856.0
123027.0
123186.0
123355.0
123529.0
123705.0
123865.0
124039.0
124211.0
124380.0
124540.0
124709.0
124885.0
125050.0
125221.0
125388.0
125554.0
125728.0
125902.0
126078.0
126247.0
126414.0
126590.0
126764.0
126942.0
127104.0
127273.0
127443.0
127609.0
127771.0
127941.0
128117.0
128295.0
128460.0
128622.0
128770.0
128929.0
129100.0
129267.0
129434.0
129612.0
129785.0
129954.0
130128.0
130304.0
130455.0
130623.0
130797.0
130975.0
131153.0
131329.0
131503.0
131664.0
131832.0
132006.0
132182.0
132360.0
132528.0
132706.0
132875.0
133047.0
133218.0
133392.0
133570.0
133742.0
133920.0
134076.0
134254.0
134410.0
134577.0
134755.0
134933.0
135101.0
135277.0
135447.0
135621.0
135795.0
135971.0
136131.0
136307.0
136475.0
136653.0
136822.0
137000.0
137176.0
137338.0
137506.0
137684.0
137855.0
138031.0
138190.0
138354.0
138525.0
138703.0
138856.0
139027.0
139201.0
139375.0
139532.0
139710.0
139888.0
140061.0
140214.0
140388.0
140552.0
140723.0
140888.0
141050.0
141223.0
141383.0
141553.0
141726.0
141891.0
142064.0
142226.0
142390.0
142566.0
142737.0
142904.0
143080.0
143254.0
143424.0
143593.0
143755.0
143927.0
144105.0
144275.0
144438.0
144610.0
144781.0
144955.0
145131.0
145297.0
145446.0
145607.0
145777.0
145951.0
146112.0
146283.0
146448.0
146609.0
146781.0
146952.0
147128.0
147304.0
147480.0
147649.0
147827.0
147984.0
148154.0
148322.0
148498.0
148674.0
148836.0
149010.0
149186.0
149362.0
149523.0
149696.0
149864.0
150042.0
150220.0
150389.0
150556.0
150728.0
150894.0
151063.0
151236.0
151385.0
151537.0
151697.0
151875.0
152053.0
152225.0
152387.0
152552.0
152724.0
152898.0
153074.0
153252.0
153425.0
153592.0
153770.0
153939.0
154097.0
154267.0
154426.0
154595.0
154764.0
154935.0
155109.0
155279.0
155448.0
155610.0
155783.0
155961.0
156134.0
156301.0
156468.0
156644.0
156815.0
156985.0
157159.0
157329.0
157492.0
157666.0
157837.0
158015.0
158171.0
158347.0
158508.0
158672.0
158846.0
159022.0
159196.0
159374.0
159545.0
159699.0
159870.0
160044.0
160212.0
160390.0
160558.0
160721.0
160899.0
161064.0
161224.0
161394.0
161551.0
161729.0
161907.0
162083.0
162240.0
162411.0
162580.0
162753.0
162920.0
163096.0
163258.0
163430.0
163597.0
163764.0
163925.0
164088.0
164258.0
164415.0
164586.0
164757.0
164925.0
165087.0
165226.0
165381.0
165555.0
165726.0
165898.0
166060.0
166234.0
166408.0
166582.0
166732.0
166897.0
167073.0
167247.0
167421.0
167592.0
167766.0
167944.0
168120.0
168291.0
168462.0
168631.0
168795.0
168969.0
169138.0
169292.0
169462.0
169640.0
169797.0
169969.0
170145.0
170307.0
170474.0
170647.0
170825.0
170995.0
171162.0
171315.0
171491.0
171658.0
171834.0
172008.0
172163.0
172339.0
172506.0
172670.0
172827.0
172998.0
173170.0
173343.0
173507.0
173675.0
173853.0
174029.0
174201.0
174377.0
174540.0
174713.0
174881.0
175055.0
175213.0
175389.0
175560.0
175730.0
175899.0
176066.0
176242.0
176414.0
176590.0
176760.0
176938.0
177109.0
177266.0
177438.0
177609.0
177757.0
177922.0
178096.0
178258.0
178418.0
178585.0
178755.0
178922.0
179088.0
179251.0
179421.0
179588.0
179748.0
179924.0
180088.0
180253.0
180407.0
180579.0
180753.0
180927.0
181091.0
181256.0
181429.0
181594.0
181763.0
181941.0
182101.0
182277.0
182451.0
182621.0
182782.0
182950.0
183118.0
183276.0
183441.0
183615.0
183781.0
183953.0
184125.0
184301.0
184467.0
184633.0
184811.0
184985.0
185163.0
185328.0
185494.0
185659.0
185828.0
185971.0
186141.0
186301.0
186479.0
186646.0
186815.0
186978.0
187154.0
187323.0
187499.0
187660.0
187822.0
187990.0
188166.0
188338.0
188508.0
188682.0
188854.0
189028.0
189186.0
189334.0
189503.0
189676.0
189846.0
190022.0
190188.0
190360.0
190534.0
190710.0
190886.0
191060.0
191213.0
191384.0
191550.0
191717.0
191879.0
192055.0
192227.0
192397.0
192562.0
192728.0
192887.0
193059.0
193216.0
193390.0
193564.0
193736.0
193887.0
194063.0
194228.0
194404.0
194573.0
194745.0
194914.0
195083.0
195239.0
195385.0
195561.0
195733.0
195890.0
196066.0
196224.0
196400.0
196566.0
196744.0
196915.0
197086.0
197262.0
197415.0
197586.0
197758.0
197910.0
198088.0
198258.0
198415.0
198585.0
198761.0
198916.0
199086.0
199260.0
199434.0
199604.0
199768.0
199933.0
200096.0
200261.0
200437.0
200602.0
200780.0
200948.0
201112.0
201275.0
201445.0
201618.0
201777.0
201944.0
202113.0
202286.0
202457.0
202633.0
202800.0
202967.0
203138.0
203308.0
203484.0
203658.0
203827.0
203996.0
204168.0
204338.0
204510.0
204686.0
204855.0
205028.0
205192.0
205364.0
205529.0
205702.0
205868.0
206033.0
206207.0
206378.0
206547.0
206712.0
206888.0
207046.0
207222.0
207400.0
207572.0
207746.0
207920.0
208090.0
208268.0
208435.0
208607.0
208779.0
208942.0
209115.0
209272.0
209441.0
209601.0
209779.0
209955.0
210105.0
210275.0
210441.0
210613.0
210784.0
210953.0
211114.0
211281.0
211450.0
211616.0
211786.0
211951.0
212110.0
212272.0
212448.0
212614.0
212786.0
212960.0
213130.0
213304.0
213462.0
213607.0
213779.0
213946.0
214106.0
214284.0
214450.0
214603.0
214779.0
214948.0
215122.0
215286.0
215462.0
215620.0
215787.0
215946.0
216107.0
216274.0
216440.0
216601.0
216764.0
216934.0
217108.0
217272.0
217441.0
217598.0
217772.0
217948.0
218116.0
218277.0
218446.0
218622.0
218784.0
218941.0
219110.0
219286.0
219442.0
219608.0
219780.0
219950.0
220120.0
220294.0
220459.0
220637.0
220794.0
220968.0
221126.0
221292.0
221460.0
221634.0
221810.0
221980.0
222142.0
222320.0
222480.0
