a = 0.2
g = 0.2
e = 0.5
random initial weights = false

-1283.0
-2370.0
-2864.0
-3334.0
-4167.0
-4742.0
-5347.0
-5853.0
-6358.0
-7010.0
-7511.0
-7961.0
-8446.0
-8974.0
-9507.0
-10135.0
-10573.0
-11080.0
-11742.0
-12264.0
-12821.0
-13362.0
-13243.0
-13681.0
-14159.0
-14612.0
-15092.0
-15563.0
-15451.0
-15883.0
-16441.0
-16934.0
-17410.0
-17894.0
-18414.0
-18831.0
-19289.0
-19750.0
-20237.0
-20851.0
-21290.0
-21729.0
-22163.0
-22672.0
-23103.0
-23665.0
-24106.0
-24531.0
-25008.0
-25449.0
-25909.0
-26370.0
-26880.0
-27312.0
-27204.0
-27617.0
-28115.0
-28556.0
-29011.0
-29432.0
-29909.0
-30336.0
-30782.0
-31253.0
-31745.0
-32183.0
-32615.0
-33083.0
-33518.0
-33984.0
-34418.0
-34886.0
-35307.0
-35755.0
-36244.0
-36083.0
-36534.0
-36984.0
-37458.0
-37957.0
-38388.0
-38825.0
-39261.0
-39730.0
-39561.0
-39385.0
-39969.0
-40393.0
-40828.0
-41253.0
-41094.0
-41532.0
-41978.0
-42464.0
-42913.0
-43340.0
-43765.0
-43600.0
-44013.0
-43893.0
-44310.0
-44764.0
-45203.0
-45645.0
-45533.0
-45987.0
-45822.0
-46260.0
-46703.0
-47290.0
-47728.0
-47618.0
-48040.0
-47890.0
-47726.0
-47558.0
-47400.0
-47228.0
-47074.0
-47522.0
-48019.0
-47884.0
-47729.0
-47565.0
-48040.0
-47900.0
-48332.0
-48188.0
-48629.0
-49067.0
-49493.0
-49328.0
-49198.0
-49033.0
-49494.0
-49944.0
-50373.0
-50814.0
-50682.0
-50519.0
-50343.0
-50193.0
-50635.0
-50499.0
-50351.0
-50198.0
-50055.0
-49900.0
-49739.0
-49579.0
-49418.0
-49262.0
-49091.0
-48945.0
-48787.0
-48629.0
-48481.0
-48309.0
-48138.0
-47964.0
-47820.0
-47654.0
-47526.0
-47387.0
-47214.0
-47060.0
-46905.0
-46752.0
-46607.0
-46460.0
-46307.0
-46215.0
-46045.0
-45895.0
-45730.0
-45564.0
-45424.0
-45267.0
-45105.0
-45525.0
-45978.0
-45815.0
-46249.0
-46095.0
-45933.0
-45765.0
-45610.0
-45472.0
-45305.0
-45148.0
-44975.0
-44807.0
-44649.0
-44496.0
-44919.0
-45364.0
-45216.0
-45077.0
-44930.0
-44762.0
-45187.0
-45103.0
-44943.0
-44780.0
-44626.0
-44507.0
-44356.0
-44189.0
-44606.0
-44452.0
-44294.0
-44714.0
-44550.0
-44990.0
-44823.0
-44674.0
-44520.0
-44362.0
-44204.0
-44062.0
-43911.0
-43750.0
-43614.0
-43457.0
-43300.0
-43143.0
-42970.0
-42820.0
-42651.0
-42482.0
-42342.0
-42174.0
-42002.0
-41837.0
-41676.0
-41527.0
-41378.0
-41218.0
-41079.0
-40927.0
-40762.0
-40631.0
-40486.0
-40326.0
-40172.0
-40010.0
-39848.0
-39677.0
-39552.0
-39396.0
-39227.0
-39061.0
-38909.0
-38750.0
-38585.0
-38423.0
-38256.0
-38084.0
-37958.0
-37815.0
-37637.0
-37469.0
-37310.0
-37144.0
-36992.0
-36823.0
-36674.0
-36518.0
-36363.0
-36222.0
-36069.0
-35948.0
-35786.0
-35662.0
-35509.0
-35348.0
-35180.0
-35013.0
-34861.0
-34714.0
-34556.0
-34429.0
-34259.0
-34089.0
-33928.0
-33787.0
-33619.0
-33459.0
-33298.0
-33127.0
-32999.0
-32860.0
-32696.0
-32535.0
-32377.0
-32225.0
-32049.0
-31886.0
-31744.0
-31590.0
-31455.0
-31289.0
-31122.0
-30965.0
-30802.0
-30645.0
-30485.0
-30315.0
-30158.0
-29997.0
-29827.0
-29660.0
-29499.0
-29342.0
-29197.0
-29042.0
-28889.0
-28713.0
-28551.0
-28400.0
-28239.0
-28074.0
-27912.0
-27744.0
-27594.0
-27458.0
-27287.0
-27120.0
-26962.0
-26801.0
-26650.0
-26505.0
-26349.0
-26182.0
-26038.0
-25888.0
-25739.0
-25573.0
-25447.0
-25278.0
-25102.0
-24937.0
-24767.0
-24617.0
-24457.0
-24313.0
-24171.0
-24012.0
-23860.0
-23708.0
-23546.0
-23394.0
-23220.0
-23067.0
-22909.0
-22766.0
-22607.0
-22436.0
-22260.0
-22086.0
-21922.0
-21751.0
-21589.0
-21435.0
-21271.0
-21099.0
-20951.0
-20779.0
-20616.0
-20447.0
-20292.0
-20134.0
-19966.0
-19804.0
-19672.0
-19507.0
-19339.0
-19167.0
-19020.0
-18842.0
-18676.0
-18506.0
-18334.0
-18175.0
-18010.0
-17839.0
-17665.0
-17487.0
-17357.0
-17191.0
-17033.0
-16890.0
-16735.0
-16587.0
-16424.0
-16278.0
-16141.0
-15975.0
-15841.0
-15676.0
-15512.0
-15353.0
-15207.0
-15045.0
-14875.0
-14718.0
-14592.0
-14430.0
-14284.0
-14134.0
-13992.0
-13856.0
-13702.0
-13531.0
-13353.0
-13194.0
-13041.0
-12876.0
-12725.0
-12561.0
-12387.0
-12221.0
-12058.0
-11912.0
-11765.0
-11618.0
-11467.0
-11291.0
-11121.0
-10960.0
-10801.0
-10656.0
-10492.0
-10340.0
-10190.0
-10032.0
-9876.0
-9733.0
-9561.0
-9390.0
-9260.0
-9106.0
-8936.0
-8786.0
-8631.0
-8462.0
-8312.0
-8171.0
-8010.0
-7851.0
-7699.0
-7540.0
-7393.0
-7240.0
-7093.0
-6938.0
-6778.0
-6623.0
-6465.0
-6300.0
-6131.0
-6004.0
-5845.0
-5682.0
-5518.0
-5344.0
-5177.0
-5014.0
-4851.0
-4701.0
-4543.0
-4372.0
-4225.0
-4064.0
-3901.0
-3738.0
-3568.0
-3394.0
-3246.0
-3092.0
-2918.0
-2769.0
-2607.0
-2449.0
-2290.0
-2184.0
-2023.0
-1851.0
-1686.0
-1519.0
-1352.0
-1207.0
-1037.0
-883.0
-709.0
-548.0
-385.0
-237.0
-106.0
68.0
215.0
389.0
541.0
699.0
837.0
1009.0
1170.0
1292.0
1436.0
1595.0
1731.0
1904.0
2080.0
2214.0
2353.0
2531.0
2674.0
2841.0
2990.0
3144.0
3295.0
3443.0
3567.0
3734.0
3901.0
4048.0
4211.0
4380.0
4541.0
4686.0
4850.0
4994.0
5132.0
5308.0
5463.0
5627.0
5775.0
5942.0
6103.0
6269.0
6411.0
6529.0
6695.0
6854.0
7018.0
7182.0
7358.0
7534.0
7700.0
7862.0
8034.0
8189.0
8363.0
8508.0
8668.0
8825.0
8989.0
9143.0
9299.0
9463.0
9628.0
9790.0
9966.0
10123.0
10260.0
10427.0
10544.0
10717.0
10872.0
11040.0
11202.0
11372.0
11513.0
11670.0
11840.0
11999.0
12165.0
12317.0
12487.0
12639.0
12800.0
12964.0
13132.0
13303.0
13443.0
13604.0
13769.0
13945.0
14123.0
14292.0
14455.0
14623.0
14787.0
14930.0
15093.0
15234.0
15395.0
15557.0
15697.0
15861.0
16009.0
16179.0
16308.0
16446.0
16609.0
16749.0
16910.0
17086.0
17236.0
17394.0
17565.0
17694.0
17859.0
17992.0
18134.0
18310.0
18478.0
18622.0
18774.0
18928.0
19086.0
19237.0
19396.0
19555.0
19729.0
19894.0
20045.0
20160.0
20324.0
20489.0
20659.0
20821.0
20955.0
21096.0
21260.0
21381.0
21494.0
21668.0
21834.0
21985.0
22157.0
22314.0
22467.0
22614.0
22784.0
22950.0
23119.0
23297.0
23444.0
23600.0
23748.0
23889.0
24039.0
24203.0
24362.0
24536.0
24672.0
24828.0
24996.0
25151.0
25319.0
25468.0
25638.0
25759.0
25927.0
26081.0
26237.0
26392.0
26550.0
26717.0
26882.0
27028.0
27178.0
27330.0
27504.0
27674.0
27830.0
27977.0
28107.0
28276.0
28412.0
28541.0
28691.0
28862.0
28980.0
29147.0
29300.0
29448.0
29608.0
29776.0
29934.0
30098.0
30248.0
30411.0
30570.0
30729.0
30891.0
31035.0
31200.0
31374.0
31509.0
31677.0
31849.0
31992.0
32162.0
32314.0
32444.0
32599.0
32759.0
32912.0
33080.0
33211.0
33363.0
33516.0
33681.0
33822.0
33984.0
34141.0
34296.0
34461.0
34632.0
34785.0
34954.0
35105.0
35258.0
35411.0
35578.0
35750.0
35877.0
36049.0
36219.0
36384.0
36552.0
36696.0
36842.0
36994.0
37139.0
37304.0
37443.0
37602.0
37747.0
37910.0
38079.0
38205.0
38377.0
38529.0
38696.0
38828.0
38986.0
39145.0
39300.0
39459.0
39623.0
39794.0
39961.0
40107.0
40267.0
40436.0
40576.0
40746.0
40904.0
41040.0
41205.0
41358.0
41491.0
41645.0
41809.0
41977.0
42129.0
42285.0
42456.0
42607.0
42763.0
42910.0
43059.0
43224.0
43361.0
43530.0
43702.0
43869.0
44002.0
44169.0
44334.0
44488.0
44635.0
44797.0
44956.0
45103.0
45225.0
45385.0
45543.0
45710.0
45851.0
46021.0
46170.0
46331.0
46484.0
46604.0
46771.0
46902.0
47058.0
47219.0
47377.0
47514.0
47660.0
47798.0
47949.0
48102.0
48265.0
48426.0
48575.0
48719.0
48879.0
49046.0
49201.0
49345.0
49510.0
49661.0
49820.0
49978.0
50136.0
50297.0
50459.0
50629.0
50783.0
50940.0
51068.0
51235.0
51378.0
51538.0
51706.0
51871.0
52036.0
52146.0
52311.0
52482.0
52634.0
52801.0
52952.0
53116.0
53257.0
53415.0
53574.0
53735.0
53880.0
54043.0
54208.0
54352.0
54472.0
54631.0
54796.0
54964.0
55130.0
55287.0
55450.0
55605.0
55712.0
55842.0
55993.0
56126.0
56300.0
56456.0
56624.0
56777.0
56937.0
57083.0
57219.0
57378.0
57540.0
57685.0
57799.0
57967.0
58133.0
58285.0
58450.0
58620.0
58787.0
58951.0
59121.0
59266.0
59399.0
59562.0
59723.0
59894.0
60057.0
60180.0
60334.0
60479.0
60642.0
60802.0
60976.0
61138.0
61285.0
61446.0
61596.0
61764.0
61942.0
62100.0
62234.0
62373.0
62531.0
62687.0
62844.0
62953.0
63121.0
63285.0
63444.0
63591.0
63749.0
63894.0
64045.0
64195.0
64361.0
64531.0
64662.0
64807.0
64936.0
65081.0
65244.0
65416.0
65572.0
65724.0
65898.0
66031.0
66176.0
66339.0
66501.0
66665.0
66829.0
66977.0
67133.0
67297.0
67454.0
67618.0
67770.0
67928.0
68080.0
68246.0
68401.0
68555.0
68726.0
68895.0
69045.0
69196.0
69361.0
69526.0
69697.0
69873.0
70026.0
70165.0
70322.0
70492.0
70664.0
70823.0
70975.0
71138.0
71297.0
71450.0
71620.0
71785.0
71959.0
72097.0
72271.0
72441.0
72570.0
72744.0
72887.0
73036.0
73202.0
73358.0
73517.0
73656.0
73830.0
73970.0
74131.0
74286.0
74451.0
74610.0
74750.0
74912.0
75071.0
75228.0
75353.0
75522.0
75696.0
75844.0
75994.0
76121.0
76287.0
76414.0
76588.0
76757.0
76911.0
77053.0
77200.0
77359.0
77485.0
77614.0
77745.0
77902.0
78060.0
78214.0
78381.0
78532.0
78689.0
78863.0
78952.0
79110.0
79286.0
79432.0
79590.0
79745.0
79889.0
80061.0
80200.0
80363.0
80524.0
80687.0
80857.0
81024.0
81174.0
81337.0
81506.0
81663.0
81821.0
81971.0
82122.0
82282.0
82454.0
82604.0
82763.0
82914.0
83070.0
83231.0
83368.0
83528.0
83697.0
83845.0
84011.0
84135.0
84273.0
84432.0
84595.0
84747.0
84902.0
85042.0
85214.0
85364.0
85531.0
85684.0
85858.0
86012.0
86161.0
86327.0
86489.0
86642.0
86789.0
86943.0
87094.0
87245.0
87379.0
87541.0
87699.0
87855.0
88006.0
88167.0
88330.0
88491.0
88664.0
88803.0
88966.0
89131.0
89279.0
89431.0
89609.0
89780.0
89954.0
90111.0
90274.0
90440.0
90609.0
90767.0
90908.0
91064.0
91233.0
91381.0
91541.0
91698.0
91870.0
92042.0
92208.0
92346.0
92505.0
92681.0
92855.0
93002.0
93180.0
93327.0
93470.0
93638.0
93806.0
93956.0
94117.0
94284.0
94452.0
94623.0
94771.0
94945.0
95109.0
95279.0
95453.0
95623.0
95760.0
95936.0
96061.0
96234.0
96400.0
96559.0
96731.0
96890.0
97050.0
97207.0
97378.0
97539.0
97696.0
97833.0
97995.0
98157.0
98311.0
98473.0
98623.0
98791.0
98926.0
99102.0
99266.0
99423.0
99589.0
99748.0
99894.0
100052.0
100201.0
100324.0
100496.0
100667.0
100820.0
100980.0
101152.0
101288.0
101402.0
101574.0
101739.0
101891.0
102048.0
102201.0
102366.0
102537.0
102706.0
102858.0
103027.0
103180.0
103356.0
103524.0
103664.0
103826.0
103974.0
104127.0
104268.0
104431.0
104593.0
104759.0
104928.0
105084.0
105252.0
105414.0
105580.0
105715.0
105883.0
106048.0
106204.0
106338.0
106496.0
106638.0
106799.0
106965.0
107116.0
107275.0
107446.0
107585.0
107755.0
107908.0
108074.0
108228.0
108378.0
108514.0
108683.0
108857.0
109028.0
109193.0
109362.0
109529.0
109699.0
109862.0
110010.0
110155.0
110302.0
110464.0
110630.0
110789.0
110936.0
111093.0
111233.0
111391.0
111553.0
111691.0
111841.0
112011.0
112148.0
112295.0
112471.0
112630.0
112793.0
112959.0
113106.0
113257.0
113429.0
113570.0
113713.0
113861.0
114023.0
114174.0
114342.0
114500.0
114662.0
114830.0
114992.0
115156.0
115318.0
115482.0
115645.0
115810.0
115979.0
116096.0
116231.0
116402.0
116562.0
116738.0
116904.0
117069.0
117206.0
117369.0
117527.0
117674.0
117832.0
118008.0
118177.0
118326.0
118474.0
118646.0
118814.0
118982.0
119147.0
119285.0
119443.0
119604.0
119770.0
119928.0
120087.0
120242.0
120416.0
120564.0
120727.0
120870.0
121040.0
121189.0
121363.0
121527.0
121689.0
121846.0
122000.0
122140.0
122293.0
122460.0
122624.0
122787.0
122949.0
123119.0
123286.0
123462.0
123626.0
123756.0
123884.0
124036.0
124212.0
124374.0
124548.0
124702.0
124823.0
124991.0
125161.0
125291.0
125427.0
125574.0
125712.0
125875.0
126047.0
126203.0
126350.0
126488.0
126641.0
126796.0
126956.0
127115.0
127285.0
127448.0
127604.0
127780.0
127958.0
128116.0
128252.0
128421.0
128585.0
128747.0
128897.0
129029.0
129198.0
129353.0
129518.0
129680.0
129847.0
130015.0
130168.0
130333.0
130505.0
130663.0
130825.0
130980.0
131138.0
131291.0
131460.0
131615.0
131770.0
131855.0
132012.0
132154.0
132302.0
132464.0
132617.0
132780.0
132941.0
133112.0
133243.0
133405.0
133581.0
133726.0
133889.0
134045.0
134202.0
134358.0
134504.0
134663.0
134841.0
134988.0
135146.0
135322.0
135500.0
135674.0
135824.0
136000.0
136164.0
136327.0
136466.0
136640.0
136777.0
136925.0
137051.0
137196.0
137358.0
137523.0
137661.0
137828.0
137976.0
138135.0
138292.0
138409.0
138557.0
138698.0
138850.0
138978.0
139118.0
139282.0
139452.0
139614.0
139764.0
139925.0
140082.0
140249.0
140403.0
140579.0
140740.0
140905.0
141079.0
141235.0
141398.0
141555.0
141705.0
141862.0
142034.0
142184.0
142347.0
142517.0
142679.0
142853.0
143011.0
143176.0
143325.0
143494.0
143656.0
143812.0
143972.0
144122.0
144222.0
144383.0
144528.0
144687.0
144848.0
145008.0
145158.0
145329.0
145490.0
145642.0
145789.0
145961.0
146128.0
146296.0
146462.0
146602.0
146739.0
146892.0
147045.0
147213.0
147366.0
147530.0
147653.0
147814.0
147982.0
148130.0
148306.0
148474.0
148640.0
148785.0
148927.0
149095.0
149246.0
149418.0
149558.0
149706.0
149858.0
150009.0
150178.0
150307.0
150462.0
150631.0
150783.0
150954.0
151117.0
151289.0
151420.0
151586.0
151718.0
151857.0
152020.0
152179.0
152338.0
152510.0
152663.0
152814.0
152980.0
153135.0
153300.0
153462.0
153602.0
153768.0
153928.0
154081.0
154230.0
154398.0
154565.0
154733.0
154903.0
155068.0
155211.0
155383.0
155543.0
155706.0
155875.0
156031.0
156199.0
156364.0
156512.0
156666.0
