a = 0.2
g = 0.5
e = 0.3
random initial weights = true

-878.0
-3425.0
-4208.0
-4704.0
-7139.0
-7749.0
-8257.0
-8842.0
-9287.0
-9778.0
-10245.0
-10759.0
-11207.0
-11689.0
-12111.0
-12593.0
-13034.0
-13497.0
-13964.0
-14392.0
-14866.0
-15352.0
-15808.0
-16278.0
-16764.0
-17197.0
-17657.0
-17548.0
-17393.0
-17844.0
-18276.0
-18718.0
-19164.0
-19604.0
-20053.0
-20468.0
-20884.0
-21307.0
-21756.0
-22186.0
-22016.0
-22433.0
-22859.0
-23281.0
-23749.0
-24162.0
-24613.0
-25037.0
-25448.0
-25874.0
-26291.0
-26721.0
-27158.0
-27586.0
-28017.0
-28463.0
-28894.0
-28720.0
-28565.0
-28983.0
-28832.0
-29254.0
-29685.0
-29544.0
-29368.0
-29211.0
-29053.0
-28890.0
-29301.0
-29131.0
-29553.0
-29391.0
-29227.0
-29060.0
-29477.0
-29899.0
-29734.0
-29566.0
-29981.0
-30407.0
-30256.0
-30676.0
-31108.0
-31533.0
-31365.0
-31205.0
-31033.0
-30866.0
-30701.0
-30534.0
-30367.0
-30791.0
-30621.0
-31056.0
-31481.0
-31913.0
-31753.0
-31590.0
-31419.0
-31247.0
-31083.0
-30905.0
-30731.0
-30555.0
-30397.0
-30229.0
-30066.0
-29900.0
-30323.0
-30167.0
-30585.0
-30418.0
-30837.0
-30682.0
-30512.0
-30342.0
-30168.0
-30006.0
-29840.0
-29672.0
-29498.0
-29332.0
-29180.0
-29008.0
-28834.0
-28662.0
-28494.0
-28322.0
-28151.0
-27989.0
-27842.0
-27676.0
-27500.0
-27340.0
-27171.0
-26999.0
-26832.0
-26663.0
-26494.0
-26320.0
-26148.0
-25974.0
-25800.0
-25628.0
-25456.0
-25289.0
-25113.0
-24948.0
-24770.0
-24596.0
-24420.0
-24244.0
-24068.0
-23892.0
-23725.0
-23556.0
-23382.0
-23216.0
-23044.0
-22875.0
-22702.0
-22526.0
-22352.0
-22178.0
-22011.0
-21835.0
-21667.0
-21495.0
-21328.0
-21159.0
-20985.0
-20820.0
-20653.0
-20481.0
-20305.0
-20131.0
-19961.0
-19803.0
-19636.0
-19465.0
-19291.0
-19123.0
-18954.0
-18778.0
-18606.0
-18436.0
-18267.0
-18097.0
-17923.0
-17747.0
-17575.0
-17399.0
-17230.0
-17054.0
-16876.0
-16711.0
-16557.0
-16396.0
-16218.0
-16056.0
-15883.0
-15712.0
-15539.0
-15366.0
-15207.0
-15051.0
-14875.0
-14699.0
-14525.0
-14349.0
-14207.0
-14029.0
-13860.0
-13706.0
-13533.0
-13357.0
-13219.0
-13047.0
-12875.0
-12699.0
-12523.0
-12352.0
-12188.0
-12012.0
-11860.0
-11696.0
-11522.0
-11348.0
-11170.0
-11003.0
-10841.0
-10682.0
-10514.0
-10340.0
-10179.0
-10018.0
-9842.0
-9666.0
-9494.0
-9325.0
-9147.0
-8971.0
-8802.0
-8640.0
-8464.0
-8286.0
-8110.0
-7936.0
-7770.0
-7594.0
-7426.0
-7262.0
-7090.0
-6926.0
-6759.0
-6593.0
-6417.0
-6248.0
-6090.0
-5927.0
-5760.0
-5591.0
-5440.0
-5270.0
-5096.0
-4922.0
-4746.0
-4573.0
-4395.0
-4221.0
-4055.0
-3877.0
-3707.0
-3531.0
-3364.0
-3188.0
-3014.0
-2860.0
-2697.0
-2535.0
-2363.0
-2197.0
-2023.0
-1856.0
-1690.0
-1525.0
-1355.0
-1195.0
-1023.0
-853.0
-675.0
-511.0
-333.0
-173.0
5.0
176.0
350.0
523.0
689.0
861.0
1023.0
1190.0
1359.0
1532.0
1700.0
1876.0
2046.0
2214.0
2392.0
2565.0
2743.0
2912.0
3090.0
3250.0
3421.0
3589.0
3765.0
3937.0
4104.0
4272.0
4444.0
4622.0
4782.0
4952.0
5128.0
5302.0
5473.0
5644.0
5822.0
5991.0
6160.0
6332.0
6501.0
6677.0
6853.0
7027.0
7201.0
7356.0
7527.0
7699.0
7868.0
8046.0
8217.0
8389.0
8563.0
8739.0
8917.0
9070.0
9240.0
9401.0
9568.0
9740.0
9912.0
10086.0
10242.0
10411.0
10573.0
10743.0
10921.0
11095.0
11261.0
11437.0
11615.0
11787.0
11955.0
12122.0
12296.0
12465.0
12635.0
12809.0
12978.0
13146.0
13318.0
13481.0
13659.0
13799.0
13964.0
14119.0
14297.0
14470.0
14648.0
14822.0
15000.0
15178.0
15337.0
15499.0
15675.0
15847.0
16014.0
16185.0
16357.0
16524.0
16692.0
16866.0
17044.0
17220.0
17393.0
17569.0
17743.0
17917.0
18086.0
18252.0
18420.0
18594.0
18770.0
18942.0
19116.0
19294.0
19455.0
19631.0
19809.0
19985.0
20163.0
20336.0
20512.0
20679.0
20846.0
21022.0
21188.0
21350.0
21526.0
21700.0
21876.0
22047.0
22221.0
22395.0
22567.0
22741.0
22897.0
23071.0
23243.0
23412.0
23590.0
23755.0
23927.0
24103.0
24274.0
24447.0
24611.0
24768.0
24917.0
25086.0
25256.0
25434.0
25612.0
25784.0
25954.0
26117.0
26289.0
26465.0
26639.0
26815.0
26978.0
27152.0
27330.0
27487.0
27655.0
27820.0
27992.0
28158.0
28330.0
28506.0
28673.0
28843.0
29011.0
29172.0
29344.0
29515.0
29691.0
29869.0
30047.0
30219.0
30397.0
30567.0
30743.0
30916.0
31088.0
31260.0
31417.0
31591.0
31767.0
31938.0
32116.0
32277.0
32453.0
32623.0
32786.0
32945.0
33115.0
33293.0
33467.0
33641.0
33807.0
33952.0
34126.0
34297.0
34460.0
34629.0
34793.0
34966.0
35136.0
35314.0
35492.0
35664.0
35842.0
36016.0
36184.0
36349.0
36523.0
36694.0
36859.0
37020.0
37192.0
37359.0
37530.0
37708.0
37876.0
38042.0
38209.0
38378.0
38541.0
38712.0
38872.0
39037.0
39199.0
39375.0
39544.0
39705.0
39868.0
40033.0
40205.0
40381.0
40553.0
40713.0
40873.0
41044.0
41195.0
41356.0
41528.0
41704.0
41880.0
42052.0
42226.0
42389.0
42565.0
42741.0
42915.0
43060.0
43220.0
43389.0
43548.0
43709.0
43876.0
44045.0
44216.0
44394.0
44563.0
44735.0
44906.0
45080.0
45247.0
45417.0
45581.0
45749.0
45917.0
46076.0
46250.0
46420.0
46589.0
46763.0
46935.0
47107.0
47283.0
47455.0
47621.0
47785.0
47963.0
48137.0
48294.0
48468.0
48636.0
48801.0
48960.0
49138.0
49312.0
49481.0
49652.0
49818.0
49992.0
50153.0
50325.0
50503.0
50673.0
50835.0
51003.0
51175.0
51351.0
51527.0
51703.0
51879.0
52043.0
52217.0
52384.0
52542.0
52716.0
52884.0
53062.0
53240.0
53406.0
53578.0
53747.0
53910.0
54088.0
54264.0
54437.0
54610.0
54782.0
54958.0
55136.0
55314.0
55483.0
55655.0
55833.0
55996.0
56174.0
56326.0
56498.0
56660.0
56836.0
57014.0
57188.0
57366.0
57544.0
57703.0
57876.0
58050.0
58226.0
58392.0
58566.0
58729.0
58894.0
59064.0
59234.0
59406.0
59582.0
59752.0
59917.0
60081.0
60254.0
60415.0
60593.0
60744.0
60916.0
61090.0
61262.0
61434.0
61606.0
61777.0
61955.0
62127.0
62294.0
62463.0
62641.0
62800.0
62956.0
63129.0
63292.0
63460.0
63634.0
63795.0
63971.0
64143.0
64310.0
64488.0
64662.0
64840.0
65016.0
65180.0
65354.0
65528.0
65695.0
65873.0
66040.0
66198.0
66370.0
66546.0
66711.0
66889.0
67060.0
67234.0
67410.0
67588.0
67764.0
67938.0
68110.0
68286.0
68455.0
68631.0
68809.0
68981.0
69150.0
69319.0
69497.0
69666.0
69838.0
70001.0
70171.0
70347.0
70525.0
70703.0
70871.0
71032.0
71195.0
71369.0
71539.0
71715.0
71885.0
72054.0
72227.0
72401.0
72572.0
72748.0
72920.0
73085.0
73252.0
73424.0
73600.0
73772.0
73943.0
74109.0
74281.0
74455.0
74624.0
74796.0
74967.0
75141.0
75315.0
75489.0
75657.0
75828.0
76002.0
76176.0
76335.0
76511.0
76653.0
76820.0
76992.0
77163.0
77329.0
77502.0
77661.0
77828.0
78004.0
78180.0
78356.0
78522.0
78690.0
78859.0
79030.0
79188.0
79364.0
79533.0
79700.0
79856.0
80011.0
80180.0
80358.0
80510.0
80688.0
80856.0
81034.0
81202.0
81374.0
81526.0
81702.0
81867.0
82040.0
82210.0
82386.0
82559.0
82720.0
82876.0
83047.0
83207.0
83383.0
83555.0
83716.0
83889.0
84061.0
84237.0
84405.0
84579.0
84751.0
84919.0
85091.0
85267.0
85429.0
85583.0
85757.0
85925.0
86089.0
86263.0
86439.0
86609.0
86781.0
86938.0
87105.0
87277.0
87445.0
87616.0
87786.0
87960.0
88132.0
88299.0
88475.0
88633.0
88811.0
88978.0
89136.0
89314.0
89474.0
89648.0
89817.0
89974.0
90146.0
90318.0
90479.0
90647.0
90819.0
90993.0
91161.0
91328.0
91506.0
91675.0
91851.0
92023.0
92190.0
92364.0
92542.0
92701.0
92879.0
93049.0
93217.0
93389.0
93558.0
93718.0
93879.0
94057.0
94228.0
94402.0
94576.0
94746.0
94922.0
95085.0
95261.0
95435.0
95597.0
95766.0
95932.0
96104.0
96272.0
96448.0
96603.0
96759.0
96927.0
97077.0
97245.0
97419.0
97585.0
97751.0
97919.0
98084.0
98262.0
98425.0
98597.0
98773.0
98943.0
99102.0
99276.0
99454.0
99628.0
99801.0
99967.0
100141.0
100308.0
100484.0
100651.0
100804.0
100976.0
101148.0
101322.0
101500.0
101668.0
101832.0
102006.0
102182.0
102356.0
102534.0
102704.0
102865.0
103036.0
103210.0
103375.0
103553.0
103722.0
103890.0
104066.0
104235.0
104409.0
104587.0
104746.0
104920.0
105094.0
105244.0
105411.0
105585.0
105756.0
105901.0
106074.0
106248.0
106419.0
106595.0
106771.0
106935.0
107105.0
107277.0
107449.0
107620.0
107785.0
107961.0
108134.0
108310.0
108483.0
108661.0
108827.0
109005.0
109178.0
109351.0
109520.0
109696.0
109874.0
110045.0
110210.0
110386.0
110560.0
110727.0
110905.0
111072.0
111242.0
111408.0
111586.0
111754.0
111924.0
112097.0
112268.0
112435.0
112600.0
112762.0
112927.0
113097.0
113267.0
113433.0
113606.0
113777.0
113955.0
114119.0
114284.0
114453.0
114625.0
114801.0
114965.0
115137.0
115310.0
115467.0
115626.0
115802.0
115978.0
116149.0
116294.0
116461.0
116629.0
116783.0
116948.0
117115.0
117284.0
117460.0
117621.0
117785.0
117957.0
118133.0
118307.0
118468.0
118646.0
118805.0
118979.0
119151.0
119320.0
119490.0
119664.0
119840.0
120018.0
120186.0
120360.0
120534.0
120703.0
120875.0
121053.0
121223.0
121382.0
121558.0
121724.0
121892.0
122061.0
122232.0
122408.0
122579.0
122744.0
122920.0
123096.0
123274.0
123450.0
123622.0
123793.0
123969.0
124139.0
124315.0
124493.0
124669.0
124836.0
125003.0
125179.0
125348.0
125519.0
125695.0
125868.0
126036.0
126209.0
126387.0
126561.0
126737.0
126896.0
127058.0
127234.0
127404.0
127568.0
127726.0
127892.0
128049.0
128211.0
128374.0
128546.0
128712.0
128885.0
129051.0
129217.0
129391.0
129554.0
129726.0
129902.0
130078.0
130254.0
130425.0
130603.0
130781.0
130943.0
131119.0
131295.0
131465.0
131626.0
131797.0
131973.0
132143.0
132319.0
132489.0
132645.0
132801.0
132959.0
133128.0
133288.0
133448.0
133614.0
133790.0
133959.0
134135.0
134311.0
134485.0
134649.0
134821.0
134999.0
135162.0
135331.0
135491.0
135665.0
135825.0
135987.0
136163.0
136337.0
136499.0
136666.0
136833.0
137005.0
137177.0
137342.0
137506.0
137680.0
137854.0
138021.0
138195.0
138353.0
138527.0
138682.0
138849.0
139018.0
139192.0
139361.0
139533.0
139711.0
139867.0
140034.0
140201.0
140371.0
140541.0
140711.0
140878.0
141037.0
141215.0
141383.0
141551.0
141697.0
141875.0
142040.0
142201.0
142373.0
142531.0
142695.0
142873.0
143049.0
143214.0
143387.0
143561.0
143732.0
143901.0
144065.0
144241.0
144419.0
144582.0
144756.0
144905.0
145066.0
145233.0
145407.0
145571.0
145727.0
145899.0
146075.0
146234.0
146403.0
146579.0
146755.0
146933.0
147109.0
147262.0
147440.0
147618.0
147776.0
147950.0
148114.0
148292.0
148463.0
148626.0
148800.0
148964.0
149142.0
149308.0
149482.0
149660.0
149823.0
149990.0
150149.0
150307.0
150475.0
150649.0
150818.0
150989.0
151149.0
151327.0
151503.0
151677.0
151853.0
152009.0
152179.0
152353.0
152522.0
152700.0
152876.0
153039.0
153210.0
153381.0
153555.0
153731.0
153907.0
154071.0
154240.0
154402.0
154572.0
154737.0
154900.0
155054.0
155202.0
155378.0
155542.0
155711.0
155883.0
156048.0
156217.0
156393.0
156564.0
156728.0
156901.0
157077.0
157247.0
157425.0
157589.0
157759.0
157918.0
158072.0
158233.0
158398.0
158574.0
158752.0
158917.0
159095.0
159265.0
159431.0
159602.0
159770.0
159941.0
160108.0
160262.0
160434.0
160604.0
160780.0
160956.0
161132.0
161301.0
161475.0
161651.0
161819.0
161993.0
162167.0
162345.0
162515.0
162679.0
162844.0
163020.0
163188.0
163362.0
163529.0
163696.0
163869.0
164045.0
164217.0
164391.0
164565.0
164735.0
164889.0
165055.0
165223.0
165390.0
165550.0
165726.0
165900.0
166078.0
166239.0
166412.0
166584.0
166762.0
166933.0
167109.0
167279.0
167446.0
167620.0
167794.0
167965.0
168127.0
168296.0
168462.0
168627.0
168795.0
168957.0
169133.0
169307.0
169476.0
169652.0
169821.0
169993.0
170169.0
170347.0
170523.0
170681.0
170850.0
171028.0
171196.0
171359.0
171527.0
171698.0
171853.0
172025.0
172187.0
172350.0
172521.0
172697.0
172867.0
173033.0
173200.0
173372.0
173544.0
173711.0
173887.0
174059.0
174235.0
174413.0
174587.0
174757.0
174927.0
175092.0
175268.0
175430.0
175602.0
175773.0
175940.0
176105.0
176270.0
176446.0
176624.0
176793.0
176971.0
177138.0
177304.0
177454.0
177619.0
177792.0
177951.0
178122.0
178296.0
178466.0
178640.0
178818.0
178979.0
179153.0
179312.0
179486.0
179649.0
179818.0
179985.0
180163.0
180341.0
180519.0
180683.0
180857.0
181028.0
181197.0
181366.0
181528.0
181689.0
181865.0
182031.0
182198.0
182376.0
182531.0
182705.0
182873.0
183049.0
183221.0
183391.0
183561.0
183733.0
183902.0
184069.0
184239.0
184411.0
184587.0
184759.0
184930.0
185101.0
185272.0
185425.0
185596.0
185770.0
185932.0
186092.0
186263.0
186436.0
186610.0
186774.0
186948.0
187110.0
187286.0
187451.0
187604.0
187780.0
187953.0
188117.0
188277.0
188455.0
188613.0
188791.0
188952.0
189123.0
189294.0
189461.0
189630.0
189797.0
189963.0
190134.0
190310.0
190486.0
190664.0
190840.0
191014.0
191179.0
191353.0
191518.0
191675.0
191853.0
192024.0
192189.0
192363.0
192537.0
192710.0
192886.0
193053.0
193213.0
193391.0
193554.0
193728.0
193902.0
194078.0
194249.0
194425.0
194597.0
194775.0
194934.0
195103.0
195273.0
195445.0
195621.0
195783.0
195953.0
196120.0
196279.0
196445.0
196621.0
196795.0
196959.0
197123.0
197287.0
197463.0
197634.0
197810.0
197950.0
198124.0
198298.0
198468.0
198644.0
198816.0
198985.0
199159.0
199333.0
199509.0
199685.0
199847.0
200023.0
200197.0
200369.0
200537.0
200711.0
200875.0
201044.0
201211.0
201389.0
201560.0
201729.0
201903.0
202079.0
202249.0
202419.0
202595.0
202773.0
202929.0
203085.0
203241.0
203406.0
203582.0
203745.0
203913.0
204078.0
204254.0
204406.0
204573.0
