a = 0.8
g = 0.5
e = 0.1
random initial weights = true

-2700.0
-5267.0
-7919.0
-8468.0
-8960.0
-9468.0
-10006.0
-10498.0
-10958.0
-11378.0
-11806.0
-12230.0
-12697.0
-13149.0
-13616.0
-14040.0
-14468.0
-14902.0
-15342.0
-15758.0
-16202.0
-16624.0
-16503.0
-16917.0
-17351.0
-17773.0
-18191.0
-18019.0
-18433.0
-18269.0
-18681.0
-19103.0
-19531.0
-19374.0
-19200.0
-19024.0
-18848.0
-18674.0
-18498.0
-18331.0
-18163.0
-17996.0
-17824.0
-17650.0
-17476.0
-17304.0
-17137.0
-16961.0
-16787.0
-16613.0
-16442.0
-16266.0
-16090.0
-15921.0
-15745.0
-15569.0
-15393.0
-15221.0
-15047.0
-14876.0
-14700.0
-14535.0
-14361.0
-14185.0
-14011.0
-13847.0
-13677.0
-13501.0
-13330.0
-13154.0
-12980.0
-12809.0
-12635.0
-12459.0
-12283.0
-12111.0
-11935.0
-11763.0
-11587.0
-11427.0
-11255.0
-11084.0
-10914.0
-10738.0
-10566.0
-10392.0
-10216.0
-10040.0
-9866.0
-9690.0
-9514.0
-9342.0
-9166.0
-8990.0
-8821.0
-8645.0
-8469.0
-8295.0
-8121.0
-7945.0
-7771.0
-7597.0
-7423.0
-7249.0
-7082.0
-6906.0
-6736.0
-6560.0
-6386.0
-6210.0
-6034.0
-5858.0
-5684.0
-5508.0
-5334.0
-5164.0
-4990.0
-4818.0
-4642.0
-4468.0
-4292.0
-4118.0
-3942.0
-3771.0
-3597.0
-3423.0
-3247.0
-3073.0
-2899.0
-2723.0
-2547.0
-2380.0
-2208.0
-2034.0
-1858.0
-1684.0
-1508.0
-1336.0
-1160.0
-984.0
-808.0
-634.0
-460.0
-284.0
-114.0
60.0
236.0
412.0
588.0
764.0
933.0
1104.0
1280.0
1450.0
1626.0
1802.0
1972.0
2148.0
2319.0
2493.0
2669.0
2845.0
3021.0
3195.0
3371.0
3547.0
3723.0
3895.0
4069.0
4245.0
4421.0
4597.0
4771.0
4945.0
5119.0
5283.0
5452.0
5628.0
5802.0
5966.0
6140.0
6316.0
6492.0
6666.0
6835.0
7011.0
7187.0
7363.0
7532.0
7708.0
7879.0
8053.0
8229.0
8405.0
8579.0
8755.0
8926.0
9102.0
9278.0
9454.0
9630.0
9797.0
9973.0
10149.0
10325.0
10501.0
10677.0
10844.0
11020.0
11194.0
11368.0
11535.0
11711.0
11885.0
12057.0
12227.0
12393.0
12569.0
12745.0
12917.0
13088.0
13264.0
13435.0
13611.0
13783.0
13957.0
14133.0
14309.0
14483.0
14657.0
14831.0
15003.0
15171.0
15345.0
15521.0
15697.0
15871.0
16047.0
16223.0
16399.0
16575.0
16746.0
16920.0
17096.0
17270.0
17444.0
17618.0
17792.0
17968.0
18140.0
18316.0
18492.0
18668.0
18844.0
19020.0
19196.0
19372.0
19548.0
19720.0
19896.0
20070.0
20244.0
20420.0
20589.0
20765.0
20941.0
21115.0
21291.0
21467.0
21641.0
21813.0
21987.0
22163.0
22339.0
22515.0
22691.0
22867.0
23043.0
23215.0
23389.0
23565.0
23741.0
23915.0
24091.0
24263.0
24437.0
24613.0
24789.0
24965.0
25136.0
25312.0
25486.0
25662.0
25836.0
26012.0
26179.0
26355.0
26529.0
26703.0
26879.0
27053.0
27222.0
27389.0
27565.0
27741.0
27915.0
28091.0
28263.0
28431.0
28607.0
28776.0
28952.0
29128.0
29302.0
29478.0
29654.0
29824.0
29998.0
30174.0
30350.0
30526.0
30700.0
30876.0
31052.0
31224.0
31400.0
31572.0
31743.0
31919.0
32093.0
32265.0
32439.0
32600.0
32774.0
32950.0
33126.0
33302.0
33478.0
33652.0
33828.0
34000.0
34176.0
34348.0
34524.0
34698.0
34874.0
35048.0
35224.0
35398.0
35572.0
35743.0
35910.0
36086.0
36260.0
36434.0
36608.0
36782.0
36954.0
37128.0
37299.0
37470.0
37639.0
37810.0
37982.0
38150.0
38324.0
38495.0
38671.0
38841.0
39017.0
39193.0
39367.0
39543.0
39715.0
39891.0
40065.0
40239.0
40413.0
40589.0
40765.0
40941.0
41117.0
41291.0
41467.0
41643.0
41819.0
41993.0
42164.0
42340.0
42512.0
42688.0
42864.0
43040.0
43214.0
43388.0
43557.0
43729.0
43903.0
44079.0
44250.0
44426.0
44600.0
44767.0
44943.0
45117.0
45293.0
45469.0
45643.0
45817.0
45986.0
46160.0
46336.0
46512.0
46688.0
46864.0
47031.0
47207.0
47383.0
47559.0
47733.0
47909.0
48085.0
48259.0
48429.0
48601.0
48777.0
48953.0
49127.0
49303.0
49477.0
49649.0
49825.0
50001.0
50177.0
50348.0
50524.0
50700.0
50876.0
51052.0
51224.0
51398.0
51574.0
51748.0
51922.0
52096.0
52270.0
52441.0
52617.0
52789.0
52965.0
53141.0
53313.0
53489.0
53663.0
53839.0
54013.0
54187.0
54363.0
54539.0
54708.0
54884.0
55055.0
55231.0
55407.0
55583.0
55759.0
55935.0
56109.0
56285.0
56461.0
56637.0
56807.0
56983.0
57155.0
57331.0
57501.0
57677.0
57851.0
58023.0
58197.0
58373.0
58549.0
58718.0
58894.0
59063.0
59234.0
59405.0
59579.0
59755.0
59931.0
60105.0
60281.0
60455.0
60629.0
60801.0
60975.0
61151.0
61327.0
61495.0
61671.0
61847.0
62016.0
62190.0
62366.0
62542.0
62718.0
62892.0
63066.0
63242.0
63416.0
63587.0
63761.0
63937.0
64113.0
64289.0
64465.0
64639.0
64815.0
64987.0
65163.0
65339.0
65515.0
65691.0
65865.0
66039.0
66215.0
66386.0
66562.0
66736.0
66908.0
67082.0
67254.0
67425.0
67601.0
67773.0
67943.0
68115.0
68291.0
68458.0
68627.0
68801.0
68975.0
69147.0
69323.0
69499.0
69673.0
69843.0
70012.0
70188.0
70362.0
70536.0
70712.0
70878.0
71047.0
71221.0
71397.0
71573.0
71749.0
71921.0
72097.0
72273.0
72447.0
72621.0
72790.0
72966.0
73140.0
73316.0
73492.0
73668.0
73842.0
74018.0
74192.0
74368.0
74542.0
74718.0
74887.0
75061.0
75237.0
75413.0
75589.0
75765.0
75936.0
76112.0
76288.0
76464.0
76635.0
76809.0
76985.0
77161.0
77333.0
77507.0
77678.0
77852.0
78028.0
78202.0
78378.0
78549.0
78725.0
78899.0
79073.0
79249.0
79423.0
79597.0
79757.0
79933.0
80109.0
80280.0
80456.0
80632.0
80803.0
80977.0
81153.0
81329.0
81496.0
81665.0
81841.0
82008.0
82182.0
82358.0
82523.0
82695.0
82869.0
83037.0
83211.0
83381.0
83555.0
83731.0
83907.0
84081.0
84250.0
84426.0
84593.0
84762.0
84938.0
85114.0
85288.0
85464.0
85635.0
85811.0
85987.0
86163.0
86332.0
86508.0
86684.0
86860.0
87031.0
87200.0
87376.0
87552.0
87728.0
87904.0
88078.0
88252.0
88426.0
88602.0
88776.0
88950.0
89126.0
89302.0
89476.0
89650.0
89822.0
89994.0
90161.0
90333.0
90503.0
90675.0
90851.0
91027.0
91201.0
91375.0
91551.0
91722.0
91896.0
92053.0
92229.0
92401.0
92573.0
92749.0
92919.0
93091.0
93265.0
93441.0
93615.0
93789.0
93963.0
94139.0
94315.0
94489.0
94665.0
94839.0
95013.0
95182.0
95347.0
95523.0
95699.0
95875.0
96051.0
96218.0
96394.0
96564.0
96730.0
96906.0
97082.0
97258.0
97432.0
97603.0
97777.0
97953.0
98127.0
98301.0
98475.0
98651.0
98827.0
98999.0
99173.0
99343.0
99519.0
99693.0
99869.0
100045.0
100213.0
100387.0
100563.0
100734.0
100908.0
101084.0
101260.0
101436.0
101612.0
101788.0
101962.0
102136.0
102312.0
102483.0
102659.0
102833.0
103002.0
103176.0
103348.0
103522.0
103698.0
103874.0
104050.0
104226.0
104395.0
104566.0
104740.0
104916.0
105092.0
105268.0
105439.0
105611.0
105780.0
105956.0
106130.0
106297.0
106471.0
106647.0
106821.0
106997.0
107171.0
107347.0
107518.0
107689.0
107865.0
108039.0
108211.0
108382.0
108556.0
108732.0
108908.0
109078.0
109254.0
109428.0
109599.0
109773.0
109949.0
110117.0
110293.0
110467.0
110641.0
110813.0
110983.0
111159.0
111335.0
111507.0
111683.0
111859.0
112033.0
112207.0
112379.0
112555.0
112731.0
112905.0
113074.0
113248.0
113417.0
113593.0
113763.0
113937.0
114111.0
114287.0
114461.0
114637.0
114809.0
114978.0
115152.0
115323.0
115499.0
115675.0
115851.0
116027.0
116203.0
116379.0
116551.0
116727.0
116903.0
117065.0
117241.0
117417.0
117589.0
117760.0
117934.0
118108.0
118284.0
118460.0
118636.0
118808.0
118977.0
119153.0
119327.0
119503.0
119679.0
119855.0
120031.0
120207.0
120381.0
120557.0
120733.0
120909.0
121085.0
121257.0
121433.0
121609.0
121785.0
121957.0
122131.0
122300.0
122476.0
122648.0
122824.0
122998.0
123169.0
123345.0
123521.0
123695.0
123871.0
124047.0
124223.0
124388.0
124562.0
124738.0
124912.0
125088.0
125262.0
125436.0
125610.0
125786.0
125962.0
126136.0
126312.0
126488.0
126662.0
126833.0
127009.0
127183.0
127359.0
127529.0
127700.0
127874.0
128043.0
128219.0
128393.0
128564.0
128740.0
128916.0
129092.0
129268.0
129444.0
129620.0
129796.0
129968.0
130144.0
130318.0
130492.0
130660.0
130834.0
131006.0
131182.0
131354.0
131528.0
131700.0
131868.0
132044.0
132216.0
132390.0
132564.0
132738.0
132914.0
133090.0
133264.0
133438.0
133606.0
133782.0
133954.0
134121.0
134297.0
134471.0
134647.0
134816.0
134988.0
135164.0
135338.0
135512.0
135688.0
135862.0
136038.0
136214.0
136386.0
136562.0
136734.0
136899.0
137073.0
137243.0
137417.0
137591.0
137765.0
137941.0
138115.0
138289.0
138465.0
138637.0
138809.0
138979.0
139155.0
139327.0
139498.0
139674.0
139845.0
140021.0
140192.0
140368.0
140542.0
140711.0
140881.0
141053.0
141222.0
141393.0
141569.0
141745.0
141915.0
142091.0
142263.0
142439.0
142600.0
142776.0
142950.0
143126.0
143302.0
143476.0
143652.0
143824.0
144000.0
144176.0
144348.0
144522.0
144694.0
144866.0
145040.0
145211.0
145385.0
145561.0
145737.0
145911.0
146087.0
146256.0
146432.0
146606.0
146777.0
146953.0
147127.0
147303.0
147474.0
147643.0
147811.0
147973.0
148149.0
148325.0
148497.0
148671.0
148847.0
149023.0
149199.0
149375.0
149547.0
149721.0
149895.0
150067.0
150234.0
150401.0
150575.0
150746.0
150922.0
151096.0
151268.0
151435.0
151611.0
151787.0
151963.0
152131.0
152307.0
152481.0
152655.0
152831.0
153003.0
153179.0
153355.0
153529.0
153701.0
153875.0
154049.0
154223.0
154393.0
154564.0
154733.0
154909.0
155083.0
155250.0
155426.0
155595.0
155766.0
155942.0
156114.0
156290.0
156458.0
156630.0
156802.0
156978.0
157154.0
157326.0
157502.0
157676.0
157852.0
158028.0
158202.0
158376.0
158547.0
158721.0
158895.0
159071.0
159241.0
159415.0
159589.0
159765.0
159939.0
160111.0
160287.0
160463.0
160631.0
160807.0
160977.0
161151.0
161323.0
161499.0
161673.0
161845.0
162021.0
162188.0
162364.0
162540.0
162714.0
162883.0
163055.0
163231.0
163405.0
163577.0
163753.0
163929.0
164103.0
164279.0
164451.0
164627.0
164803.0
164979.0
165153.0
165314.0
165490.0
165656.0
165832.0
166008.0
166184.0
166360.0
166536.0
166710.0
166886.0
167062.0
167236.0
167412.0
167588.0
167764.0
167938.0
168114.0
168288.0
168457.0
168633.0
168800.0
168976.0
169152.0
169324.0
169500.0
169676.0
169850.0
170018.0
170194.0
170370.0
170544.0
170720.0
170896.0
171072.0
171248.0
171417.0
171586.0
171758.0
171934.0
172110.0
172286.0
172453.0
172619.0
172793.0
172967.0
173141.0
173317.0
173493.0
173667.0
173843.0
174017.0
174193.0
174369.0
174545.0
174721.0
174897.0
175073.0
175249.0
175423.0
175597.0
175773.0
175947.0
176123.0
176295.0
176469.0
176640.0
176807.0
176983.0
177159.0
177335.0
177503.0
177669.0
177843.0
178019.0
178189.0
178363.0
178539.0
178713.0
178889.0
179065.0
179241.0
179417.0
179593.0
179769.0
179943.0
180117.0
180284.0
180454.0
180630.0
180801.0
180977.0
181151.0
181327.0
181503.0
181674.0
181850.0
182024.0
182200.0
182372.0
182546.0
182722.0
182896.0
183065.0
183241.0
183417.0
183591.0
183755.0
183921.0
184095.0
184267.0
184441.0
184610.0
184786.0
184958.0
185127.0
185303.0
185472.0
185648.0
185824.0
186000.0
186167.0
186343.0
186517.0
186693.0
186864.0
187040.0
187209.0
187383.0
187559.0
187735.0
187882.0
188056.0
188226.0
188390.0
188566.0
188738.0
188912.0
189088.0
189264.0
189435.0
189609.0
189785.0
189961.0
190133.0
190307.0
190483.0
190655.0
190831.0
191007.0
191183.0
191357.0
191528.0
191702.0
191873.0
192047.0
192223.0
192399.0
192575.0
192744.0
192920.0
193094.0
193264.0
193438.0
193612.0
193786.0
193962.0
194134.0
194310.0
194484.0
194656.0
194832.0
195008.0
195177.0
195351.0
195521.0
195697.0
195873.0
196047.0
196223.0
196390.0
196562.0
196734.0
196905.0
197081.0
197257.0
197431.0
197605.0
197773.0
197944.0
198113.0
198287.0
198463.0
198637.0
198813.0
198989.0
199161.0
199337.0
199511.0
199685.0
199857.0
200029.0
200198.0
200370.0
200544.0
200716.0
200883.0
201052.0
201224.0
201400.0
201566.0
201742.0
201916.0
202090.0
202264.0
202440.0
202612.0
202788.0
202964.0
203138.0
203307.0
203483.0
203659.0
203831.0
203999.0
204175.0
204349.0
204523.0
204699.0
204864.0
205040.0
205216.0
205387.0
205557.0
205731.0
205905.0
206077.0
206253.0
206429.0
206605.0
206781.0
206955.0
207131.0
207307.0
207483.0
207659.0
207831.0
208005.0
208181.0
208355.0
208529.0
208705.0
208881.0
209055.0
209226.0
209400.0
209570.0
209744.0
209920.0
210092.0
210264.0
210438.0
210612.0
210788.0
210962.0
211136.0
211310.0
211484.0
211660.0
211834.0
212008.0
212182.0
212358.0
212532.0
212708.0
212884.0
213058.0
213234.0
213410.0
213580.0
213756.0
213932.0
214108.0
214284.0
214456.0
214628.0
214804.0
214976.0
215150.0
215324.0
215500.0
215674.0
215848.0
216022.0
216198.0
216374.0
216546.0
216722.0
216898.0
217069.0
217239.0
217415.0
217591.0
217765.0
217941.0
218113.0
218287.0
218459.0
218633.0
218800.0
218976.0
219146.0
219320.0
219496.0
219665.0
219841.0
220015.0
220189.0
220365.0
220541.0
220712.0
220886.0
221057.0
221228.0
221404.0
221580.0
221756.0
221932.0
222104.0
222278.0
222452.0
222628.0
222804.0
222978.0
223154.0
223322.0
223498.0
223669.0
223841.0
224017.0
224193.0
224362.0
224532.0
224704.0
224880.0
225056.0
225225.0
225399.0
225573.0
225745.0
225919.0
226095.0
226271.0
226442.0
226609.0
226785.0
226956.0
227123.0
227297.0
227471.0
227645.0
227821.0
227995.0
228171.0
228347.0
228521.0
228693.0
228867.0
229041.0
229213.0
229387.0
229561.0
229737.0
229906.0
230082.0
230258.0
230434.0
230608.0
230784.0
230958.0
231130.0
231295.0
231467.0
231643.0
231809.0
231985.0
232159.0
232335.0
232511.0
232685.0
232861.0
233032.0
233206.0
233380.0
233554.0
233726.0
233902.0
234076.0
234252.0
234423.0
234597.0
234773.0
234945.0
235121.0
235297.0
