a = 0.5
g = 0.2
e = 0.5
random initial weights = false

-406.0
-1088.0
-2003.0
-2838.0
-3280.0
-3784.0
-4218.0
-4701.0
-5137.0
-5560.0
-6052.0
-6563.0
-6992.0
-7472.0
-7925.0
-8363.0
-8315.0
-8141.0
-8551.0
-8415.0
-8252.0
-8091.0
-7914.0
-7744.0
-7570.0
-7397.0
-7222.0
-7053.0
-6883.0
-6718.0
-6610.0
-6435.0
-6270.0
-6108.0
-5931.0
-5759.0
-5595.0
-5430.0
-5265.0
-5102.0
-4929.0
-4764.0
-4599.0
-4470.0
-4305.0
-4140.0
-4010.0
-3836.0
-3669.0
-3510.0
-3348.0
-3164.0
-2991.0
-2821.0
-2650.0
-2486.0
-2342.0
-2169.0
-2012.0
-1833.0
-1676.0
-1501.0
-1369.0
-1197.0
-1039.0
-871.0
-704.0
-544.0
-364.0
-229.0
-90.0
80.0
239.0
375.0
549.0
727.0
902.0
1032.0
1195.0
1377.0
1550.0
1721.0
1876.0
2044.0
2212.0
2381.0
2538.0
2647.0
2784.0
2956.0
3133.0
3298.0
3466.0
3636.0
3786.0
3939.0
4089.0
4259.0
4369.0
4511.0
4678.0
4834.0
5016.0
5174.0
5354.0
5522.0
5681.0
5856.0
6036.0
6186.0
6362.0
6527.0
6697.0
6867.0
7030.0
7165.0
7343.0
7492.0
7674.0
7827.0
7997.0
8156.0
8305.0
8469.0
8615.0
8773.0
8928.0
9076.0
9239.0
9411.0
9572.0
9735.0
9910.0
10074.0
10228.0
10396.0
10556.0
10683.0
10841.0
11023.0
11167.0
11328.0
11496.0
11674.0
11804.0
11926.0
12094.0
12249.0
12381.0
12544.0
12719.0
12903.0
13072.0
13244.0
13424.0
13585.0
13747.0
13867.0
14041.0
14162.0
14336.0
14498.0
14678.0
14839.0
15011.0
15174.0
15310.0
15490.0
15606.0
15777.0
15941.0
16091.0
16227.0
16411.0
16573.0
16724.0
16886.0
17050.0
17216.0
17391.0
17532.0
17698.0
17869.0
18035.0
18202.0
18373.0
18534.0
18712.0
18896.0
19078.0
19238.0
19393.0
19567.0
19739.0
19916.0
20098.0
20261.0
20420.0
20600.0
20738.0
20900.0
21070.0
21229.0
21372.0
21533.0
21701.0
21885.0
22053.0
22215.0
22379.0
22563.0
22716.0
22874.0
23041.0
23206.0
23361.0
23501.0
23670.0
23779.0
23948.0
24118.0
24287.0
24447.0
24596.0
24771.0
24946.0
25113.0
25270.0
25421.0
25576.0
25753.0
25899.0
26060.0
26239.0
26411.0
26568.0
26725.0
26875.0
27048.0
27225.0
27387.0
27553.0
27727.0
27903.0
28054.0
28230.0
28345.0
28520.0
28692.0
28833.0
29001.0
29179.0
29320.0
29498.0
29668.0
29827.0
30003.0
30168.0
30350.0
30517.0
30682.0
30864.0
30977.0
31140.0
31306.0
31463.0
31589.0
31667.0
31814.0
31970.0
32127.0
32294.0
32445.0
32620.0
32770.0
32932.0
33059.0
33206.0
33386.0
33559.0
33728.0
33889.0
34055.0
34225.0
34389.0
34555.0
34732.0
34869.0
35045.0
35191.0
35330.0
35506.0
35677.0
35844.0
36011.0
36193.0
36364.0
36533.0
36695.0
36823.0
37005.0
37160.0
37339.0
37516.0
37683.0
37854.0
38013.0
38163.0
38329.0
38498.0
38636.0
38809.0
38983.0
39143.0
39298.0
39406.0
39538.0
39703.0
39867.0
40012.0
40182.0
40245.0
40421.0
40561.0
40717.0
40887.0
41061.0
41212.0
41384.0
41504.0
41681.0
41833.0
42002.0
42171.0
42334.0
42499.0
42661.0
42838.0
42997.0
43169.0
43316.0
43478.0
43593.0
43768.0
43941.0
44083.0
44234.0
44392.0
44540.0
44711.0
44880.0
45054.0
45227.0
45376.0
45546.0
45707.0
45868.0
46033.0
46206.0
46372.0
46548.0
46662.0
46825.0
46973.0
47148.0
47280.0
47446.0
47603.0
47758.0
47919.0
48064.0
48229.0
48406.0
48585.0
48754.0
48903.0
49071.0
49216.0
49391.0
49551.0
49720.0
49873.0
50022.0
50161.0
50335.0
50487.0
50651.0
50816.0
50979.0
51139.0
51277.0
51437.0
51595.0
51742.0
51901.0
52058.0
52221.0
52401.0
52580.0
52731.0
52895.0
53055.0
53209.0
53357.0
53532.0
53701.0
53872.0
54013.0
54145.0
54285.0
54430.0
54585.0
54756.0
54892.0
55054.0
55216.0
55388.0
55546.0
55704.0
55861.0
56036.0
56203.0
56376.0
56555.0
56731.0
56877.0
57046.0
57225.0
57397.0
57559.0
57721.0
57901.0
58045.0
58205.0
58370.0
58518.0
58698.0
58874.0
59052.0
59200.0
59376.0
59508.0
59678.0
59848.0
59987.0
60171.0
60319.0
60483.0
60654.0
60813.0
60963.0
61125.0
61283.0
61453.0
61623.0
61778.0
61948.0
62120.0
62298.0
62459.0
62609.0
62775.0
62928.0
63103.0
63246.0
63389.0
63551.0
63713.0
63895.0
64063.0
64238.0
64390.0
64548.0
64724.0
64886.0
65037.0
65194.0
65365.0
65532.0
65706.0
65860.0
66024.0
66156.0
66305.0
66463.0
66629.0
66796.0
66963.0
67115.0
67291.0
67454.0
67612.0
67784.0
67957.0
68104.0
68275.0
68445.0
68622.0
68759.0
68911.0
69069.0
69240.0
69413.0
69581.0
69752.0
69920.0
70068.0
70242.0
70373.0
70538.0
70696.0
70876.0
71058.0
71232.0
71395.0
71574.0
71742.0
71911.0
72069.0
72237.0
72415.0
72547.0
72720.0
72866.0
73040.0
73195.0
73342.0
73524.0
73687.0
73865.0
74020.0
74159.0
74322.0
74474.0
74622.0
74800.0
74961.0
75141.0
75300.0
75475.0
75642.0
75786.0
75951.0
76121.0
76270.0
76429.0
76598.0
76765.0
76944.0
77118.0
77298.0
77448.0
77625.0
77795.0
77972.0
78146.0
78319.0
78492.0
78662.0
78819.0
78970.0
79141.0
79300.0
79462.0
79632.0
79799.0
79942.0
80107.0
80282.0
80440.0
80582.0
80725.0
80898.0
81064.0
81248.0
81417.0
81597.0
81762.0
81930.0
82105.0
82263.0
82423.0
82571.0
82740.0
82913.0
83093.0
83235.0
83417.0
83584.0
83739.0
83921.0
84099.0
84261.0
84401.0
84579.0
84745.0
84906.0
85074.0
85253.0
85424.0
85579.0
85751.0
85913.0
86069.0
86244.0
86426.0
86575.0
86728.0
86885.0
87054.0
87195.0
87336.0
87508.0
87672.0
87843.0
88005.0
88117.0
88284.0
88446.0
88610.0
88765.0
88936.0
89104.0
89277.0
89447.0
89622.0
89781.0
89952.0
90130.0
90264.0
90432.0
90582.0
90745.0
90897.0
91056.0
91213.0
91375.0
91539.0
91678.0
91850.0
91986.0
92145.0
92312.0
92485.0
92626.0
92793.0
92956.0
93138.0
93248.0
93415.0
93597.0
93773.0
93925.0
94077.0
94241.0
94417.0
94568.0
94730.0
94902.0
95079.0
95261.0
95406.0
95552.0
95718.0
95888.0
96063.0
96217.0
96385.0
96564.0
96716.0
96888.0
97042.0
97195.0
97339.0
97477.0
97641.0
97778.0
97962.0
98122.0
98273.0
98425.0
98592.0
98751.0
98928.0
99066.0
99243.0
99388.0
99544.0
99694.0
99814.0
99976.0
100120.0
100287.0
100460.0
100616.0
100778.0
100941.0
101086.0
101255.0
101387.0
101540.0
101705.0
101859.0
102010.0
102151.0
102294.0
102434.0
102606.0
102774.0
102947.0
103127.0
103293.0
103431.0
103592.0
103768.0
103934.0
104099.0
104254.0
104385.0
104540.0
104701.0
104852.0
105032.0
105204.0
105369.0
105526.0
105706.0
105853.0
106014.0
106167.0
106323.0
106462.0
106584.0
106751.0
106922.0
107075.0
107234.0
107399.0
107560.0
107734.0
107897.0
108067.0
108245.0
108411.0
108579.0
108742.0
108919.0
109064.0
109246.0
109424.0
109573.0
109723.0
109898.0
110060.0
110220.0
110382.0
110505.0
110613.0
110776.0
110918.0
111037.0
111203.0
111345.0
111507.0
111649.0
111825.0
111986.0
112146.0
112291.0
112459.0
112620.0
112761.0
112934.0
113089.0
113219.0
113376.0
113550.0
113730.0
113910.0
114084.0
114252.0
114432.0
114605.0
114758.0
114903.0
115071.0
115208.0
115369.0
115537.0
115701.0
115873.0
116038.0
116212.0
116387.0
116564.0
116743.0
116908.0
117076.0
117218.0
117395.0
117540.0
117673.0
117855.0
118030.0
118204.0
118375.0
118533.0
118680.0
118857.0
119008.0
119171.0
119333.0
119505.0
119639.0
119823.0
120001.0
120169.0
120327.0
120471.0
120650.0
120823.0
120992.0
121156.0
121317.0
121469.0
121604.0
121781.0
121918.0
122059.0
122222.0
122386.0
122551.0
122700.0
122869.0
123036.0
123206.0
123374.0
123544.0
123713.0
123882.0
124016.0
124180.0
124345.0
124512.0
124672.0
124849.0
125010.0
125159.0
125328.0
125500.0
125637.0
125805.0
125949.0
126122.0
126302.0
126450.0
126621.0
126793.0
126947.0
127100.0
127249.0
127418.0
127579.0
127726.0
127906.0
128079.0
128263.0
128435.0
128614.0
128786.0
128915.0
129087.0
129228.0
129399.0
129560.0
129736.0
129829.0
129990.0
130156.0
130321.0
130498.0
130665.0
130808.0
130980.0
131151.0
131270.0
131420.0
131562.0
131746.0
131910.0
132085.0
132260.0
132430.0
132557.0
132725.0
132886.0
133061.0
133231.0
133387.0
133549.0
133714.0
133886.0
134064.0
134223.0
134359.0
134507.0
134663.0
134842.0
135021.0
135195.0
135340.0
135502.0
135654.0
135816.0
135949.0
136092.0
136245.0
136395.0
136564.0
136735.0
136884.0
137057.0
137205.0
137339.0
137502.0
137668.0
137804.0
137975.0
138145.0
138288.0
138455.0
138569.0
138689.0
138833.0
138924.0
139097.0
139259.0
139429.0
139589.0
139707.0
139873.0
140053.0
140220.0
140365.0
140535.0
140696.0
140863.0
141036.0
141218.0
141379.0
141538.0
141700.0
141871.0
142018.0
142189.0
142346.0
142476.0
142626.0
142794.0
142932.0
143077.0
143229.0
143395.0
143545.0
143711.0
143881.0
144052.0
144220.0
144372.0
144504.0
144675.0
144846.0
144990.0
145162.0
145321.0
145481.0
145652.0
145824.0
145931.0
146086.0
146259.0
146429.0
146592.0
146764.0
146934.0
147105.0
147275.0
147444.0
147585.0
147735.0
147900.0
148031.0
148190.0
148334.0
148514.0
148698.0
148813.0
148980.0
149121.0
149261.0
149362.0
149482.0
149631.0
149759.0
149910.0
150077.0
150205.0
150361.0
150525.0
150691.0
150839.0
151008.0
151176.0
151342.0
151512.0
151696.0
151852.0
152026.0
152180.0
152353.0
152500.0
152680.0
152841.0
153007.0
153153.0
153317.0
153496.0
153657.0
153812.0
153959.0
154139.0
154304.0
154460.0
154638.0
154813.0
154959.0
155141.0
155314.0
155494.0
155667.0
155851.0
156010.0
156179.0
156348.0
156502.0
156653.0
156817.0
156989.0
157160.0
157296.0
157480.0
157624.0
157793.0
157948.0
158128.0
158304.0
158483.0
158649.0
158824.0
158996.0
159173.0
159334.0
159506.0
159669.0
159803.0
159964.0
160121.0
160260.0
160436.0
160595.0
160758.0
160936.0
161078.0
161238.0
161394.0
161553.0
161703.0
161880.0
162057.0
162200.0
162367.0
162547.0
162713.0
162885.0
163056.0
163236.0
163406.0
163564.0
163746.0
163919.0
164068.0
164250.0
164424.0
164538.0
164711.0
164887.0
165020.0
165174.0
165346.0
165467.0
165644.0
165787.0
165962.0
166110.0
166287.0
166455.0
166623.0
166741.0
166904.0
167076.0
167246.0
167418.0
167589.0
167752.0
167910.0
168063.0
168221.0
168382.0
168545.0
168720.0
168904.0
169065.0
169214.0
169385.0
169540.0
169705.0
169860.0
170028.0
170182.0
170347.0
170502.0
170600.0
170767.0
170929.0
171091.0
171225.0
171402.0
171574.0
171726.0
171875.0
172036.0
172206.0
172301.0
172471.0
172634.0
172790.0
172933.0
173096.0
173264.0
173408.0
173582.0
173727.0
173897.0
174043.0
174211.0
174364.0
174513.0
174674.0
174831.0
174996.0
175156.0
175329.0
175513.0
175677.0
175844.0
176015.0
176174.0
176325.0
176498.0
176649.0
176814.0
176973.0
177114.0
177285.0
177454.0
177578.0
177753.0
177917.0
178069.0
178222.0
178391.0
178533.0
178700.0
178848.0
179025.0
179191.0
179353.0
179530.0
179700.0
179877.0
179983.0
180167.0
180327.0
180496.0
180656.0
180836.0
181009.0
181169.0
181334.0
181461.0
181637.0
181804.0
181948.0
182084.0
182242.0
182422.0
182602.0
182748.0
182913.0
183095.0
183249.0
183402.0
183564.0
183719.0
183889.0
184039.0
184196.0
184364.0
184523.0
184673.0
184842.0
185005.0
185122.0
185275.0
185444.0
185584.0
185760.0
185921.0
186080.0
186244.0
186399.0
186562.0
186697.0
186862.0
187024.0
187196.0
187357.0
187522.0
187626.0
187804.0
187950.0
188057.0
188227.0
188405.0
188573.0
188736.0
188913.0
189085.0
189267.0
189449.0
189613.0
189776.0
189947.0
190085.0
190241.0
190425.0
190582.0
190716.0
190883.0
191060.0
191235.0
191391.0
191561.0
191724.0
191887.0
192054.0
192166.0
192323.0
192466.0
192616.0
192774.0
192925.0
193067.0
193243.0
193418.0
193574.0
193736.0
193894.0
194056.0
194194.0
194370.0
194518.0
194676.0
194820.0
195000.0
195142.0
195324.0
195506.0
195646.0
195824.0
195977.0
196130.0
196301.0
196455.0
196627.0
196777.0
196926.0
197103.0
197260.0
197428.0
197602.0
197772.0
197937.0
198102.0
198245.0
198386.0
198533.0
198696.0
198860.0
198987.0
199120.0
199267.0
199438.0
199608.0
199771.0
199929.0
200092.0
200261.0
200431.0
200588.0
200750.0
200904.0
201075.0
201209.0
201369.0
201523.0
201689.0
201845.0
202018.0
202172.0
202347.0
202500.0
202677.0
202833.0
202977.0
203137.0
203290.0
203465.0
203645.0
203778.0
203941.0
204113.0
204285.0
204463.0
204638.0
204808.0
204981.0
205132.0
205277.0
205426.0
205598.0
205774.0
205950.0
206114.0
206266.0
206432.0
206582.0
206766.0
206935.0
207080.0
207236.0
207405.0
207542.0
207715.0
207869.0
208030.0
208158.0
208326.0
208483.0
208612.0
208782.0
208923.0
209088.0
209264.0
209421.0
209594.0
209773.0
209948.0
210111.0
210272.0
210440.0
210615.0
210772.0
210944.0
211072.0
211254.0
211418.0
211595.0
211757.0
211920.0
212083.0
212247.0
212396.0
212547.0
212710.0
212874.0
213047.0
213204.0
213327.0
213499.0
213663.0
213834.0
214006.0
214171.0
214296.0
214455.0
214614.0
214768.0
214928.0
215086.0
215244.0
215409.0
215584.0
215759.0
215937.0
216108.0
216271.0
216434.0
216610.0
216775.0
216946.0
217108.0
217278.0
217432.0
217594.0
217751.0
217895.0
218058.0
218216.0
218368.0
218517.0
218684.0
218847.0
219015.0
219193.0
219332.0
219504.0
219681.0
219832.0
220000.0
220157.0
220317.0
220482.0
220651.0
220835.0
220980.0
221162.0
221331.0
221480.0
221635.0
221803.0
221958.0
222113.0
222285.0
222448.0
222622.0
222791.0
222963.0
223131.0
223302.0
223450.0
223616.0
223779.0
223951.0
224120.0
224288.0
224447.0
224606.0
224767.0
224951.0
225105.0
225279.0
225463.0
225632.0
225788.0
225955.0
226132.0
226278.0
226435.0
226617.0
226775.0
226944.0
227116.0
227261.0
227435.0
227600.0
227728.0
227908.0
228047.0
228219.0
228395.0
228534.0
228697.0
228849.0
229014.0
229178.0
229348.0
229504.0
229667.0
229829.0
