a = 0.8
g = 0.2
e = 0.5
random initial weights = true

-655.0
-1190.0
-1752.0
-2432.0
-2896.0
-3427.0
-4111.0
-4573.0
-5050.0
-4914.0
-5324.0
-5265.0
-5702.0
-5569.0
-5444.0
-5294.0
-5139.0
-4995.0
-4855.0
-4698.0
-4523.0
-4385.0
-4235.0
-4095.0
-3937.0
-3770.0
-3622.0
-3449.0
-3279.0
-3102.0
-2925.0
-2762.0
-2587.0
-2437.0
-2307.0
-2138.0
-1995.0
-1830.0
-1693.0
-1538.0
-1376.0
-1223.0
-1078.0
-901.0
-739.0
-618.0
-440.0
-270.0
-102.0
61.0
238.0
407.0
536.0
707.0
868.0
1022.0
1191.0
1368.0
1538.0
1695.0
1857.0
2025.0
2184.0
2300.0
2429.0
2584.0
2748.0
2922.0
3080.0
3241.0
3407.0
3585.0
3744.0
3897.0
4062.0
4234.0
4413.0
4588.0
4739.0
4887.0
5048.0
5184.0
5355.0
5509.0
5673.0
5846.0
6006.0
6175.0
6327.0
6484.0
6663.0
6809.0
6988.0
7163.0
7336.0
7500.0
7661.0
7820.0
7980.0
8148.0
8311.0
8480.0
8656.0
8838.0
8986.0
9145.0
9308.0
9467.0
9626.0
9790.0
9963.0
10139.0
10312.0
10481.0
10634.0
10800.0
10963.0
11120.0
11287.0
11451.0
11619.0
11773.0
11935.0
12081.0
12240.0
12395.0
12558.0
12737.0
12881.0
13038.0
13207.0
13336.0
13495.0
13659.0
13832.0
13982.0
14143.0
14317.0
14487.0
14658.0
14816.0
14984.0
15119.0
15280.0
15441.0
15611.0
15786.0
15936.0
16113.0
16226.0
16403.0
16549.0
16708.0
16868.0
17019.0
17187.0
17330.0
17510.0
17682.0
17860.0
17966.0
18145.0
18310.0
18463.0
18584.0
18732.0
18890.0
19045.0
19205.0
19347.0
19499.0
19651.0
19826.0
19996.0
20153.0
20311.0
20464.0
20604.0
20758.0
20923.0
21095.0
21251.0
21390.0
21568.0
21703.0
21885.0
22031.0
22197.0
22360.0
22532.0
22712.0
22880.0
23057.0
23221.0
23385.0
23553.0
23727.0
23894.0
24059.0
24225.0
24397.0
24545.0
24706.0
24871.0
25047.0
25195.0
25377.0
25529.0
25700.0
25874.0
26036.0
26188.0
26343.0
26520.0
26684.0
26847.0
27013.0
27172.0
27347.0
27497.0
27642.0
27811.0
27960.0
28108.0
28267.0
28444.0
28626.0
28791.0
28967.0
29143.0
29270.0
29425.0
29603.0
29763.0
29937.0
30107.0
30251.0
30418.0
30592.0
30755.0
30912.0
31092.0
31262.0
31418.0
31602.0
31740.0
31915.0
32062.0
32231.0
32382.0
32547.0
32705.0
32880.0
33044.0
33197.0
33344.0
33512.0
33680.0
33854.0
34007.0
34177.0
34332.0
34497.0
34661.0
34843.0
35020.0
35181.0
35313.0
35492.0
35664.0
35793.0
35958.0
36111.0
36262.0
36436.0
36611.0
36779.0
36943.0
37122.0
37285.0
37441.0
37576.0
37751.0
37883.0
38065.0
38228.0
38403.0
38581.0
38745.0
38925.0
39098.0
39253.0
39432.0
39600.0
39757.0
39924.0
40102.0
40268.0
40437.0
40595.0
40751.0
40903.0
41087.0
41258.0
41416.0
41600.0
41745.0
41864.0
42038.0
42194.0
42340.0
42506.0
42682.0
42825.0
42955.0
43116.0
43280.0
43416.0
43592.0
43758.0
43927.0
44080.0
44242.0
44394.0
44547.0
44708.0
44871.0
45027.0
45170.0
45335.0
45494.0
45672.0
45816.0
45981.0
46146.0
46326.0
46493.0
46666.0
46828.0
46978.0
47147.0
47321.0
47475.0
47635.0
47793.0
47975.0
48143.0
48302.0
48450.0
48614.0
48781.0
48944.0
49082.0
49254.0
49418.0
49582.0
49755.0
49911.0
50063.0
50242.0
50404.0
50586.0
50758.0
50923.0
51093.0
51250.0
51430.0
51596.0
51766.0
51881.0
52060.0
52225.0
52377.0
52531.0
52682.0
52851.0
53006.0
53174.0
53340.0
53510.0
53677.0
53820.0
53983.0
54143.0
54311.0
54475.0
54618.0
54778.0
54949.0
55122.0
55299.0
55448.0
55613.0
55781.0
55951.0
56085.0
56237.0
56405.0
56579.0
56702.0
56872.0
57036.0
57201.0
57361.0
57523.0
57685.0
57845.0
58015.0
58182.0
58348.0
58512.0
58683.0
58852.0
59029.0
59194.0
59369.0
59541.0
59716.0
59835.0
60012.0
60174.0
60340.0
60486.0
60634.0
60807.0
60969.0
61106.0
61257.0
61427.0
61591.0
61754.0
61880.0
62018.0
62195.0
62363.0
62520.0
62689.0
62846.0
62989.0
63154.0
63297.0
63295.0
63474.0
63636.0
63813.0
63964.0
64135.0
64309.0
64484.0
64658.0
64820.0
64976.0
65150.0
65330.0
65488.0
65663.0
65817.0
65994.0
66166.0
66311.0
66486.0
66638.0
66803.0
66947.0
67126.0
67275.0
67438.0
67573.0
67752.0
67914.0
68084.0
68251.0
68403.0
68574.0
68756.0
68918.0
69071.0
69243.0
69405.0
69563.0
69715.0
69872.0
70045.0
70213.0
70353.0
70506.0
70670.0
70832.0
70953.0
71137.0
71298.0
71457.0
71604.0
71780.0
71931.0
72097.0
72260.0
72422.0
72585.0
72748.0
72910.0
72983.0
73139.0
73313.0
73470.0
73618.0
73769.0
73951.0
74117.0
74259.0
74406.0
74583.0
74757.0
74919.0
75053.0
75210.0
75366.0
75532.0
75714.0
75861.0
76024.0
76194.0
76344.0
76508.0
76682.0
76849.0
76986.0
77110.0
77265.0
77445.0
77576.0
77748.0
77911.0
78055.0
78213.0
78393.0
78568.0
78740.0
78908.0
79069.0
79221.0
79398.0
79517.0
79685.0
79847.0
80017.0
80179.0
80353.0
80517.0
80694.0
80816.0
80964.0
81135.0
81281.0
81455.0
81627.0
81790.0
81956.0
82102.0
82265.0
82424.0
82608.0
82775.0
82951.0
83113.0
83259.0
83423.0
83603.0
83734.0
83879.0
84043.0
84199.0
84369.0
84538.0
84683.0
84823.0
84991.0
85175.0
85332.0
85449.0
85606.0
85757.0
85916.0
86086.0
86252.0
86429.0
86595.0
86745.0
86884.0
87059.0
87233.0
87406.0
87572.0
87719.0
87881.0
88027.0
88192.0
88347.0
88513.0
88663.0
88807.0
88952.0
89118.0
89302.0
89474.0
89644.0
89779.0
89956.0
90134.0
90290.0
90468.0
90601.0
90762.0
90931.0
91088.0
91236.0
91411.0
91567.0
91733.0
91881.0
92053.0
92202.0
92382.0
92562.0
92723.0
92870.0
93005.0
93172.0
93340.0
93497.0
93670.0
93850.0
94005.0
94174.0
94345.0
94512.0
94659.0
94824.0
94998.0
95180.0
95343.0
95505.0
95653.0
95793.0
95935.0
96085.0
96250.0
96419.0
96585.0
96714.0
96889.0
97061.0
97227.0
97399.0
97541.0
97714.0
97874.0
98031.0
98196.0
98366.0
98513.0
98666.0
98828.0
98997.0
99160.0
99337.0
99501.0
99662.0
99819.0
99996.0
100171.0
100285.0
100452.0
100611.0
100777.0
100915.0
101075.0
101227.0
101359.0
101513.0
101684.0
101840.0
102020.0
102191.0
102358.0
102533.0
102681.0
102859.0
103000.0
103159.0
103295.0
103443.0
103609.0
103786.0
103949.0
104122.0
104282.0
104445.0
104629.0
104723.0
104891.0
105043.0
105210.0
105392.0
105554.0
105723.0
105870.0
106032.0
106187.0
106354.0
106508.0
106655.0
106777.0
106914.0
107072.0
107234.0
107400.0
107558.0
107719.0
107886.0
108018.0
108189.0
108334.0
108460.0
108630.0
108783.0
108949.0
109100.0
109244.0
109386.0
109553.0
109731.0
109886.0
110036.0
110166.0
110334.0
110499.0
110674.0
110845.0
111007.0
111142.0
111289.0
111463.0
111629.0
111773.0
111927.0
112103.0
112273.0
112428.0
112591.0
112752.0
112902.0
113065.0
113224.0
113376.0
113514.0
113664.0
113848.0
113985.0
114137.0
114288.0
114459.0
114590.0
114761.0
114918.0
115083.0
115261.0
115419.0
115591.0
115768.0
115927.0
116087.0
116269.0
116444.0
116585.0
116739.0
116912.0
117071.0
117244.0
117421.0
117585.0
117752.0
117927.0
118078.0
118255.0
118416.0
118570.0
118743.0
118898.0
119036.0
119205.0
119382.0
119523.0
119698.0
119841.0
119971.0
120142.0
120316.0
120487.0
120658.0
120822.0
120992.0
121149.0
121281.0
121433.0
121601.0
121760.0
121935.0
122112.0
122267.0
122409.0
122562.0
122717.0
122892.0
123067.0
123216.0
123359.0
123532.0
123699.0
123853.0
123994.0
124161.0
124338.0
124517.0
124656.0
124820.0
124993.0
125133.0
125305.0
125465.0
125611.0
125789.0
125960.0
126120.0
126270.0
126426.0
126595.0
126736.0
126896.0
127070.0
127241.0
127406.0
127557.0
127726.0
127862.0
128046.0
128224.0
128390.0
128565.0
128740.0
128903.0
129049.0
129197.0
129370.0
129531.0
129689.0
129857.0
129998.0
130163.0
130302.0
130459.0
130628.0
130793.0
130972.0
131138.0
131309.0
131480.0
131645.0
131815.0
131997.0
132167.0
132309.0
132478.0
132638.0
132820.0
132984.0
133155.0
133335.0
133511.0
133656.0
133806.0
133967.0
134142.0
134256.0
134430.0
134601.0
134762.0
134896.0
135062.0
135238.0
135397.0
135556.0
135717.0
135899.0
136075.0
136248.0
136373.0
136542.0
136704.0
136876.0
137060.0
137193.0
137361.0
137530.0
137659.0
137823.0
137969.0
138142.0
138288.0
138452.0
138631.0
138807.0
138984.0
139158.0
139336.0
139509.0
139653.0
139802.0
139972.0
140147.0
140297.0
140456.0
140624.0
140782.0
140952.0
141114.0
141225.0
141393.0
141543.0
141685.0
141840.0
141996.0
142150.0
142296.0
142474.0
142608.0
142759.0
142926.0
143089.0
143217.0
143327.0
143500.0
143662.0
143822.0
143987.0
144084.0
144228.0
144390.0
144544.0
144724.0
144898.0
145067.0
145235.0
145404.0
145552.0
145719.0
145888.0
146038.0
146202.0
146354.0
146531.0
146680.0
146846.0
147003.0
147159.0
147337.0
147503.0
147657.0
147827.0
147996.0
148154.0
148304.0
148481.0
148641.0
148772.0
148908.0
149046.0
149208.0
149377.0
149531.0
149697.0
149877.0
150025.0
150167.0
150337.0
150490.0
150667.0
150828.0
150972.0
151139.0
151309.0
151461.0
151602.0
151719.0
151876.0
152022.0
152174.0
152339.0
152500.0
152665.0
152816.0
152981.0
153130.0
153279.0
153435.0
153603.0
153772.0
153939.0
154114.0
154267.0
154446.0
154619.0
154779.0
154911.0
155060.0
155220.0
155354.0
155507.0
155657.0
155826.0
155989.0
156167.0
156321.0
156487.0
156650.0
156791.0
156922.0
157081.0
157253.0
157377.0
157535.0
157694.0
157857.0
157999.0
158161.0
158335.0
158508.0
158673.0
158816.0
158991.0
159166.0
159333.0
159474.0
159652.0
159825.0
159968.0
160139.0
160302.0
160477.0
160640.0
160822.0
160988.0
161154.0
161329.0
161488.0
161644.0
161820.0
162000.0
162171.0
162312.0
162481.0
162631.0
162790.0
162972.0
163125.0
163295.0
163455.0
163617.0
163777.0
163938.0
164109.0
164287.0
164413.0
164578.0
164743.0
164927.0
165101.0
165283.0
165440.0
165614.0
165776.0
165938.0
166102.0
166262.0
166431.0
166587.0
166741.0
166906.0
167079.0
167238.0
167411.0
167581.0
167760.0
167927.0
168099.0
168256.0
168410.0
168581.0
168758.0
168908.0
169050.0
169217.0
169395.0
169546.0
169675.0
169831.0
169991.0
170167.0
170317.0
170471.0
170627.0
170786.0
170968.0
171112.0
171278.0
171436.0
171601.0
171763.0
171917.0
172086.0
172268.0
172432.0
172585.0
172748.0
172912.0
173070.0
173238.0
173399.0
173530.0
173692.0
173871.0
174039.0
174218.0
174329.0
174506.0
174658.0
174817.0
174978.0
175129.0
175289.0
175469.0
175626.0
175778.0
175950.0
176119.0
176287.0
176455.0
176632.0
176783.0
176949.0
177121.0
177265.0
177430.0
177594.0
177748.0
177908.0
178026.0
178201.0
178374.0
178554.0
178705.0
178853.0
179021.0
179185.0
179347.0
179519.0
179660.0
179830.0
179989.0
180158.0
180294.0
180434.0
180599.0
180764.0
180928.0
181099.0
181266.0
181440.0
181609.0
181766.0
181935.0
182097.0
182271.0
182449.0
182615.0
182761.0
182922.0
183074.0
183247.0
183410.0
183538.0
183712.0
183872.0
184015.0
184163.0
184323.0
184481.0
184644.0
184775.0
184938.0
185115.0
185288.0
185441.0
185618.0
185770.0
185938.0
186093.0
186272.0
186442.0
186578.0
186748.0
186917.0
187065.0
187216.0
187396.0
187556.0
187733.0
187899.0
188054.0
188225.0
188397.0
188564.0
188733.0
188894.0
189053.0
189210.0
189378.0
189542.0
189718.0
189881.0
190026.0
190161.0
190333.0
190505.0
190673.0
190836.0
191005.0
191153.0
191314.0
191478.0
191648.0
191808.0
191969.0
192134.0
192266.0
192443.0
192620.0
192789.0
192948.0
193122.0
193267.0
193403.0
193564.0
193738.0
193898.0
194043.0
194175.0
194334.0
194500.0
194674.0
194853.0
195003.0
195178.0
195340.0
195518.0
195638.0
195806.0
195926.0
196101.0
196270.0
196445.0
196587.0
196736.0
196902.0
197072.0
197224.0
197386.0
197544.0
197708.0
197867.0
198010.0
198150.0
198325.0
198505.0
198680.0
198851.0
198991.0
199148.0
199292.0
199422.0
199581.0
199723.0
199870.0
200024.0
200153.0
200335.0
200503.0
200662.0
200841.0
200999.0
201164.0
201337.0
201521.0
201689.0
201859.0
201995.0
202162.0
202324.0
202473.0
202629.0
202778.0
202939.0
203111.0
203280.0
203434.0
203599.0
203765.0
203934.0
204100.0
204250.0
204400.0
204533.0
204706.0
204862.0
205016.0
205174.0
205341.0
205517.0
205684.0
205847.0
206001.0
206175.0
206337.0
206471.0
206645.0
206817.0
206980.0
207147.0
207299.0
207469.0
207621.0
207778.0
207922.0
208091.0
208226.0
208396.0
208548.0
208668.0
208841.0
209007.0
209183.0
209346.0
209513.0
209695.0
209872.0
210052.0
210205.0
210325.0
210504.0
210664.0
210829.0
211001.0
211160.0
211329.0
211497.0
211668.0
211833.0
211956.0
212129.0
212307.0
212486.0
212642.0
212787.0
212954.0
213073.0
213216.0
213388.0
213543.0
213700.0
213852.0
213988.0
214163.0
214333.0
214493.0
214660.0
214816.0
214993.0
215145.0
215310.0
215475.0
215634.0
215797.0
215930.0
216069.0
216236.0
216406.0
216569.0
216696.0
216850.0
217023.0
217184.0
217363.0
217539.0
217666.0
217829.0
217995.0
218126.0
218255.0
218404.0
218571.0
218748.0
218917.0
219090.0
219232.0
219412.0
219585.0
219759.0
219920.0
220095.0
220234.0
220407.0
220523.0
220702.0
220829.0
220966.0
221139.0
221321.0
221496.0
221676.0
221849.0
222023.0
222196.0
222339.0
222489.0
222639.0
222785.0
222951.0
223121.0
223278.0
223428.0
223597.0
223752.0
223926.0
224079.0
224242.0
224409.0
224587.0
224735.0
224875.0
225025.0
225176.0
225333.0
225489.0
225673.0
225829.0
225981.0
226111.0
226291.0
226449.0
226633.0
226798.0
226957.0
227118.0
227280.0
227412.0
227575.0
227737.0
227898.0
228071.0
228246.0
228387.0
228539.0
228706.0
228872.0
229031.0
229182.0
229335.0
229489.0
229627.0
229804.0
229944.0
230107.0
230263.0
230430.0
230599.0
230768.0
230929.0
231072.0
231222.0
231392.0
231536.0
231704.0
231878.0
232031.0
232177.0
232342.0
232486.0
232655.0
232822.0
232988.0
