a = 0.2
g = 0.8
e = 0.3
random initial weights = true

-2673.0
-3587.0
-6095.0
-6592.0
-7030.0
-7487.0
-7905.0
-8345.0
-8772.0
-11256.0
-11891.0
-12342.0
-12766.0
-12633.0
-13048.0
-13500.0
-13915.0
-14339.0
-14755.0
-14597.0
-15009.0
-14841.0
-14665.0
-14505.0
-14321.0
-14144.0
-14036.0
-13852.0
-13670.0
-13505.0
-13332.0
-13153.0
-12973.0
-12791.0
-12613.0
-12429.0
-12249.0
-12074.0
-11904.0
-11724.0
-11542.0
-11362.0
-11182.0
-11013.0
-10831.0
-10652.0
-10481.0
-10297.0
-10115.0
-9937.0
-9764.0
-9590.0
-9413.0
-9242.0
-9060.0
-8900.0
-8718.0
-8561.0
-8377.0
-8210.0
-8037.0
-7874.0
-7690.0
-7513.0
-7333.0
-7151.0
-6967.0
-6809.0
-6634.0
-6457.0
-6298.0
-6142.0
-5962.0
-5780.0
-5596.0
-5414.0
-5239.0
-5084.0
-4910.0
-4728.0
-4553.0
-4379.0
-4200.0
-4020.0
-3840.0
-3667.0
-3492.0
-3319.0
-3158.0
-2976.0
-2792.0
-2615.0
-2440.0
-2274.0
-2096.0
-1912.0
-1772.0
-1594.0
-1414.0
-1249.0
-1067.0
-885.0
-708.0
-528.0
-357.0
-179.0
3.0
183.0
353.0
521.0
689.0
868.0
1052.0
1232.0
1411.0
1585.0
1750.0
1932.0
2114.0
2282.0
2460.0
2639.0
2813.0
2991.0
3169.0
3325.0
3483.0
3657.0
3829.0
4006.0
4190.0
4362.0
4528.0
4707.0
4891.0
5068.0
5250.0
5414.0
5592.0
5772.0
5943.0
6125.0
6309.0
6481.0
6660.0
6829.0
6997.0
7167.0
7340.0
7513.0
7691.0
7875.0
8039.0
8218.0
8402.0
8569.0
8738.0
8916.0
9093.0
9275.0
9439.0
9614.0
9798.0
9973.0
10141.0
10294.0
10460.0
10635.0
10809.0
10982.0
11162.0
11344.0
11522.0
11696.0
11875.0
12046.0
12220.0
12386.0
12566.0
12743.0
12922.0
13099.0
13273.0
13452.0
13634.0
13805.0
13989.0
14171.0
14338.0
14515.0
14687.0
14865.0
15037.0
15209.0
15379.0
15546.0
15728.0
15912.0
16075.0
16259.0
16425.0
16605.0
16782.0
16960.0
17129.0
17307.0
17484.0
17654.0
17816.0
17988.0
18172.0
18354.0
18536.0
18698.0
18870.0
19045.0
19216.0
19391.0
19563.0
19731.0
19915.0
20093.0
20275.0
20457.0
20629.0
20811.0
20979.0
21154.0
21338.0
21507.0
21680.0
21854.0
22017.0
22195.0
22375.0
22551.0
22721.0
22893.0
23063.0
23243.0
23415.0
23599.0
23779.0
23963.0
24137.0
24305.0
24476.0
24656.0
24834.0
25016.0
25200.0
25380.0
25555.0
25739.0
25914.0
26089.0
26273.0
26439.0
26623.0
26795.0
26972.0
27154.0
27336.0
27515.0
27697.0
27866.0
28039.0
28205.0
28385.0
28546.0
28710.0
28887.0
29065.0
29240.0
29411.0
29593.0
29764.0
29944.0
30124.0
30294.0
30474.0
30629.0
30801.0
30964.0
31126.0
31310.0
31489.0
31666.0
31839.0
32023.0
32202.0
32338.0
32518.0
32686.0
32865.0
33034.0
33213.0
33387.0
33571.0
33750.0
33925.0
34092.0
34269.0
34449.0
34633.0
34802.0
34979.0
35158.0
35338.0
35516.0
35689.0
35865.0
36047.0
36219.0
36395.0
36541.0
36723.0
36886.0
37065.0
37245.0
37412.0
37592.0
37759.0
37927.0
38101.0
38249.0
38424.0
38594.0
38773.0
38951.0
39105.0
39282.0
39455.0
39628.0
39812.0
39981.0
40141.0
40316.0
40483.0
40665.0
40834.0
41018.0
41200.0
41356.0
41525.0
41709.0
41893.0
42065.0
42240.0
42403.0
42580.0
42755.0
42930.0
43112.0
43278.0
43447.0
43624.0
43799.0
43981.0
44160.0
44326.0
44505.0
44664.0
44831.0
45002.0
45186.0
45353.0
45525.0
45689.0
45864.0
46024.0
46189.0
46351.0
46524.0
46695.0
46858.0
47030.0
47209.0
47391.0
47566.0
47739.0
47917.0
48076.0
48248.0
48427.0
48593.0
48760.0
48937.0
49117.0
49287.0
49464.0
49644.0
49819.0
50001.0
50174.0
50348.0
50525.0
50692.0
50867.0
51046.0
51216.0
51398.0
51580.0
51758.0
51934.0
52104.0
52274.0
52449.0
52626.0
52810.0
52982.0
53166.0
53348.0
53528.0
53712.0
53894.0
54078.0
54247.0
54419.0
54599.0
54770.0
54942.0
55122.0
55287.0
55452.0
55624.0
55804.0
55986.0
56160.0
56328.0
56504.0
56680.0
56852.0
57019.0
57199.0
57374.0
57558.0
57731.0
57906.0
58086.0
58265.0
58441.0
58607.0
58787.0
58964.0
59136.0
59320.0
59504.0
59681.0
59861.0
60035.0
60206.0
60379.0
60561.0
60730.0
60903.0
61076.0
61241.0
61423.0
61596.0
61770.0
61939.0
62114.0
62298.0
62476.0
62655.0
62818.0
62988.0
63157.0
63335.0
63519.0
63697.0
63869.0
64042.0
64219.0
64398.0
64573.0
64752.0
64936.0
65118.0
65287.0
65465.0
65649.0
65831.0
66007.0
66191.0
66367.0
66551.0
66728.0
66910.0
67088.0
67236.0
67413.0
67576.0
67754.0
67921.0
68088.0
68266.0
68444.0
68615.0
68768.0
68952.0
69130.0
69295.0
69472.0
69651.0
69835.0
70014.0
70196.0
70371.0
70555.0
70728.0
70910.0
71076.0
71256.0
71438.0
71605.0
71775.0
71952.0
72136.0
72314.0
72487.0
72669.0
72849.0
73033.0
73215.0
73392.0
73572.0
73749.0
73924.0
74101.0
74269.0
74451.0
74618.0
74796.0
74973.0
75148.0
75321.0
75495.0
75660.0
75834.0
76016.0
76198.0
76376.0
76560.0
76740.0
76913.0
77074.0
77242.0
77419.0
77603.0
77787.0
77962.0
78141.0
78317.0
78490.0
78663.0
78843.0
79017.0
79188.0
79368.0
79546.0
79710.0
79889.0
80046.0
80221.0
80396.0
80576.0
80758.0
80938.0
81120.0
81291.0
81460.0
81634.0
81803.0
81980.0
82155.0
82324.0
82498.0
82682.0
82862.0
83017.0
83175.0
83348.0
83518.0
83695.0
83871.0
84050.0
84234.0
84402.0
84560.0
84740.0
84913.0
85095.0
85275.0
85427.0
85611.0
85788.0
85966.0
86143.0
86318.0
86490.0
86661.0
86843.0
87005.0
87187.0
87367.0
87538.0
87710.0
87894.0
88069.0
88245.0
88421.0
88592.0
88763.0
88934.0
89107.0
89280.0
89445.0
89613.0
89783.0
89949.0
90124.0
90308.0
90464.0
90638.0
90814.0
90998.0
91170.0
91344.0
91524.0
91685.0
91865.0
92042.0
92226.0
92402.0
92577.0
92744.0
92917.0
93089.0
93258.0
93435.0
93610.0
93783.0
93955.0
94127.0
94303.0
94475.0
94651.0
94822.0
95006.0
95188.0
95361.0
95540.0
95716.0
95892.0
96063.0
96247.0
96431.0
96606.0
96788.0
96963.0
97139.0
97323.0
97500.0
97680.0
97850.0
98034.0
98205.0
98375.0
98551.0
98728.0
98903.0
99076.0
99251.0
99422.0
99597.0
99766.0
99941.0
100118.0
100290.0
100462.0
100624.0
100796.0
100970.0
101152.0
101332.0
101498.0
101680.0
101847.0
102027.0
102202.0
102386.0
102560.0
102721.0
102898.0
103074.0
103253.0
103437.0
103616.0
103790.0
103952.0
104125.0
104290.0
104467.0
104635.0
104819.0
104994.0
105172.0
105342.0
105515.0
105676.0
105844.0
106023.0
106205.0
106381.0
106544.0
106716.0
106887.0
107066.0
107216.0
107396.0
107568.0
107737.0
107915.0
108087.0
108259.0
108436.0
108611.0
108785.0
108955.0
109128.0
109294.0
109464.0
109648.0
109809.0
109980.0
110150.0
110329.0
110501.0
110675.0
110847.0
111027.0
111207.0
111386.0
111544.0
111719.0
111886.0
112064.0
112242.0
112414.0
112591.0
112773.0
112957.0
113141.0
113321.0
113494.0
113669.0
113842.0
114019.0
114203.0
114380.0
114521.0
114700.0
114884.0
115063.0
115235.0
115415.0
115597.0
115777.0
115957.0
116139.0
116323.0
116507.0
116689.0
116868.0
117046.0
117224.0
117396.0
117573.0
117727.0
117899.0
118073.0
118234.0
118414.0
118590.0
118772.0
118956.0
119129.0
119298.0
119464.0
119648.0
119825.0
120000.0
120175.0
120352.0
120534.0
120710.0
120870.0
121042.0
121221.0
121405.0
121589.0
121773.0
121955.0
122120.0
122299.0
122470.0
122647.0
122831.0
123003.0
123171.0
123347.0
123506.0
123686.0
123861.0
124045.0
124227.0
124411.0
124588.0
124758.0
124931.0
125103.0
125282.0
125461.0
125622.0
125787.0
125966.0
126148.0
126325.0
126509.0
126691.0
126863.0
127045.0
127227.0
127402.0
127584.0
127732.0
127905.0
128085.0
128259.0
128438.0
128611.0
128773.0
128955.0
129130.0
129304.0
129468.0
129647.0
129818.0
129991.0
130175.0
130343.0
130514.0
130693.0
130859.0
131041.0
131205.0
131382.0
131560.0
131729.0
131879.0
132058.0
132235.0
132402.0
132571.0
132751.0
132923.0
133103.0
133287.0
133435.0
133610.0
133777.0
133945.0
134120.0
134302.0
134470.0
134637.0
134809.0
134982.0
135164.0
135323.0
135499.0
135672.0
135852.0
136036.0
136220.0
136400.0
136582.0
136754.0
136917.0
137095.0
137252.0
137432.0
137610.0
137784.0
137963.0
138145.0
138311.0
138476.0
138652.0
138823.0
138998.0
139182.0
139364.0
139531.0
139693.0
139864.0
140040.0
140217.0
140394.0
140571.0
140731.0
140903.0
141087.0
141267.0
141444.0
141615.0
141799.0
141967.0
142146.0
142316.0
142494.0
142678.0
142858.0
143036.0
143207.0
143381.0
143563.0
143735.0
143913.0
144092.0
144243.0
144423.0
144569.0
144744.0
144924.0
145101.0
145276.0
145449.0
145626.0
145799.0
145974.0
146144.0
146322.0
146506.0
146685.0
146858.0
147024.0
147196.0
147372.0
147549.0
147728.0
147897.0
148067.0
148247.0
148415.0
148593.0
148768.0
148933.0
149105.0
149275.0
149459.0
149636.0
149815.0
149988.0
150142.0
150321.0
150494.0
150678.0
150850.0
151015.0
151190.0
151374.0
151543.0
151716.0
151883.0
152034.0
152176.0
152350.0
152528.0
152707.0
152886.0
153065.0
153238.0
153422.0
153600.0
153779.0
153959.0
154115.0
154299.0
154478.0
154657.0
154813.0
154995.0
155179.0
155358.0
155518.0
155700.0
155873.0
156044.0
156210.0
156392.0
156556.0
156724.0
156906.0
157090.0
157272.0
157442.0
157624.0
157808.0
157985.0
158169.0
158343.0
158516.0
158693.0
158877.0
159046.0
159216.0
159391.0
159566.0
159750.0
159910.0
160085.0
160260.0
160435.0
160604.0
160781.0
160947.0
161123.0
161300.0
161475.0
161654.0
161828.0
162012.0
162179.0
162354.0
162522.0
162692.0
162855.0
163037.0
163221.0
163389.0
163568.0
163748.0
163928.0
164110.0
164294.0
164467.0
164631.0
164810.0
164990.0
165174.0
165342.0
165519.0
165696.0
165870.0
166045.0
166218.0
166402.0
166586.0
166762.0
166942.0
167110.0
167294.0
167476.0
167646.0
167825.0
167998.0
168182.0
168362.0
168540.0
168722.0
168906.0
169084.0
169254.0
169433.0
169606.0
169783.0
169958.0
170133.0
170298.0
170475.0
170652.0
170836.0
171005.0
171175.0
171359.0
171534.0
171709.0
171879.0
172052.0
172224.0
172396.0
172566.0
172736.0
172920.0
173087.0
173262.0
173437.0
173609.0
173776.0
173950.0
174134.0
174307.0
174483.0
174660.0
174834.0
175009.0
175186.0
175363.0
175529.0
175694.0
175871.0
176055.0
176237.0
176419.0
176586.0
176768.0
176952.0
177128.0
177306.0
177475.0
177653.0
177818.0
177987.0
178152.0
178331.0
178499.0
178674.0
178848.0
179019.0
179196.0
179366.0
179540.0
179719.0
179892.0
180062.0
180246.0
180424.0
180606.0
180781.0
180950.0
181134.0
181318.0
181494.0
181670.0
181847.0
182024.0
182201.0
182352.0
182529.0
182713.0
182892.0
183070.0
183241.0
183413.0
183580.0
183762.0
183941.0
184120.0
184295.0
184479.0
184659.0
184831.0
185001.0
185180.0
185353.0
185525.0
185697.0
185881.0
186054.0
186234.0
186402.0
186586.0
186758.0
186936.0
187115.0
187287.0
187451.0
187622.0
187804.0
187966.0
188148.0
188325.0
188503.0
188678.0
188849.0
189006.0
189186.0
189361.0
189529.0
189707.0
189889.0
190049.0
190220.0
190396.0
190567.0
190733.0
190910.0
191080.0
191262.0
191435.0
191611.0
191791.0
191975.0
192147.0
192325.0
192484.0
192664.0
192848.0
193021.0
193186.0
193361.0
193531.0
193710.0
193889.0
194053.0
194223.0
194396.0
194576.0
194754.0
194933.0
195115.0
195294.0
195465.0
195649.0
195829.0
196013.0
196195.0
196374.0
196549.0
196712.0
196889.0
197064.0
197244.0
197417.0
197594.0
197766.0
197934.0
198103.0
198266.0
198446.0
198619.0
198781.0
198948.0
199126.0
199306.0
199473.0
199641.0
199814.0
199986.0
200162.0
200333.0
200499.0
200681.0
200853.0
201035.0
201196.0
201371.0
201555.0
201729.0
201901.0
202073.0
202257.0
202431.0
202608.0
202776.0
202947.0
203118.0
203302.0
203469.0
203647.0
203829.0
204011.0
204172.0
204356.0
204517.0
204696.0
204873.0
205055.0
205205.0
205382.0
205547.0
205724.0
205892.0
206064.0
206248.0
206423.0
206595.0
206761.0
206943.0
207125.0
207293.0
207449.0
207610.0
207777.0
207946.0
208123.0
208300.0
208469.0
208638.0
208816.0
208998.0
209177.0
209348.0
209528.0
209694.0
209859.0
210039.0
210221.0
210401.0
210563.0
210740.0
210914.0
211094.0
211274.0
211458.0
211630.0
211809.0
211989.0
212159.0
212339.0
212518.0
212680.0
212857.0
213016.0
213194.0
213369.0
213553.0
213723.0
213891.0
214060.0
214242.0
214417.0
214594.0
214770.0
214950.0
215121.0
215298.0
215478.0
215662.0
215835.0
215988.0
216172.0
216338.0
216516.0
216696.0
216873.0
217043.0
217222.0
217404.0
217581.0
217758.0
217933.0
218086.0
218270.0
218431.0
218608.0
218775.0
218952.0
219127.0
219299.0
219479.0
219640.0
219820.0
219990.0
220174.0
220358.0
220537.0
220687.0
220854.0
221034.0
221207.0
221389.0
221566.0
221744.0
221923.0
222095.0
222274.0
222439.0
222614.0
222796.0
222976.0
223139.0
223312.0
223489.0
223659.0
223812.0
223977.0
224156.0
224336.0
224506.0
224690.0
224874.0
225051.0
225222.0
225394.0
225565.0
225749.0
225931.0
226091.0
226271.0
226451.0
226623.0
226805.0
226989.0
227169.0
227346.0
227513.0
227679.0
227857.0
228036.0
228214.0
228389.0
228573.0
228755.0
228926.0
229091.0
229267.0
229449.0
229617.0
229799.0
229979.0
230163.0
230343.0
230522.0
230699.0
230852.0
231034.0
231209.0
231375.0
231559.0
231730.0
231908.0
232085.0
232267.0
232449.0
232628.0
232802.0
232984.0
233159.0
233343.0
233523.0
233698.0
233865.0
234044.0
234198.0
234380.0
234559.0
234730.0
234904.0
235069.0
235246.0
235430.0
235614.0
235793.0
235940.0
236117.0
236287.0
236466.0
236650.0
236830.0
236976.0
237158.0
237331.0
237513.0
237693.0
237877.0
238055.0
238229.0
238397.0
238581.0
238758.0
238918.0
239095.0
239272.0
239444.0
239606.0
239781.0
239954.0
240123.0
240297.0
240475.0
240629.0
240806.0
240974.0
241158.0
241323.0
241491.0
241673.0
241847.0
242006.0
242184.0
242361.0
242522.0
242697.0
242872.0
243049.0
243208.0
