a = 0.2
g = 0.8
e = 0.5
random initial weights = true

-2736.0
-5474.0
-5984.0
-6615.0
-7112.0
-7655.0
-8204.0
-8805.0
-9316.0
-9780.0
-10207.0
-10088.0
-10635.0
-11102.0
-10931.0
-11385.0
-11890.0
-12341.0
-12207.0
-12754.0
-12590.0
-12443.0
-12296.0
-12184.0
-12019.0
-11858.0
-11694.0
-11538.0
-11371.0
-11205.0
-11026.0
-10859.0
-10689.0
-10522.0
-10351.0
-10205.0
-10055.0
-9884.0
-9732.0
-9572.0
-9399.0
-9236.0
-9061.0
-8897.0
-8729.0
-8567.0
-8422.0
-8265.0
-8108.0
-7930.0
-7757.0
-7619.0
-7462.0
-7315.0
-7144.0
-6962.0
-6804.0
-6657.0
-6524.0
-6351.0
-6223.0
-6067.0
-5889.0
-5705.0
-5530.0
-5382.0
-5235.0
-5081.0
-4917.0
-4737.0
-4570.0
-4396.0
-4234.0
-4080.0
-3948.0
-3782.0
-3624.0
-3467.0
-3305.0
-3138.0
-2958.0
-2794.0
-2610.0
-2441.0
-2282.0
-2116.0
-1944.0
-1805.0
-1647.0
-1495.0
-1340.0
-1171.0
-1001.0
-845.0
-704.0
-590.0
-406.0
-226.0
-78.0
87.0
249.0
417.0
585.0
738.0
917.0
1076.0
1234.0
1403.0
1585.0
1749.0
1923.0
2080.0
2231.0
2387.0
2564.0
2743.0
2923.0
3090.0
3245.0
3406.0
3568.0
3731.0
3890.0
4008.0
4149.0
4303.0
4463.0
4640.0
4824.0
4990.0
5130.0
5308.0
5478.0
5656.0
5826.0
5994.0
6137.0
6305.0
6451.0
6624.0
6776.0
6945.0
7110.0
7277.0
7461.0
7626.0
7769.0
7917.0
8089.0
8234.0
8388.0
8559.0
8717.0
8889.0
9013.0
9146.0
9276.0
9447.0
9599.0
9707.0
9885.0
10022.0
10167.0
10318.0
10465.0
10630.0
10769.0
10929.0
11091.0
11247.0
11395.0
11564.0
11716.0
11894.0
12053.0
12235.0
12409.0
12583.0
12705.0
12879.0
13049.0
13214.0
13382.0
13538.0
13700.0
13857.0
14006.0
14165.0
14291.0
14443.0
14605.0
14766.0
14939.0
15108.0
15287.0
15467.0
15628.0
15800.0
15906.0
16071.0
16251.0
16417.0
16583.0
16686.0
16851.0
17028.0
17203.0
17372.0
17521.0
17663.0
17815.0
17963.0
18110.0
18256.0
18412.0
18583.0
18714.0
18865.0
19019.0
19197.0
19343.0
19505.0
19663.0
19826.0
19985.0
20127.0
20288.0
20435.0
20592.0
20765.0
20913.0
21092.0
21272.0
21442.0
21597.0
21761.0
21943.0
22074.0
22240.0
22397.0
22544.0
22714.0
22832.0
22990.0
23144.0
23312.0
23489.0
23661.0
23800.0
23972.0
24152.0
24304.0
24476.0
24644.0
24801.0
24977.0
25131.0
25283.0
25462.0
25624.0
25788.0
25920.0
26071.0
26242.0
26415.0
26581.0
26761.0
26900.0
27073.0
27224.0
27368.0
27525.0
27680.0
27842.0
28015.0
28168.0
28347.0
28507.0
28686.0
28859.0
29037.0
29206.0
29386.0
29560.0
29731.0
29881.0
30041.0
30203.0
30348.0
30524.0
30686.0
30853.0
31000.0
31158.0
31314.0
31460.0
31590.0
31769.0
31897.0
32062.0
32234.0
32403.0
32559.0
32721.0
32903.0
33082.0
33248.0
33376.0
33536.0
33659.0
33822.0
33971.0
34140.0
34315.0
34459.0
34627.0
34783.0
34937.0
35085.0
35246.0
35414.0
35592.0
35764.0
35920.0
36084.0
36241.0
36425.0
36578.0
36744.0
36884.0
37047.0
37210.0
37375.0
37533.0
37705.0
37868.0
38035.0
38199.0
38372.0
38527.0
38674.0
38844.0
39010.0
39154.0
39284.0
39461.0
39623.0
39775.0
39900.0
40043.0
40219.0
40384.0
40509.0
40635.0
40803.0
40937.0
41109.0
41269.0
41445.0
41616.0
41796.0
41938.0
42083.0
42259.0
42427.0
42588.0
42760.0
42932.0
43099.0
43271.0
43428.0
43608.0
43771.0
43938.0
44053.0
44221.0
44370.0
44534.0
44707.0
44845.0
45015.0
45183.0
45348.0
45507.0
45681.0
45847.0
46003.0
46144.0
46322.0
46477.0
46640.0
46799.0
46956.0
47096.0
47268.0
47422.0
47584.0
47739.0
47901.0
48073.0
48222.0
48374.0
48536.0
48691.0
48845.0
49017.0
49181.0
49352.0
49473.0
49643.0
49810.0
49931.0
50067.0
50224.0
50396.0
50578.0
50743.0
50862.0
51040.0
51206.0
51369.0
51540.0
51694.0
51868.0
52025.0
52178.0
52322.0
52463.0
52623.0
52773.0
52930.0
53086.0
53229.0
53388.0
53542.0
53720.0
53882.0
54013.0
54141.0
54305.0
54440.0
54617.0
54772.0
54933.0
55115.0
55274.0
55423.0
55595.0
55770.0
55944.0
56097.0
56249.0
56431.0
56605.0
56725.0
56889.0
57060.0
57235.0
57363.0
57541.0
57700.0
57873.0
58043.0
58216.0
58395.0
58558.0
58735.0
58897.0
59064.0
59199.0
59343.0
59506.0
59660.0
59817.0
59991.0
60152.0
60319.0
60435.0
60546.0
60711.0
60859.0
61036.0
61174.0
61338.0
61473.0
61626.0
61788.0
61939.0
62108.0
62285.0
62448.0
62615.0
62771.0
62927.0
63091.0
63239.0
63384.0
63528.0
63695.0
63860.0
64013.0
64163.0
64338.0
64496.0
64664.0
64799.0
64969.0
65121.0
65274.0
65450.0
65598.0
65763.0
65916.0
66080.0
66250.0
66415.0
66569.0
66727.0
66873.0
67046.0
67218.0
67372.0
67488.0
67656.0
67821.0
67983.0
68149.0
68298.0
68468.0
68630.0
68788.0
68937.0
69089.0
69223.0
69384.0
69549.0
69691.0
69846.0
70001.0
70179.0
70326.0
70498.0
70632.0
70811.0
70971.0
71141.0
71325.0
71488.0
71643.0
71815.0
71953.0
72117.0
72293.0
72422.0
72533.0
72695.0
72868.0
73039.0
73201.0
73357.0
73508.0
73646.0
73776.0
73954.0
74093.0
74257.0
74425.0
74581.0
74759.0
74927.0
75038.0
75201.0
75346.0
75523.0
75698.0
75862.0
75972.0
76135.0
76262.0
76430.0
76567.0
76734.0
76876.0
77046.0
77213.0
77385.0
77565.0
77721.0
77888.0
78062.0
78229.0
78409.0
78574.0
78730.0
78877.0
79042.0
79194.0
79352.0
79506.0
79661.0
79828.0
80012.0
80154.0
80310.0
80475.0
80644.0
80812.0
80989.0
81164.0
81321.0
81498.0
81673.0
81838.0
81980.0
82153.0
82323.0
82505.0
82674.0
82825.0
82961.0
83132.0
83300.0
83482.0
83657.0
83819.0
83983.0
84133.0
84283.0
84449.0
84616.0
84792.0
84939.0
85089.0
85264.0
85416.0
85573.0
85738.0
85909.0
86078.0
86253.0
86355.0
86534.0
86673.0
86845.0
87004.0
87156.0
87316.0
87453.0
87627.0
87806.0
87957.0
88102.0
88276.0
88448.0
88626.0
88723.0
88871.0
89032.0
89170.0
89349.0
89528.0
89702.0
89869.0
90041.0
90196.0
90359.0
90522.0
90669.0
90838.0
90998.0
91122.0
91291.0
91446.0
91606.0
91769.0
91928.0
92105.0
92275.0
92438.0
92588.0
92768.0
92885.0
93047.0
93183.0
93343.0
93513.0
93693.0
93875.0
94039.0
94221.0
94394.0
94556.0
94725.0
94902.0
95063.0
95239.0
95402.0
95554.0
95716.0
95891.0
96054.0
96226.0
96323.0
96494.0
96660.0
96828.0
96997.0
97168.0
97343.0
97510.0
97683.0
97852.0
98006.0
98174.0
98343.0
98507.0
98682.0
98856.0
99014.0
99142.0
99303.0
99475.0
99632.0
99789.0
99956.0
100111.0
100281.0
100460.0
100593.0
100751.0
100918.0
101093.0
101262.0
101422.0
101584.0
101757.0
101941.0
102100.0
102269.0
102444.0
102628.0
102768.0
102919.0
103095.0
103267.0
103433.0
103608.0
103771.0
103950.0
104132.0
104302.0
104449.0
104599.0
104728.0
104888.0
105019.0
105185.0
105351.0
105528.0
105696.0
105866.0
106013.0
106172.0
106352.0
106497.0
106653.0
106817.0
106978.0
107136.0
107245.0
107413.0
107575.0
107711.0
107880.0
108042.0
108210.0
108297.0
108453.0
108629.0
108781.0
108935.0
109049.0
109224.0
109404.0
109564.0
109736.0
109914.0
110091.0
110260.0
110434.0
110597.0
110766.0
110948.0
111103.0
111282.0
111452.0
111622.0
111802.0
111974.0
112138.0
112304.0
112482.0
112616.0
112777.0
112931.0
113084.0
113221.0
113385.0
113531.0
113690.0
113851.0
114033.0
114206.0
114356.0
114497.0
114671.0
114848.0
115007.0
115167.0
115338.0
115501.0
115671.0
115828.0
115981.0
116152.0
116321.0
116471.0
116638.0
116801.0
116962.0
117130.0
117282.0
117444.0
117597.0
117759.0
117917.0
118050.0
118218.0
118330.0
118489.0
118647.0
118793.0
118912.0
119058.0
119204.0
119377.0
119512.0
119684.0
119846.0
120018.0
120196.0
120378.0
120526.0
120694.0
120853.0
121035.0
121182.0
121334.0
121490.0
121663.0
121792.0
121942.0
122112.0
122281.0
122438.0
122573.0
122737.0
122860.0
123037.0
123219.0
123379.0
123545.0
123694.0
123841.0
124019.0
124174.0
124349.0
124517.0
124691.0
124852.0
125026.0
125190.0
125357.0
125516.0
125682.0
125836.0
126008.0
126171.0
126284.0
126446.0
126626.0
126781.0
126958.0
127140.0
127308.0
127445.0
127606.0
127764.0
127904.0
128057.0
128228.0
128403.0
128575.0
128757.0
128928.0
129101.0
129263.0
129443.0
129605.0
129768.0
129914.0
130080.0
130250.0
130376.0
130539.0
130681.0
130841.0
130991.0
131166.0
131342.0
131524.0
131696.0
131862.0
132037.0
132219.0
132382.0
132507.0
132664.0
132819.0
132996.0
133175.0
133330.0
133512.0
133687.0
133824.0
133990.0
134168.0
134322.0
134495.0
134652.0
134787.0
134962.0
135109.0
135267.0
135432.0
135602.0
135780.0
135949.0
136128.0
136280.0
136456.0
136629.0
136798.0
136967.0
137145.0
137315.0
137487.0
137639.0
137806.0
137970.0
138138.0
138306.0
138460.0
138624.0
138772.0
138942.0
139107.0
139254.0
139433.0
139570.0
139742.0
139895.0
140062.0
140225.0
140396.0
140564.0
140744.0
140896.0
141069.0
141236.0
141406.0
141534.0
141699.0
141871.0
142040.0
142179.0
142343.0
142503.0
142660.0
142785.0
142958.0
143132.0
143300.0
143473.0
143634.0
143809.0
143971.0
144114.0
144280.0
144459.0
144634.0
144774.0
144896.0
145060.0
145240.0
145396.0
145543.0
145716.0
145866.0
146028.0
146195.0
146362.0
146531.0
146697.0
146846.0
147013.0
147179.0
147351.0
147521.0
147656.0
147826.0
147996.0
148165.0
148337.0
148519.0
148678.0
148853.0
149014.0
149185.0
149334.0
149516.0
149678.0
149838.0
150010.0
150124.0
150301.0
150463.0
150616.0
150778.0
150950.0
151118.0
151284.0
151461.0
151628.0
151769.0
151912.0
152090.0
152270.0
152436.0
152601.0
152746.0
152919.0
153094.0
153278.0
153430.0
153592.0
153734.0
153897.0
154045.0
154208.0
154385.0
154553.0
154721.0
154854.0
155018.0
155179.0
155332.0
155510.0
155656.0
155832.0
155995.0
156154.0
156317.0
156487.0
156646.0
156785.0
156961.0
157141.0
157315.0
157483.0
157591.0
157740.0
157845.0
158004.0
158167.0
158306.0
158476.0
158646.0
158807.0
158950.0
159114.0
159275.0
159457.0
159599.0
159762.0
159933.0
160090.0
160243.0
160389.0
160549.0
160713.0
160884.0
161032.0
161201.0
161373.0
161553.0
161701.0
161838.0
162002.0
162174.0
162354.0
162523.0
162707.0
162868.0
163033.0
163180.0
163317.0
163491.0
163649.0
163807.0
163945.0
164112.0
164289.0
164454.0
164622.0
164791.0
164949.0
165101.0
165278.0
165435.0
165568.0
165735.0
165875.0
166040.0
166205.0
166380.0
166535.0
166710.0
166854.0
167031.0
167204.0
167368.0
167532.0
167706.0
167878.0
168041.0
168168.0
168337.0
168515.0
168619.0
168794.0
168970.0
169148.0
169303.0
169474.0
169652.0
169824.0
169962.0
170096.0
170249.0
170419.0
170565.0
170747.0
170914.0
171075.0
171249.0
171417.0
171588.0
171762.0
171916.0
172067.0
172244.0
172403.0
172545.0
172699.0
172825.0
172954.0
173134.0
173295.0
173452.0
173619.0
173798.0
173968.0
174133.0
174287.0
174430.0
174602.0
174758.0
174933.0
175078.0
175260.0
175429.0
175600.0
175747.0
175910.0
176085.0
176249.0
176405.0
176555.0
176726.0
176878.0
177014.0
177177.0
177342.0
177480.0
177648.0
177820.0
177976.0
178138.0
178296.0
178456.0
178628.0
178793.0
178970.0
179130.0
179312.0
179484.0
179623.0
179800.0
179964.0
180132.0
180294.0
180451.0
180613.0
180790.0
180957.0
181099.0
181281.0
181441.0
181588.0
181747.0
181908.0
182078.0
182228.0
182383.0
182551.0
182730.0
182902.0
183079.0
183245.0
183386.0
183553.0
183664.0
183833.0
183981.0
184158.0
184333.0
184491.0
184652.0
184805.0
184923.0
185093.0
185271.0
185415.0
185540.0
185700.0
185861.0
186030.0
186196.0
186371.0
186532.0
186701.0
186846.0
187002.0
187172.0
187343.0
187506.0
187661.0
187843.0
187996.0
188119.0
188292.0
188470.0
188619.0
188770.0
188880.0
189053.0
189217.0
189394.0
189563.0
189704.0
189820.0
189994.0
190123.0
190283.0
190460.0
190621.0
190782.0
190951.0
191120.0
191288.0
191472.0
191634.0
191805.0
191985.0
192146.0
192311.0
192473.0
192648.0
192821.0
192989.0
193133.0
193312.0
193487.0
193631.0
193799.0
193915.0
194097.0
194231.0
194385.0
194513.0
194681.0
194811.0
194984.0
195168.0
195332.0
195501.0
195653.0
195830.0
196004.0
196181.0
196341.0
196493.0
196659.0
196808.0
196950.0
197117.0
197282.0
197443.0
197614.0
197793.0
197964.0
198144.0
198308.0
198443.0
198599.0
198746.0
198928.0
199099.0
199247.0
199417.0
199588.0
199765.0
199938.0
200105.0
200231.0
200376.0
200554.0
200726.0
200873.0
201020.0
201186.0
201321.0
201483.0
201622.0
201797.0
201973.0
202152.0
202297.0
202415.0
202574.0
202741.0
202915.0
203087.0
203252.0
203422.0
203583.0
203751.0
203903.0
204076.0
204214.0
204361.0
204524.0
204681.0
204855.0
205013.0
205192.0
205354.0
205538.0
205679.0
205826.0
206000.0
206147.0
206313.0
206486.0
206630.0
206792.0
206962.0
207082.0
207252.0
207401.0
207576.0
207740.0
207905.0
208051.0
208227.0
208390.0
208538.0
208701.0
208853.0
209029.0
209192.0
209355.0
209511.0
209686.0
209842.0
209983.0
210130.0
210290.0
210463.0
210636.0
210805.0
210921.0
211085.0
211263.0
211443.0
211627.0
211793.0
211966.0
212136.0
212268.0
212427.0
212519.0
212699.0
212867.0
213044.0
213209.0
213379.0
213548.0
213705.0
213871.0
214043.0
214222.0
214389.0
214535.0
214707.0
214885.0
215050.0
215213.0
215375.0
215542.0
215706.0
215873.0
216028.0
216193.0
216358.0
216521.0
216649.0
216807.0
216985.0
217155.0
217332.0
217469.0
217648.0
217812.0
217982.0
218154.0
218334.0
218475.0
218638.0
218800.0
218956.0
219123.0
219302.0
219471.0
219612.0
219776.0
219915.0
220069.0
220244.0
220382.0
220557.0
220705.0
220870.0
221032.0
221197.0
221365.0
221535.0
221688.0
221846.0
222017.0
222165.0
222322.0
222485.0
222653.0
222823.0
222990.0
223122.0
223287.0
223443.0
223604.0
223771.0
223955.0
224114.0
224272.0
224423.0
224592.0
224759.0
224922.0
225091.0
