a = 0.8
g = 0.5
e = 0.1
random initial weights = true

-2621.0
-3169.0
-3721.0
-4147.0
-4582.0
-5057.0
-5477.0
-5914.0
-6342.0
-6228.0
-6642.0
-6478.0
-6886.0
-7305.0
-7721.0
-7555.0
-7375.0
-7197.0
-7022.0
-6844.0
-6669.0
-6491.0
-6313.0
-6133.0
-5953.0
-5778.0
-5598.0
-5425.0
-5247.0
-5079.0
-4901.0
-4721.0
-4550.0
-4370.0
-4195.0
-4015.0
-3835.0
-3655.0
-3485.0
-3305.0
-3125.0
-2945.0
-2767.0
-2587.0
-2407.0
-2227.0
-2049.0
-1871.0
-1700.0
-1529.0
-1355.0
-1179.0
-1001.0
-832.0
-652.0
-472.0
-290.0
-110.0
69.0
248.0
430.0
614.0
796.0
980.0
1164.0
1348.0
1532.0
1714.0
1893.0
2077.0
2259.0
2434.0
2618.0
2802.0
2986.0
3163.0
3347.0
3529.0
3713.0
3893.0
4073.0
4257.0
4441.0
4625.0
4809.0
4989.0
5168.0
5342.0
5524.0
5701.0
5885.0
6069.0
6244.0
6428.0
6606.0
6788.0
6972.0
7136.0
7320.0
7497.0
7681.0
7863.0
8040.0
8219.0
8403.0
8585.0
8769.0
8944.0
9128.0
9312.0
9496.0
9671.0
9853.0
10033.0
10217.0
10397.0
10581.0
10763.0
10947.0
11126.0
11310.0
11494.0
11678.0
11855.0
12029.0
12206.0
12390.0
12562.0
12746.0
12930.0
13114.0
13296.0
13474.0
13653.0
13837.0
14014.0
14194.0
14378.0
14560.0
14737.0
14921.0
15103.0
15285.0
15469.0
15653.0
15835.0
16017.0
16201.0
16383.0
16567.0
16751.0
16935.0
17119.0
17301.0
17485.0
17665.0
17849.0
18033.0
18217.0
18387.0
18571.0
18755.0
18939.0
19123.0
19307.0
19486.0
19670.0
19852.0
20034.0
20218.0
20402.0
20586.0
20760.0
20944.0
21123.0
21305.0
21489.0
21669.0
21845.0
22024.0
22203.0
22387.0
22571.0
22755.0
22934.0
23118.0
23300.0
23479.0
23661.0
23843.0
24027.0
24211.0
24393.0
24572.0
24756.0
24940.0
25122.0
25297.0
25476.0
25660.0
25844.0
26026.0
26208.0
26387.0
26564.0
26748.0
26930.0
27112.0
27292.0
27476.0
27650.0
27834.0
28018.0
28198.0
28377.0
28556.0
28735.0
28914.0
29098.0
29278.0
29462.0
29646.0
29830.0
30014.0
30198.0
30382.0
30566.0
30750.0
30934.0
31118.0
31302.0
31484.0
31668.0
31843.0
32027.0
32209.0
32388.0
32572.0
32754.0
32936.0
33120.0
33304.0
33486.0
33668.0
33847.0
34029.0
34213.0
34390.0
34569.0
34753.0
34930.0
35109.0
35293.0
35477.0
35661.0
35845.0
36027.0
36209.0
36388.0
36570.0
36754.0
36938.0
37122.0
37304.0
37486.0
37670.0
37854.0
38038.0
38215.0
38395.0
38574.0
38751.0
38935.0
39112.0
39296.0
39478.0
39660.0
39842.0
40024.0
40201.0
40380.0
40564.0
40748.0
40932.0
41114.0
41296.0
41480.0
41657.0
41836.0
42018.0
42195.0
42372.0
42554.0
42733.0
42917.0
43101.0
43285.0
43469.0
43653.0
43837.0
44021.0
44200.0
44384.0
44564.0
44739.0
44918.0
45102.0
45286.0
45468.0
45652.0
45836.0
46020.0
46204.0
46388.0
46567.0
46751.0
46935.0
47114.0
47298.0
47482.0
47662.0
47841.0
48020.0
48200.0
48384.0
48566.0
48750.0
48934.0
49118.0
49302.0
49476.0
49658.0
49842.0
50026.0
50210.0
50394.0
50578.0
50762.0
50939.0
51123.0
51307.0
51489.0
51668.0
51852.0
52034.0
52214.0
52386.0
52568.0
52747.0
52926.0
53110.0
53287.0
53471.0
53655.0
53837.0
54021.0
54203.0
54387.0
54571.0
54755.0
54937.0
55121.0
55298.0
55477.0
55661.0
55845.0
56029.0
56211.0
56395.0
56579.0
56759.0
56943.0
57123.0
57307.0
57486.0
57670.0
57840.0
58017.0
58201.0
58385.0
58569.0
58753.0
58932.0
59116.0
59300.0
59484.0
59666.0
59848.0
60025.0
60207.0
60389.0
60566.0
60750.0
60923.0
61105.0
61282.0
61466.0
61645.0
61829.0
62013.0
62197.0
62362.0
62544.0
62728.0
62912.0
63096.0
63271.0
63455.0
63633.0
63815.0
63999.0
64183.0
64360.0
64544.0
64728.0
64912.0
65094.0
65278.0
65462.0
65646.0
65830.0
66014.0
66198.0
66380.0
66564.0
66748.0
66923.0
67105.0
67284.0
67468.0
67652.0
67830.0
68012.0
68196.0
68378.0
68562.0
68746.0
68930.0
69114.0
69298.0
69482.0
69664.0
69846.0
70028.0
70204.0
70388.0
70567.0
70741.0
70925.0
71104.0
71288.0
71472.0
71644.0
71821.0
72001.0
72183.0
72367.0
72551.0
72735.0
72912.0
73096.0
73276.0
73460.0
73644.0
73826.0
74010.0
74194.0
74378.0
74562.0
74746.0
74930.0
75114.0
75298.0
75482.0
75664.0
75848.0
76027.0
76211.0
76395.0
76579.0
76763.0
76947.0
77131.0
77313.0
77497.0
77676.0
77860.0
78044.0
78228.0
78412.0
78591.0
78773.0
78957.0
79141.0
79320.0
79504.0
79688.0
79865.0
80044.0
80228.0
80410.0
80594.0
80776.0
80960.0
81142.0
81326.0
81508.0
81690.0
81872.0
82056.0
82238.0
82422.0
82606.0
82788.0
82963.0
83143.0
83325.0
83509.0
83693.0
83861.0
84041.0
84225.0
84407.0
84589.0
84773.0
84957.0
85141.0
85325.0
85509.0
85688.0
85868.0
86050.0
86234.0
86414.0
86589.0
86773.0
86957.0
87141.0
87321.0
87503.0
87685.0
87869.0
88053.0
88237.0
88421.0
88605.0
88787.0
88971.0
89155.0
89334.0
89518.0
89700.0
89884.0
90068.0
90252.0
90429.0
90613.0
90795.0
90977.0
91161.0
91340.0
91524.0
91702.0
91882.0
92059.0
92241.0
92425.0
92607.0
92784.0
92968.0
93150.0
93334.0
93518.0
93702.0
93881.0
94063.0
94245.0
94429.0
94608.0
94787.0
94971.0
95155.0
95335.0
95514.0
95698.0
95882.0
96066.0
96250.0
96434.0
96613.0
96797.0
96977.0
97161.0
97345.0
97529.0
97711.0
97888.0
98070.0
98254.0
98438.0
98622.0
98797.0
98976.0
99160.0
99344.0
99528.0
99712.0
99889.0
100073.0
100257.0
100436.0
100615.0
100799.0
100978.0
101162.0
101342.0
101526.0
101710.0
101892.0
102074.0
102258.0
102442.0
102626.0
102806.0
102985.0
103169.0
103353.0
103533.0
103715.0
103897.0
104081.0
104265.0
104445.0
104622.0
104806.0
104985.0
105165.0
105342.0
105521.0
105700.0
105879.0
106063.0
106245.0
106424.0
106601.0
106781.0
106958.0
107142.0
107324.0
107508.0
107692.0
107876.0
108060.0
108244.0
108426.0
108610.0
108792.0
108971.0
109155.0
109339.0
109523.0
109705.0
109887.0
110064.0
110243.0
110427.0
110611.0
110790.0
110970.0
111149.0
111333.0
111517.0
111701.0
111883.0
112062.0
112242.0
112424.0
112608.0
112792.0
112971.0
113153.0
113337.0
113521.0
113705.0
113889.0
114071.0
114255.0
114439.0
114619.0
114799.0
114979.0
115163.0
115347.0
115531.0
115713.0
115895.0
116077.0
116259.0
116443.0
116620.0
116799.0
116983.0
117167.0
117351.0
117531.0
117713.0
117897.0
118081.0
118265.0
118449.0
118633.0
118815.0
118999.0
119183.0
119367.0
119547.0
119729.0
119911.0
120095.0
120277.0
120461.0
120635.0
120819.0
121003.0
121185.0
121369.0
121551.0
121735.0
121919.0
122103.0
122287.0
122471.0
122653.0
122832.0
123016.0
123200.0
123382.0
123564.0
123748.0
123932.0
124109.0
124286.0
124470.0
124654.0
124833.0
125015.0
125192.0
125376.0
125553.0
125733.0
125915.0
126099.0
126283.0
126467.0
126651.0
126828.0
127012.0
127196.0
127380.0
127564.0
127748.0
127932.0
128116.0
128298.0
128478.0
128662.0
128846.0
129028.0
129207.0
129386.0
129566.0
129750.0
129930.0
130109.0
130291.0
130475.0
130657.0
130839.0
131023.0
131201.0
131385.0
131564.0
131748.0
131932.0
132116.0
132300.0
132479.0
132661.0
132843.0
133017.0
133196.0
133380.0
133564.0
133742.0
133926.0
134110.0
134292.0
134476.0
134660.0
134842.0
135026.0
135203.0
135380.0
135564.0
135748.0
135930.0
136112.0
136296.0
136471.0
136655.0
136837.0
137021.0
137205.0
137382.0
137564.0
137746.0
137925.0
138104.0
138286.0
138468.0
138652.0
138832.0
139014.0
139198.0
139375.0
139559.0
139743.0
139925.0
140107.0
140289.0
140471.0
140655.0
140835.0
141012.0
141196.0
141375.0
141559.0
141743.0
141927.0
142111.0
142293.0
142477.0
142656.0
142836.0
143018.0
143200.0
143384.0
143568.0
143752.0
143936.0
144113.0
144292.0
144476.0
144660.0
144844.0
145028.0
145208.0
145392.0
145574.0
145758.0
145942.0
146124.0
146308.0
146490.0
146667.0
146851.0
147030.0
147214.0
147398.0
147580.0
147764.0
147941.0
148125.0
148309.0
148491.0
148673.0
148857.0
149041.0
149220.0
149404.0
149586.0
149763.0
149947.0
150131.0
150315.0
150499.0
150681.0
150863.0
151047.0
151231.0
151411.0
151595.0
151779.0
151963.0
152141.0
152325.0
152507.0
152689.0
152873.0
153050.0
153234.0
153418.0
153600.0
153782.0
153966.0
154150.0
154329.0
154504.0
154686.0
154870.0
155054.0
155238.0
155415.0
155599.0
155783.0
155967.0
156151.0
156333.0
156517.0
156701.0
156885.0
157065.0
157249.0
157426.0
157610.0
157790.0
157974.0
158151.0
158335.0
158514.0
158698.0
158880.0
159060.0
159244.0
159428.0
159605.0
159787.0
159960.0
160144.0
160328.0
160507.0
160689.0
160873.0
161057.0
161241.0
161425.0
161609.0
161793.0
161977.0
162161.0
162340.0
162514.0
162698.0
162877.0
163056.0
163240.0
163424.0
163606.0
163785.0
163969.0
164149.0
164333.0
164515.0
164699.0
164876.0
165060.0
165244.0
165428.0
165612.0
165789.0
165973.0
166155.0
166339.0
166514.0
166698.0
166880.0
167064.0
167248.0
167423.0
167601.0
167785.0
167969.0
168146.0
168326.0
168510.0
168678.0
168855.0
169037.0
169219.0
169401.0
169583.0
169758.0
169942.0
170119.0
170303.0
170478.0
170658.0
170832.0
171016.0
171193.0
171377.0
171561.0
171745.0
171929.0
172113.0
172292.0
172476.0
172653.0
172835.0
173014.0
173194.0
173378.0
173562.0
173746.0
173930.0
174114.0
174298.0
174480.0
174659.0
174843.0
175020.0
175195.0
175379.0
175563.0
175747.0
175931.0
176108.0
176288.0
176472.0
176654.0
176834.0
177018.0
177200.0
177379.0
177563.0
177737.0
177919.0
178099.0
178283.0
178467.0
178649.0
178833.0
179008.0
179192.0
179376.0
179560.0
179744.0
179928.0
180110.0
180294.0
180478.0
180660.0
180844.0
181028.0
181205.0
181389.0
181573.0
181755.0
181937.0
182121.0
182295.0
182477.0
182661.0
182845.0
183029.0
183213.0
183392.0
183574.0
183756.0
183940.0
184122.0
184299.0
184483.0
184667.0
184846.0
185023.0
185202.0
185384.0
185566.0
185735.0
185919.0
186103.0
186282.0
186461.0
186643.0
186825.0
187009.0
187186.0
187368.0
187552.0
187736.0
187915.0
188090.0
188272.0
188456.0
188638.0
188822.0
188996.0
189180.0
189362.0
189546.0
189728.0
189912.0
190096.0
190278.0
190460.0
190644.0
190828.0
191007.0
191191.0
191375.0
191555.0
191735.0
191919.0
192096.0
192270.0
192454.0
192638.0
192822.0
193006.0
193190.0
193365.0
193549.0
193733.0
193915.0
194099.0
194279.0
194461.0
194645.0
194829.0
195013.0
195197.0
195381.0
195555.0
195739.0
195923.0
196107.0
196291.0
196475.0
196659.0
196843.0
197022.0
197206.0
197390.0
197572.0
197752.0
197936.0
198120.0
198304.0
198484.0
198668.0
198852.0
199034.0
199218.0
199398.0
199582.0
199766.0
199950.0
200132.0
200309.0
200493.0
200675.0
200855.0
201037.0
201219.0
201403.0
201580.0
201759.0
201943.0
202127.0
202307.0
202491.0
202670.0
202849.0
203033.0
203217.0
203401.0
203585.0
203764.0
203942.0
204126.0
204305.0
204485.0
204664.0
204846.0
205025.0
205207.0
205387.0
205571.0
205753.0
205937.0
206119.0
206303.0
206487.0
206669.0
206849.0
207033.0
207217.0
207401.0
207580.0
207762.0
207944.0
208128.0
208312.0
208491.0
208673.0
208852.0
209023.0
209207.0
209391.0
209575.0
209759.0
209938.0
210122.0
210296.0
210478.0
210662.0
210846.0
211025.0
211207.0
211389.0
211571.0
211755.0
211939.0
212110.0
212289.0
212466.0
212650.0
212830.0
213012.0
213194.0
213372.0
213556.0
213736.0
213920.0
214097.0
214281.0
214455.0
214639.0
214821.0
215005.0
215185.0
215369.0
215551.0
215730.0
215912.0
216094.0
216278.0
216462.0
216646.0
216825.0
217007.0
217189.0
217368.0
217550.0
217734.0
217911.0
218093.0
218275.0
218459.0
218631.0
218810.0
218994.0
219173.0
219345.0
219527.0
219711.0
219891.0
220075.0
220259.0
220441.0
220613.0
220797.0
220967.0
221149.0
221333.0
221513.0
221697.0
221875.0
222059.0
222243.0
222421.0
222598.0
222775.0
222959.0
223134.0
223316.0
223496.0
223678.0
223862.0
224044.0
224226.0
224410.0
224594.0
224776.0
224960.0
225142.0
225326.0
225510.0
225694.0
225876.0
226060.0
226244.0
226416.0
226595.0
226779.0
226959.0
227141.0
227320.0
227502.0
227682.0
227862.0
228046.0
228223.0
228400.0
228579.0
228761.0
228945.0
229129.0
229308.0
229492.0
229676.0
229860.0
230044.0
230221.0
230405.0
230589.0
230773.0
230952.0
231134.0
231311.0
231495.0
231677.0
231856.0
232033.0
232210.0
232388.0
232567.0
232749.0
232928.0
233112.0
233291.0
233470.0
233654.0
233838.0
234020.0
234199.0
234378.0
234562.0
234744.0
234918.0
235095.0
235274.0
235458.0
235632.0
235816.0
236000.0
236182.0
236364.0
236548.0
236732.0
236916.0
237095.0
237279.0
237463.0
237645.0
237829.0
238013.0
238195.0
238379.0
238563.0
238747.0
238922.0
239106.0
239290.0
239474.0
239658.0
239840.0
240022.0
240206.0
240390.0
240570.0
240754.0
240938.0
241122.0
241299.0
241481.0
241665.0
241844.0
242024.0
242201.0
242385.0
242563.0
242747.0
242927.0
243111.0
243295.0
243472.0
243656.0
243835.0
244014.0
244184.0
244368.0
244550.0
244734.0
244918.0
245100.0
245284.0
245466.0
245643.0
245827.0
246007.0
246184.0
246361.0
246540.0
246722.0
246899.0
247077.0
247259.0
247434.0
247614.0
247798.0
247977.0
248161.0
248343.0
248513.0
248697.0
248881.0
249063.0
249237.0
249419.0
249603.0
249787.0
249971.0
250149.0
250329.0
250511.0
250691.0
250873.0
251057.0
251236.0
251413.0
251593.0
251770.0
251954.0
252136.0
252316.0
252495.0
252679.0
252859.0
253043.0
253227.0
253399.0
253581.0
253765.0
253947.0
254131.0
254315.0
254497.0
254674.0
254858.0
255042.0
255221.0
255403.0
255587.0
255769.0
255951.0
256130.0
256314.0
256493.0
256677.0
256859.0
257038.0
257217.0
257399.0
257583.0
257762.0
257941.0
258123.0
258302.0
258484.0
258666.0
258850.0
259034.0
259218.0
259402.0
259586.0
259770.0
259949.0
260133.0
260317.0
260501.0
260680.0
260864.0
261048.0
261227.0
261411.0
261595.0
261775.0
261957.0
