a = 0.5
g = 0.8
e = 0.5
random initial weights = true

-2534.0
-3447.0
-4324.0
-4814.0
-5268.0
-5905.0
-6456.0
-7072.0
-7635.0
-8116.0
-8038.0
-8520.0
-9045.0
-8928.0
-9517.0
-9396.0
-9234.0
-9107.0
-9550.0
-10029.0
-9916.0
-9744.0
-10163.0
-10593.0
-11034.0
-11465.0
-11356.0
-11211.0
-11052.0
-10892.0
-10758.0
-10586.0
-10447.0
-10346.0
-10194.0
-10037.0
-9874.0
-9719.0
-9565.0
-9419.0
-9253.0
-9136.0
-9073.0
-8951.0
-8805.0
-8644.0
-8486.0
-8346.0
-8179.0
-8016.0
-7851.0
-7686.0
-7515.0
-7351.0
-7193.0
-7037.0
-6877.0
-6707.0
-6539.0
-6376.0
-6220.0
-6065.0
-5900.0
-5736.0
-5571.0
-5400.0
-5228.0
-5070.0
-4911.0
-4772.0
-4635.0
-4480.0
-4329.0
-4170.0
-4008.0
-3853.0
-3690.0
-3545.0
-3404.0
-3250.0
-3094.0
-2943.0
-2799.0
-2653.0
-2483.0
-2311.0
-2153.0
-1987.0
-1837.0
-1685.0
-1532.0
-1362.0
-1205.0
-1076.0
-928.0
-772.0
-624.0
-462.0
-288.0
-130.0
28.0
181.0
319.0
474.0
595.0
763.0
932.0
1080.0
1247.0
1385.0
1540.0
1664.0
1816.0
1959.0
2126.0
2286.0
2452.0
2611.0
2761.0
2920.0
3072.0
3237.0
3390.0
3545.0
3698.0
3842.0
3994.0
4149.0
4301.0
4471.0
4616.0
4783.0
4947.0
5087.0
5219.0
5385.0
5557.0
5724.0
5891.0
6048.0
6213.0
6364.0
6502.0
6656.0
6809.0
6977.0
7114.0
7236.0
7377.0
7532.0
7676.0
7831.0
7965.0
8110.0
8263.0
8424.0
8596.0
8750.0
8911.0
9085.0
9257.0
9409.0
9579.0
9736.0
9891.0
10040.0
10179.0
10321.0
10469.0
10633.0
10784.0
10925.0
11069.0
11215.0
11374.0
11542.0
11706.0
11862.0
12000.0
12151.0
12292.0
12455.0
12619.0
12766.0
12921.0
13089.0
13251.0
13420.0
13594.0
13724.0
13880.0
14047.0
14196.0
14362.0
14530.0
14675.0
14842.0
15014.0
15180.0
15334.0
15502.0
15645.0
15770.0
15918.0
16018.0
16169.0
16300.0
16410.0
16582.0
16723.0
16878.0
17052.0
17216.0
17368.0
17544.0
17705.0
17875.0
18033.0
18187.0
18347.0
18483.0
18625.0
18770.0
18929.0
19083.0
19246.0
19389.0
19522.0
19631.0
19790.0
19934.0
20097.0
20260.0
20413.0
20575.0
20718.0
20855.0
21019.0
21181.0
21306.0
21452.0
21612.0
21767.0
21934.0
22089.0
22253.0
22408.0
22552.0
22705.0
22856.0
22990.0
23145.0
23307.0
23418.0
23586.0
23760.0
23902.0
24067.0
24213.0
24371.0
24516.0
24672.0
24831.0
25000.0
25172.0
25333.0
25472.0
25618.0
25782.0
25944.0
26094.0
26246.0
26400.0
26557.0
26705.0
26858.0
26992.0
27161.0
27312.0
27475.0
27644.0
27796.0
27954.0
28094.0
28259.0
28421.0
28576.0
28726.0
28876.0
29043.0
29209.0
29368.0
29540.0
29705.0
29865.0
30028.0
30165.0
30329.0
30459.0
30613.0
30764.0
30906.0
31068.0
31238.0
31394.0
31551.0
31707.0
31870.0
32014.0
32165.0
32308.0
32466.0
32606.0
32764.0
32924.0
33085.0
33235.0
33392.0
33551.0
33712.0
33866.0
34024.0
34185.0
34327.0
34501.0
34601.0
34769.0
34927.0
35096.0
35255.0
35431.0
35561.0
35719.0
35873.0
36023.0
36193.0
36335.0
36478.0
36641.0
36804.0
36931.0
37088.0
37262.0
37420.0
37578.0
37745.0
37917.0
38071.0
38237.0
38372.0
38507.0
38646.0
38799.0
38965.0
39104.0
39265.0
39421.0
39562.0
39724.0
39878.0
40034.0
40175.0
40329.0
40463.0
40615.0
40762.0
40908.0
41068.0
41244.0
41406.0
41559.0
41673.0
41838.0
41994.0
42143.0
42302.0
42474.0
42639.0
42799.0
42962.0
43108.0
43249.0
43401.0
43558.0
43690.0
43820.0
43980.0
44126.0
44290.0
44453.0
44622.0
44761.0
44919.0
45080.0
45248.0
45406.0
45576.0
45698.0
45865.0
46028.0
46204.0
46364.0
46520.0
46668.0
46821.0
46957.0
47110.0
47275.0
47409.0
47578.0
47733.0
47880.0
48056.0
48207.0
48362.0
48536.0
48701.0
48858.0
48981.0
49055.0
49223.0
49395.0
49550.0
49707.0
49859.0
50029.0
50145.0
50304.0
50465.0
50616.0
50772.0
50941.0
51054.0
51219.0
51386.0
51558.0
51693.0
51844.0
52005.0
52164.0
52312.0
52450.0
52605.0
52721.0
52877.0
53040.0
53202.0
53371.0
53527.0
53663.0
53793.0
53963.0
54124.0
54290.0
54437.0
54577.0
54728.0
54893.0
55050.0
55209.0
55360.0
55521.0
55653.0
55812.0
55946.0
56077.0
56226.0
56385.0
56559.0
56719.0
56884.0
57015.0
57185.0
57336.0
57503.0
57646.0
57797.0
57934.0
58095.0
58253.0
58407.0
58548.0
58712.0
58860.0
59013.0
59174.0
59316.0
59421.0
59581.0
59735.0
59892.0
60046.0
60173.0
60326.0
60484.0
60649.0
60813.0
60975.0
61144.0
61274.0
61450.0
61599.0
61758.0
61908.0
62064.0
62220.0
62354.0
62503.0
62653.0
62783.0
62932.0
63049.0
63221.0
63389.0
63550.0
63688.0
63838.0
64001.0
64146.0
64290.0
64438.0
64587.0
64743.0
64887.0
65052.0
65198.0
65361.0
65535.0
65697.0
65861.0
66023.0
66162.0
66321.0
66461.0
66607.0
66769.0
66927.0
67079.0
67229.0
67375.0
67525.0
67697.0
67849.0
68014.0
68175.0
68345.0
68502.0
68667.0
68829.0
68996.0
69143.0
69244.0
69356.0
69505.0
69673.0
69813.0
69965.0
70120.0
70277.0
70408.0
70582.0
70695.0
70849.0
70986.0
71151.0
71266.0
71399.0
71540.0
71705.0
71877.0
72016.0
72156.0
72318.0
72465.0
72625.0
72764.0
72898.0
73009.0
73160.0
73307.0
73426.0
73559.0
73692.0
73866.0
73991.0
74135.0
74292.0
74431.0
74594.0
74737.0
74889.0
75041.0
75188.0
75348.0
75481.0
75649.0
75802.0
75962.0
76088.0
76264.0
76428.0
76581.0
76748.0
76915.0
77076.0
77201.0
77325.0
77453.0
77581.0
77690.0
77818.0
77970.0
78126.0
78283.0
78425.0
78597.0
78771.0
78925.0
79032.0
79186.0
79344.0
79520.0
79673.0
79835.0
79980.0
80134.0
80282.0
80443.0
80606.0
80768.0
80938.0
81078.0
81233.0
81397.0
81554.0
81720.0
81876.0
81999.0
82149.0
82294.0
82452.0
82613.0
82776.0
82941.0
83078.0
83233.0
83389.0
83561.0
83726.0
83900.0
84058.0
84222.0
84381.0
84511.0
84649.0
84764.0
84922.0
85073.0
85230.0
85385.0
85530.0
85699.0
85871.0
86029.0
86177.0
86314.0
86484.0
86628.0
86793.0
86922.0
87058.0
87202.0
87306.0
87478.0
87650.0
87798.0
87951.0
88090.0
88245.0
88401.0
88559.0
88733.0
88891.0
89057.0
89206.0
89325.0
89482.0
89646.0
89822.0
89992.0
90148.0
90315.0
90460.0
90619.0
90783.0
90946.0
91111.0
91275.0
91428.0
91600.0
91754.0
91899.0
92067.0
92212.0
92357.0
92489.0
92612.0
92756.0
92887.0
93035.0
93209.0
93377.0
93535.0
93704.0
93863.0
93983.0
94151.0
94298.0
94404.0
94541.0
94705.0
94839.0
95009.0
95125.0
95275.0
95435.0
95593.0
95751.0
95909.0
96075.0
96230.0
96393.0
96547.0
96696.0
96845.0
97013.0
97172.0
97332.0
97485.0
97642.0
97794.0
97957.0
98104.0
98269.0
98422.0
98574.0
98724.0
98878.0
99046.0
99184.0
99331.0
99483.0
99629.0
99784.0
99928.0
100087.0
100226.0
100382.0
100540.0
100695.0
100834.0
100970.0
101134.0
101285.0
101453.0
101615.0
101776.0
101937.0
102077.0
102241.0
102404.0
102562.0
102719.0
102882.0
103010.0
103161.0
103325.0
103468.0
103618.0
103732.0
103875.0
104021.0
104153.0
104303.0
104466.0
104631.0
104776.0
104934.0
105084.0
105249.0
105417.0
105582.0
105740.0
105907.0
106061.0
106219.0
106386.0
106534.0
106690.0
106827.0
106970.0
107110.0
107277.0
107423.0
107570.0
107736.0
107848.0
107979.0
108137.0
108306.0
108470.0
108635.0
108791.0
108931.0
109075.0
109231.0
109382.0
109502.0
109661.0
109822.0
109998.0
110162.0
110318.0
110466.0
110613.0
110760.0
110918.0
111094.0
111248.0
111412.0
111575.0
111719.0
111877.0
112036.0
112175.0
112325.0
112486.0
112598.0
112735.0
112896.0
113024.0
113186.0
113345.0
113513.0
113663.0
113821.0
113986.0
114155.0
114307.0
114471.0
114600.0
114763.0
114902.0
115043.0
115206.0
115378.0
115526.0
115683.0
115820.0
115988.0
116151.0
116288.0
116450.0
116600.0
116749.0
116880.0
117032.0
117187.0
117335.0
117494.0
117652.0
117805.0
117966.0
118126.0
118270.0
118393.0
118555.0
118685.0
118857.0
118996.0
119130.0
119296.0
119464.0
119580.0
119743.0
119915.0
120075.0
120241.0
120405.0
120531.0
120696.0
120843.0
121008.0
121163.0
121326.0
121485.0
121624.0
121777.0
121902.0
122055.0
122221.0
122390.0
122547.0
122704.0
122819.0
122968.0
123135.0
123297.0
123452.0
123599.0
123735.0
123878.0
124047.0
124215.0
124366.0
124529.0
124705.0
124868.0
125024.0
125186.0
125346.0
125516.0
125678.0
125822.0
125991.0
126141.0
126299.0
126421.0
126577.0
126735.0
126909.0
127066.0
127232.0
127384.0
127551.0
127717.0
127845.0
128008.0
128177.0
128342.0
128453.0
128610.0
128766.0
128925.0
129091.0
129254.0
129410.0
129543.0
129678.0
129804.0
129958.0
130103.0
130277.0
130432.0
130588.0
130717.0
130879.0
131020.0
131168.0
131308.0
131459.0
131633.0
131790.0
131964.0
132112.0
132267.0
132437.0
132602.0
132766.0
132934.0
133102.0
133242.0
133405.0
133573.0
133732.0
133883.0
134047.0
134207.0
134373.0
134529.0
134678.0
134815.0
134986.0
135141.0
135296.0
135458.0
135622.0
135769.0
135932.0
136080.0
136246.0
136410.0
136562.0
136723.0
136878.0
137045.0
137133.0
137307.0
137464.0
137611.0
137765.0
137883.0
138036.0
138195.0
138337.0
138485.0
138634.0
138761.0
138900.0
139020.0
139165.0
139329.0
139474.0
139639.0
139764.0
139922.0
140088.0
140243.0
140411.0
140573.0
140650.0
140794.0
140937.0
141075.0
141221.0
141358.0
141511.0
141657.0
141807.0
141962.0
142095.0
142267.0
142392.0
142547.0
142716.0
142856.0
143016.0
143170.0
143302.0
143474.0
143640.0
143798.0
143959.0
144106.0
144270.0
144424.0
144587.0
144732.0
144890.0
145053.0
145224.0
145370.0
145516.0
145671.0
145801.0
145938.0
146101.0
146273.0
146441.0
146540.0
146710.0
146853.0
147023.0
147176.0
147327.0
147475.0
147642.0
147807.0
147947.0
148108.0
148268.0
148423.0
148597.0
148742.0
148878.0
149033.0
149182.0
149352.0
149470.0
149622.0
149785.0
149940.0
150094.0
150258.0
150409.0
150555.0
150719.0
150876.0
151035.0
151195.0
151351.0
151442.0
151591.0
151756.0
151914.0
152086.0
152239.0
152380.0
152534.0
152684.0
152840.0
152971.0
153142.0
153299.0
153473.0
153633.0
153750.0
153868.0
154036.0
154184.0
154346.0
154467.0
154589.0
154746.0
154908.0
155047.0
155198.0
155366.0
155487.0
155635.0
155785.0
155948.0
156120.0
156286.0
156444.0
156583.0
156742.0
156886.0
157021.0
157190.0
157341.0
157493.0
157657.0
157818.0
157965.0
158127.0
158260.0
158406.0
158569.0
158693.0
158847.0
159011.0
159178.0
159345.0
159494.0
159652.0
159764.0
159922.0
160089.0
160239.0
160392.0
160522.0
160672.0
160842.0
161010.0
161175.0
161330.0
161479.0
161609.0
161758.0
161912.0
162072.0
162232.0
162397.0
162562.0
162715.0
162862.0
163015.0
163167.0
163299.0
163459.0
163607.0
163748.0
163913.0
164083.0
164227.0
164381.0
164553.0
164666.0
164818.0
164949.0
165104.0
165237.0
165391.0
165558.0
165718.0
165866.0
166014.0
166159.0
166322.0
166486.0
166651.0
166813.0
166969.0
167129.0
167268.0
167442.0
167591.0
167742.0
167890.0
168015.0
168163.0
168323.0
168490.0
168631.0
168774.0
168910.0
169080.0
169228.0
169371.0
169482.0
169611.0
169785.0
169939.0
170100.0
170267.0
170405.0
170576.0
170732.0
170900.0
171045.0
171208.0
171367.0
171525.0
171658.0
171821.0
171981.0
172121.0
172281.0
172422.0
172580.0
172742.0
172872.0
173035.0
173123.0
173282.0
173449.0
173593.0
173760.0
173920.0
174060.0
174223.0
174371.0
174515.0
174679.0
174832.0
174993.0
175141.0
175305.0
175447.0
175603.0
175748.0
175893.0
176041.0
176215.0
176373.0
176537.0
176702.0
176876.0
177030.0
177172.0
177341.0
177491.0
177658.0
177799.0
177961.0
178126.0
178244.0
178397.0
178556.0
178717.0
178880.0
179024.0
179187.0
179338.0
179503.0
179652.0
179803.0
179959.0
180133.0
180303.0
180448.0
180597.0
180741.0
180898.0
181031.0
181192.0
181354.0
181512.0
181677.0
181820.0
181989.0
182160.0
182320.0
182480.0
182640.0
182786.0
182944.0
183098.0
183265.0
183424.0
183585.0
183727.0
183890.0
184056.0
184208.0
184375.0
184522.0
184681.0
184844.0
185003.0
185151.0
185312.0
185460.0
185519.0
185678.0
185846.0
185996.0
186146.0
186294.0
186459.0
186611.0
186762.0
186927.0
187065.0
187239.0
187403.0
187539.0
187709.0
187854.0
188010.0
188177.0
188335.0
188495.0
188669.0
188819.0
188983.0
189112.0
189263.0
189407.0
189574.0
189726.0
189874.0
190026.0
190185.0
190322.0
190465.0
190613.0
190759.0
190907.0
191072.0
191227.0
191383.0
191525.0
191685.0
191842.0
192000.0
192125.0
192291.0
192451.0
192616.0
192781.0
192950.0
193105.0
193253.0
193413.0
193553.0
193716.0
193873.0
193999.0
194161.0
194304.0
194434.0
194585.0
194711.0
194862.0
194995.0
195149.0
195282.0
195442.0
195591.0
195727.0
195886.0
196047.0
196201.0
196367.0
196521.0
196683.0
196845.0
197007.0
197131.0
197283.0
197439.0
197600.0
197737.0
197902.0
198061.0
198158.0
198318.0
198454.0
198587.0
198755.0
198886.0
199058.0
199204.0
199362.0
199526.0
199678.0
199848.0
199980.0
200133.0
200291.0
200453.0
200627.0
200757.0
200912.0
201066.0
201201.0
201337.0
201489.0
201631.0
201786.0
201913.0
202059.0
202225.0
202390.0
202524.0
202678.0
202846.0
202994.0
203129.0
203286.0
203455.0
203601.0
203740.0
203877.0
204013.0
204166.0
204308.0
204473.0
204642.0
204780.0
204941.0
205104.0
205268.0
205418.0
205567.0
205725.0
205858.0
205994.0
206152.0
206284.0
206456.0
206581.0
206733.0
206905.0
207048.0
207196.0
207346.0
207522.0
207677.0
207825.0
207989.0
208125.0
208281.0
208437.0
208579.0
208730.0
208900.0
209063.0
209218.0
209385.0
209515.0
209664.0
209786.0
209923.0
210066.0
210220.0
210384.0
210531.0
210681.0
210817.0
210955.0
211101.0
211261.0
211417.0
211539.0
211699.0
211858.0
212021.0
212166.0
212332.0
212503.0
212660.0
212815.0
212972.0
213132.0
213297.0
213464.0
213615.0
