a = 0.5
g = 0.8
e = 0.3
random initial weights = true

-2887.0
-3739.0
-4309.0
-4771.0
-5506.0
-5935.0
-6478.0
-7036.0
-7501.0
-7988.0
-8520.0
-8999.0
-11425.0
-11855.0
-12327.0
-12785.0
-13251.0
-13739.0
-13640.0
-13500.0
-13912.0
-14343.0
-14770.0
-15188.0
-15663.0
-16093.0
-16515.0
-16954.0
-17384.0
-17817.0
-17697.0
-18126.0
-17984.0
-17812.0
-17638.0
-17495.0
-17323.0
-17153.0
-16981.0
-16814.0
-16648.0
-16486.0
-16323.0
-16153.0
-15991.0
-15868.0
-15696.0
-15566.0
-15397.0
-15232.0
-15060.0
-14897.0
-14727.0
-14557.0
-14383.0
-14213.0
-14045.0
-13891.0
-13733.0
-13559.0
-13385.0
-13232.0
-13062.0
-12888.0
-12720.0
-12544.0
-12372.0
-12200.0
-12024.0
-11857.0
-11699.0
-11529.0
-11377.0
-11208.0
-11040.0
-10864.0
-10699.0
-10533.0
-10406.0
-10254.0
-10082.0
-9908.0
-9736.0
-9568.0
-9396.0
-9226.0
-9059.0
-8883.0
-8729.0
-8560.0
-8386.0
-8214.0
-8042.0
-7868.0
-7713.0
-7556.0
-7380.0
-7206.0
-7043.0
-6875.0
-6701.0
-6558.0
-6402.0
-6226.0
-6060.0
-5891.0
-5723.0
-5575.0
-5412.0
-5240.0
-5079.0
-4915.0
-4743.0
-4572.0
-4405.0
-4238.0
-4083.0
-3913.0
-3744.0
-3580.0
-3408.0
-3244.0
-3075.0
-2905.0
-2736.0
-2575.0
-2416.0
-2250.0
-2078.0
-1909.0
-1735.0
-1559.0
-1383.0
-1209.0
-1045.0
-873.0
-699.0
-525.0
-354.0
-180.0
-19.0
152.0
320.0
485.0
661.0
826.0
991.0
1163.0
1335.0
1497.0
1665.0
1835.0
1992.0
2160.0
2332.0
2502.0
2663.0
2834.0
3010.0
3170.0
3342.0
3516.0
3692.0
3858.0
4026.0
4191.0
4347.0
4523.0
4677.0
4836.0
5004.0
5172.0
5331.0
5498.0
5661.0
5827.0
5981.0
6157.0
6325.0
6495.0
6652.0
6816.0
6990.0
7150.0
7317.0
7484.0
7656.0
7830.0
8004.0
8171.0
8343.0
8517.0
8671.0
8832.0
8992.0
9168.0
9334.0
9497.0
9645.0
9798.0
9967.0
10127.0
10295.0
10465.0
10637.0
10799.0
10964.0
11131.0
11307.0
11469.0
11633.0
11802.0
11970.0
12137.0
12287.0
12452.0
12617.0
12789.0
12956.0
13120.0
13284.0
13438.0
13601.0
13765.0
13932.0
14100.0
14272.0
14417.0
14585.0
14757.0
14918.0
15090.0
15266.0
15440.0
15610.0
15772.0
15939.0
16115.0
16282.0
16439.0
16600.0
16774.0
16948.0
17109.0
17279.0
17438.0
17601.0
17765.0
17909.0
18081.0
18257.0
18433.0
18589.0
18749.0
18905.0
19067.0
19226.0
19390.0
19560.0
19732.0
19896.0
20063.0
20230.0
20402.0
20564.0
20738.0
20892.0
21053.0
21207.0
21375.0
21545.0
21704.0
21878.0
22052.0
22213.0
22389.0
22557.0
22712.0
22878.0
23048.0
23224.0
23394.0
23561.0
23728.0
23895.0
24063.0
24228.0
24398.0
24567.0
24739.0
24915.0
25080.0
25239.0
25413.0
25579.0
25747.0
25912.0
26082.0
26240.0
26410.0
26577.0
26749.0
26925.0
27091.0
27254.0
27423.0
27595.0
27769.0
27921.0
28097.0
28271.0
28447.0
28612.0
28776.0
28950.0
29126.0
29300.0
29470.0
29632.0
29799.0
29959.0
30135.0
30309.0
30483.0
30655.0
30827.0
30997.0
31164.0
31338.0
31506.0
31660.0
31834.0
31985.0
32147.0
32317.0
32484.0
32631.0
32807.0
32972.0
33140.0
33311.0
33465.0
33639.0
33803.0
33963.0
34123.0
34284.0
34454.0
34618.0
34792.0
34936.0
35101.0
35269.0
35443.0
35615.0
35777.0
35943.0
36115.0
36276.0
36446.0
36611.0
36775.0
36939.0
37111.0
37283.0
37442.0
37614.0
37788.0
37952.0
38114.0
38282.0
38456.0
38628.0
38800.0
38970.0
39133.0
39304.0
39480.0
39654.0
39828.0
39998.0
40137.0
40313.0
40481.0
40646.0
40820.0
40979.0
41151.0
41317.0
41487.0
41654.0
41826.0
41991.0
42150.0
42326.0
42494.0
42666.0
42830.0
43006.0
43177.0
43353.0
43527.0
43692.0
43864.0
44038.0
44210.0
44386.0
44557.0
44716.0
44876.0
45052.0
45220.0
45376.0
45548.0
45714.0
45886.0
46050.0
46220.0
46385.0
46549.0
46708.0
46872.0
47030.0
47201.0
47369.0
47526.0
47693.0
47867.0
48031.0
48181.0
48352.0
48520.0
48694.0
48855.0
49025.0
49197.0
49367.0
49533.0
49703.0
49868.0
50017.0
50188.0
50346.0
50507.0
50668.0
50835.0
51004.0
51170.0
51341.0
51507.0
51679.0
51839.0
51993.0
52165.0
52330.0
52502.0
52658.0
52834.0
53004.0
53170.0
53322.0
53493.0
53651.0
53827.0
53999.0
54165.0
54333.0
54505.0
54681.0
54844.0
55018.0
55179.0
55347.0
55514.0
55679.0
55853.0
56029.0
56193.0
56363.0
56525.0
56697.0
56873.0
57029.0
57201.0
57358.0
57521.0
57695.0
57860.0
58020.0
58185.0
58357.0
58522.0
58696.0
58866.0
59033.0
59209.0
59376.0
59546.0
59708.0
59880.0
60054.0
60228.0
60402.0
60569.0
60741.0
60903.0
61079.0
61245.0
61416.0
61582.0
61744.0
61914.0
62074.0
62231.0
62399.0
62567.0
62738.0
62903.0
63071.0
63247.0
63410.0
63581.0
63755.0
63922.0
64077.0
64245.0
64412.0
64575.0
64745.0
64907.0
65074.0
65238.0
65405.0
65575.0
65743.0
65919.0
66074.0
66246.0
66418.0
66594.0
66770.0
66946.0
67112.0
67284.0
67438.0
67610.0
67776.0
67945.0
68116.0
68272.0
68440.0
68616.0
68790.0
68953.0
69129.0
69294.0
69447.0
69623.0
69775.0
69939.0
70113.0
70279.0
70453.0
70618.0
70762.0
70932.0
71091.0
71260.0
71425.0
71595.0
71762.0
71933.0
72096.0
72260.0
72434.0
72599.0
72762.0
72924.0
73096.0
73263.0
73435.0
73609.0
73781.0
73949.0
74119.0
74273.0
74441.0
74607.0
74772.0
74930.0
75097.0
75269.0
75415.0
75580.0
75746.0
75912.0
76080.0
76245.0
76397.0
76566.0
76742.0
76902.0
77072.0
77228.0
77402.0
77565.0
77739.0
77911.0
78083.0
78235.0
78407.0
78573.0
78737.0
78913.0
79085.0
79257.0
79424.0
79596.0
79764.0
79936.0
80112.0
80280.0
80443.0
80609.0
80770.0
80941.0
81093.0
81269.0
81433.0
81605.0
81774.0
81940.0
82112.0
82281.0
82429.0
82598.0
82772.0
82935.0
83103.0
83266.0
83422.0
83590.0
83742.0
83905.0
84068.0
84242.0
84409.0
84571.0
84730.0
84887.0
85053.0
85222.0
85396.0
85551.0
85709.0
85877.0
86042.0
86214.0
86380.0
86552.0
86721.0
86889.0
87055.0
87219.0
87380.0
87545.0
87714.0
87882.0
88048.0
88217.0
88393.0
88556.0
88723.0
88899.0
89071.0
89228.0
89389.0
89561.0
89730.0
89902.0
90069.0
90243.0
90386.0
90555.0
90719.0
90895.0
91071.0
91238.0
91400.0
91564.0
91729.0
91895.0
92067.0
92243.0
92407.0
92578.0
92748.0
92908.0
93080.0
93256.0
93432.0
93601.0
93769.0
93937.0
94099.0
94247.0
94410.0
94586.0
94748.0
94922.0
95098.0
95274.0
95421.0
95590.0
95756.0
95922.0
96087.0
96254.0
96428.0
96602.0
96765.0
96935.0
97099.0
97247.0
97419.0
97576.0
97752.0
97919.0
98093.0
98267.0
98441.0
98603.0
98769.0
98921.0
99081.0
99248.0
99412.0
99572.0
99741.0
99911.0
100083.0
100248.0
100403.0
100579.0
100745.0
100919.0
101089.0
101246.0
101420.0
101584.0
101750.0
101924.0
102088.0
102255.0
102429.0
102600.0
102770.0
102927.0
103091.0
103251.0
103421.0
103582.0
103746.0
103911.0
104087.0
104255.0
104419.0
104595.0
104763.0
104929.0
105101.0
105268.0
105444.0
105620.0
105769.0
105936.0
106101.0
106270.0
106442.0
106616.0
106784.0
106958.0
107128.0
107284.0
107455.0
107603.0
107769.0
107943.0
108106.0
108265.0
108433.0
108573.0
108732.0
108897.0
109041.0
109213.0
109387.0
109559.0
109733.0
109896.0
110068.0
110230.0
110406.0
110570.0
110746.0
110909.0
111077.0
111229.0
111392.0
111560.0
111728.0
111904.0
112080.0
112244.0
112413.0
112576.0
112741.0
112911.0
113079.0
113253.0
113419.0
113595.0
113771.0
113938.0
114110.0
114276.0
114426.0
114587.0
114757.0
114928.0
115100.0
115253.0
115423.0
115579.0
115739.0
115911.0
116079.0
116250.0
116419.0
116593.0
116765.0
116933.0
117089.0
117252.0
117417.0
117587.0
117761.0
117933.0
118103.0
118279.0
118449.0
118619.0
118793.0
118963.0
119130.0
119304.0
119467.0
119622.0
119784.0
119956.0
120120.0
120288.0
120462.0
120629.0
120803.0
120968.0
121136.0
121297.0
121460.0
121630.0
121797.0
121967.0
122130.0
122295.0
122462.0
122630.0
122802.0
122976.0
123131.0
123298.0
123472.0
123648.0
123808.0
123973.0
124142.0
124314.0
124462.0
124630.0
124798.0
124969.0
125127.0
125303.0
125468.0
125642.0
125812.0
125979.0
126144.0
126316.0
126487.0
126658.0
126821.0
126992.0
127157.0
127325.0
127499.0
127675.0
127847.0
128015.0
128187.0
128342.0
128508.0
128672.0
128844.0
129018.0
129192.0
129368.0
129536.0
129700.0
129869.0
130043.0
130207.0
130378.0
130552.0
130695.0
130867.0
131034.0
131198.0
131367.0
131537.0
131698.0
131874.0
132048.0
132213.0
132370.0
132532.0
132689.0
132861.0
133033.0
133209.0
133379.0
133551.0
133712.0
133874.0
134043.0
134208.0
134360.0
134530.0
134699.0
134862.0
135029.0
135186.0
135357.0
135528.0
135702.0
135872.0
136048.0
136213.0
136371.0
136522.0
136698.0
136867.0
137036.0
137208.0
137380.0
137551.0
137711.0
137874.0
138043.0
138219.0
138377.0
138553.0
138727.0
138894.0
139068.0
139234.0
139401.0
139572.0
139742.0
139914.0
140088.0
140260.0
140427.0
140590.0
140766.0
140937.0
141109.0
141278.0
141441.0
141607.0
141760.0
141932.0
142108.0
142275.0
142446.0
142622.0
142792.0
142942.0
143109.0
143279.0
143430.0
143606.0
143757.0
143913.0
144076.0
144235.0
144409.0
144581.0
144743.0
144904.0
145076.0
145241.0
145413.0
145583.0
145749.0
145911.0
146079.0
146241.0
146407.0
146574.0
146733.0
146909.0
147078.0
147252.0
147422.0
147584.0
147752.0
147913.0
148089.0
148263.0
148437.0
148611.0
148757.0
148925.0
149089.0
149245.0
149405.0
149581.0
149731.0
149891.0
150065.0
150224.0
150383.0
150551.0
150725.0
150894.0
151061.0
151237.0
151407.0
151574.0
151740.0
151903.0
152068.0
152240.0
152409.0
152571.0
152718.0
152888.0
153062.0
153217.0
153380.0
153536.0
153708.0
153874.0
154039.0
154206.0
154369.0
154524.0
154692.0
154868.0
155042.0
155202.0
155378.0
155546.0
155711.0
155875.0
156045.0
156213.0
156374.0
156543.0
156715.0
156889.0
157061.0
157232.0
157402.0
157576.0
157752.0
157918.0
158090.0
158252.0
158426.0
158593.0
158769.0
158935.0
159111.0
159269.0
159435.0
159602.0
159774.0
159940.0
160116.0
160281.0
160451.0
160623.0
160799.0
160975.0
161126.0
161302.0
161476.0
161644.0
161809.0
161978.0
162152.0
162311.0
162474.0
162642.0
162785.0
162956.0
163109.0
163272.0
163436.0
163608.0
163777.0
163951.0
164121.0
164286.0
164460.0
164628.0
164804.0
164969.0
165145.0
165301.0
165460.0
165629.0
165799.0
165973.0
166140.0
166307.0
166471.0
166643.0
166798.0
166963.0
167130.0
167294.0
167462.0
167632.0
167802.0
167966.0
168132.0
168291.0
168467.0
168633.0
168794.0
168962.0
169124.0
169300.0
169462.0
169630.0
169802.0
169969.0
170108.0
170266.0
170440.0
170594.0
170762.0
170921.0
171091.0
171253.0
171429.0
171585.0
171750.0
171902.0
172072.0
172248.0
172409.0
172576.0
172741.0
172913.0
173082.0
173250.0
173416.0
173581.0
173737.0
173899.0
174064.0
174217.0
174389.0
174544.0
174694.0
174864.0
175033.0
175205.0
175379.0
175544.0
175705.0
175873.0
176034.0
176197.0
176373.0
176540.0
176710.0
176884.0
177053.0
177220.0
177386.0
177560.0
177734.0
177903.0
178046.0
178211.0
178385.0
178550.0
178726.0
178898.0
179072.0
179244.0
179412.0
179559.0
179707.0
179879.0
180041.0
180211.0
180383.0
180552.0
180724.0
180898.0
181050.0
181220.0
181389.0
181559.0
181729.0
181894.0
182052.0
182217.0
182379.0
182553.0
182724.0
182898.0
183056.0
183217.0
183393.0
183556.0
183727.0
183901.0
184077.0
184232.0
184404.0
184580.0
184750.0
184922.0
185092.0
185268.0
185436.0
185610.0
185784.0
185958.0
186130.0
186296.0
186468.0
186642.0
186810.0
186967.0
187132.0
187291.0
187445.0
187609.0
187752.0
187921.0
188088.0
188250.0
188419.0
188574.0
188737.0
188909.0
189081.0
189251.0
189419.0
189587.0
189748.0
189911.0
190074.0
190242.0
190411.0
190578.0
190746.0
190920.0
191096.0
191264.0
191432.0
191600.0
191769.0
191945.0
192106.0
192278.0
192454.0
192626.0
192795.0
192969.0
193138.0
193303.0
193475.0
193651.0
193818.0
193979.0
194151.0
194325.0
194486.0
194653.0
194827.0
194999.0
195170.0
195344.0
195516.0
195683.0
195857.0
196029.0
196187.0
196355.0
196502.0
196660.0
196829.0
196995.0
197165.0
197332.0
197499.0
197671.0
197834.0
198001.0
198169.0
198334.0
198498.0
198670.0
198844.0
199011.0
199183.0
199357.0
199521.0
199695.0
199865.0
200035.0
200209.0
200371.0
200541.0
200713.0
200880.0
201052.0
201221.0
201390.0
201556.0
201725.0
201890.0
202064.0
202225.0
202392.0
202566.0
202724.0
202891.0
203065.0
203235.0
203388.0
203560.0
203728.0
203904.0
204078.0
204243.0
204406.0
204576.0
204752.0
204923.0
205093.0
205267.0
205436.0
205591.0
205744.0
205906.0
206074.0
206246.0
206412.0
206577.0
206746.0
206911.0
207081.0
207252.0
207416.0
207588.0
207741.0
207905.0
208081.0
208253.0
208416.0
208587.0
208761.0
208927.0
209097.0
209267.0
209435.0
209603.0
209768.0
209942.0
210114.0
210274.0
210441.0
210596.0
210763.0
210928.0
211095.0
211267.0
211432.0
211600.0
211767.0
211941.0
212115.0
212273.0
212445.0
212619.0
212781.0
212948.0
213118.0
213288.0
213454.0
213625.0
213801.0
213972.0
214124.0
214294.0
214456.0
214632.0
214808.0
214982.0
215146.0
215322.0
215492.0
215658.0
215832.0
215992.0
216160.0
216334.0
216500.0
216674.0
216839.0
217006.0
217160.0
217332.0
217499.0
217660.0
217831.0
218003.0
218158.0
218334.0
218505.0
218674.0
218850.0
219024.0
219192.0
219359.0
219530.0
219699.0
219865.0
220034.0
220198.0
220361.0
220524.0
220683.0
220854.0
221020.0
221192.0
221355.0
221525.0
221701.0
221875.0
222042.0
222212.0
222380.0
222547.0
222721.0
222893.0
223060.0
223230.0
223404.0
223578.0
223744.0
223911.0
224076.0
224248.0
224411.0
224575.0
224738.0
224907.0
225068.0
225230.0
225379.0
225539.0
225709.0
225881.0
226046.0
226220.0
226387.0
226561.0
226728.0
226895.0
227065.0
