a = 0.2
g = 0.5
e = 0.3
random initial weights = false

-717.0
-1412.0
-1983.0
-4625.0
-5217.0
-5741.0
-6235.0
-6748.0
-7179.0
-7683.0
-8122.0
-8607.0
-9021.0
-9451.0
-9357.0
-9780.0
-10232.0
-10659.0
-10503.0
-10321.0
-10743.0
-11198.0
-11643.0
-12114.0
-11944.0
-11778.0
-11605.0
-11521.0
-11950.0
-11780.0
-11608.0
-11435.0
-11253.0
-11073.0
-10889.0
-10717.0
-10540.0
-10356.0
-10180.0
-10002.0
-9818.0
-9647.0
-9470.0
-9298.0
-9122.0
-8940.0
-8765.0
-8612.0
-8438.0
-8254.0
-8092.0
-7929.0
-7775.0
-7602.0
-7427.0
-7251.0
-7067.0
-6902.0
-6732.0
-6567.0
-6388.0
-6208.0
-6037.0
-5853.0
-5671.0
-5487.0
-5305.0
-5132.0
-4952.0
-4792.0
-4624.0
-4440.0
-4263.0
-4084.0
-3909.0
-3729.0
-3545.0
-3367.0
-3206.0
-3094.0
-2933.0
-2761.0
-2598.0
-2423.0
-2239.0
-2064.0
-1888.0
-1713.0
-1529.0
-1350.0
-1171.0
-987.0
-819.0
-639.0
-462.0
-291.0
-107.0
59.0
235.0
415.0
585.0
759.0
936.0
1097.0
1262.0
1428.0
1593.0
1765.0
1949.0
2126.0
2294.0
2472.0
2615.0
2792.0
2974.0
3146.0
3328.0
3510.0
3688.0
3861.0
4045.0
4224.0
4401.0
4569.0
4728.0
4912.0
5076.0
5245.0
5429.0
5606.0
5769.0
5944.0
6128.0
6271.0
6451.0
6633.0
6805.0
6966.0
7150.0
7330.0
7503.0
7675.0
7855.0
8024.0
8187.0
8343.0
8522.0
8685.0
8863.0
9038.0
9218.0
9395.0
9563.0
9738.0
9911.0
10095.0
10271.0
10444.0
10624.0
10796.0
10978.0
11162.0
11344.0
11526.0
11699.0
11877.0
12057.0
12232.0
12416.0
12596.0
12763.0
12942.0
13121.0
13300.0
13480.0
13660.0
13820.0
14002.0
14175.0
14357.0
14541.0
14716.0
14898.0
15082.0
15246.0
15418.0
15595.0
15770.0
15948.0
16125.0
16305.0
16470.0
16648.0
16827.0
17000.0
17168.0
17347.0
17501.0
17670.0
17838.0
18020.0
18202.0
18386.0
18568.0
18745.0
18918.0
19094.0
19276.0
19453.0
19633.0
19805.0
19968.0
20152.0
20320.0
20504.0
20651.0
20827.0
20996.0
21180.0
21347.0
21531.0
21699.0
21878.0
22035.0
22217.0
22399.0
22581.0
22753.0
22925.0
23104.0
23274.0
23431.0
23608.0
23786.0
23960.0
24137.0
24319.0
24461.0
24639.0
24819.0
24992.0
25174.0
25349.0
25525.0
25691.0
25871.0
26053.0
26232.0
26406.0
26578.0
26753.0
26913.0
27090.0
27274.0
27444.0
27616.0
27793.0
27975.0
28149.0
28324.0
28467.0
28641.0
28800.0
28980.0
29115.0
29297.0
29470.0
29652.0
29830.0
30005.0
30187.0
30357.0
30532.0
30694.0
30878.0
31052.0
31224.0
31397.0
31568.0
31747.0
31912.0
32080.0
32259.0
32438.0
32604.0
32766.0
32950.0
33132.0
33307.0
33484.0
33662.0
33835.0
34017.0
34197.0
34379.0
34544.0
34714.0
34889.0
35054.0
35233.0
35417.0
35596.0
35780.0
35955.0
36130.0
36297.0
36462.0
36641.0
36810.0
36987.0
37157.0
37341.0
37525.0
37707.0
37877.0
38035.0
38219.0
38393.0
38568.0
38736.0
38905.0
39089.0
39268.0
39428.0
39608.0
39778.0
39960.0
40135.0
40304.0
40472.0
40654.0
40828.0
41012.0
41196.0
41380.0
41552.0
41727.0
41904.0
42086.0
42258.0
42437.0
42611.0
42784.0
42958.0
43135.0
43297.0
43463.0
43628.0
43795.0
43963.0
44128.0
44312.0
44480.0
44650.0
44832.0
45009.0
45165.0
45338.0
45517.0
45692.0
45876.0
46040.0
46215.0
46374.0
46542.0
46726.0
46908.0
47090.0
47267.0
47443.0
47620.0
47802.0
47970.0
48152.0
48332.0
48507.0
48684.0
48850.0
49020.0
49204.0
49384.0
49561.0
49745.0
49922.0
50089.0
50264.0
50433.0
50611.0
50781.0
50954.0
51133.0
51312.0
51487.0
51660.0
51820.0
51990.0
52167.0
52315.0
52486.0
52670.0
52850.0
53034.0
53197.0
53377.0
53552.0
53732.0
53898.0
54075.0
54234.0
54416.0
54586.0
54749.0
54929.0
55106.0
55290.0
55460.0
55638.0
55811.0
55958.0
56138.0
56314.0
56496.0
56668.0
56846.0
57028.0
57207.0
57381.0
57555.0
57725.0
57891.0
58075.0
58248.0
58432.0
58605.0
58776.0
58954.0
59136.0
59310.0
59490.0
59672.0
59854.0
60018.0
60197.0
60376.0
60560.0
60744.0
60909.0
61089.0
61269.0
61447.0
61611.0
61786.0
61966.0
62143.0
62309.0
62477.0
62655.0
62829.0
63004.0
63188.0
63360.0
63542.0
63724.0
63906.0
64083.0
64258.0
64442.0
64617.0
64781.0
64955.0
65129.0
65306.0
65481.0
65663.0
65845.0
66019.0
66201.0
66372.0
66545.0
66727.0
66911.0
67089.0
67263.0
67437.0
67607.0
67776.0
67951.0
68120.0
68283.0
68457.0
68626.0
68806.0
68984.0
69168.0
69348.0
69532.0
69700.0
69884.0
70054.0
70226.0
70389.0
70571.0
70751.0
70924.0
71103.0
71254.0
71429.0
71591.0
71773.0
71951.0
72133.0
72315.0
72499.0
72681.0
72860.0
73032.0
73200.0
73384.0
73545.0
73722.0
73902.0
74069.0
74248.0
74432.0
74600.0
74776.0
74943.0
75112.0
75289.0
75444.0
75622.0
75806.0
75982.0
76164.0
76344.0
76518.0
76690.0
76861.0
77045.0
77221.0
77399.0
77573.0
77753.0
77926.0
78108.0
78277.0
78451.0
78635.0
78819.0
78996.0
79173.0
79343.0
79521.0
79698.0
79878.0
80060.0
80234.0
80399.0
80568.0
80735.0
80914.0
81096.0
81269.0
81451.0
81631.0
81815.0
81985.0
82152.0
82334.0
82513.0
82675.0
82852.0
83032.0
83214.0
83398.0
83576.0
83749.0
83922.0
84099.0
84276.0
84449.0
84631.0
84813.0
84995.0
85167.0
85342.0
85519.0
85696.0
85876.0
86060.0
86244.0
86428.0
86560.0
86734.0
86918.0
87092.0
87267.0
87451.0
87621.0
87805.0
87987.0
88154.0
88333.0
88505.0
88684.0
88854.0
89027.0
89204.0
89383.0
89547.0
89731.0
89903.0
90078.0
90258.0
90427.0
90601.0
90778.0
90953.0
91129.0
91307.0
91484.0
91662.0
91838.0
92006.0
92190.0
92366.0
92538.0
92716.0
92895.0
93070.0
93232.0
93411.0
93595.0
93771.0
93945.0
94111.0
94285.0
94464.0
94639.0
94818.0
94995.0
95173.0
95332.0
95504.0
95683.0
95848.0
96032.0
96210.0
96380.0
96547.0
96719.0
96903.0
97082.0
97261.0
97420.0
97560.0
97724.0
97908.0
98090.0
98264.0
98446.0
98620.0
98797.0
98969.0
99148.0
99314.0
99484.0
99653.0
99835.0
100009.0
100191.0
100367.0
100546.0
100709.0
100888.0
101065.0
101234.0
101406.0
101588.0
101758.0
101942.0
102103.0
102279.0
102458.0
102621.0
102768.0
102947.0
103120.0
103298.0
103474.0
103649.0
103826.0
104006.0
104183.0
104359.0
104526.0
104708.0
104883.0
105050.0
105215.0
105384.0
105564.0
105735.0
105912.0
106096.0
106269.0
106438.0
106620.0
106797.0
106971.0
107140.0
107317.0
107486.0
107649.0
107818.0
107995.0
108170.0
108348.0
108532.0
108707.0
108869.0
109044.0
109217.0
109382.0
109552.0
109728.0
109910.0
110090.0
110256.0
110429.0
110613.0
110785.0
110951.0
111121.0
111299.0
111477.0
111656.0
111834.0
112018.0
112200.0
112380.0
112564.0
112731.0
112910.0
113084.0
113268.0
113432.0
113600.0
113773.0
113950.0
114134.0
114291.0
114473.0
114653.0
114817.0
114995.0
115173.0
115339.0
115518.0
115692.0
115859.0
116039.0
116223.0
116388.0
116572.0
116749.0
116927.0
117105.0
117285.0
117444.0
117621.0
117799.0
117975.0
118159.0
118334.0
118509.0
118674.0
118845.0
119029.0
119209.0
119387.0
119561.0
119740.0
119910.0
120088.0
120268.0
120450.0
120629.0
120809.0
120978.0
121160.0
121315.0
121468.0
121643.0
121822.0
122004.0
122179.0
122357.0
122539.0
122718.0
122895.0
123058.0
123238.0
123388.0
123568.0
123745.0
123929.0
124113.0
124291.0
124464.0
124637.0
124821.0
124995.0
125163.0
125342.0
125526.0
125706.0
125890.0
126059.0
126234.0
126414.0
126591.0
126775.0
126952.0
127123.0
127307.0
127482.0
127633.0
127803.0
127985.0
128164.0
128334.0
128516.0
128691.0
128857.0
129032.0
129209.0
129385.0
129553.0
129725.0
129896.0
130071.0
130224.0
130408.0
130590.0
130774.0
130929.0
131113.0
131283.0
131460.0
131635.0
131819.0
131998.0
132182.0
132362.0
132527.0
132702.0
132874.0
133044.0
133228.0
133412.0
133585.0
133757.0
133935.0
134115.0
134297.0
134479.0
134646.0
134828.0
134998.0
135178.0
135357.0
135529.0
135688.0
135870.0
136041.0
136216.0
136398.0
136574.0
136748.0
136915.0
137076.0
137254.0
137436.0
137620.0
137804.0
137965.0
138149.0
138331.0
138515.0
138697.0
138875.0
139057.0
139235.0
139417.0
139599.0
139771.0
139955.0
140116.0
140286.0
140463.0
140645.0
140824.0
141008.0
141177.0
141339.0
141516.0
141683.0
141858.0
142034.0
142214.0
142384.0
142530.0
142705.0
142889.0
143031.0
143201.0
143385.0
143565.0
143740.0
143914.0
144093.0
144270.0
144438.0
144609.0
144787.0
144962.0
145133.0
145317.0
145497.0
145663.0
145833.0
146015.0
146190.0
146372.0
146542.0
146705.0
146887.0
147069.0
147249.0
147427.0
147594.0
147774.0
147953.0
148133.0
148317.0
148497.0
148676.0
148852.0
149032.0
149202.0
149368.0
149535.0
149715.0
149895.0
150069.0
150241.0
150410.0
150577.0
150755.0
150935.0
151117.0
151292.0
151467.0
151651.0
151827.0
151988.0
152172.0
152352.0
152512.0
152689.0
152865.0
153049.0
153226.0
153398.0
153582.0
153761.0
153940.0
154124.0
154306.0
154483.0
154665.0
154839.0
155023.0
155198.0
155370.0
155545.0
155727.0
155911.0
156079.0
156263.0
156447.0
156629.0
156801.0
156968.0
157140.0
157319.0
157503.0
157682.0
157852.0
158018.0
158200.0
158384.0
158550.0
158725.0
158901.0
159075.0
159257.0
159432.0
159594.0
159772.0
159954.0
160121.0
160296.0
160470.0
160628.0
160798.0
160970.0
161149.0
161320.0
161488.0
161650.0
161815.0
161997.0
162174.0
162353.0
162525.0
162699.0
162877.0
163055.0
163217.0
163385.0
163559.0
163735.0
163910.0
164087.0
164271.0
164448.0
164623.0
164795.0
164959.0
165107.0
165280.0
165441.0
165621.0
165794.0
165970.0
166150.0
166327.0
166511.0
166676.0
166854.0
167026.0
167201.0
167377.0
167552.0
167732.0
167898.0
168066.0
168243.0
168422.0
168584.0
168766.0
168933.0
169105.0
169289.0
169457.0
169634.0
169812.0
169992.0
170158.0
170327.0
170509.0
170677.0
170854.0
171034.0
171218.0
171402.0
171582.0
171751.0
171926.0
172090.0
172270.0
172442.0
172613.0
172783.0
172959.0
173112.0
173296.0
173474.0
173633.0
173806.0
173983.0
174160.0
174340.0
174511.0
174676.0
174849.0
175033.0
175215.0
175389.0
175558.0
175730.0
175903.0
176075.0
176245.0
176425.0
176604.0
176788.0
176965.0
177149.0
177326.0
177499.0
177681.0
177858.0
178033.0
178191.0
178370.0
178552.0
178734.0
178909.0
179080.0
179257.0
179436.0
179611.0
179768.0
179948.0
180127.0
180302.0
180475.0
180618.0
180792.0
180964.0
181124.0
181306.0
181469.0
181646.0
181809.0
181982.0
182160.0
182340.0
182524.0
182708.0
182878.0
183053.0
183230.0
183410.0
183587.0
183764.0
183936.0
184111.0
184289.0
184459.0
184629.0
184809.0
184971.0
185155.0
185339.0
185511.0
185688.0
185855.0
186034.0
186216.0
186398.0
186572.0
186734.0
186911.0
187088.0
187270.0
187450.0
187630.0
187801.0
187975.0
188153.0
188333.0
188505.0
188689.0
188866.0
189046.0
189218.0
189390.0
189564.0
189739.0
189921.0
190105.0
190282.0
190457.0
190629.0
190811.0
190988.0
191160.0
191336.0
191516.0
191688.0
191860.0
192044.0
192208.0
192376.0
192560.0
192733.0
192917.0
193087.0
193264.0
193446.0
193621.0
193800.0
193970.0
194145.0
194320.0
194490.0
194664.0
194846.0
195014.0
195191.0
195358.0
195531.0
195703.0
195871.0
196048.0
196223.0
196398.0
196569.0
196744.0
196904.0
197086.0
197268.0
197448.0
197621.0
197803.0
197979.0
198161.0
198343.0
198520.0
198704.0
198875.0
199049.0
199206.0
199370.0
199527.0
199711.0
199889.0
200059.0
200232.0
200407.0
200580.0
200757.0
200937.0
201101.0
201273.0
201457.0
201627.0
201805.0
201968.0
202150.0
202330.0
202499.0
202676.0
202856.0
203035.0
203215.0
203391.0
203571.0
203749.0
203925.0
204105.0
204278.0
204453.0
204635.0
204798.0
204977.0
205157.0
205339.0
205519.0
205689.0
205867.0
206051.0
206235.0
206389.0
206559.0
206736.0
206902.0
207084.0
207257.0
207434.0
207607.0
207791.0
207956.0
208112.0
208268.0
208450.0
208634.0
208802.0
208979.0
209146.0
209320.0
209498.0
209664.0
209834.0
210011.0
210191.0
210358.0
210540.0
210700.0
210884.0
211061.0
211240.0
211417.0
211599.0
211756.0
211931.0
212106.0
212288.0
212461.0
212639.0
212814.0
212991.0
213170.0
213354.0
213529.0
213709.0
213893.0
214071.0
214251.0
214428.0
214612.0
214794.0
214971.0
215153.0
215333.0
215515.0
215681.0
215858.0
216035.0
216217.0
216388.0
216561.0
216741.0
216904.0
217069.0
217238.0
217422.0
217594.0
217773.0
217922.0
218104.0
218266.0
218436.0
218607.0
218791.0
218955.0
219132.0
219311.0
219485.0
219665.0
219847.0
220015.0
220181.0
220356.0
220526.0
220698.0
220876.0
221054.0
221223.0
221390.0
221545.0
221725.0
221902.0
222084.0
222258.0
222423.0
222588.0
222772.0
222939.0
223114.0
223296.0
223478.0
223646.0
223825.0
223989.0
224166.0
224340.0
224510.0
224686.0
224857.0
225027.0
225202.0
225382.0
225559.0
225736.0
225910.0
226076.0
226251.0
226410.0
226592.0
226774.0
226942.0
227114.0
227287.0
227466.0
227643.0
227827.0
228000.0
228180.0
228342.0
228516.0
228692.0
228867.0
229034.0
229209.0
229389.0
229571.0
229755.0
229929.0
230106.0
230288.0
230463.0
230640.0
230809.0
230991.0
231168.0
231350.0
231519.0
231699.0
231878.0
232039.0
232213.0
232383.0
232562.0
232744.0
232919.0
233056.0
233226.0
233404.0
233586.0
233764.0
233946.0
234128.0
234303.0
234474.0
234649.0
234817.0
234993.0
235163.0
235338.0
235514.0
235682.0
235861.0
236016.0
236188.0
236361.0
236539.0
236723.0
236892.0
237067.0
237235.0
237399.0
237569.0
237741.0
237919.0
238099.0
238277.0
238417.0
238585.0
238748.0
238913.0
239083.0
239249.0
239421.0
239600.0
239782.0
239962.0
240137.0
240312.0
240479.0
240658.0
240830.0
241012.0
241192.0
241351.0
241528.0
241712.0
241891.0
242066.0
242239.0
242423.0
242601.0
242765.0
242939.0
243101.0
243268.0
243445.0
243622.0
243801.0
243965.0
244138.0
244311.0
244483.0
244663.0
244842.0
245021.0
