a = 0.8
g = 0.8
e = 0.1
random initial weights = true

-581.0
-3233.0
-3991.0
-4443.0
-4946.0
-5461.0
-5930.0
-6413.0
-6847.0
-7327.0
-7832.0
-8258.0
-8727.0
-9153.0
-9658.0
-10098.0
-10516.0
-10936.0
-11375.0
-11807.0
-12282.0
-12706.0
-13149.0
-13573.0
-13422.0
-13836.0
-14270.0
-14686.0
-15116.0
-15547.0
-15983.0
-15821.0
-16235.0
-16666.0
-17088.0
-17524.0
-17946.0
-18372.0
-18202.0
-18032.0
-20438.0
-20863.0
-23277.0
-23145.0
-22973.0
-22804.0
-22635.0
-22461.0
-22285.0
-22111.0
-21937.0
-21763.0
-21591.0
-21415.0
-21239.0
-21063.0
-20891.0
-20719.0
-20548.0
-20372.0
-20196.0
-20027.0
-19856.0
-19680.0
-19506.0
-19335.0
-19170.0
-18994.0
-18824.0
-18653.0
-18479.0
-18305.0
-18129.0
-17960.0
-17788.0
-17612.0
-17436.0
-17262.0
-17093.0
-16917.0
-16743.0
-16574.0
-16400.0
-16226.0
-16050.0
-15879.0
-15705.0
-15536.0
-15360.0
-15184.0
-15017.0
-14843.0
-14669.0
-14495.0
-14319.0
-14143.0
-13967.0
-13793.0
-13621.0
-13449.0
-13273.0
-13101.0
-12925.0
-12756.0
-12585.0
-12409.0
-12233.0
-12059.0
-11885.0
-11711.0
-11537.0
-11361.0
-11187.0
-11013.0
-10837.0
-10661.0
-10485.0
-10309.0
-10135.0
-9969.0
-9797.0
-9626.0
-9450.0
-9274.0
-9104.0
-8932.0
-8762.0
-8586.0
-8410.0
-8234.0
-8060.0
-7890.0
-7714.0
-7540.0
-7369.0
-7195.0
-7024.0
-6852.0
-6678.0
-6504.0
-6330.0
-6154.0
-5978.0
-5806.0
-5634.0
-5463.0
-5289.0
-5113.0
-4941.0
-4765.0
-4589.0
-4413.0
-4237.0
-4063.0
-3887.0
-3715.0
-3543.0
-3369.0
-3199.0
-3027.0
-2851.0
-2679.0
-2505.0
-2329.0
-2155.0
-1985.0
-1809.0
-1633.0
-1459.0
-1283.0
-1107.0
-935.0
-759.0
-583.0
-421.0
-250.0
-74.0
98.0
272.0
448.0
622.0
798.0
970.0
1137.0
1313.0
1489.0
1663.0
1837.0
2013.0
2182.0
2352.0
2515.0
2689.0
2861.0
3035.0
3211.0
3387.0
3558.0
3729.0
3903.0
4077.0
4251.0
4425.0
4599.0
4775.0
4951.0
5127.0
5303.0
5477.0
5648.0
5822.0
5998.0
6174.0
6350.0
6526.0
6697.0
6871.0
7042.0
7213.0
7387.0
7558.0
7732.0
7906.0
8082.0
8256.0
8430.0
8601.0
8777.0
8946.0
9118.0
9294.0
9470.0
9641.0
9817.0
9993.0
10160.0
10322.0
10498.0
10670.0
10846.0
11020.0
11192.0
11368.0
11544.0
11720.0
11894.0
12068.0
12244.0
12420.0
12596.0
12757.0
12926.0
13095.0
13271.0
13447.0
13619.0
13791.0
13965.0
14134.0
14310.0
14484.0
14656.0
14832.0
15008.0
15184.0
15358.0
15532.0
15706.0
15882.0
16054.0
16228.0
16404.0
16571.0
16747.0
16921.0
17095.0
17269.0
17445.0
17617.0
17788.0
17960.0
18136.0
18312.0
18488.0
18662.0
18838.0
19010.0
19184.0
19360.0
19536.0
19710.0
19877.0
20049.0
20223.0
20399.0
20575.0
20751.0
20925.0
21094.0
21268.0
21434.0
21594.0
21770.0
21946.0
22115.0
22291.0
22453.0
22629.0
22803.0
22979.0
23151.0
23320.0
23491.0
23665.0
23841.0
24012.0
24181.0
24357.0
24531.0
24707.0
24883.0
25052.0
25228.0
25402.0
25578.0
25748.0
25924.0
26096.0
26262.0
26436.0
26612.0
26781.0
26950.0
27124.0
27298.0
27469.0
27645.0
27821.0
27997.0
28171.0
28347.0
28523.0
28697.0
28863.0
29039.0
29215.0
29389.0
29565.0
29741.0
29917.0
30091.0
30267.0
30443.0
30615.0
30791.0
30962.0
31131.0
31307.0
31483.0
31659.0
31830.0
32001.0
32173.0
32347.0
32519.0
32695.0
32871.0
33042.0
33218.0
33389.0
33563.0
33737.0
33909.0
34085.0
34259.0
34435.0
34611.0
34781.0
34955.0
35131.0
35307.0
35481.0
35655.0
35831.0
36007.0
36181.0
36353.0
36529.0
36705.0
36881.0
37057.0
37229.0
37403.0
37579.0
37753.0
37919.0
38093.0
38264.0
38434.0
38608.0
38784.0
38953.0
39129.0
39296.0
39472.0
39646.0
39820.0
39994.0
40161.0
40337.0
40511.0
40687.0
40857.0
41024.0
41198.0
41372.0
41546.0
41710.0
41886.0
42060.0
42231.0
42402.0
42576.0
42747.0
42919.0
43095.0
43271.0
43447.0
43623.0
43795.0
43971.0
44147.0
44323.0
44495.0
44663.0
44839.0
45009.0
45183.0
45359.0
45535.0
45709.0
45881.0
46057.0
46228.0
46402.0
46578.0
46752.0
46928.0
47104.0
47280.0
47450.0
47624.0
47800.0
47972.0
48148.0
48324.0
48500.0
48676.0
48838.0
49008.0
49180.0
49351.0
49525.0
49697.0
49866.0
50038.0
50212.0
50386.0
50562.0
50734.0
50910.0
51086.0
51262.0
51431.0
51607.0
51778.0
51954.0
52130.0
52306.0
52480.0
52656.0
52828.0
53002.0
53178.0
53354.0
53528.0
53700.0
53876.0
54052.0
54223.0
54395.0
54571.0
54747.0
54921.0
55097.0
55273.0
55447.0
55619.0
55788.0
55962.0
56136.0
56307.0
56481.0
56650.0
56824.0
56992.0
57161.0
57335.0
57507.0
57683.0
57859.0
58033.0
58209.0
58381.0
58557.0
58728.0
58895.0
59067.0
59238.0
59407.0
59583.0
59759.0
59928.0
60102.0
60273.0
60449.0
60620.0
60796.0
60968.0
61142.0
61318.0
61492.0
61668.0
61842.0
62018.0
62192.0
62368.0
62540.0
62714.0
62888.0
63057.0
63233.0
63409.0
63581.0
63748.0
63917.0
64093.0
64269.0
64443.0
64617.0
64793.0
64969.0
65145.0
65319.0
65493.0
65665.0
65837.0
66008.0
66182.0
66358.0
66534.0
66708.0
66884.0
67058.0
67234.0
67408.0
67582.0
67754.0
67928.0
68104.0
68271.0
68447.0
68623.0
68799.0
68973.0
69149.0
69314.0
69490.0
69664.0
69838.0
70014.0
70190.0
70366.0
70542.0
70718.0
70894.0
71068.0
71240.0
71414.0
71586.0
71760.0
71936.0
72106.0
72280.0
72452.0
72624.0
72798.0
72972.0
73146.0
73320.0
73494.0
73666.0
73837.0
74011.0
74187.0
74358.0
74532.0
74706.0
74873.0
75049.0
75225.0
75396.0
75572.0
75746.0
75920.0
76096.0
76270.0
76446.0
76615.0
76784.0
76958.0
77132.0
77308.0
77484.0
77660.0
77836.0
78012.0
78188.0
78364.0
78540.0
78716.0
78892.0
79066.0
79240.0
79410.0
79586.0
79762.0
79934.0
80110.0
80286.0
80456.0
80630.0
80806.0
80980.0
81156.0
81322.0
81496.0
81668.0
81839.0
82013.0
82185.0
82359.0
82524.0
82695.0
82871.0
83036.0
83212.0
83388.0
83564.0
83735.0
83909.0
84081.0
84252.0
84428.0
84604.0
84773.0
84947.0
85117.0
85288.0
85462.0
85636.0
85812.0
85988.0
86164.0
86335.0
86511.0
86685.0
86861.0
87037.0
87213.0
87384.0
87553.0
87729.0
87905.0
88081.0
88257.0
88433.0
88604.0
88778.0
88954.0
89130.0
89306.0
89482.0
89644.0
89818.0
89992.0
90164.0
90338.0
90514.0
90690.0
90861.0
91035.0
91209.0
91385.0
91561.0
91735.0
91911.0
92081.0
92255.0
92431.0
92605.0
92779.0
92953.0
93129.0
93305.0
93481.0
93655.0
93831.0
93999.0
94175.0
94347.0
94516.0
94690.0
94864.0
95038.0
95214.0
95381.0
95557.0
95733.0
95904.0
96073.0
96247.0
96423.0
96599.0
96775.0
96947.0
97123.0
97295.0
97471.0
97647.0
97818.0
97990.0
98164.0
98340.0
98512.0
98683.0
98854.0
99030.0
99206.0
99380.0
99552.0
99719.0
99895.0
100071.0
100241.0
100415.0
100591.0
100763.0
100939.0
101113.0
101282.0
101456.0
101632.0
101808.0
101984.0
102153.0
102325.0
102501.0
102677.0
102851.0
103025.0
103197.0
103373.0
103549.0
103725.0
103899.0
104070.0
104242.0
104418.0
104592.0
104768.0
104944.0
105114.0
105290.0
105464.0
105636.0
105812.0
105986.0
106162.0
106336.0
106512.0
106686.0
106860.0
107036.0
107210.0
107384.0
107554.0
107730.0
107904.0
108076.0
108252.0
108428.0
108600.0
108774.0
108938.0
109110.0
109286.0
109462.0
109636.0
109812.0
109988.0
110164.0
110338.0
110512.0
110684.0
110856.0
111032.0
111201.0
111377.0
111549.0
111721.0
111891.0
112065.0
112241.0
112417.0
112593.0
112763.0
112937.0
113107.0
113281.0
113457.0
113633.0
113809.0
113985.0
114157.0
114333.0
114509.0
114685.0
114861.0
115033.0
115209.0
115383.0
115557.0
115733.0
115904.0
116071.0
116240.0
116416.0
116590.0
116764.0
116940.0
117112.0
117288.0
117464.0
117640.0
117816.0
117992.0
118168.0
118342.0
118518.0
118692.0
118868.0
119040.0
119216.0
119392.0
119566.0
119740.0
119912.0
120086.0
120260.0
120434.0
120610.0
120786.0
120958.0
121132.0
121308.0
121484.0
121660.0
121836.0
122012.0
122188.0
122362.0
122538.0
122712.0
122886.0
123062.0
123231.0
123407.0
123583.0
123759.0
123935.0
124106.0
124280.0
124454.0
124628.0
124804.0
124980.0
125156.0
125330.0
125506.0
125682.0
125851.0
126020.0
126196.0
126370.0
126546.0
126722.0
126898.0
127072.0
127248.0
127420.0
127594.0
127768.0
127942.0
128116.0
128292.0
128468.0
128644.0
128816.0
128992.0
129168.0
129344.0
129520.0
129696.0
129867.0
130043.0
130217.0
130389.0
130561.0
130737.0
130908.0
131084.0
131260.0
131434.0
131602.0
131774.0
131950.0
132124.0
132298.0
132472.0
132646.0
132813.0
132989.0
133165.0
133334.0
133510.0
133682.0
133858.0
134032.0
134208.0
134379.0
134555.0
134731.0
134905.0
135079.0
135255.0
135431.0
135605.0
135779.0
135951.0
136127.0
136303.0
136479.0
136653.0
136827.0
136999.0
137168.0
137336.0
137510.0
137686.0
137862.0
138036.0
138212.0
138383.0
138559.0
138731.0
138903.0
139079.0
139255.0
139431.0
139607.0
139783.0
139957.0
140129.0
140301.0
140477.0
140651.0
140825.0
141001.0
141177.0
141351.0
141527.0
141703.0
141879.0
142053.0
142224.0
142400.0
142576.0
142752.0
142928.0
143104.0
143280.0
143456.0
143627.0
143803.0
143979.0
144155.0
144329.0
144505.0
144677.0
144846.0
145015.0
145191.0
145365.0
145541.0
145715.0
145879.0
146055.0
146231.0
146407.0
146581.0
146757.0
146926.0
147102.0
147276.0
147450.0
147626.0
147802.0
147978.0
148154.0
148330.0
148506.0
148676.0
148852.0
149028.0
149204.0
149373.0
149544.0
149715.0
149889.0
150065.0
150241.0
150415.0
150591.0
150750.0
150926.0
151102.0
151274.0
151448.0
151619.0
151795.0
151971.0
152147.0
152321.0
152497.0
152671.0
152847.0
153023.0
153197.0
153368.0
153542.0
153716.0
153890.0
154062.0
154236.0
154410.0
154582.0
154756.0
154932.0
155106.0
155282.0
155458.0
155630.0
155804.0
155973.0
156149.0
156323.0
156497.0
156671.0
156847.0
157021.0
157197.0
157368.0
157544.0
157720.0
157892.0
158066.0
158238.0
158410.0
158584.0
158760.0
158936.0
159112.0
159284.0
159460.0
159636.0
159808.0
159984.0
160160.0
160332.0
160506.0
160680.0
160854.0
161026.0
161197.0
161373.0
161549.0
161723.0
161897.0
162067.0
162241.0
162412.0
162581.0
162751.0
162923.0
163099.0
163264.0
163440.0
163614.0
163786.0
163962.0
164138.0
164314.0
164490.0
164666.0
164842.0
165018.0
165186.0
165362.0
165538.0
165712.0
165883.0
166057.0
166233.0
166407.0
166579.0
166748.0
166922.0
167096.0
167268.0
167444.0
167618.0
167794.0
167966.0
168135.0
168305.0
168481.0
168653.0
168829.0
169003.0
169179.0
169355.0
169524.0
169698.0
169874.0
170046.0
170220.0
170394.0
170570.0
170737.0
170913.0
171089.0
171255.0
171425.0
171601.0
171777.0
171949.0
172123.0
172293.0
172462.0
172638.0
172812.0
172986.0
173162.0
173338.0
173512.0
173684.0
173856.0
174032.0
174203.0
174375.0
174546.0
174718.0
174894.0
175068.0
175242.0
175413.0
175589.0
175761.0
175937.0
176111.0
176287.0
176463.0
176632.0
176801.0
176975.0
177149.0
177323.0
177497.0
177673.0
177847.0
178017.0
178191.0
178367.0
178541.0
178706.0
178882.0
179056.0
179225.0
179399.0
179570.0
179744.0
179916.0
180090.0
180266.0
180436.0
180612.0
180788.0
180964.0
181133.0
181307.0
181483.0
181657.0
181828.0
182002.0
182176.0
182352.0
182521.0
182697.0
182871.0
183045.0
183219.0
183386.0
183562.0
183738.0
183914.0
184090.0
184266.0
184440.0
184614.0
184786.0
184962.0
185133.0
185307.0
185481.0
185655.0
185829.0
186001.0
186173.0
186347.0
186523.0
186699.0
186873.0
187044.0
187213.0
187389.0
187560.0
187732.0
187902.0
188078.0
188254.0
188428.0
188604.0
188774.0
188950.0
189126.0
189302.0
189478.0
189654.0
189830.0
190004.0
190178.0
190350.0
190521.0
190697.0
190871.0
191047.0
191223.0
191394.0
191570.0
191744.0
191920.0
192096.0
192270.0
192446.0
192622.0
192793.0
192969.0
193143.0
193319.0
193493.0
193669.0
193843.0
194019.0
194193.0
194367.0
194541.0
194717.0
194891.0
195060.0
195236.0
195410.0
195586.0
195758.0
195932.0
196108.0
196284.0
196458.0
196634.0
196810.0
196982.0
197158.0
197334.0
197510.0
197686.0
197858.0
198034.0
198210.0
198386.0
198558.0
198732.0
198908.0
199078.0
199254.0
199430.0
199600.0
199776.0
199952.0
200117.0
200293.0
200462.0
200638.0
200814.0
200990.0
201164.0
201340.0
201512.0
201682.0
201849.0
202020.0
202191.0
202367.0
202543.0
202712.0
202886.0
203057.0
203231.0
203407.0
203583.0
203759.0
203931.0
204103.0
204279.0
204455.0
204629.0
204805.0
204981.0
205157.0
205333.0
205502.0
205676.0
205852.0
206022.0
206194.0
206363.0
206534.0
206710.0
206886.0
207062.0
207228.0
207404.0
207578.0
207752.0
207926.0
208102.0
208278.0
208443.0
208619.0
208790.0
208964.0
209140.0
209314.0
209485.0
209661.0
209835.0
210011.0
210187.0
210363.0
210534.0
210699.0
210875.0
211047.0
211215.0
211386.0
211556.0
211732.0
211906.0
212077.0
212253.0
212429.0
212605.0
212776.0
212950.0
213126.0
213302.0
213478.0
213640.0
213816.0
213990.0
214166.0
214340.0
214512.0
214686.0
214857.0
215022.0
215198.0
215374.0
215548.0
215718.0
215894.0
216070.0
216246.0
216422.0
216594.0
216770.0
216946.0
217122.0
217291.0
217465.0
217639.0
217813.0
217983.0
218157.0
218329.0
218503.0
218669.0
218841.0
219013.0
219180.0
219356.0
219532.0
219706.0
219878.0
220054.0
220226.0
220402.0
220578.0
220752.0
220928.0
221097.0
221267.0
221438.0
221607.0
221781.0
221953.0
222127.0
222299.0
222471.0
222645.0
222821.0
222995.0
223167.0
223343.0
223519.0
223691.0
223865.0
224039.0
224215.0
224387.0
224559.0
224733.0
224907.0
225083.0
225257.0
225433.0
225607.0
225783.0
225953.0
226123.0
226299.0
226475.0
226649.0
226823.0
226999.0
227173.0
227344.0
227520.0
227696.0
227870.0
228041.0
228217.0
228391.0
228567.0
228743.0
228915.0
229087.0
229263.0
229439.0
229613.0
229787.0
