a = 0.5
g = 0.8
e = 0.1
random initial weights = true

-2550.0
-3153.0
-3966.0
-4535.0
-5000.0
-5452.0
-5896.0
-6313.0
-6761.0
-9279.0
-9697.0
-12147.0
-12600.0
-13049.0
-13497.0
-13920.0
-14337.0
-14801.0
-17264.0
-17697.0
-18130.0
-18543.0
-18962.0
-19389.0
-21796.0
-22229.0
-22651.0
-23074.0
-23498.0
-23918.0
-24350.0
-24180.0
-24596.0
-25016.0
-24869.0
-25282.0
-25695.0
-25529.0
-25351.0
-25173.0
-25001.0
-24823.0
-24649.0
-24471.0
-24293.0
-24122.0
-23946.0
-23773.0
-23595.0
-23425.0
-23247.0
-23069.0
-22891.0
-22713.0
-22535.0
-22361.0
-22189.0
-22011.0
-21837.0
-21659.0
-21485.0
-21312.0
-21134.0
-20958.0
-20780.0
-20604.0
-20428.0
-20257.0
-20079.0
-19903.0
-19727.0
-19551.0
-19375.0
-19197.0
-19021.0
-18845.0
-18667.0
-18489.0
-18315.0
-18142.0
-17964.0
-17786.0
-17610.0
-17434.0
-17256.0
-17078.0
-16904.0
-16726.0
-16550.0
-16374.0
-16201.0
-16025.0
-15847.0
-15677.0
-15499.0
-15323.0
-15147.0
-14973.0
-14806.0
-14628.0
-14452.0
-14274.0
-14100.0
-13924.0
-13751.0
-13573.0
-13399.0
-13223.0
-13047.0
-12869.0
-12693.0
-12515.0
-12341.0
-12169.0
-11991.0
-11813.0
-11640.0
-11464.0
-11286.0
-11110.0
-10937.0
-10759.0
-10583.0
-10412.0
-10245.0
-10069.0
-9891.0
-9715.0
-9539.0
-9365.0
-9193.0
-9021.0
-8845.0
-8667.0
-8489.0
-8313.0
-8137.0
-7964.0
-7786.0
-7608.0
-7430.0
-7254.0
-7076.0
-6906.0
-6728.0
-6550.0
-6372.0
-6194.0
-6018.0
-5842.0
-5664.0
-5486.0
-5308.0
-5130.0
-4954.0
-4776.0
-4598.0
-4420.0
-4244.0
-4068.0
-3892.0
-3714.0
-3536.0
-3358.0
-3180.0
-3004.0
-2836.0
-2658.0
-2482.0
-2304.0
-2128.0
-1950.0
-1772.0
-1594.0
-1416.0
-1240.0
-1066.0
-892.0
-714.0
-536.0
-358.0
-180.0
-2.0
172.0
338.0
516.0
692.0
866.0
1044.0
1214.0
1390.0
1568.0
1733.0
1907.0
2074.0
2250.0
2422.0
2600.0
2778.0
2956.0
3134.0
3308.0
3484.0
3658.0
3832.0
4002.0
4178.0
4356.0
4534.0
4712.0
4890.0
5066.0
5244.0
5422.0
5598.0
5776.0
5954.0
6132.0
6306.0
6482.0
6658.0
6832.0
7010.0
7188.0
7362.0
7540.0
7714.0
7892.0
8070.0
8246.0
8420.0
8598.0
8774.0
8952.0
9126.0
9299.0
9475.0
9651.0
9829.0
10003.0
10181.0
10355.0
10533.0
10711.0
10889.0
11062.0
11238.0
11407.0
11585.0
11763.0
11939.0
12113.0
12286.0
12462.0
12640.0
12816.0
12988.0
13164.0
13336.0
13508.0
13686.0
13864.0
14038.0
14216.0
14394.0
14566.0
14740.0
14918.0
15096.0
15274.0
15450.0
15626.0
15798.0
15976.0
16152.0
16330.0
16506.0
16679.0
16857.0
17033.0
17202.0
17380.0
17554.0
17732.0
17898.0
18076.0
18252.0
18428.0
18604.0
18782.0
18954.0
19128.0
19302.0
19480.0
19656.0
19829.0
19999.0
20175.0
20349.0
20522.0
20696.0
20870.0
21046.0
21224.0
21402.0
21580.0
21756.0
21932.0
22110.0
22284.0
22462.0
22640.0
22812.0
22988.0
23166.0
23342.0
23520.0
23698.0
23869.0
24047.0
24223.0
24399.0
24577.0
24755.0
24933.0
25107.0
25285.0
25461.0
25637.0
25815.0
25987.0
26163.0
26339.0
26517.0
26695.0
26869.0
27047.0
27218.0
27394.0
27570.0
27748.0
27926.0
28102.0
28274.0
28452.0
28626.0
28802.0
28978.0
29154.0
29332.0
29508.0
29686.0
29862.0
30040.0
30212.0
30388.0
30564.0
30742.0
30920.0
31096.0
31274.0
31452.0
31628.0
31806.0
31982.0
32160.0
32328.0
32504.0
32680.0
32858.0
33034.0
33208.0
33384.0
33560.0
33733.0
33904.0
34082.0
34260.0
34436.0
34612.0
34790.0
34966.0
35144.0
35320.0
35498.0
35672.0
35850.0
36021.0
36197.0
36371.0
36549.0
36727.0
36905.0
37083.0
37261.0
37435.0
37613.0
37789.0
37965.0
38141.0
38312.0
38488.0
38664.0
38840.0
39014.0
39186.0
39364.0
39542.0
39718.0
39889.0
40067.0
40245.0
40423.0
40599.0
40777.0
40953.0
41131.0
41309.0
41487.0
41663.0
41834.0
42008.0
42184.0
42362.0
42540.0
42716.0
42892.0
43070.0
43246.0
43424.0
43600.0
43778.0
43956.0
44128.0
44304.0
44482.0
44660.0
44838.0
45016.0
45190.0
45364.0
45536.0
45714.0
45892.0
46070.0
46248.0
46424.0
46602.0
46780.0
46958.0
47136.0
47310.0
47488.0
47664.0
47840.0
48018.0
48194.0
48372.0
48550.0
48728.0
48901.0
49079.0
49257.0
49431.0
49604.0
49777.0
49955.0
50129.0
50305.0
50483.0
50661.0
50839.0
51013.0
51191.0
51363.0
51541.0
51717.0
51891.0
52064.0
52242.0
52420.0
52598.0
52771.0
52949.0
53121.0
53299.0
53477.0
53653.0
53827.0
54001.0
54175.0
54348.0
54526.0
54700.0
54874.0
55050.0
55226.0
55404.0
55578.0
55756.0
55934.0
56100.0
56278.0
56452.0
56630.0
56808.0
56986.0
57155.0
57329.0
57507.0
57683.0
57859.0
58035.0
58213.0
58387.0
58563.0
58739.0
58917.0
59095.0
59271.0
59445.0
59619.0
59797.0
59968.0
60146.0
60324.0
60500.0
60678.0
60854.0
61030.0
61196.0
61370.0
61548.0
61719.0
61897.0
62075.0
62253.0
62429.0
62598.0
62776.0
62954.0
63128.0
63306.0
63484.0
63656.0
63834.0
64010.0
64188.0
64361.0
64537.0
64715.0
64886.0
65059.0
65228.0
65399.0
65570.0
65748.0
65917.0
66095.0
66271.0
66449.0
66625.0
66803.0
66981.0
67157.0
67333.0
67509.0
67687.0
67863.0
68037.0
68213.0
68386.0
68562.0
68738.0
68912.0
69090.0
69268.0
69446.0
69622.0
69800.0
69978.0
70156.0
70325.0
70503.0
70681.0
70859.0
71033.0
71209.0
71387.0
71561.0
71739.0
71910.0
72084.0
72260.0
72436.0
72608.0
72782.0
72954.0
73128.0
73302.0
73474.0
73652.0
73828.0
74006.0
74175.0
74348.0
74521.0
74699.0
74877.0
75053.0
75231.0
75407.0
75581.0
75757.0
75933.0
76111.0
76282.0
76458.0
76634.0
76810.0
76988.0
77162.0
77336.0
77514.0
77690.0
77866.0
78042.0
78218.0
78394.0
78572.0
78750.0
78926.0
79096.0
79274.0
79445.0
79623.0
79801.0
79979.0
80153.0
80329.0
80505.0
80683.0
80859.0
81037.0
81215.0
81393.0
81571.0
81749.0
81923.0
82099.0
82275.0
82453.0
82629.0
82803.0
82981.0
83159.0
83335.0
83513.0
83687.0
83863.0
84039.0
84217.0
84388.0
84561.0
84739.0
84917.0
85095.0
85271.0
85444.0
85622.0
85798.0
85976.0
86152.0
86330.0
86508.0
86684.0
86858.0
87034.0
87210.0
87388.0
87564.0
87736.0
87912.0
88085.0
88259.0
88435.0
88613.0
88791.0
88969.0
89147.0
89325.0
89501.0
89674.0
89852.0
90030.0
90206.0
90384.0
90562.0
90740.0
90918.0
91094.0
91272.0
91448.0
91620.0
91798.0
91976.0
92150.0
92328.0
92506.0
92684.0
92862.0
93038.0
93214.0
93392.0
93568.0
93742.0
93918.0
94092.0
94270.0
94446.0
94624.0
94802.0
94980.0
95154.0
95330.0
95508.0
95682.0
95858.0
96034.0
96210.0
96384.0
96562.0
96736.0
96908.0
97080.0
97258.0
97432.0
97610.0
97786.0
97964.0
98140.0
98318.0
98494.0
98672.0
98848.0
99019.0
99197.0
99366.0
99544.0
99720.0
99898.0
100074.0
100252.0
100428.0
100604.0
100778.0
100952.0
101128.0
101300.0
101472.0
101646.0
101824.0
101998.0
102174.0
102350.0
102526.0
102702.0
102880.0
103056.0
103230.0
103406.0
103582.0
103758.0
103934.0
104112.0
104286.0
104459.0
104635.0
104811.0
104985.0
105163.0
105335.0
105513.0
105680.0
105858.0
106030.0
106206.0
106382.0
106554.0
106728.0
106906.0
107079.0
107257.0
107431.0
107609.0
107787.0
107963.0
108137.0
108315.0
108491.0
108667.0
108838.0
109014.0
109188.0
109364.0
109542.0
109715.0
109893.0
110069.0
110247.0
110423.0
110597.0
110769.0
110945.0
111119.0
111293.0
111467.0
111643.0
111813.0
111986.0
112164.0
112340.0
112518.0
112696.0
112874.0
113046.0
113222.0
113398.0
113576.0
113749.0
113927.0
114105.0
114283.0
114457.0
114635.0
114809.0
114987.0
115161.0
115339.0
115512.0
115686.0
115856.0
116034.0
116212.0
116388.0
116566.0
116742.0
116918.0
117089.0
117263.0
117439.0
117615.0
117791.0
117965.0
118143.0
118317.0
118493.0
118671.0
118845.0
119017.0
119195.0
119373.0
119547.0
119725.0
119901.0
120075.0
120249.0
120427.0
120603.0
120773.0
120949.0
121125.0
121301.0
121479.0
121657.0
121835.0
122004.0
122173.0
122351.0
122525.0
122699.0
122877.0
123055.0
123233.0
123411.0
123581.0
123759.0
123931.0
124109.0
124283.0
124452.0
124630.0
124804.0
124982.0
125158.0
125328.0
125504.0
125680.0
125853.0
126031.0
126209.0
126387.0
126560.0
126736.0
126912.0
127088.0
127255.0
127428.0
127606.0
127782.0
127956.0
128134.0
128310.0
128484.0
128655.0
128831.0
129007.0
129185.0
129358.0
129534.0
129710.0
129888.0
130060.0
130236.0
130414.0
130590.0
130768.0
130942.0
131120.0
131296.0
131472.0
131650.0
131828.0
132006.0
132184.0
132362.0
132536.0
132712.0
132886.0
133064.0
133242.0
133418.0
133590.0
133768.0
133944.0
134118.0
134292.0
134470.0
134643.0
134799.0
134972.0
135148.0
135326.0
135502.0
135680.0
135858.0
136034.0
136212.0
136388.0
136564.0
136742.0
136916.0
137092.0
137270.0
137448.0
137624.0
137800.0
137976.0
138154.0
138330.0
138508.0
138684.0
138862.0
139036.0
139214.0
139392.0
139566.0
139742.0
139920.0
140096.0
140269.0
140445.0
140623.0
140801.0
140974.0
141148.0
141326.0
141500.0
141676.0
141854.0
142030.0
142208.0
142384.0
142560.0
142736.0
142912.0
143090.0
143268.0
143446.0
143624.0
143800.0
143976.0
144154.0
144332.0
144510.0
144688.0
144862.0
145040.0
145214.0
145392.0
145570.0
145748.0
145926.0
146100.0
146278.0
146456.0
146629.0
146801.0
146979.0
147150.0
147323.0
147499.0
147677.0
147853.0
148031.0
148205.0
148383.0
148561.0
148737.0
148915.0
149093.0
149271.0
149447.0
149623.0
149797.0
149973.0
150151.0
150323.0
150497.0
150675.0
150853.0
151029.0
151205.0
151381.0
151559.0
151730.0
151904.0
152080.0
152258.0
152434.0
152610.0
152786.0
152964.0
153142.0
153305.0
153481.0
153653.0
153831.0
154009.0
154178.0
154356.0
154534.0
154710.0
154888.0
155066.0
155242.0
155411.0
155589.0
155767.0
155941.0
156119.0
156290.0
156466.0
156642.0
156818.0
156996.0
157174.0
157348.0
157524.0
157698.0
157876.0
158054.0
158232.0
158410.0
158588.0
158766.0
158942.0
159118.0
159296.0
159472.0
159650.0
159826.0
160004.0
160180.0
160354.0
160532.0
160708.0
160884.0
161058.0
161234.0
161410.0
161582.0
161760.0
161936.0
162110.0
162288.0
162464.0
162640.0
162818.0
162987.0
163165.0
163343.0
163521.0
163699.0
163870.0
164048.0
164226.0
164398.0
164576.0
164752.0
164928.0
165104.0
165282.0
165456.0
165634.0
165800.0
165978.0
166152.0
166330.0
166503.0
166679.0
166855.0
167033.0
167206.0
167384.0
167562.0
167740.0
167912.0
168088.0
168266.0
168444.0
168622.0
168794.0
168966.0
169144.0
169317.0
169495.0
169671.0
169831.0
170009.0
170187.0
170365.0
170543.0
170717.0
170895.0
171066.0
171244.0
171422.0
171598.0
171769.0
171942.0
172110.0
172282.0
172456.0
172634.0
172810.0
172983.0
173159.0
173337.0
173513.0
173689.0
173867.0
174045.0
174216.0
174389.0
174567.0
174743.0
174917.0
175095.0
175266.0
175444.0
175620.0
175794.0
175970.0
176148.0
176322.0
176498.0
176676.0
176852.0
177024.0
177200.0
177376.0
177554.0
177730.0
177908.0
178082.0
178255.0
178431.0
178609.0
178787.0
178965.0
179137.0
179313.0
179480.0
179658.0
179829.0
180000.0
180176.0
180354.0
180530.0
180704.0
180880.0
181058.0
181234.0
181412.0
181588.0
181764.0
181942.0
182120.0
182294.0
182472.0
182650.0
182828.0
183000.0
183176.0
183350.0
183516.0
183694.0
183872.0
184050.0
184228.0
184406.0
184584.0
184762.0
184938.0
185116.0
185294.0
185470.0
185646.0
185822.0
185996.0
186174.0
186348.0
186524.0
186698.0
186876.0
187043.0
187221.0
187399.0
187573.0
187751.0
187929.0
188107.0
188285.0
188461.0
188637.0
188813.0
188985.0
189163.0
189339.0
189512.0
189683.0
189859.0
190035.0
190206.0
190377.0
190553.0
190727.0
190905.0
191083.0
191259.0
191437.0
191615.0
191785.0
191961.0
192139.0
192317.0
192490.0
192657.0
192835.0
193013.0
193191.0
193367.0
193539.0
193711.0
193887.0
194061.0
194235.0
194413.0
194584.0
194762.0
194938.0
195116.0
195294.0
195472.0
195639.0
195817.0
195993.0
196167.0
196340.0
196516.0
196692.0
196865.0
197043.0
197212.0
197390.0
197568.0
197732.0
197910.0
198088.0
198259.0
198435.0
198613.0
198791.0
198969.0
199147.0
199319.0
199497.0
199675.0
199849.0
200027.0
200203.0
200381.0
200555.0
200728.0
200904.0
201075.0
201241.0
201411.0
201589.0
201767.0
201936.0
202112.0
202290.0
202468.0
202641.0
202819.0
202995.0
203173.0
203351.0
203529.0
203707.0
203883.0
204059.0
204237.0
204415.0
204587.0
204765.0
204943.0
205114.0
205292.0
205468.0
205646.0
205822.0
205998.0
206174.0
206350.0
206522.0
206700.0
206878.0
207056.0
207234.0
207407.0
207579.0
207750.0
207928.0
208104.0
208280.0
208458.0
208636.0
208812.0
208986.0
209162.0
209335.0
209511.0
209689.0
209863.0
210041.0
210219.0
210390.0
210568.0
210746.0
210922.0
211096.0
211274.0
211452.0
211625.0
211801.0
211979.0
212157.0
212330.0
212506.0
212684.0
212862.0
213038.0
213212.0
213388.0
213562.0
213738.0
213916.0
214094.0
214272.0
214448.0
214626.0
214804.0
214982.0
215158.0
215330.0
215508.0
215684.0
215855.0
216028.0
216204.0
216382.0
216560.0
216738.0
216916.0
217092.0
217270.0
217446.0
217624.0
217802.0
217975.0
218149.0
218322.0
218500.0
218678.0
218847.0
219025.0
219203.0
219379.0
219557.0
219733.0
219907.0
220085.0
220259.0
220437.0
220610.0
220784.0
220960.0
221136.0
221312.0
221488.0
221666.0
221844.0
222018.0
222189.0
222367.0
222543.0
222719.0
222895.0
223069.0
223242.0
223413.0
223589.0
223767.0
223945.0
224121.0
224299.0
224477.0
224655.0
224833.0
225006.0
225184.0
225362.0
225540.0
225718.0
225896.0
226072.0
226250.0
226428.0
226606.0
226784.0
226962.0
227138.0
227316.0
227494.0
227672.0
227848.0
228026.0
228202.0
228380.0
228550.0
228728.0
228906.0
229084.0
229260.0
229436.0
229610.0
229788.0
229962.0
230138.0
230311.0
230487.0
230663.0
230839.0
231017.0
231190.0
231368.0
231540.0
