a = 0.8
g = 0.5
e = 0.5
random initial weights = true

-2418.0
-3263.0
-3811.0
-4828.0
-5452.0
-5911.0
-6400.0
-6902.0
-7530.0
-8055.0
-8618.0
-9056.0
-9027.0
-9467.0
-9956.0
-10378.0
-10820.0
-11363.0
-11800.0
-11674.0
-11606.0
-12024.0
-11938.0
-11781.0
-11624.0
-11460.0
-11291.0
-11141.0
-10995.0
-11441.0
-11315.0
-11155.0
-11006.0
-10846.0
-10691.0
-10522.0
-10352.0
-10188.0
-10019.0
-9879.0
-9750.0
-9614.0
-9457.0
-9294.0
-9129.0
-8969.0
-8862.0
-8717.0
-8593.0
-8437.0
-8275.0
-8103.0
-7937.0
-7865.0
-7733.0
-7602.0
-7431.0
-7281.0
-7150.0
-7005.0
-6835.0
-6685.0
-6542.0
-6386.0
-6222.0
-6086.0
-5935.0
-5795.0
-5640.0
-5489.0
-5317.0
-5150.0
-4982.0
-4865.0
-4723.0
-4577.0
-4456.0
-4300.0
-4165.0
-4005.0
-3913.0
-3770.0
-3607.0
-3474.0
-3304.0
-3150.0
-3012.0
-2865.0
-2728.0
-2559.0
-2408.0
-2243.0
-2095.0
-1941.0
-1806.0
-1650.0
-1504.0
-1334.0
-1168.0
-1000.0
-828.0
-665.0
-508.0
-357.0
-227.0
-115.0
54.0
179.0
336.0
494.0
655.0
802.0
976.0
1113.0
1271.0
1443.0
1590.0
1706.0
1871.0
2009.0
2161.0
2307.0
2473.0
2625.0
2751.0
2920.0
3049.0
3189.0
3346.0
3502.0
3637.0
3789.0
3957.0
4127.0
4233.0
4393.0
4560.0
4732.0
4888.0
5054.0
5213.0
5369.0
5513.0
5666.0
5813.0
5985.0
6141.0
6299.0
6449.0
6605.0
6767.0
6921.0
7075.0
7234.0
7377.0
7523.0
7667.0
7807.0
7928.0
8085.0
8235.0
8374.0
8525.0
8690.0
8819.0
8971.0
9130.0
9290.0
9430.0
9588.0
9752.0
9906.0
10055.0
10215.0
10368.0
10540.0
10707.0
10879.0
11006.0
11174.0
11320.0
11490.0
11644.0
11767.0
11935.0
12095.0
12258.0
12395.0
12530.0
12684.0
12848.0
12999.0
13168.0
13315.0
13480.0
13643.0
13802.0
13974.0
14144.0
14283.0
14453.0
14608.0
14747.0
14882.0
15041.0
15166.0
15307.0
15467.0
15598.0
15730.0
15865.0
16037.0
16209.0
16347.0
16501.0
16659.0
16830.0
16986.0
17157.0
17312.0
17444.0
17608.0
17763.0
17930.0
18072.0
18224.0
18381.0
18546.0
18709.0
18863.0
19020.0
19139.0
19306.0
19462.0
19619.0
19781.0
19948.0
20102.0
20255.0
20416.0
20583.0
20741.0
20909.0
21046.0
21218.0
21361.0
21531.0
21703.0
21875.0
22035.0
22187.0
22328.0
22481.0
22630.0
22759.0
22915.0
23072.0
23232.0
23381.0
23550.0
23700.0
23851.0
23986.0
24139.0
24304.0
24456.0
24603.0
24765.0
24932.0
25060.0
25202.0
25378.0
25552.0
25706.0
25849.0
26019.0
26155.0
26282.0
26417.0
26555.0
26703.0
26847.0
27002.0
27166.0
27323.0
27482.0
27649.0
27807.0
27977.0
28151.0
28321.0
28493.0
28652.0
28792.0
28964.0
29113.0
29285.0
29450.0
29598.0
29749.0
29912.0
30035.0
30185.0
30332.0
30463.0
30608.0
30776.0
30909.0
31035.0
31183.0
31319.0
31473.0
31617.0
31746.0
31907.0
32044.0
32209.0
32371.0
32538.0
32696.0
32864.0
33025.0
33180.0
33320.0
33484.0
33651.0
33793.0
33915.0
34061.0
34226.0
34385.0
34546.0
34695.0
34846.0
34988.0
35121.0
35267.0
35430.0
35591.0
35712.0
35804.0
35955.0
36117.0
36268.0
36398.0
36560.0
36700.0
36851.0
36990.0
37138.0
37254.0
37413.0
37584.0
37723.0
37878.0
38043.0
38204.0
38360.0
38506.0
38663.0
38819.0
38987.0
39150.0
39316.0
39456.0
39615.0
39770.0
39910.0
40082.0
40245.0
40399.0
40526.0
40672.0
40839.0
41001.0
41171.0
41337.0
41481.0
41619.0
41774.0
41911.0
42076.0
42233.0
42384.0
42538.0
42712.0
42888.0
43021.0
43183.0
43342.0
43495.0
43646.0
43784.0
43950.0
44120.0
44261.0
44428.0
44586.0
44741.0
44901.0
45064.0
45206.0
45355.0
45498.0
45644.0
45770.0
45908.0
46043.0
46189.0
46319.0
46489.0
46652.0
46821.0
46968.0
47137.0
47278.0
47434.0
47600.0
47758.0
47921.0
48075.0
48249.0
48399.0
48552.0
48686.0
48837.0
48997.0
49164.0
49325.0
49489.0
49651.0
49819.0
49977.0
50111.0
50264.0
50419.0
50580.0
50717.0
50854.0
51009.0
51181.0
51339.0
51513.0
51671.0
51813.0
51958.0
52112.0
52266.0
52415.0
52574.0
52704.0
52849.0
53018.0
53173.0
53332.0
53477.0
53631.0
53772.0
53942.0
54109.0
54270.0
54431.0
54588.0
54756.0
54903.0
55051.0
55217.0
55391.0
55533.0
55693.0
55845.0
56005.0
56164.0
56336.0
56477.0
56616.0
56790.0
56951.0
57095.0
57237.0
57378.0
57524.0
57683.0
57794.0
57917.0
58078.0
58234.0
58392.0
58536.0
58694.0
58838.0
58987.0
59146.0
59302.0
59451.0
59622.0
59768.0
59917.0
60074.0
60233.0
60387.0
60542.0
60710.0
60866.0
61028.0
61160.0
61308.0
61450.0
61618.0
61781.0
61948.0
62094.0
62257.0
62417.0
62591.0
62732.0
62900.0
63050.0
63222.0
63392.0
63554.0
63719.0
63882.0
64010.0
64153.0
64314.0
64486.0
64641.0
64797.0
64959.0
65112.0
65267.0
65397.0
65553.0
65687.0
65828.0
65968.0
66107.0
66247.0
66391.0
66544.0
66703.0
66850.0
67017.0
67164.0
67333.0
67484.0
67640.0
67776.0
67931.0
68081.0
68250.0
68417.0
68571.0
68729.0
68875.0
69043.0
69178.0
69333.0
69499.0
69652.0
69816.0
69966.0
70097.0
70233.0
70407.0
70576.0
70721.0
70884.0
71000.0
71172.0
71335.0
71486.0
71625.0
71778.0
71948.0
72062.0
72212.0
72369.0
72520.0
72679.0
72820.0
72950.0
73098.0
73250.0
73397.0
73569.0
73728.0
73884.0
74017.0
74183.0
74313.0
74481.0
74639.0
74783.0
74953.0
75105.0
75264.0
75414.0
75560.0
75711.0
75860.0
76003.0
76153.0
76327.0
76468.0
76623.0
76780.0
76949.0
77059.0
77226.0
77384.0
77551.0
77681.0
77840.0
78012.0
78171.0
78329.0
78488.0
78597.0
78733.0
78901.0
79070.0
79212.0
79379.0
79529.0
79674.0
79812.0
79986.0
80160.0
80317.0
80471.0
80597.0
80729.0
80876.0
81037.0
81164.0
81331.0
81488.0
81601.0
81768.0
81934.0
82085.0
82225.0
82369.0
82509.0
82671.0
82805.0
82965.0
83083.0
83232.0
83402.0
83546.0
83682.0
83831.0
83967.0
84137.0
84287.0
84437.0
84594.0
84754.0
84917.0
85042.0
85207.0
85364.0
85496.0
85650.0
85790.0
85941.0
86091.0
86248.0
86417.0
86578.0
86741.0
86903.0
87052.0
87210.0
87358.0
87497.0
87588.0
87720.0
87851.0
87996.0
88166.0
88336.0
88493.0
88652.0
88826.0
88960.0
89136.0
89290.0
89449.0
89577.0
89751.0
89908.0
90075.0
90222.0
90381.0
90534.0
90674.0
90810.0
90946.0
91116.0
91269.0
91426.0
91552.0
91719.0
91883.0
92046.0
92200.0
92341.0
92513.0
92645.0
92813.0
92970.0
93137.0
93305.0
93471.0
93623.0
93784.0
93943.0
94107.0
94243.0
94328.0
94485.0
94646.0
94818.0
94992.0
95161.0
95279.0
95436.0
95594.0
95748.0
95881.0
96042.0
96196.0
96320.0
96429.0
96566.0
96694.0
96863.0
97017.0
97189.0
97312.0
97469.0
97630.0
97778.0
97937.0
98091.0
98246.0
98418.0
98556.0
98720.0
98878.0
99047.0
99189.0
99358.0
99526.0
99695.0
99853.0
100006.0
100142.0
100314.0
100484.0
100607.0
100763.0
100891.0
101047.0
101202.0
101368.0
101513.0
101646.0
101811.0
101968.0
102134.0
102295.0
102456.0
102589.0
102761.0
102912.0
103083.0
103251.0
103423.0
103563.0
103721.0
103857.0
103993.0
104137.0
104289.0
104448.0
104615.0
104775.0
104936.0
105108.0
105278.0
105418.0
105564.0
105732.0
105893.0
106056.0
106226.0
106386.0
106550.0
106688.0
106810.0
106967.0
107084.0
107240.0
107409.0
107547.0
107687.0
107834.0
107993.0
108153.0
108251.0
108358.0
108513.0
108671.0
108825.0
108982.0
109136.0
109287.0
109449.0
109588.0
109756.0
109893.0
110060.0
110193.0
110352.0
110516.0
110679.0
110827.0
110984.0
111128.0
111276.0
111435.0
111606.0
111763.0
111897.0
112040.0
112187.0
112339.0
112482.0
112618.0
112753.0
112908.0
113051.0
113188.0
113295.0
113425.0
113586.0
113722.0
113892.0
114055.0
114201.0
114370.0
114534.0
114698.0
114846.0
114963.0
115108.0
115253.0
115395.0
115564.0
115738.0
115890.0
116049.0
116193.0
116348.0
116505.0
116664.0
116805.0
116960.0
117117.0
117263.0
117424.0
117581.0
117741.0
117888.0
118032.0
118187.0
118338.0
118500.0
118612.0
118775.0
118899.0
119046.0
119214.0
119384.0
119547.0
119710.0
119854.0
120018.0
120190.0
120356.0
120523.0
120611.0
120777.0
120926.0
121068.0
121237.0
121401.0
121568.0
121724.0
121896.0
122044.0
122209.0
122383.0
122549.0
122679.0
122821.0
122993.0
123145.0
123295.0
123463.0
123622.0
123791.0
123961.0
124104.0
124259.0
124427.0
124603.0
124757.0
124923.0
125064.0
125230.0
125383.0
125557.0
125719.0
125869.0
126017.0
126143.0
126302.0
126472.0
126638.0
126785.0
126961.0
127117.0
127279.0
127415.0
127584.0
127740.0
127884.0
128032.0
128192.0
128354.0
128524.0
128662.0
128828.0
128988.0
129154.0
129313.0
129473.0
129643.0
129751.0
129906.0
130078.0
130225.0
130366.0
130511.0
130655.0
130819.0
130967.0
131132.0
131285.0
131444.0
131599.0
131750.0
131901.0
132058.0
132206.0
132359.0
132508.0
132666.0
132817.0
132981.0
133132.0
133283.0
133438.0
133603.0
133752.0
133912.0
134081.0
134243.0
134399.0
134535.0
134683.0
134843.0
135003.0
135173.0
135289.0
135402.0
135574.0
135721.0
135873.0
136018.0
136187.0
136352.0
136493.0
136628.0
136781.0
136944.0
137118.0
137277.0
137414.0
137568.0
137736.0
137870.0
138016.0
138163.0
138313.0
138485.0
138659.0
138835.0
138971.0
139134.0
139274.0
139433.0
139579.0
139714.0
139855.0
140016.0
140167.0
140313.0
140447.0
140587.0
140742.0
140907.0
141055.0
141225.0
141372.0
141521.0
141683.0
141843.0
142015.0
142156.0
142276.0
142437.0
142597.0
142743.0
142888.0
143052.0
143206.0
143370.0
143536.0
143689.0
143854.0
144001.0
144169.0
144309.0
144465.0
144636.0
144776.0
144937.0
145057.0
145194.0
145352.0
145494.0
145638.0
145789.0
145920.0
146085.0
146244.0
146409.0
146554.0
146712.0
146852.0
147017.0
147169.0
147333.0
147489.0
147659.0
147770.0
147915.0
148065.0
148232.0
148380.0
148538.0
148708.0
148873.0
149027.0
149186.0
149341.0
149493.0
149642.0
149779.0
149919.0
150040.0
150202.0
150344.0
150487.0
150657.0
150788.0
150953.0
151109.0
151254.0
151394.0
151534.0
151656.0
151803.0
151977.0
152086.0
152220.0
152362.0
152517.0
152669.0
152845.0
152999.0
153154.0
153317.0
153471.0
153619.0
153767.0
153928.0
154073.0
154243.0
154399.0
154567.0
154726.0
154883.0
155027.0
155174.0
155337.0
155511.0
155657.0
155779.0
155935.0
156092.0
156255.0
156417.0
156575.0
156727.0
156893.0
157057.0
157204.0
157344.0
157489.0
157638.0
157792.0
157955.0
158078.0
158238.0
158406.0
158578.0
158743.0
158883.0
159023.0
159175.0
159315.0
159475.0
159612.0
159774.0
159902.0
160036.0
160195.0
160345.0
160512.0
160657.0
160822.0
160994.0
161154.0
161313.0
161475.0
161640.0
161797.0
161901.0
162059.0
162221.0
162381.0
162548.0
162713.0
162872.0
163037.0
163165.0
163322.0
163467.0
163624.0
163787.0
163961.0
164122.0
164280.0
164412.0
164566.0
164734.0
164879.0
165016.0
165171.0
165309.0
165444.0
165568.0
165713.0
165862.0
166029.0
166189.0
166327.0
166492.0
166610.0
166760.0
166926.0
167086.0
167244.0
167396.0
167564.0
167713.0
167833.0
168007.0
168139.0
168295.0
168433.0
168576.0
168730.0
168851.0
169003.0
169156.0
169299.0
169449.0
169605.0
169747.0
169909.0
170053.0
170208.0
170359.0
170529.0
170688.0
170857.0
170976.0
171133.0
171260.0
171424.0
171581.0
171703.0
171866.0
171997.0
172138.0
172273.0
172436.0
172592.0
172751.0
172907.0
173062.0
173223.0
173360.0
173516.0
173664.0
173821.0
173977.0
174137.0
174296.0
174472.0
174634.0
174804.0
174974.0
175115.0
175274.0
175442.0
175562.0
175727.0
175884.0
176041.0
176215.0
176380.0
176550.0
176706.0
176871.0
177027.0
177179.0
177315.0
177468.0
177615.0
177762.0
177905.0
178047.0
178201.0
178357.0
178489.0
178639.0
178752.0
178926.0
179071.0
179210.0
179375.0
179547.0
179712.0
179863.0
180013.0
180185.0
180346.0
180455.0
180620.0
180784.0
180941.0
181063.0
181194.0
181342.0
181499.0
181650.0
181781.0
181951.0
182104.0
182272.0
182420.0
182574.0
182707.0
182865.0
182994.0
183158.0
183318.0
183446.0
183586.0
183757.0
183887.0
184048.0
184213.0
184384.0
184529.0
184634.0
184767.0
184926.0
185078.0
185232.0
185406.0
185558.0
185730.0
185893.0
186055.0
186194.0
186357.0
186526.0
186692.0
186843.0
186999.0
187159.0
187311.0
187466.0
187627.0
187773.0
187934.0
188075.0
188199.0
188363.0
188498.0
188646.0
188802.0
188935.0
189109.0
189251.0
189411.0
189562.0
189670.0
189821.0
189967.0
190110.0
190277.0
190423.0
190531.0
190658.0
190817.0
190981.0
191137.0
191289.0
191453.0
191611.0
191781.0
191940.0
192082.0
192239.0
192400.0
192560.0
192723.0
192858.0
193027.0
193151.0
193275.0
193407.0
193572.0
193737.0
193880.0
194038.0
194210.0
194350.0
194508.0
194643.0
194813.0
194963.0
195128.0
195273.0
195430.0
195582.0
195749.0
195900.0
196062.0
196233.0
196348.0
196511.0
196670.0
196822.0
196983.0
197138.0
197302.0
197464.0
197616.0
197776.0
197932.0
198103.0
198250.0
198383.0
198525.0
198688.0
198844.0
198988.0
199141.0
199296.0
199468.0
199632.0
199774.0
199908.0
200065.0
200211.0
200369.0
200543.0
200701.0
200867.0
201006.0
201157.0
201314.0
201472.0
201635.0
201796.0
201955.0
202120.0
202280.0
202454.0
202575.0
202721.0
202870.0
203044.0
203206.0
203374.0
203530.0
203698.0
203867.0
203981.0
204109.0
204233.0
204382.0
204544.0
204702.0
204855.0
205008.0
205170.0
205316.0
205476.0
205615.0
205784.0
205935.0
206086.0
206239.0
206400.0
206563.0
206664.0
206784.0
206930.0
207084.0
207209.0
207336.0
207474.0
207650.0
207789.0
207908.0
208019.0
208151.0
208302.0
208465.0
208605.0
208770.0
208907.0
209056.0
209210.0
209380.0
209536.0
209699.0
209834.0
209957.0
210120.0
210284.0
210441.0
210613.0
210782.0
210936.0
211103.0
211272.0
211430.0
211584.0
211758.0
211895.0
212057.0
212207.0
212358.0
212508.0
212654.0
