a = 0.2
g = 0.2
e = 0.5
random initial weights = true

-2441.0
-3300.0
-3803.0
-4356.0
-5061.0
-5714.0
-6398.0
-6925.0
-7402.0
-7986.0
-8565.0
-9143.0
-9643.0
-10101.0
-10559.0
-11168.0
-11731.0
-12162.0
-12202.0
-12623.0
-13103.0
-12943.0
-13362.0
-13802.0
-14254.0
-14753.0
-15222.0
-15726.0
-15627.0
-16072.0
-15916.0
-16338.0
-16788.0
-16636.0
-17094.0
-16953.0
-17423.0
-17879.0
-18337.0
-18204.0
-18027.0
-17863.0
-18289.0
-18720.0
-19188.0
-19019.0
-18856.0
-18677.0
-18622.0
-18487.0
-18333.0
-18161.0
-18021.0
-17867.0
-17699.0
-17524.0
-17340.0
-17200.0
-17083.0
-16918.0
-16785.0
-16654.0
-16477.0
-16337.0
-16160.0
-15987.0
-15843.0
-15670.0
-15530.0
-15353.0
-15187.0
-15017.0
-14843.0
-14670.0
-14506.0
-14338.0
-14167.0
-14011.0
-14019.0
-13942.0
-13765.0
-13608.0
-13448.0
-13307.0
-13143.0
-12959.0
-12812.0
-12693.0
-12528.0
-12366.0
-12186.0
-12050.0
-11875.0
-11731.0
-11551.0
-11374.0
-11214.0
-11030.0
-10864.0
-10714.0
-10573.0
-10410.0
-10270.0
-10100.0
-9958.0
-9779.0
-9637.0
-9473.0
-9320.0
-9156.0
-8988.0
-8813.0
-8646.0
-8503.0
-8327.0
-8205.0
-8031.0
-7859.0
-7705.0
-7526.0
-7403.0
-7242.0
-7077.0
-6895.0
-6747.0
-6592.0
-6437.0
-6262.0
-6109.0
-5967.0
-5790.0
-5608.0
-5430.0
-5246.0
-5094.0
-4914.0
-4761.0
-4613.0
-4450.0
-4284.0
-4139.0
-3960.0
-3827.0
-3678.0
-3509.0
-3345.0
-3186.0
-3018.0
-2847.0
-2718.0
-2551.0
-2382.0
-2230.0
-2070.0
-1903.0
-1752.0
-1598.0
-1452.0
-1282.0
-1121.0
-951.0
-771.0
-592.0
-445.0
-268.0
-115.0
62.0
246.0
418.0
588.0
745.0
911.0
1083.0
1249.0
1415.0
1578.0
1756.0
1921.0
2083.0
2258.0
2419.0
2590.0
2744.0
2910.0
3094.0
3262.0
3432.0
3577.0
3759.0
3922.0
4082.0
4264.0
4425.0
4597.0
4774.0
4921.0
5075.0
5237.0
5414.0
5587.0
5755.0
5928.0
6069.0
6248.0
6419.0
6586.0
6768.0
6947.0
7107.0
7285.0
7467.0
7632.0
7816.0
7976.0
8151.0
8319.0
8479.0
8642.0
8766.0
8931.0
9064.0
9242.0
9391.0
9554.0
9721.0
9847.0
10012.0
10192.0
10359.0
10527.0
10696.0
10846.0
10995.0
11165.0
11301.0
11479.0
11657.0
11819.0
11961.0
12127.0
12258.0
12438.0
12599.0
12773.0
12920.0
13098.0
13263.0
13421.0
13594.0
13753.0
13908.0
14037.0
14198.0
14361.0
14536.0
14700.0
14864.0
15039.0
15182.0
15343.0
15520.0
15680.0
15850.0
16007.0
16186.0
16350.0
16507.0
16645.0
16813.0
16958.0
17106.0
17239.0
17409.0
17589.0
17730.0
17893.0
18071.0
18250.0
18362.0
18517.0
18685.0
18860.0
18991.0
19150.0
19258.0
19402.0
19574.0
19748.0
19915.0
20045.0
20209.0
20375.0
20543.0
20703.0
20878.0
21037.0
21187.0
21358.0
21507.0
21665.0
21760.0
21914.0
22069.0
22240.0
22420.0
22551.0
22712.0
22865.0
23028.0
23199.0
23363.0
23483.0
23648.0
23810.0
23970.0
24146.0
24297.0
24456.0
24584.0
24727.0
24865.0
25030.0
25189.0
25345.0
25513.0
25656.0
25785.0
25950.0
26130.0
26269.0
26442.0
26617.0
26791.0
26960.0
27132.0
27291.0
27450.0
27611.0
27761.0
27922.0
28070.0
28225.0
28373.0
28550.0
28719.0
28865.0
29029.0
29196.0
29376.0
29541.0
29668.0
29823.0
29978.0
30145.0
30295.0
30475.0
30646.0
30818.0
30991.0
31144.0
31314.0
31442.0
31615.0
31793.0
31975.0
32142.0
32272.0
32449.0
32616.0
32781.0
32866.0
32995.0
33146.0
33301.0
33475.0
33624.0
33794.0
33960.0
34138.0
34306.0
34449.0
34622.0
34769.0
34932.0
35059.0
35233.0
35394.0
35546.0
35697.0
35838.0
35916.0
36083.0
36244.0
36407.0
36580.0
36740.0
36906.0
37088.0
37230.0
37353.0
37537.0
37711.0
37884.0
38047.0
38209.0
38362.0
38535.0
38672.0
38854.0
39022.0
39199.0
39376.0
39528.0
39683.0
39845.0
39988.0
40160.0
40333.0
40506.0
40683.0
40831.0
40996.0
41153.0
41300.0
41477.0
41659.0
41837.0
42012.0
42187.0
42356.0
42520.0
42683.0
42846.0
43015.0
43195.0
43367.0
43541.0
43719.0
43878.0
44050.0
44224.0
44338.0
44500.0
44659.0
44811.0
44959.0
45109.0
45273.0
45428.0
45558.0
45667.0
45834.0
46005.0
46164.0
46303.0
46456.0
46629.0
46780.0
46933.0
47094.0
47234.0
47398.0
47549.0
47699.0
47881.0
48058.0
48230.0
48406.0
48571.0
48691.0
48851.0
49033.0
49164.0
49326.0
49501.0
49658.0
49833.0
50008.0
50114.0
50290.0
50468.0
50616.0
50772.0
50942.0
51106.0
51272.0
51426.0
51586.0
51742.0
51893.0
52054.0
52229.0
52405.0
52568.0
52733.0
52853.0
53013.0
53184.0
53358.0
53532.0
53694.0
53853.0
54012.0
54185.0
54342.0
54502.0
54667.0
54828.0
54995.0
55144.0
55310.0
55458.0
55599.0
55775.0
55947.0
56108.0
56277.0
56409.0
56579.0
56744.0
56916.0
57056.0
57209.0
57378.0
57535.0
57707.0
57853.0
58032.0
58210.0
58362.0
58527.0
58704.0
58844.0
59009.0
59168.0
59325.0
59495.0
59650.0
59824.0
59985.0
60155.0
60299.0
60448.0
60620.0
60793.0
60964.0
61112.0
61263.0
61412.0
61585.0
61735.0
61870.0
62031.0
62187.0
62362.0
62501.0
62652.0
62808.0
62985.0
63151.0
63269.0
63424.0
63553.0
63721.0
63881.0
64054.0
64215.0
64360.0
64531.0
64690.0
64843.0
64989.0
65148.0
65320.0
65488.0
65653.0
65809.0
65961.0
66109.0
66276.0
66440.0
66620.0
66791.0
66956.0
67103.0
67278.0
67443.0
67623.0
67784.0
67962.0
68105.0
68276.0
68416.0
68574.0
68723.0
68885.0
68915.0
69095.0
69265.0
69438.0
69608.0
69784.0
69941.0
70114.0
70291.0
70455.0
70619.0
70774.0
70889.0
71048.0
71211.0
71366.0
71529.0
71709.0
71880.0
72037.0
72211.0
72371.0
72538.0
72700.0
72866.0
73020.0
73189.0
73354.0
73530.0
73688.0
73870.0
74020.0
74192.0
74364.0
74531.0
74715.0
74887.0
75059.0
75232.0
75391.0
75514.0
75677.0
75841.0
75999.0
76165.0
76298.0
76446.0
76615.0
76791.0
76964.0
77125.0
77277.0
77411.0
77579.0
77758.0
77923.0
78090.0
78260.0
78399.0
78571.0
78711.0
78872.0
79046.0
79228.0
79393.0
79534.0
79696.0
79868.0
80042.0
80217.0
80370.0
80540.0
80673.0
80811.0
80995.0
81137.0
81300.0
81480.0
81650.0
81822.0
81974.0
82134.0
82288.0
82436.0
82616.0
82762.0
82901.0
83052.0
83222.0
83388.0
83561.0
83736.0
83920.0
84080.0
84237.0
84409.0
84579.0
84735.0
84913.0
85047.0
85137.0
85281.0
85449.0
85598.0
85760.0
85928.0
86044.0
86220.0
86394.0
86544.0
86701.0
86868.0
87033.0
87162.0
87319.0
87491.0
87662.0
87817.0
87957.0
88112.0
88270.0
88441.0
88605.0
88716.0
88900.0
89080.0
89252.0
89408.0
89583.0
89726.0
89910.0
90090.0
90257.0
90421.0
90588.0
90744.0
90894.0
91070.0
91222.0
91404.0
91581.0
91742.0
91911.0
92062.0
92229.0
92381.0
92540.0
92655.0
92820.0
92975.0
93104.0
93270.0
93447.0
93605.0
93773.0
93911.0
94074.0
94246.0
94408.0
94580.0
94719.0
94879.0
95054.0
95215.0
95392.0
95563.0
95731.0
95843.0
96018.0
96182.0
96347.0
96518.0
96692.0
96861.0
97023.0
97184.0
97339.0
97510.0
97665.0
97835.0
98009.0
98171.0
98329.0
98474.0
98637.0
98789.0
98960.0
99126.0
99292.0
99445.0
99613.0
99779.0
99940.0
100098.0
100280.0
100444.0
100604.0
100763.0
100935.0
101094.0
101249.0
101403.0
101572.0
101747.0
101929.0
102081.0
102263.0
102425.0
102599.0
102762.0
102933.0
103097.0
103264.0
103408.0
103585.0
103753.0
103919.0
104092.0
104259.0
104389.0
104544.0
104701.0
104876.0
105034.0
105214.0
105373.0
105551.0
105709.0
105860.0
105999.0
106167.0
106334.0
106504.0
106635.0
106759.0
106917.0
107090.0
107265.0
107435.0
107590.0
107761.0
107931.0
108062.0
108226.0
108404.0
108479.0
108633.0
108808.0
108984.0
109150.0
109314.0
109440.0
109593.0
109746.0
109888.0
110065.0
110242.0
110400.0
110544.0
110711.0
110872.0
111037.0
111204.0
111364.0
111529.0
111693.0
111859.0
112003.0
112161.0
112329.0
112491.0
112604.0
112756.0
112926.0
113056.0
113209.0
113360.0
113522.0
113671.0
113855.0
114023.0
114184.0
114353.0
114531.0
114660.0
114836.0
114996.0
115158.0
115324.0
115463.0
115630.0
115796.0
115976.0
116132.0
116302.0
116442.0
116582.0
116745.0
116857.0
117009.0
117164.0
117346.0
117520.0
117690.0
117852.0
118014.0
118182.0
118350.0
118519.0
118617.0
118775.0
118947.0
119096.0
119263.0
119441.0
119606.0
119746.0
119905.0
120079.0
120241.0
120395.0
120556.0
120740.0
120858.0
121029.0
121209.0
121345.0
121527.0
121700.0
121855.0
122009.0
122171.0
122346.0
122491.0
122662.0
122828.0
122978.0
123147.0
123314.0
123482.0
123662.0
123808.0
123969.0
124138.0
124302.0
124471.0
124616.0
124767.0
124949.0
125131.0
125292.0
125463.0
125639.0
125802.0
125980.0
126132.0
126309.0
126467.0
126641.0
126821.0
126991.0
127117.0
127296.0
127462.0
127586.0
127761.0
127938.0
128114.0
128259.0
128412.0
128535.0
128672.0
128851.0
129019.0
129181.0
129330.0
129481.0
129649.0
129802.0
129964.0
130142.0
130310.0
130482.0
130640.0
130813.0
130980.0
131140.0
131312.0
131454.0
131604.0
131769.0
131939.0
132114.0
132296.0
132458.0
132617.0
132792.0
132972.0
133146.0
133324.0
133492.0
133657.0
133821.0
133975.0
134135.0
134293.0
134452.0
134621.0
134784.0
134935.0
135084.0
135250.0
135425.0
135588.0
135757.0
135922.0
136081.0
136245.0
136414.0
136561.0
136725.0
136905.0
137078.0
137258.0
137421.0
137573.0
137719.0
137892.0
138059.0
138225.0
138391.0
138558.0
138731.0
138908.0
139080.0
139247.0
139396.0
139567.0
139737.0
139887.0
140024.0
140199.0
140374.0
140520.0
140688.0
140858.0
140999.0
141174.0
141337.0
141474.0
141596.0
141758.0
141933.0
142084.0
142249.0
142424.0
142562.0
142739.0
142916.0
143059.0
143222.0
143370.0
143507.0
143678.0
143841.0
143984.0
144160.0
144333.0
144473.0
144644.0
144818.0
144975.0
145147.0
145314.0
145468.0
145636.0
145820.0
145989.0
146119.0
146297.0
146476.0
146631.0
146800.0
146979.0
147154.0
147331.0
147495.0
147656.0
147814.0
147991.0
148137.0
148294.0
148454.0
148613.0
148769.0
148936.0
149089.0
149253.0
149412.0
149535.0
149709.0
149864.0
150027.0
150170.0
150316.0
150480.0
150641.0
150808.0
150958.0
151133.0
151284.0
151460.0
151632.0
151791.0
151966.0
152131.0
152308.0
152473.0
152559.0
152724.0
152878.0
153022.0
153187.0
153354.0
153517.0
153676.0
153824.0
153947.0
154115.0
154285.0
154444.0
154604.0
154757.0
154935.0
155090.0
155238.0
155404.0
155561.0
155739.0
155894.0
156032.0
156203.0
156350.0
156514.0
156686.0
156842.0
157006.0
157178.0
157332.0
157475.0
157620.0
157781.0
157944.0
158105.0
158272.0
158409.0
158553.0
158733.0
158888.0
159042.0
159168.0
159330.0
159484.0
159645.0
159800.0
159972.0
160114.0
160267.0
160408.0
160554.0
160726.0
160888.0
161060.0
161231.0
161391.0
161543.0
161716.0
161861.0
162038.0
162187.0
162358.0
162499.0
162656.0
162818.0
162971.0
163153.0
163304.0
163480.0
163626.0
163794.0
163926.0
164098.0
164222.0
164381.0
164499.0
164683.0
164835.0
164997.0
165167.0
165349.0
165504.0
165625.0
165789.0
165953.0
166103.0
166269.0
166446.0
166601.0
166768.0
166908.0
167067.0
167234.0
167399.0
167556.0
167729.0
167913.0
168077.0
168245.0
168400.0
168532.0
168710.0
168894.0
169059.0
169212.0
169381.0
169513.0
169661.0
169831.0
169996.0
170135.0
170308.0
170468.0
170633.0
170809.0
170975.0
171153.0
171325.0
171482.0
171632.0
171783.0
171941.0
172096.0
172271.0
172423.0
172584.0
172748.0
172914.0
173073.0
173242.0
173404.0
173553.0
173723.0
173866.0
174040.0
174213.0
174397.0
174546.0
174714.0
174878.0
175058.0
175185.0
175362.0
175529.0
175692.0
175858.0
176006.0
176174.0
176353.0
176489.0
176649.0
176791.0
176931.0
177104.0
177234.0
177408.0
177581.0
177760.0
177914.0
178065.0
178226.0
178380.0
178555.0
178694.0
178869.0
179039.0
179183.0
179282.0
179420.0
179604.0
179723.0
179898.0
180056.0
180186.0
180329.0
180473.0
180614.0
180773.0
180955.0
181119.0
181293.0
181464.0
181626.0
181763.0
181919.0
182092.0
182253.0
182418.0
182535.0
182669.0
182825.0
182990.0
183174.0
183325.0
183494.0
183648.0
183798.0
183971.0
184137.0
184295.0
184459.0
184633.0
184785.0
184937.0
185109.0
185272.0
185448.0
185598.0
185747.0
185910.0
186085.0
186254.0
186427.0
186589.0
186759.0
186914.0
187068.0
187245.0
187408.0
187575.0
187749.0
187893.0
188050.0
188222.0
188392.0
188569.0
188719.0
188874.0
189049.0
189225.0
189393.0
189565.0
189731.0
189891.0
190051.0
190203.0
190364.0
190529.0
190689.0
190854.0
191014.0
191117.0
191260.0
191432.0
191586.0
191736.0
191889.0
192038.0
192220.0
192381.0
192537.0
192708.0
192881.0
193052.0
193204.0
193362.0
193522.0
193702.0
193874.0
194048.0
194214.0
194381.0
194556.0
194711.0
194863.0
195047.0
195225.0
195400.0
195558.0
195710.0
195857.0
195998.0
196169.0
196316.0
196460.0
196594.0
196771.0
196934.0
197105.0
197261.0
197420.0
197589.0
197747.0
197914.0
198046.0
198222.0
198383.0
198548.0
198692.0
198840.0
199018.0
199183.0
199356.0
199397.0
199562.0
199716.0
199873.0
200018.0
200178.0
200357.0
200505.0
200683.0
200845.0
200976.0
201160.0
201313.0
201478.0
201636.0
201818.0
201996.0
202155.0
202310.0
202473.0
202650.0
202798.0
202927.0
203097.0
203260.0
203424.0
203551.0
203721.0
203901.0
204063.0
204238.0
204422.0
204595.0
204751.0
204920.0
205082.0
205183.0
205347.0
205515.0
205681.0
205814.0
205980.0
206135.0
206235.0
206410.0
206588.0
206759.0
206935.0
207115.0
207286.0
207441.0
207613.0
207778.0
207919.0
208093.0
208270.0
208418.0
208602.0
208729.0
208884.0
209047.0
209204.0
209386.0
209548.0
209709.0
209862.0
210037.0
210193.0
210371.0
210528.0
210696.0
210844.0
211017.0
211169.0
211347.0
211522.0
211679.0
211825.0
211991.0
212164.0
212282.0
212449.0
212589.0
212744.0
212892.0
213040.0
213189.0
213359.0
213535.0
213707.0
213866.0
214029.0
