a = 0.5
g = 0.8
e = 0.1
random initial weights = true

-967.0
-1534.0
-2191.0
-2723.0
-3371.0
-3815.0
-4244.0
-4727.0
-5185.0
-5666.0
-8144.0
-8638.0
-11089.0
-11598.0
-12059.0
-12513.0
-12973.0
-13396.0
-13847.0
-14325.0
-14789.0
-15238.0
-15692.0
-16106.0
-16539.0
-16977.0
-17426.0
-17907.0
-18323.0
-18742.0
-19160.0
-19576.0
-19996.0
-20451.0
-20878.0
-21292.0
-21723.0
-22154.0
-21985.0
-21813.0
-22227.0
-22069.0
-21901.0
-21727.0
-21551.0
-21379.0
-21224.0
-21048.0
-20877.0
-20701.0
-20535.0
-20359.0
-20183.0
-20012.0
-19836.0
-19669.0
-19493.0
-19317.0
-19143.0
-18971.0
-18797.0
-18628.0
-18452.0
-18280.0
-18109.0
-17935.0
-17759.0
-17589.0
-17413.0
-17241.0
-17067.0
-16895.0
-16719.0
-16543.0
-16388.0
-16235.0
-16059.0
-15883.0
-15709.0
-15535.0
-15380.0
-15208.0
-15036.0
-14864.0
-14690.0
-14516.0
-14340.0
-14164.0
-13993.0
-13823.0
-13656.0
-13485.0
-13309.0
-13135.0
-12959.0
-12787.0
-12611.0
-12435.0
-12259.0
-12085.0
-11909.0
-11742.0
-11572.0
-11400.0
-11224.0
-11048.0
-10872.0
-10701.0
-10529.0
-10353.0
-10177.0
-10012.0
-9838.0
-9662.0
-9490.0
-9314.0
-9138.0
-8966.0
-8792.0
-8616.0
-8442.0
-8266.0
-8090.0
-7914.0
-7743.0
-7573.0
-7399.0
-7223.0
-7047.0
-6871.0
-6700.0
-6535.0
-6359.0
-6188.0
-6014.0
-5838.0
-5666.0
-5490.0
-5320.0
-5148.0
-4976.0
-4802.0
-4626.0
-4455.0
-4279.0
-4103.0
-3927.0
-3756.0
-3580.0
-3412.0
-3236.0
-3060.0
-2890.0
-2714.0
-2538.0
-2364.0
-2188.0
-2012.0
-1836.0
-1669.0
-1493.0
-1321.0
-1151.0
-975.0
-801.0
-625.0
-451.0
-280.0
-104.0
63.0
239.0
409.0
585.0
761.0
937.0
1107.0
1281.0
1451.0
1627.0
1801.0
1975.0
2151.0
2325.0
2501.0
2671.0
2840.0
3016.0
3192.0
3363.0
3539.0
3711.0
3887.0
4063.0
4237.0
4409.0
4585.0
4759.0
4935.0
5109.0
5285.0
5455.0
5631.0
5807.0
5979.0
6153.0
6322.0
6496.0
6668.0
6842.0
7016.0
7192.0
7368.0
7544.0
7720.0
7896.0
8063.0
8239.0
8408.0
8582.0
8756.0
8928.0
9087.0
9263.0
9439.0
9615.0
9791.0
9965.0
10139.0
10315.0
10491.0
10665.0
10841.0
11011.0
11185.0
11359.0
11535.0
11703.0
11877.0
12053.0
12227.0
12397.0
12566.0
12742.0
12918.0
13090.0
13264.0
13438.0
13614.0
13788.0
13964.0
14140.0
14316.0
14492.0
14668.0
14842.0
15016.0
15183.0
15349.0
15525.0
15701.0
15870.0
16046.0
16216.0
16390.0
16566.0
16742.0
16916.0
17088.0
17262.0
17436.0
17601.0
17777.0
17951.0
18127.0
18296.0
18472.0
18641.0
18811.0
18987.0
19163.0
19339.0
19515.0
19691.0
19858.0
20028.0
20195.0
20371.0
20547.0
20721.0
20897.0
21071.0
21247.0
21421.0
21595.0
21771.0
21947.0
22123.0
22299.0
22473.0
22640.0
22816.0
22992.0
23166.0
23342.0
23518.0
23694.0
23870.0
24041.0
24211.0
24385.0
24557.0
24726.0
24902.0
25078.0
25246.0
25420.0
25592.0
25760.0
25936.0
26112.0
26288.0
26462.0
26638.0
26814.0
26983.0
27152.0
27326.0
27502.0
27676.0
27852.0
28024.0
28200.0
28374.0
28546.0
28722.0
28896.0
29067.0
29243.0
29419.0
29591.0
29767.0
29943.0
30112.0
30282.0
30458.0
30632.0
30808.0
30979.0
31144.0
31318.0
31494.0
31668.0
31844.0
32018.0
32189.0
32365.0
32537.0
32713.0
32887.0
33059.0
33228.0
33404.0
33580.0
33750.0
33926.0
34102.0
34278.0
34454.0
34630.0
34802.0
34976.0
35148.0
35324.0
35500.0
35676.0
35850.0
36026.0
36198.0
36368.0
36542.0
36714.0
36883.0
37059.0
37227.0
37401.0
37575.0
37745.0
37921.0
38097.0
38269.0
38445.0
38619.0
38795.0
38967.0
39141.0
39317.0
39491.0
39663.0
39837.0
40009.0
40185.0
40357.0
40533.0
40709.0
40885.0
41057.0
41233.0
41409.0
41581.0
41757.0
41929.0
42101.0
42275.0
42449.0
42621.0
42797.0
42969.0
43145.0
43321.0
43497.0
43673.0
43845.0
44019.0
44193.0
44364.0
44540.0
44708.0
44877.0
45049.0
45225.0
45401.0
45577.0
45753.0
45929.0
46103.0
46279.0
46449.0
46623.0
46797.0
46971.0
47147.0
47316.0
47492.0
47668.0
47844.0
48014.0
48190.0
48364.0
48540.0
48704.0
48878.0
49052.0
49228.0
49404.0
49576.0
49752.0
49928.0
50102.0
50278.0
50454.0
50628.0
50804.0
50980.0
51156.0
51330.0
51504.0
51678.0
51852.0
52024.0
52200.0
52362.0
52538.0
52712.0
52888.0
53064.0
53238.0
53412.0
53586.0
53758.0
53920.0
54096.0
54272.0
54446.0
54620.0
54796.0
54968.0
55144.0
55320.0
55492.0
55668.0
55844.0
56018.0
56194.0
56370.0
56546.0
56722.0
56892.0
57068.0
57242.0
57414.0
57590.0
57766.0
57942.0
58116.0
58290.0
58457.0
58633.0
58805.0
58981.0
59157.0
59331.0
59507.0
59681.0
59855.0
60027.0
60201.0
60377.0
60547.0
60714.0
60885.0
61059.0
61231.0
61405.0
61577.0
61753.0
61929.0
62105.0
62279.0
62451.0
62620.0
62794.0
62970.0
63140.0
63316.0
63488.0
63664.0
63836.0
64010.0
64186.0
64360.0
64536.0
64708.0
64882.0
65056.0
65228.0
65400.0
65576.0
65750.0
65924.0
66100.0
66271.0
66447.0
66621.0
66795.0
66969.0
67145.0
67321.0
67495.0
67671.0
67843.0
68015.0
68189.0
68363.0
68539.0
68715.0
68885.0
69059.0
69235.0
69400.0
69574.0
69748.0
69924.0
70096.0
70268.0
70442.0
70618.0
70787.0
70963.0
71139.0
71308.0
71478.0
71654.0
71830.0
72006.0
72175.0
72349.0
72525.0
72701.0
72873.0
73042.0
73216.0
73390.0
73564.0
73736.0
73912.0
74088.0
74262.0
74432.0
74608.0
74778.0
74952.0
75123.0
75295.0
75469.0
75639.0
75815.0
75989.0
76161.0
76337.0
76511.0
76687.0
76863.0
77035.0
77206.0
77380.0
77556.0
77732.0
77906.0
78082.0
78258.0
78432.0
78606.0
78765.0
78941.0
79115.0
79291.0
79467.0
79639.0
79815.0
79991.0
80167.0
80341.0
80510.0
80686.0
80862.0
81038.0
81214.0
81384.0
81560.0
81734.0
81908.0
82082.0
82249.0
82425.0
82597.0
82773.0
82949.0
83120.0
83296.0
83472.0
83648.0
83824.0
84000.0
84176.0
84352.0
84528.0
84702.0
84876.0
85052.0
85226.0
85391.0
85567.0
85739.0
85907.0
86083.0
86259.0
86431.0
86603.0
86777.0
86951.0
87127.0
87299.0
87471.0
87642.0
87818.0
87994.0
88166.0
88342.0
88518.0
88692.0
88866.0
89042.0
89216.0
89390.0
89561.0
89731.0
89907.0
90083.0
90255.0
90427.0
90603.0
90779.0
90951.0
91121.0
91295.0
91471.0
91645.0
91819.0
91995.0
92171.0
92343.0
92512.0
92672.0
92848.0
93024.0
93195.0
93367.0
93541.0
93717.0
93888.0
94064.0
94236.0
94412.0
94588.0
94750.0
94924.0
95100.0
95274.0
95448.0
95622.0
95798.0
95974.0
96148.0
96320.0
96496.0
96672.0
96848.0
97022.0
97194.0
97368.0
97542.0
97714.0
97890.0
98061.0
98233.0
98405.0
98579.0
98755.0
98929.0
99105.0
99281.0
99457.0
99633.0
99809.0
99985.0
100161.0
100337.0
100504.0
100680.0
100856.0
101030.0
101198.0
101374.0
101548.0
101724.0
101898.0
102074.0
102242.0
102418.0
102594.0
102770.0
102944.0
103120.0
103296.0
103468.0
103642.0
103818.0
103994.0
104166.0
104340.0
104514.0
104688.0
104864.0
105036.0
105212.0
105386.0
105562.0
105736.0
105910.0
106084.0
106260.0
106432.0
106608.0
106784.0
106960.0
107136.0
107306.0
107477.0
107653.0
107824.0
107994.0
108170.0
108342.0
108516.0
108692.0
108868.0
109040.0
109209.0
109383.0
109545.0
109717.0
109889.0
110065.0
110239.0
110415.0
110591.0
110756.0
110932.0
111106.0
111282.0
111458.0
111632.0
111806.0
111982.0
112158.0
112327.0
112494.0
112654.0
112826.0
113000.0
113176.0
113350.0
113522.0
113698.0
113872.0
114046.0
114210.0
114380.0
114556.0
114728.0
114902.0
115076.0
115250.0
115426.0
115600.0
115772.0
115943.0
116119.0
116290.0
116466.0
116640.0
116816.0
116992.0
117166.0
117342.0
117514.0
117690.0
117866.0
118042.0
118214.0
118388.0
118562.0
118738.0
118907.0
119083.0
119259.0
119435.0
119607.0
119781.0
119957.0
120125.0
120296.0
120472.0
120643.0
120819.0
120993.0
121167.0
121339.0
121515.0
121689.0
121863.0
122034.0
122206.0
122377.0
122553.0
122727.0
122901.0
123072.0
123246.0
123420.0
123596.0
123772.0
123942.0
124114.0
124286.0
124457.0
124629.0
124801.0
124972.0
125146.0
125318.0
125494.0
125665.0
125837.0
126011.0
126185.0
126361.0
126537.0
126713.0
126884.0
127060.0
127231.0
127405.0
127574.0
127750.0
127926.0
128097.0
128271.0
128447.0
128619.0
128795.0
128969.0
129145.0
129317.0
129489.0
129663.0
129839.0
130011.0
130185.0
130361.0
130533.0
130702.0
130878.0
131052.0
131226.0
131402.0
131578.0
131754.0
131928.0
132102.0
132278.0
132449.0
132625.0
132797.0
132973.0
133149.0
133325.0
133495.0
133669.0
133840.0
134016.0
134190.0
134366.0
134530.0
134698.0
134869.0
135041.0
135215.0
135389.0
135565.0
135734.0
135908.0
136082.0
136258.0
136434.0
136610.0
136779.0
136955.0
137129.0
137305.0
137481.0
137657.0
137833.0
138007.0
138183.0
138359.0
138524.0
138693.0
138867.0
139043.0
139212.0
139384.0
139560.0
139734.0
139910.0
140084.0
140260.0
140434.0
140602.0
140772.0
140941.0
141117.0
141293.0
141467.0
141641.0
141813.0
141985.0
142161.0
142337.0
142513.0
142683.0
142855.0
143031.0
143205.0
143377.0
143551.0
143723.0
143899.0
144075.0
144246.0
144422.0
144598.0
144772.0
144948.0
145116.0
145292.0
145468.0
145637.0
145811.0
145985.0
146159.0
146329.0
146505.0
146677.0
146853.0
147029.0
147201.0
147373.0
147547.0
147719.0
147893.0
148067.0
148241.0
148413.0
148582.0
148752.0
148928.0
149104.0
149280.0
149450.0
149626.0
149800.0
149976.0
150152.0
150326.0
150502.0
150674.0
150850.0
151000.0
151167.0
151343.0
151519.0
151688.0
151862.0
152038.0
152212.0
152388.0
152564.0
152736.0
152907.0
153079.0
153253.0
153425.0
153591.0
153762.0
153938.0
154114.0
154285.0
154454.0
154623.0
154799.0
154973.0
155145.0
155321.0
155491.0
155663.0
155839.0
156015.0
156191.0
156367.0
156543.0
156714.0
156886.0
157062.0
157238.0
157410.0
157576.0
157750.0
157926.0
158100.0
158276.0
158452.0
158628.0
158795.0
158962.0
159136.0
159312.0
159484.0
159660.0
159828.0
160004.0
160178.0
160352.0
160526.0
160700.0
160876.0
161050.0
161226.0
161398.0
161572.0
161746.0
161922.0
162098.0
162274.0
162441.0
162617.0
162787.0
162961.0
163135.0
163311.0
163485.0
163659.0
163833.0
164009.0
164185.0
164361.0
164537.0
164711.0
164885.0
165061.0
165235.0
165407.0
165583.0
165752.0
165926.0
166102.0
166276.0
166447.0
166623.0
166793.0
166967.0
167141.0
167313.0
167485.0
167661.0
167833.0
168009.0
168183.0
168352.0
168528.0
168700.0
168872.0
169046.0
169220.0
169394.0
169568.0
169744.0
169914.0
170088.0
170258.0
170434.0
170606.0
170780.0
170956.0
171123.0
171299.0
171475.0
171651.0
171825.0
171999.0
172173.0
172347.0
172516.0
172690.0
172861.0
173031.0
173203.0
173377.0
173551.0
173720.0
173892.0
174062.0
174232.0
174408.0
174584.0
174745.0
174921.0
175097.0
175271.0
175440.0
175616.0
175792.0
175966.0
176140.0
176316.0
176492.0
176668.0
176840.0
177011.0
177187.0
177363.0
177532.0
177706.0
177882.0
178058.0
178232.0
178403.0
178577.0
178753.0
178929.0
179099.0
179273.0
179445.0
179621.0
179787.0
179958.0
180134.0
180310.0
180484.0
180658.0
180834.0
181008.0
181184.0
181353.0
181529.0
181705.0
181872.0
182043.0
182217.0
182381.0
182552.0
182720.0
182894.0
183070.0
183239.0
183408.0
183579.0
183755.0
183931.0
184103.0
184279.0
184453.0
184621.0
184797.0
184971.0
185147.0
185321.0
185497.0
185673.0
185843.0
186019.0
186193.0
186369.0
186541.0
186717.0
186891.0
187067.0
187232.0
187406.0
187582.0
187756.0
187932.0
188103.0
188279.0
188451.0
188625.0
188801.0
188973.0
189149.0
189315.0
189487.0
189657.0
189831.0
190002.0
190174.0
190348.0
190522.0
190696.0
190867.0
191043.0
191219.0
191395.0
191571.0
191747.0
191923.0
192087.0
192263.0
192434.0
192610.0
192786.0
192962.0
193132.0
193304.0
193478.0
193649.0
193823.0
193992.0
194166.0
194342.0
194518.0
194692.0
194868.0
195042.0
195216.0
195392.0
195564.0
195738.0
195914.0
196088.0
196264.0
196438.0
196614.0
196788.0
196958.0
197132.0
197306.0
197482.0
197658.0
197832.0
198006.0
198182.0
198356.0
198532.0
198708.0
198884.0
199060.0
199236.0
199408.0
199584.0
199760.0
199931.0
200107.0
200281.0
200452.0
200628.0
200804.0
200973.0
201149.0
201325.0
201501.0
201675.0
201851.0
202027.0
202196.0
202370.0
202546.0
202722.0
202892.0
203064.0
203231.0
203407.0
203583.0
203754.0
203926.0
204100.0
204271.0
204447.0
204623.0
204799.0
204975.0
205151.0
205318.0
205494.0
205666.0
205830.0
206002.0
206171.0
206347.0
206521.0
206695.0
206867.0
207043.0
207217.0
207389.0
207565.0
207739.0
207903.0
208073.0
208247.0
208415.0
208584.0
208760.0
208932.0
209108.0
209279.0
209455.0
209624.0
209800.0
209972.0
210148.0
210322.0
210498.0
210667.0
210841.0
211010.0
211182.0
211358.0
211534.0
211710.0
211879.0
212055.0
212231.0
212407.0
212583.0
212759.0
212925.0
213101.0
213268.0
213444.0
213620.0
213794.0
213970.0
214141.0
214315.0
214489.0
214661.0
214835.0
215011.0
215180.0
215354.0
215530.0
215702.0
215876.0
216050.0
216226.0
216390.0
216564.0
216740.0
216914.0
217090.0
217259.0
217433.0
217609.0
217785.0
217961.0
218133.0
218304.0
218480.0
218651.0
218825.0
218994.0
219168.0
219344.0
219516.0
219692.0
219866.0
220042.0
220218.0
220394.0
220568.0
220744.0
220920.0
221094.0
221268.0
221433.0
221607.0
221783.0
221954.0
222130.0
222302.0
222476.0
222652.0
222826.0
222997.0
223166.0
223342.0
223516.0
223692.0
223859.0
224035.0
224209.0
224383.0
224555.0
224729.0
224903.0
225079.0
225251.0
225425.0
225601.0
225777.0
225946.0
226122.0
226290.0
226464.0
226640.0
226812.0
226986.0
227162.0
227338.0
227514.0
227688.0
227864.0
228038.0
228212.0
228386.0
228562.0
228732.0
228903.0
229068.0
229242.0
229402.0
229578.0
229754.0
229928.0
230102.0
230278.0
230454.0
230628.0
230804.0
230980.0
