a = 0.2
g = 0.2
e = 0.3
random initial weights = false

-2703.0
-3416.0
-4184.0
-4697.0
-5215.0
-6092.0
-6546.0
-7096.0
-7605.0
-8348.0
-8844.0
-9467.0
-10179.0
-10759.0
-11299.0
-11937.0
-12394.0
-13014.0
-13574.0
-14188.0
-14657.0
-15157.0
-15773.0
-16500.0
-16991.0
-17664.0
-18219.0
-18788.0
-19281.0
-19721.0
-20160.0
-20612.0
-21116.0
-21653.0
-22150.0
-22623.0
-23224.0
-23649.0
-24129.0
-24623.0
-25085.0
-25579.0
-26021.0
-26526.0
-27028.0
-27586.0
-28042.0
-28499.0
-28945.0
-29432.0
-29919.0
-30399.0
-31019.0
-31461.0
-31922.0
-32376.0
-32830.0
-33306.0
-33767.0
-34200.0
-34725.0
-35262.0
-35776.0
-36210.0
-36739.0
-37196.0
-37711.0
-38167.0
-38601.0
-39084.0
-39509.0
-39974.0
-40406.0
-40922.0
-41377.0
-41819.0
-42274.0
-42732.0
-43146.0
-43608.0
-44059.0
-44574.0
-45000.0
-45429.0
-45892.0
-46343.0
-46811.0
-47246.0
-47702.0
-48211.0
-48648.0
-49113.0
-49537.0
-49433.0
-49301.0
-49720.0
-50172.0
-50716.0
-50559.0
-50975.0
-51402.0
-51853.0
-52349.0
-52798.0
-53249.0
-53758.0
-54208.0
-54644.0
-55088.0
-55519.0
-55363.0
-55793.0
-55675.0
-56087.0
-56521.0
-56985.0
-57500.0
-57933.0
-58349.0
-58779.0
-59208.0
-59654.0
-60113.0
-60564.0
-61028.0
-61448.0
-61881.0
-62305.0
-62750.0
-63184.0
-63627.0
-64057.0
-64494.0
-64910.0
-65492.0
-65908.0
-66332.0
-66776.0
-67226.0
-67655.0
-68075.0
-68535.0
-68959.0
-69393.0
-69817.0
-70241.0
-70678.0
-71092.0
-71524.0
-71403.0
-71819.0
-72268.0
-72707.0
-73126.0
-72967.0
-73385.0
-73245.0
-73096.0
-72980.0
-73400.0
-73831.0
-74265.0
-74107.0
-73942.0
-74361.0
-74808.0
-74685.0
-75099.0
-75511.0
-75360.0
-75781.0
-76236.0
-76654.0
-77076.0
-77507.0
-77929.0
-78357.0
-78814.0
-79250.0
-79082.0
-79516.0
-79969.0
-80420.0
-80263.0
-80682.0
-81109.0
-81535.0
-81949.0
-82368.0
-82793.0
-82675.0
-82517.0
-82343.0
-82768.0
-83186.0
-83082.0
-83531.0
-83983.0
-83818.0
-83647.0
-84085.0
-84503.0
-84946.0
-85382.0
-85800.0
-85660.0
-86095.0
-85929.0
-85767.0
-85595.0
-86016.0
-85901.0
-85749.0
-86170.0
-86584.0
-86412.0
-86855.0
-87267.0
-87099.0
-87520.0
-87990.0
-87825.0
-87686.0
-87512.0
-87399.0
-87234.0
-87070.0
-86903.0
-86745.0
-86573.0
-86401.0
-86238.0
-86084.0
-85916.0
-85797.0
-85629.0
-85463.0
-85289.0
-85125.0
-84974.0
-84802.0
-84631.0
-84464.0
-84300.0
-84131.0
-83962.0
-83804.0
-83630.0
-83462.0
-83290.0
-83124.0
-82965.0
-83389.0
-83221.0
-83057.0
-82911.0
-82746.0
-82570.0
-82408.0
-82822.0
-83268.0
-83100.0
-82931.0
-82755.0
-82588.0
-82414.0
-82249.0
-82079.0
-81905.0
-81733.0
-81567.0
-81399.0
-81293.0
-81123.0
-80958.0
-80786.0
-80619.0
-80447.0
-80290.0
-80151.0
-79975.0
-79815.0
-79653.0
-79484.0
-79329.0
-79160.0
-78988.0
-78824.0
-78652.0
-78480.0
-78313.0
-78146.0
-77972.0
-77809.0
-77649.0
-77482.0
-77321.0
-77167.0
-76993.0
-76824.0
-76673.0
-76497.0
-76340.0
-76173.0
-76002.0
-75834.0
-75665.0
-75506.0
-75362.0
-75192.0
-75029.0
-74857.0
-74685.0
-74514.0
-74350.0
-74183.0
-74016.0
-73842.0
-73677.0
-73526.0
-73369.0
-73203.0
-73029.0
-72880.0
-72711.0
-72555.0
-72383.0
-72214.0
-72049.0
-71889.0
-71718.0
-71544.0
-71376.0
-71229.0
-71066.0
-70897.0
-70733.0
-70575.0
-70403.0
-70227.0
-70055.0
-69888.0
-69724.0
-69559.0
-69389.0
-69223.0
-69060.0
-68896.0
-68732.0
-68558.0
-68382.0
-68216.0
-68049.0
-67919.0
-67757.0
-67588.0
-67445.0
-67269.0
-67107.0
-66937.0
-66765.0
-66591.0
-66419.0
-66253.0
-66088.0
-65917.0
-65750.0
-65576.0
-65406.0
-65249.0
-65073.0
-64942.0
-64770.0
-64664.0
-64496.0
-64340.0
-64198.0
-64026.0
-63854.0
-63684.0
-63520.0
-63348.0
-63176.0
-63002.0
-62840.0
-62675.0
-62503.0
-62367.0
-62196.0
-62035.0
-61895.0
-61736.0
-61575.0
-61416.0
-61256.0
-61090.0
-60928.0
-60754.0
-60592.0
-60416.0
-60262.0
-60088.0
-59914.0
-59748.0
-59593.0
-59422.0
-59255.0
-59095.0
-58928.0
-58759.0
-58592.0
-58418.0
-58250.0
-58088.0
-57916.0
-57747.0
-57575.0
-57409.0
-57239.0
-57069.0
-56914.0
-56749.0
-56579.0
-56411.0
-56243.0
-56071.0
-55897.0
-55721.0
-55547.0
-55379.0
-55207.0
-55044.0
-54875.0
-54701.0
-54532.0
-54360.0
-54196.0
-54062.0
-53904.0
-53742.0
-53568.0
-53406.0
-53232.0
-53063.0
-52913.0
-52743.0
-52591.0
-52417.0
-52250.0
-52082.0
-51910.0
-51765.0
-51591.0
-51432.0
-51274.0
-51106.0
-50935.0
-50771.0
-50607.0
-50442.0
-50270.0
-50111.0
-49948.0
-49802.0
-49680.0
-49517.0
-49345.0
-49171.0
-49006.0
-48860.0
-48690.0
-48531.0
-48370.0
-48200.0
-48041.0
-47871.0
-47699.0
-47531.0
-47363.0
-47196.0
-47043.0
-46876.0
-46705.0
-46548.0
-46385.0
-46219.0
-46053.0
-45889.0
-45727.0
-45551.0
-45375.0
-45212.0
-45036.0
-44864.0
-44699.0
-44567.0
-44402.0
-44267.0
-44096.0
-43928.0
-43760.0
-43596.0
-43440.0
-43277.0
-43105.0
-42934.0
-42769.0
-42604.0
-42433.0
-42261.0
-42099.0
-41929.0
-41755.0
-41588.0
-41416.0
-41254.0
-41082.0
-40924.0
-40752.0
-40583.0
-40416.0
-40253.0
-40081.0
-39918.0
-39747.0
-39571.0
-39402.0
-39239.0
-39065.0
-38893.0
-38719.0
-38547.0
-38380.0
-38212.0
-38041.0
-37876.0
-37700.0
-37532.0
-37367.0
-37197.0
-37028.0
-36868.0
-36707.0
-36540.0
-36364.0
-36208.0
-36044.0
-35868.0
-35696.0
-35522.0
-35352.0
-35182.0
-35028.0
-34858.0
-34696.0
-34527.0
-34355.0
-34188.0
-34016.0
-33842.0
-33693.0
-33531.0
-33372.0
-33207.0
-33033.0
-32863.0
-32691.0
-32524.0
-32356.0
-32188.0
-32018.0
-31855.0
-31697.0
-31541.0
-31367.0
-31191.0
-31024.0
-30870.0
-30710.0
-30545.0
-30398.0
-30229.0
-30065.0
-29893.0
-29719.0
-29566.0
-29404.0
-29234.0
-29075.0
-28907.0
-28733.0
-28559.0
-28387.0
-28219.0
-28047.0
-27871.0
-27700.0
-27535.0
-27363.0
-27213.0
-27044.0
-26891.0
-26719.0
-26565.0
-26400.0
-26239.0
-26065.0
-25891.0
-25723.0
-25555.0
-25396.0
-25222.0
-25055.0
-24892.0
-24720.0
-24551.0
-24375.0
-24216.0
-24053.0
-23882.0
-23713.0
-23550.0
-23374.0
-23206.0
-23034.0
-22865.0
-22701.0
-22527.0
-22353.0
-22183.0
-22027.0
-21861.0
-21687.0
-21518.0
-21355.0
-21191.0
-21026.0
-20861.0
-20689.0
-20545.0
-20377.0
-20212.0
-20040.0
-19871.0
-19701.0
-19534.0
-19360.0
-19210.0
-19044.0
-18882.0
-18722.0
-18559.0
-18412.0
-18249.0
-18088.0
-17914.0
-17745.0
-17585.0
-17418.0
-17246.0
-17088.0
-16928.0
-16752.0
-16589.0
-16413.0
-16251.0
-16087.0
-15948.0
-15780.0
-15638.0
-15466.0
-15301.0
-15125.0
-14954.0
-14790.0
-14622.0
-14461.0
-14297.0
-14136.0
-13973.0
-13803.0
-13638.0
-13481.0
-13313.0
-13146.0
-12984.0
-12815.0
-12645.0
-12475.0
-12305.0
-12129.0
-11970.0
-11805.0
-11631.0
-11455.0
-11286.0
-11119.0
-10970.0
-10806.0
-10636.0
-10464.0
-10296.0
-10124.0
-9955.0
-9786.0
-9614.0
-9449.0
-9282.0
-9112.0
-8951.0
-8798.0
-8631.0
-8471.0
-8313.0
-8150.0
-7980.0
-7840.0
-7673.0
-7508.0
-7348.0
-7181.0
-7007.0
-6843.0
-6687.0
-6518.0
-6349.0
-6173.0
-5999.0
-5825.0
-5653.0
-5483.0
-5313.0
-5141.0
-4976.0
-4815.0
-4660.0
-4520.0
-4346.0
-4200.0
-4031.0
-3857.0
-3685.0
-3511.0
-3348.0
-3176.0
-3002.0
-2860.0
-2684.0
-2510.0
-2336.0
-2172.0
-1998.0
-1832.0
-1666.0
-1500.0
-1330.0
-1163.0
-1005.0
-847.0
-673.0
-503.0
-356.0
-186.0
-23.0
147.0
306.0
480.0
651.0
823.0
988.0
1152.0
1319.0
1469.0
1634.0
1773.0
1949.0
2114.0
2282.0
2452.0
2620.0
2790.0
2964.0
3138.0
3288.0
3440.0
3610.0
3784.0
3947.0
4116.0
4283.0
4449.0
4621.0
4795.0
4967.0
5137.0
5302.0
5471.0
5645.0
5807.0
5977.0
6149.0
6314.0
6488.0
6656.0
6828.0
6958.0
7128.0
7300.0
7455.0
7612.0
7780.0
7947.0
8112.0
8281.0
8455.0
8607.0
8775.0
8934.0
9094.0
9256.0
9417.0
9567.0
9734.0
9897.0
10073.0
10230.0
10402.0
10574.0
10742.0
10916.0
11088.0
11260.0
11434.0
11599.0
11769.0
11928.0
12102.0
12267.0
12425.0
12597.0
12724.0
12894.0
13058.0
13223.0
13399.0
13553.0
13725.0
13899.0
14071.0
14243.0
14408.0
14577.0
14753.0
14883.0
15042.0
15214.0
15356.0
15532.0
15699.0
15863.0
16029.0
16200.0
16367.0
16541.0
16702.0
16861.0
17033.0
17200.0
17369.0
17537.0
17708.0
17882.0
18054.0
18224.0
18398.0
18563.0
18730.0
18904.0
19073.0
19239.0
19410.0
19574.0
19739.0
19910.0
20068.0
20235.0
20400.0
20567.0
20704.0
20866.0
21029.0
21198.0
21368.0
21521.0
21681.0
21842.0
22012.0
22182.0
22353.0
22494.0
22670.0
22838.0
23001.0
23161.0
23331.0
23503.0
23675.0
23843.0
24012.0
24188.0
24360.0
24527.0
24689.0
24859.0
25033.0
25202.0
25368.0
25544.0
25704.0
25870.0
26039.0
26209.0
26379.0
26553.0
26711.0
26879.0
27053.0
27212.0
27381.0
27548.0
27718.0
27882.0
28050.0
28220.0
28396.0
28570.0
28733.0
28897.0
29071.0
29223.0
29393.0
29560.0
29726.0
29895.0
30066.0
30242.0
30408.0
30580.0
30748.0
30874.0
31037.0
31201.0
31375.0
31544.0
31720.0
31867.0
32028.0
32180.0
32330.0
32498.0
32670.0
32846.0
32998.0
33160.0
33332.0
33494.0
33668.0
33842.0
34007.0
34179.0
34353.0
34514.0
34605.0
34774.0
34946.0
35106.0
35282.0
35456.0
35614.0
35779.0
35945.0
36116.0
36290.0
36462.0
36632.0
36795.0
36929.0
37096.0
37255.0
37425.0
37594.0
37761.0
37923.0
38095.0
38265.0
38406.0
38582.0
38752.0
38922.0
39096.0
39268.0
39438.0
39579.0
39753.0
39921.0
40089.0
40242.0
40406.0
40563.0
40723.0
40883.0
41044.0
41205.0
41353.0
41516.0
41690.0
41862.0
42031.0
42173.0
42340.0
42504.0
42671.0
42833.0
42998.0
43153.0
43323.0
43492.0
43656.0
43826.0
43991.0
44165.0
44326.0
44492.0
44657.0
44831.0
44968.0
45144.0
45304.0
45472.0
45640.0
45814.0
45986.0
46147.0
46319.0
46481.0
46638.0
46800.0
46964.0
47125.0
47295.0
47467.0
47633.0
47805.0
47975.0
48142.0
48308.0
48469.0
48637.0
48804.0
48957.0
49129.0
49301.0
49471.0
49643.0
49808.0
49982.0
50154.0
50325.0
50485.0
50654.0
50828.0
50997.0
51162.0
51322.0
51489.0
51657.0
51826.0
51985.0
52154.0
52319.0
52488.0
52655.0
52816.0
52985.0
53159.0
53326.0
53491.0
53658.0
53828.0
54004.0
54169.0
54333.0
54502.0
54657.0
54818.0
54985.0
55156.0
55323.0
55444.0
55618.0
55779.0
55953.0
56118.0
56287.0
56457.0
56631.0
56791.0
56961.0
57121.0
57279.0
57453.0
57615.0
57787.0
57947.0
58110.0
58286.0
58452.0
58618.0
58794.0
58968.0
59140.0
59299.0
59469.0
59631.0
59799.0
59975.0
60135.0
60294.0
60456.0
60623.0
60781.0
60943.0
61090.0
61266.0
61424.0
61596.0
61759.0
61935.0
62109.0
62276.0
62433.0
62605.0
62773.0
62937.0
63100.0
63274.0
63435.0
63595.0
63762.0
63930.0
64070.0
64240.0
64408.0
64573.0
64747.0
64908.0
65072.0
65229.0
65405.0
65566.0
65726.0
65892.0
66064.0
66240.0
66410.0
66584.0
66758.0
66932.0
67099.0
67261.0
67412.0
67583.0
67759.0
67928.0
68104.0
68261.0
68433.0
68588.0
68764.0
68922.0
69094.0
69262.0
69436.0
69591.0
69763.0
69927.0
70101.0
70275.0
70438.0
70602.0
70758.0
70927.0
71101.0
71273.0
71441.0
71615.0
71765.0
71937.0
72111.0
72285.0
72448.0
72617.0
72784.0
72942.0
73093.0
73258.0
73425.0
73589.0
73754.0
73923.0
74092.0
74255.0
74419.0
74591.0
74756.0
74913.0
75078.0
75242.0
75400.0
75572.0
75739.0
75895.0
76066.0
76231.0
76362.0
76532.0
76704.0
76869.0
77043.0
77208.0
77379.0
77545.0
77706.0
77878.0
78042.0
78216.0
78392.0
78556.0
78730.0
78898.0
79049.0
79213.0
79376.0
79545.0
79719.0
79875.0
80051.0
80219.0
80376.0
80544.0
80714.0
80881.0
81047.0
81221.0
81368.0
81535.0
81707.0
81874.0
82044.0
82211.0
82377.0
82545.0
82705.0
82869.0
83040.0
83208.0
83378.0
83541.0
83702.0
83872.0
84035.0
84186.0
84354.0
84520.0
84681.0
84834.0
84986.0
85156.0
85330.0
85493.0
85659.0
85835.0
86007.0
86177.0
86343.0
86511.0
86683.0
86843.0
87009.0
87183.0
87351.0
87511.0
87665.0
87837.0
88002.0
88169.0
88330.0
88497.0
88642.0
88810.0
88980.0
89149.0
89318.0
89484.0
89645.0
89814.0
89981.0
90147.0
90319.0
90491.0
90650.0
90806.0
90956.0
91109.0
91273.0
91432.0
91590.0
91749.0
91923.0
92087.0
92241.0
92415.0
92587.0
92759.0
92924.0
93093.0
93261.0
93420.0
93589.0
93758.0
93930.0
94102.0
94269.0
94441.0
94609.0
94776.0
94942.0
95099.0
95260.0
95432.0
95593.0
95765.0
95936.0
96105.0
96274.0
96448.0
96604.0
96773.0
96945.0
97104.0
97270.0
97429.0
97581.0
97757.0
97929.0
98101.0
98275.0
98449.0
98604.0
98752.0
98926.0
99095.0
99266.0
99426.0
99581.0
99748.0
99922.0
100086.0
100243.0
100417.0
100581.0
100757.0
100918.0
101079.0
101246.0
101409.0
101581.0
101752.0
101876.0
102030.0
102196.0
102358.0
102525.0
102674.0
102848.0
102999.0
103155.0
103320.0
103496.0
103668.0
103826.0
104000.0
104167.0
104338.0
104507.0
104654.0
104826.0
104993.0
105163.0
105332.0
105500.0
105670.0
105835.0
106005.0
106172.0
106342.0
106496.0
106668.0
106827.0
106991.0
107156.0
107330.0
107490.0
107651.0
107810.0
107968.0
108128.0
108294.0
108462.0
108623.0
108795.0
108967.0
109127.0
109288.0
109460.0
109632.0
109797.0
109961.0
110125.0
110297.0
110465.0
110627.0
110797.0
110973.0
111142.0
111305.0
111458.0
111627.0
111798.0
111964.0
112138.0
112314.0
112484.0
112650.0
112822.0
112976.0
113138.0
113294.0
113466.0
113631.0
113796.0
113966.0
114128.0
114298.0
114466.0
114598.0
114772.0
114944.0
115116.0
115290.0
115464.0
115634.0
115810.0
115980.0
116143.0
116308.0
116484.0
116649.0
116810.0
116984.0
117141.0
117303.0
117469.0
117645.0
117805.0
117970.0
118144.0
118311.0
118467.0
118628.0
118778.0
118943.0
119117.0
119279.0
119451.0
119621.0
119788.0
119952.0
120112.0
120288.0
120458.0
120619.0
120791.0
120956.0
121099.0
121266.0
121417.0
121591.0
121763.0
121939.0
