a = 0.8
g = 0.8
e = 0.1
random initial weights = true

-2619.0
-3182.0
-3690.0
-4274.0
-4696.0
-5161.0
-5594.0
-6012.0
-6464.0
-6892.0
-7308.0
-7722.0
-8154.0
-7976.0
-10391.0
-12818.0
-12647.0
-12467.0
-12288.0
-12106.0
-11924.0
-11740.0
-11556.0
-11372.0
-11188.0
-11004.0
-10820.0
-10641.0
-10461.0
-10277.0
-10093.0
-9914.0
-9732.0
-9548.0
-9369.0
-9185.0
-9001.0
-8817.0
-8635.0
-8451.0
-8276.0
-8092.0
-7913.0
-7729.0
-7552.0
-7370.0
-7190.0
-7011.0
-6836.0
-6654.0
-6470.0
-6286.0
-6102.0
-5925.0
-5759.0
-5575.0
-5396.0
-5212.0
-5028.0
-4848.0
-4664.0
-4496.0
-4312.0
-4128.0
-3944.0
-3760.0
-3583.0
-3401.0
-3217.0
-3038.0
-2856.0
-2674.0
-2495.0
-2313.0
-2129.0
-1945.0
-1761.0
-1584.0
-1405.0
-1221.0
-1043.0
-859.0
-677.0
-495.0
-311.0
-134.0
50.0
234.0
413.0
585.0
762.0
944.0
1128.0
1312.0
1496.0
1671.0
1853.0
2035.0
2219.0
2401.0
2572.0
2709.0
2889.0
3066.0
3246.0
3428.0
3612.0
3796.0
3980.0
4164.0
4343.0
4520.0
4704.0
4888.0
5072.0
5246.0
5430.0
5614.0
5798.0
5978.0
6162.0
6344.0
6528.0
6712.0
6896.0
7076.0
7260.0
7442.0
7621.0
7803.0
7980.0
8162.0
8346.0
8523.0
8707.0
8884.0
9063.0
9247.0
9431.0
9615.0
9799.0
9971.0
10153.0
10337.0
10516.0
10695.0
10879.0
11063.0
11247.0
11429.0
11611.0
11793.0
11977.0
12159.0
12339.0
12523.0
12705.0
12887.0
13071.0
13248.0
13430.0
13612.0
13794.0
13978.0
14162.0
14346.0
14528.0
14712.0
14894.0
15061.0
15245.0
15429.0
15613.0
15792.0
15967.0
16149.0
16333.0
16512.0
16691.0
16875.0
17054.0
17238.0
17417.0
17601.0
17785.0
17965.0
18149.0
18324.0
18508.0
18680.0
18859.0
19043.0
19222.0
19406.0
19588.0
19772.0
19947.0
20131.0
20315.0
20499.0
20681.0
20865.0
21049.0
21226.0
21405.0
21589.0
21773.0
21957.0
22141.0
22313.0
22497.0
22676.0
22860.0
23044.0
23228.0
23412.0
23596.0
23773.0
23957.0
24141.0
24325.0
24509.0
24693.0
24871.0
25053.0
25235.0
25417.0
25596.0
25780.0
25964.0
26148.0
26332.0
26516.0
26700.0
26879.0
27061.0
27245.0
27429.0
27611.0
27793.0
27977.0
28161.0
28341.0
28525.0
28709.0
28893.0
29077.0
29256.0
29435.0
29617.0
29801.0
29973.0
30145.0
30327.0
30511.0
30690.0
30868.0
31047.0
31229.0
31408.0
31590.0
31769.0
31948.0
32132.0
32316.0
32498.0
32674.0
32858.0
33040.0
33224.0
33403.0
33587.0
33771.0
33955.0
34139.0
34318.0
34502.0
34686.0
34870.0
35049.0
35233.0
35417.0
35601.0
35785.0
35969.0
36153.0
36337.0
36521.0
36705.0
36889.0
37073.0
37252.0
37431.0
37613.0
37797.0
37981.0
38165.0
38347.0
38526.0
38710.0
38890.0
39072.0
39251.0
39435.0
39619.0
39803.0
39981.0
40161.0
40338.0
40520.0
40704.0
40870.0
41054.0
41238.0
41422.0
41606.0
41788.0
41972.0
42156.0
42338.0
42522.0
42704.0
42888.0
43068.0
43248.0
43430.0
43614.0
43798.0
43975.0
44159.0
44343.0
44522.0
44704.0
44883.0
45067.0
45251.0
45433.0
45617.0
45801.0
45985.0
46167.0
46351.0
46535.0
46714.0
46896.0
47078.0
47262.0
47446.0
47630.0
47814.0
47998.0
48178.0
48357.0
48541.0
48721.0
48890.0
49067.0
49246.0
49430.0
49614.0
49798.0
49980.0
50162.0
50346.0
50530.0
50707.0
50886.0
51070.0
51254.0
51438.0
51617.0
51801.0
51980.0
52162.0
52346.0
52516.0
52698.0
52882.0
53057.0
53241.0
53418.0
53597.0
53779.0
53956.0
54138.0
54313.0
54492.0
54674.0
54858.0
55038.0
55222.0
55406.0
55588.0
55772.0
55956.0
56140.0
56324.0
56508.0
56686.0
56866.0
57050.0
57229.0
57406.0
57584.0
57768.0
57947.0
58131.0
58315.0
58494.0
58676.0
58860.0
59044.0
59228.0
59412.0
59596.0
59780.0
59960.0
60142.0
60326.0
60498.0
60677.0
60856.0
61040.0
61212.0
61392.0
61576.0
61760.0
61942.0
62126.0
62305.0
62484.0
62666.0
62850.0
63032.0
63214.0
63398.0
63582.0
63760.0
63942.0
64117.0
64290.0
64474.0
64658.0
64842.0
65026.0
65210.0
65394.0
65576.0
65760.0
65944.0
66128.0
66305.0
66485.0
66669.0
66853.0
67037.0
67221.0
67405.0
67589.0
67771.0
67955.0
68139.0
68323.0
68497.0
68681.0
68865.0
69040.0
69224.0
69408.0
69582.0
69764.0
69948.0
70130.0
70314.0
70496.0
70680.0
70855.0
71039.0
71219.0
71399.0
71581.0
71760.0
71939.0
72121.0
72300.0
72473.0
72657.0
72841.0
73025.0
73209.0
73393.0
73568.0
73745.0
73917.0
74101.0
74276.0
74455.0
74634.0
74816.0
75000.0
75182.0
75359.0
75538.0
75713.0
75897.0
76081.0
76265.0
76449.0
76633.0
76817.0
77001.0
77176.0
77360.0
77542.0
77726.0
77910.0
78094.0
78276.0
78458.0
78642.0
78826.0
79003.0
79187.0
79369.0
79551.0
79735.0
79913.0
80097.0
80279.0
80461.0
80645.0
80822.0
81006.0
81186.0
81370.0
81552.0
81729.0
81913.0
82095.0
82277.0
82459.0
82638.0
82822.0
83006.0
83185.0
83365.0
83549.0
83733.0
83915.0
84099.0
84283.0
84467.0
84649.0
84833.0
85015.0
85197.0
85381.0
85565.0
85749.0
85924.0
86103.0
86287.0
86471.0
86655.0
86839.0
87023.0
87207.0
87391.0
87573.0
87757.0
87941.0
88125.0
88309.0
88491.0
88675.0
88859.0
89043.0
89223.0
89405.0
89582.0
89764.0
89948.0
90130.0
90309.0
90493.0
90677.0
90859.0
91035.0
91219.0
91403.0
91585.0
91767.0
91946.0
92123.0
92307.0
92491.0
92675.0
92859.0
93039.0
93223.0
93407.0
93591.0
93771.0
93955.0
94139.0
94323.0
94507.0
94691.0
94871.0
95050.0
95232.0
95412.0
95592.0
95771.0
95955.0
96139.0
96323.0
96502.0
96686.0
96865.0
97045.0
97229.0
97413.0
97597.0
97781.0
97963.0
98145.0
98329.0
98513.0
98695.0
98874.0
99054.0
99238.0
99422.0
99606.0
99790.0
99974.0
100158.0
100342.0
100521.0
100698.0
100877.0
101051.0
101235.0
101410.0
101589.0
101768.0
101952.0
102136.0
102315.0
102499.0
102666.0
102850.0
103032.0
103216.0
103400.0
103582.0
103766.0
103945.0
104127.0
104311.0
104491.0
104675.0
104859.0
105043.0
105221.0
105403.0
105587.0
105771.0
105955.0
106135.0
106319.0
106496.0
106680.0
106858.0
107042.0
107226.0
107406.0
107580.0
107762.0
107946.0
108118.0
108293.0
108477.0
108659.0
108843.0
109025.0
109209.0
109393.0
109572.0
109756.0
109933.0
110115.0
110299.0
110483.0
110667.0
110849.0
111028.0
111212.0
111389.0
111573.0
111757.0
111933.0
112112.0
112296.0
112475.0
112659.0
112834.0
113011.0
113195.0
113377.0
113555.0
113739.0
113923.0
114096.0
114280.0
114464.0
114648.0
114827.0
115004.0
115186.0
115364.0
115541.0
115725.0
115909.0
116091.0
116275.0
116455.0
116639.0
116821.0
117003.0
117178.0
117362.0
117539.0
117718.0
117900.0
118084.0
118256.0
118440.0
118624.0
118808.0
118986.0
119170.0
119354.0
119538.0
119722.0
119894.0
120061.0
120245.0
120429.0
120601.0
120785.0
120964.0
121148.0
121332.0
121516.0
121700.0
121879.0
122057.0
122239.0
122423.0
122607.0
122784.0
122968.0
123147.0
123324.0
123508.0
123692.0
123876.0
124058.0
124235.0
124419.0
124603.0
124787.0
124969.0
125151.0
125335.0
125519.0
125701.0
125880.0
126064.0
126244.0
126428.0
126612.0
126791.0
126970.0
127154.0
127332.0
127512.0
127696.0
127880.0
128057.0
128241.0
128425.0
128609.0
128793.0
128977.0
129161.0
129343.0
129527.0
129709.0
129891.0
130069.0
130248.0
130430.0
130610.0
130794.0
130976.0
131155.0
131339.0
131521.0
131705.0
131879.0
132049.0
132233.0
132417.0
132597.0
132779.0
132963.0
133142.0
133324.0
133506.0
133690.0
133874.0
134058.0
134242.0
134426.0
134610.0
134787.0
134971.0
135153.0
135335.0
135517.0
135699.0
135881.0
136065.0
136239.0
136423.0
136607.0
136791.0
136975.0
137157.0
137336.0
137515.0
137699.0
137881.0
138065.0
138242.0
138419.0
138603.0
138780.0
138962.0
139144.0
139328.0
139510.0
139690.0
139867.0
140051.0
140235.0
140417.0
140601.0
140776.0
140955.0
141134.0
141316.0
141498.0
141682.0
141861.0
142043.0
142225.0
142409.0
142593.0
142775.0
142959.0
143143.0
143325.0
143509.0
143691.0
143875.0
144059.0
144243.0
144425.0
144604.0
144788.0
144972.0
145156.0
145340.0
145519.0
145691.0
145870.0
146054.0
146231.0
146415.0
146599.0
146781.0
146965.0
147147.0
147319.0
147503.0
147687.0
147866.0
148044.0
148223.0
148407.0
148587.0
148765.0
148947.0
149129.0
149313.0
149492.0
149671.0
149855.0
150039.0
150218.0
150396.0
150576.0
150753.0
150935.0
151114.0
151298.0
151475.0
151654.0
151838.0
152007.0
152189.0
152369.0
152548.0
152721.0
152905.0
153089.0
153266.0
153443.0
153625.0
153804.0
153983.0
154167.0
154349.0
154533.0
154705.0
154889.0
155071.0
155255.0
155437.0
155621.0
155805.0
155989.0
156168.0
156347.0
156531.0
156715.0
156899.0
157083.0
157267.0
157451.0
157633.0
157812.0
157994.0
158176.0
158355.0
158539.0
158716.0
158895.0
159075.0
159254.0
159438.0
159620.0
159802.0
159984.0
160168.0
160352.0
160531.0
160710.0
160890.0
161074.0
161258.0
161440.0
161624.0
161808.0
161987.0
162166.0
162344.0
162528.0
162708.0
162890.0
163074.0
163256.0
163440.0
163624.0
163803.0
163985.0
164169.0
164351.0
164535.0
164719.0
164903.0
165085.0
165262.0
165446.0
165628.0
165797.0
165976.0
166160.0
166344.0
166526.0
166703.0
166882.0
167066.0
167248.0
167430.0
167609.0
167793.0
167972.0
168156.0
168338.0
168520.0
168699.0
168883.0
169065.0
169249.0
169433.0
169615.0
169775.0
169957.0
170141.0
170325.0
170504.0
170688.0
170872.0
171056.0
171240.0
171424.0
171599.0
171781.0
171963.0
172147.0
172331.0
172513.0
172697.0
172881.0
173060.0
173244.0
173428.0
173612.0
173796.0
173976.0
174160.0
174342.0
174526.0
174708.0
174892.0
175076.0
175260.0
175444.0
175628.0
175807.0
175984.0
176168.0
176334.0
176518.0
176700.0
176884.0
177061.0
177243.0
177420.0
177599.0
177783.0
177967.0
178151.0
178335.0
178519.0
178703.0
178877.0
179061.0
179245.0
179429.0
179613.0
179795.0
179979.0
180158.0
180337.0
180514.0
180698.0
180875.0
181052.0
181236.0
181415.0
181599.0
181776.0
181960.0
182144.0
182328.0
182512.0
182694.0
182874.0
183058.0
183240.0
183424.0
183608.0
183788.0
183972.0
184149.0
184321.0
184505.0
184689.0
184873.0
185057.0
185230.0
185414.0
185596.0
185778.0
185962.0
186134.0
186318.0
186500.0
186684.0
186863.0
187047.0
187224.0
187408.0
187592.0
187776.0
187960.0
188144.0
188328.0
188512.0
188691.0
188870.0
189049.0
189233.0
189410.0
189594.0
189774.0
189956.0
190133.0
190313.0
190492.0
190674.0
190856.0
191031.0
191215.0
191399.0
191576.0
191758.0
191938.0
192122.0
192306.0
192486.0
192670.0
192844.0
193023.0
193205.0
193382.0
193566.0
193750.0
193932.0
194116.0
194293.0
194477.0
194657.0
194834.0
195018.0
195197.0
195381.0
195560.0
195744.0
195928.0
196112.0
196296.0
196480.0
196664.0
196848.0
197032.0
197216.0
197400.0
197575.0
197759.0
197933.0
198107.0
198291.0
198475.0
198657.0
198839.0
199021.0
199205.0
199389.0
199573.0
199752.0
199934.0
200116.0
200300.0
200484.0
200668.0
200847.0
201021.0
201199.0
201376.0
201560.0
201737.0
201916.0
202100.0
202282.0
202466.0
202648.0
202832.0
203009.0
203193.0
203370.0
203552.0
203731.0
203915.0
204099.0
204283.0
204463.0
204647.0
204829.0
205009.0
205193.0
205375.0
205559.0
205741.0
205925.0
206102.0
206286.0
206468.0
206652.0
206825.0
207009.0
207193.0
207377.0
207554.0
207738.0
207922.0
208106.0
208290.0
208469.0
208653.0
208837.0
209021.0
209205.0
209382.0
209566.0
209750.0
209932.0
210114.0
210298.0
210482.0
210662.0
210846.0
211030.0
211214.0
211396.0
211580.0
211757.0
211936.0
212115.0
212297.0
212479.0
212659.0
212843.0
213022.0
213206.0
213388.0
213572.0
213749.0
213933.0
214117.0
214296.0
214480.0
214660.0
214844.0
215028.0
215210.0
215394.0
215578.0
215762.0
215946.0
216130.0
216312.0
216492.0
216672.0
216854.0
217038.0
217222.0
217406.0
217578.0
217762.0
217944.0
218126.0
218310.0
218492.0
218676.0
218860.0
219037.0
219221.0
219405.0
219589.0
219771.0
219955.0
220137.0
220316.0
220495.0
220679.0
220861.0
221041.0
221220.0
221404.0
221581.0
221765.0
221947.0
222131.0
222313.0
222481.0
222658.0
222842.0
223021.0
223205.0
223385.0
223569.0
223753.0
223930.0
224112.0
224296.0
224480.0
224664.0
224843.0
225027.0
225204.0
225388.0
225568.0
225752.0
225936.0
226120.0
226304.0
226473.0
226655.0
226829.0
227006.0
227188.0
227372.0
227556.0
227736.0
227918.0
228102.0
228286.0
228470.0
228649.0
228833.0
229015.0
229199.0
229383.0
229567.0
229749.0
229928.0
230112.0
230296.0
230478.0
230660.0
230844.0
231023.0
231202.0
231382.0
231566.0
231745.0
231929.0
232113.0
232297.0
232479.0
232661.0
232845.0
233027.0
233209.0
233388.0
233570.0
233754.0
233938.0
234110.0
234294.0
234478.0
234660.0
234844.0
235013.0
235197.0
235379.0
235558.0
235740.0
235922.0
236102.0
236284.0
236463.0
236645.0
236829.0
237013.0
237190.0
237369.0
237549.0
237733.0
237917.0
238101.0
238285.0
238469.0
238646.0
238830.0
239004.0
239188.0
239372.0
239551.0
239733.0
239910.0
240094.0
240278.0
240462.0
240646.0
240826.0
241005.0
241179.0
241363.0
241540.0
241722.0
241902.0
242081.0
242263.0
242447.0
242629.0
242813.0
242997.0
243181.0
243365.0
243544.0
243728.0
243912.0
244094.0
244278.0
244462.0
244641.0
244823.0
245007.0
245189.0
245373.0
245557.0
245732.0
245911.0
246095.0
246271.0
246455.0
246637.0
246817.0
246994.0
247178.0
247360.0
247544.0
247728.0
247912.0
248096.0
248276.0
248456.0
248633.0
248815.0
248999.0
249183.0
249365.0
249549.0
249731.0
249908.0
250092.0
250271.0
250453.0
250635.0
250819.0
250998.0
251182.0
251362.0
251546.0
251725.0
251909.0
252091.0
252275.0
252457.0
252641.0
252823.0
253007.0
253191.0
253375.0
253559.0
253743.0
253925.0
254109.0
254288.0
254472.0
254656.0
254835.0
255017.0
255196.0
255380.0
255559.0
255736.0
255911.0
256091.0
256275.0
256454.0
256638.0
