a = 0.2
g = 0.5
e = 0.1
random initial weights = false

-791.0
-1526.0
-2186.0
-2722.0
-3201.0
-3710.0
-4161.0
-4785.0
-5447.0
-5922.0
-6466.0
-7139.0
-7624.0
-8081.0
-8507.0
-9001.0
-9453.0
-9998.0
-10539.0
-11125.0
-11598.0
-12047.0
-12575.0
-13003.0
-13449.0
-13992.0
-14455.0
-14873.0
-15343.0
-15795.0
-16269.0
-16762.0
-17210.0
-17688.0
-18130.0
-18581.0
-19049.0
-19469.0
-19905.0
-20373.0
-20791.0
-21316.0
-21736.0
-22185.0
-22626.0
-25068.0
-25493.0
-25907.0
-25755.0
-26167.0
-26609.0
-27098.0
-27552.0
-28030.0
-28461.0
-28873.0
-29289.0
-29721.0
-30143.0
-30621.0
-31050.0
-31474.0
-31347.0
-31184.0
-31601.0
-32027.0
-32486.0
-32919.0
-33378.0
-33792.0
-33639.0
-34074.0
-34500.0
-34354.0
-34185.0
-34602.0
-34461.0
-34873.0
-35313.0
-35735.0
-36151.0
-36589.0
-37039.0
-36877.0
-37293.0
-37719.0
-38149.0
-38619.0
-39044.0
-38884.0
-38710.0
-38544.0
-38372.0
-38786.0
-38618.0
-39032.0
-39448.0
-39880.0
-39708.0
-40126.0
-39954.0
-39782.0
-40194.0
-40628.0
-41040.0
-41462.0
-41874.0
-42286.0
-42712.0
-42542.0
-42954.0
-43368.0
-43204.0
-43030.0
-42883.0
-43297.0
-43143.0
-42967.0
-42796.0
-42622.0
-42448.0
-42272.0
-42100.0
-42512.0
-42356.0
-42180.0
-42004.0
-41833.0
-41666.0
-41490.0
-41316.0
-41151.0
-40977.0
-40801.0
-40634.0
-40460.0
-40288.0
-40112.0
-39936.0
-39769.0
-39593.0
-39417.0
-39248.0
-39078.0
-38907.0
-38735.0
-38563.0
-38387.0
-38211.0
-38035.0
-37859.0
-37685.0
-37509.0
-37333.0
-37159.0
-36983.0
-36807.0
-36635.0
-36467.0
-36293.0
-36117.0
-35941.0
-35765.0
-35591.0
-35422.0
-35246.0
-35077.0
-34901.0
-34729.0
-34553.0
-34384.0
-34208.0
-34032.0
-33856.0
-33680.0
-33510.0
-33336.0
-33160.0
-32986.0
-32810.0
-32636.0
-32460.0
-32284.0
-32110.0
-31936.0
-31760.0
-31588.0
-31414.0
-31245.0
-31073.0
-30897.0
-30721.0
-30545.0
-30369.0
-30198.0
-30034.0
-29864.0
-29688.0
-29516.0
-29340.0
-29169.0
-28993.0
-28822.0
-28650.0
-28478.0
-28304.0
-28128.0
-27958.0
-27784.0
-27610.0
-27434.0
-27258.0
-27082.0
-26906.0
-26732.0
-26556.0
-26380.0
-26204.0
-26028.0
-25854.0
-25678.0
-25504.0
-25330.0
-25154.0
-24978.0
-24806.0
-24644.0
-24470.0
-24294.0
-24123.0
-23949.0
-23775.0
-23599.0
-23423.0
-23249.0
-23073.0
-22897.0
-22723.0
-22551.0
-22382.0
-22211.0
-22037.0
-21863.0
-21689.0
-21513.0
-21339.0
-21165.0
-20991.0
-20815.0
-20639.0
-20463.0
-20287.0
-20113.0
-19941.0
-19765.0
-19593.0
-19417.0
-19241.0
-19077.0
-18903.0
-18727.0
-18551.0
-18382.0
-18206.0
-18032.0
-17858.0
-17682.0
-17508.0
-17334.0
-17160.0
-16984.0
-16808.0
-16634.0
-16458.0
-16284.0
-16108.0
-15932.0
-15756.0
-15582.0
-15411.0
-15235.0
-15059.0
-14883.0
-14712.0
-14536.0
-14362.0
-14186.0
-14017.0
-13841.0
-13670.0
-13496.0
-13322.0
-13146.0
-12998.0
-12822.0
-12648.0
-12474.0
-12298.0
-12122.0
-11948.0
-11772.0
-11596.0
-11420.0
-11254.0
-11080.0
-10906.0
-10730.0
-10558.0
-10386.0
-10210.0
-10034.0
-9863.0
-9694.0
-9520.0
-9346.0
-9174.0
-9000.0
-8824.0
-8648.0
-8474.0
-8298.0
-8124.0
-7954.0
-7780.0
-7604.0
-7430.0
-7254.0
-7080.0
-6909.0
-6733.0
-6557.0
-6383.0
-6213.0
-6047.0
-5871.0
-5700.0
-5524.0
-5350.0
-5182.0
-5010.0
-4834.0
-4658.0
-4486.0
-4325.0
-4149.0
-3975.0
-3799.0
-3623.0
-3447.0
-3271.0
-3097.0
-2927.0
-2755.0
-2583.0
-2414.0
-2238.0
-2064.0
-1890.0
-1716.0
-1540.0
-1366.0
-1190.0
-1014.0
-840.0
-664.0
-490.0
-314.0
-138.0
38.0
212.0
386.0
562.0
738.0
914.0
1088.0
1264.0
1440.0
1616.0
1787.0
1963.0
2137.0
2309.0
2485.0
2659.0
2835.0
3011.0
3187.0
3361.0
3537.0
3711.0
3885.0
4061.0
4237.0
4408.0
4582.0
4756.0
4923.0
5097.0
5267.0
5434.0
5608.0
5784.0
5953.0
6129.0
6303.0
6477.0
6651.0
6827.0
6997.0
7165.0
7339.0
7515.0
7691.0
7865.0
8032.0
8206.0
8382.0
8558.0
8734.0
8908.0
9084.0
9260.0
9436.0
9612.0
9781.0
9957.0
10131.0
10307.0
10483.0
10651.0
10825.0
10999.0
11175.0
11351.0
11527.0
11703.0
11874.0
12050.0
12222.0
12396.0
12567.0
12743.0
12917.0
13093.0
13267.0
13443.0
13617.0
13788.0
13962.0
14138.0
14309.0
14485.0
14654.0
14824.0
15000.0
15176.0
15350.0
15526.0
15702.0
15876.0
16048.0
16224.0
16398.0
16570.0
16742.0
16918.0
17090.0
17266.0
17442.0
17613.0
17787.0
17963.0
18139.0
18313.0
18487.0
18661.0
18837.0
19011.0
19187.0
19356.0
19532.0
19678.0
19852.0
20028.0
20204.0
20376.0
20552.0
20726.0
20902.0
21078.0
21252.0
21426.0
21602.0
21778.0
21954.0
22130.0
22306.0
22477.0
22653.0
22829.0
23005.0
23181.0
23355.0
23531.0
23703.0
23879.0
24055.0
24231.0
24400.0
24574.0
24748.0
24924.0
25100.0
25276.0
25452.0
25626.0
25798.0
25974.0
26150.0
26321.0
26497.0
26671.0
26838.0
27014.0
27188.0
27364.0
27533.0
27709.0
27885.0
28050.0
28226.0
28402.0
28578.0
28754.0
28930.0
29104.0
29278.0
29454.0
29630.0
29806.0
29980.0
30139.0
30313.0
30489.0
30663.0
30835.0
31003.0
31179.0
31355.0
31529.0
31705.0
31881.0
32057.0
32228.0
32400.0
32576.0
32752.0
32928.0
33104.0
33280.0
33449.0
33621.0
33795.0
33969.0
34141.0
34313.0
34487.0
34661.0
34835.0
35009.0
35185.0
35361.0
35537.0
35713.0
35885.0
36059.0
36231.0
36399.0
36575.0
36749.0
36920.0
37096.0
37272.0
37448.0
37622.0
37793.0
37965.0
38137.0
38307.0
38483.0
38647.0
38823.0
38997.0
39173.0
39345.0
39521.0
39697.0
39871.0
40041.0
40215.0
40386.0
40562.0
40734.0
40906.0
41075.0
41251.0
41423.0
41599.0
41775.0
41951.0
42127.0
42303.0
42479.0
42655.0
42831.0
43001.0
43177.0
43349.0
43525.0
43697.0
43868.0
44038.0
44212.0
44388.0
44564.0
44740.0
44909.0
45085.0
45261.0
45437.0
45606.0
45782.0
45956.0
46123.0
46299.0
46473.0
46647.0
46823.0
46995.0
47169.0
47339.0
47515.0
47687.0
47861.0
48035.0
48211.0
48383.0
48554.0
48730.0
48896.0
49067.0
49243.0
49419.0
49595.0
49771.0
49947.0
50118.0
50294.0
50468.0
50642.0
50818.0
50994.0
51168.0
51330.0
51500.0
51669.0
51845.0
52021.0
52195.0
52371.0
52545.0
52721.0
52897.0
53071.0
53245.0
53421.0
53595.0
53771.0
53947.0
54123.0
54299.0
54475.0
54651.0
54827.0
55001.0
55171.0
55345.0
55515.0
55691.0
55863.0
56039.0
56208.0
56384.0
56553.0
56729.0
56901.0
57077.0
57253.0
57425.0
57595.0
57767.0
57943.0
58117.0
58289.0
58463.0
58639.0
58815.0
58987.0
59163.0
59339.0
59513.0
59689.0
59863.0
60039.0
60213.0
60389.0
60565.0
60741.0
60913.0
61084.0
61258.0
61432.0
61603.0
61779.0
61955.0
62129.0
62301.0
62470.0
62646.0
62820.0
62994.0
63170.0
63346.0
63522.0
63698.0
63874.0
64048.0
64217.0
64393.0
64548.0
64724.0
64887.0
65059.0
65233.0
65407.0
65583.0
65754.0
65925.0
66093.0
66269.0
66441.0
66615.0
66789.0
66965.0
67139.0
67313.0
67487.0
67663.0
67839.0
68004.0
68178.0
68349.0
68521.0
68692.0
68864.0
69040.0
69216.0
69392.0
69564.0
69740.0
69916.0
70090.0
70264.0
70440.0
70612.0
70783.0
70951.0
71127.0
71296.0
71461.0
71637.0
71809.0
71974.0
72143.0
72319.0
72493.0
72667.0
72843.0
73019.0
73195.0
73369.0
73545.0
73721.0
73895.0
74071.0
74245.0
74417.0
74593.0
74769.0
74945.0
75116.0
75292.0
75468.0
75642.0
75818.0
75992.0
76162.0
76338.0
76512.0
76688.0
76857.0
77033.0
77209.0
77385.0
77556.0
77730.0
77904.0
78080.0
78256.0
78432.0
78608.0
78784.0
78956.0
79132.0
79308.0
79482.0
79658.0
79832.0
80003.0
80177.0
80353.0
80525.0
80694.0
80870.0
81046.0
81220.0
81396.0
81572.0
81741.0
81915.0
82091.0
82262.0
82438.0
82614.0
82790.0
82966.0
83138.0
83310.0
83484.0
83650.0
83822.0
83998.0
84167.0
84341.0
84517.0
84686.0
84862.0
85034.0
85210.0
85386.0
85562.0
85736.0
85910.0
86086.0
86260.0
86436.0
86612.0
86781.0
86957.0
87133.0
87304.0
87480.0
87654.0
87830.0
88006.0
88166.0
88342.0
88513.0
88689.0
88865.0
89041.0
89215.0
89391.0
89567.0
89743.0
89919.0
90074.0
90246.0
90422.0
90594.0
90770.0
90941.0
91115.0
91291.0
91467.0
91638.0
91814.0
91990.0
92164.0
92340.0
92512.0
92688.0
92864.0
93040.0
93212.0
93386.0
93562.0
93738.0
93914.0
94090.0
94266.0
94440.0
94614.0
94790.0
94966.0
95142.0
95316.0
95490.0
95666.0
95840.0
96009.0
96185.0
96361.0
96533.0
96702.0
96878.0
97054.0
97228.0
97397.0
97566.0
97733.0
97909.0
98083.0
98257.0
98433.0
98609.0
98783.0
98959.0
99128.0
99302.0
99474.0
99642.0
99818.0
99994.0
100158.0
100334.0
100508.0
100682.0
100858.0
101032.0
101204.0
101378.0
101550.0
101724.0
101900.0
102072.0
102248.0
102419.0
102595.0
102771.0
102947.0
103121.0
103295.0
103471.0
103647.0
103821.0
103995.0
104169.0
104345.0
104517.0
104693.0
104869.0
105045.0
105217.0
105393.0
105567.0
105743.0
105919.0
106095.0
106269.0
106441.0
106617.0
106793.0
106967.0
107141.0
107317.0
107488.0
107662.0
107828.0
108004.0
108178.0
108354.0
108523.0
108694.0
108870.0
109046.0
109204.0
109378.0
109554.0
109728.0
109904.0
110080.0
110256.0
110430.0
110606.0
110782.0
110956.0
111132.0
111306.0
111482.0
111650.0
111826.0
112002.0
112178.0
112354.0
112530.0
112700.0
112876.0
113052.0
113223.0
113399.0
113575.0
113746.0
113918.0
114085.0
114254.0
114428.0
114602.0
114778.0
114952.0
115126.0
115300.0
115476.0
115650.0
115824.0
116000.0
116157.0
116331.0
116495.0
116667.0
116836.0
116998.0
117174.0
117346.0
117518.0
117694.0
117866.0
118036.0
118212.0
118388.0
118564.0
118738.0
118914.0
119088.0
119264.0
119435.0
119611.0
119787.0
119963.0
120139.0
120313.0
120489.0
120661.0
120835.0
121011.0
121187.0
121363.0
121539.0
121715.0
121889.0
122060.0
122234.0
122410.0
122577.0
122753.0
122927.0
123103.0
123279.0
123451.0
123621.0
123795.0
123971.0
124140.0
124316.0
124492.0
124666.0
124842.0
125018.0
125194.0
125370.0
125546.0
125717.0
125891.0
126065.0
126241.0
126415.0
126591.0
126765.0
126939.0
127111.0
127283.0
127457.0
127633.0
127809.0
127985.0
128159.0
128335.0
128505.0
128681.0
128855.0
129031.0
129198.0
129372.0
129544.0
129718.0
129892.0
130068.0
130239.0
130415.0
130589.0
130765.0
130941.0
131115.0
131289.0
131465.0
131632.0
131803.0
131977.0
132153.0
132327.0
132503.0
132679.0
132853.0
133029.0
133205.0
133381.0
133553.0
133725.0
133899.0
134073.0
134247.0
134421.0
134597.0
134771.0
134945.0
135119.0
135293.0
135463.0
135627.0
135796.0
135970.0
136146.0
136320.0
136494.0
136665.0
136841.0
137010.0
137186.0
137357.0
137533.0
137709.0
137885.0
138061.0
138235.0
138411.0
138587.0
138763.0
138932.0
139108.0
139277.0
139453.0
139620.0
139791.0
139965.0
140139.0
140313.0
140489.0
140665.0
140835.0
141011.0
141187.0
141361.0
141535.0
141711.0
141887.0
142063.0
142239.0
142415.0
142587.0
142763.0
142937.0
143107.0
143283.0
143459.0
143635.0
143809.0
143983.0
144155.0
144326.0
144502.0
144674.0
144850.0
145022.0
145198.0
145374.0
145548.0
145722.0
145898.0
146069.0
146238.0
146414.0
146588.0
146762.0
146938.0
147108.0
147282.0
147458.0
147634.0
147808.0
147984.0
148158.0
148330.0
148506.0
148682.0
148858.0
149034.0
149208.0
149384.0
149560.0
149736.0
149912.0
150088.0
150262.0
150438.0
150614.0
150790.0
150964.0
151140.0
151296.0
151465.0
151641.0
151815.0
151989.0
152165.0
152339.0
152510.0
152686.0
152860.0
153036.0
153212.0
153388.0
153562.0
153738.0
153912.0
154088.0
154262.0
154438.0
154609.0
154785.0
154957.0
155133.0
155305.0
155476.0
155652.0
155828.0
156002.0
156178.0
156354.0
156525.0
156701.0
156872.0
157048.0
157211.0
157387.0
157563.0
157737.0
157913.0
158083.0
158257.0
158433.0
158604.0
158773.0
158940.0
159114.0
159290.0
159466.0
159640.0
159816.0
159992.0
160168.0
160342.0
160518.0
160694.0
160870.0
161029.0
161205.0
161381.0
161557.0
161722.0
161896.0
162068.0
162242.0
162416.0
162592.0
162768.0
162942.0
163114.0
163290.0
163466.0
163642.0
163818.0
163989.0
164163.0
164339.0
164513.0
164689.0
164860.0
165025.0
165199.0
165371.0
165545.0
165715.0
165889.0
166063.0
166237.0
166411.0
166587.0
166761.0
166937.0
167111.0
167285.0
167459.0
167635.0
167807.0
167979.0
168155.0
168327.0
168494.0
168670.0
168837.0
169011.0
169176.0
169350.0
169524.0
169698.0
169872.0
170048.0
170224.0
170398.0
170567.0
170743.0
170919.0
171088.0
171264.0
171440.0
171616.0
171792.0
171961.0
172137.0
172311.0
172483.0
172654.0
172826.0
173000.0
173176.0
173350.0
173516.0
173692.0
173857.0
174031.0
174201.0
174373.0
174549.0
174723.0
174897.0
175073.0
175249.0
175418.0
175594.0
175768.0
175944.0
176116.0
176292.0
176468.0
176644.0
176816.0
176992.0
177168.0
177342.0
177516.0
177692.0
177868.0
178044.0
178220.0
178396.0
178560.0
178734.0
178910.0
179086.0
179262.0
179433.0
179605.0
179781.0
179957.0
180133.0
180307.0
180483.0
180659.0
180835.0
181009.0
181185.0
181359.0
181533.0
181709.0
181885.0
182061.0
182237.0
182411.0
182585.0
182761.0
182937.0
183113.0
183289.0
183454.0
183628.0
183804.0
183978.0
184145.0
184319.0
184493.0
184660.0
184836.0
185012.0
185188.0
185364.0
185540.0
185714.0
185890.0
186064.0
186240.0
186411.0
186581.0
186753.0
186925.0
187099.0
187271.0
187445.0
187619.0
187795.0
187969.0
188143.0
188319.0
188493.0
188669.0
188845.0
189016.0
189183.0
189357.0
189531.0
189702.0
189878.0
190052.0
190222.0
190396.0
190570.0
190746.0
190922.0
191096.0
191270.0
191441.0
191615.0
191789.0
191958.0
192127.0
192301.0
192477.0
192653.0
192829.0
193005.0
193181.0
193343.0
193519.0
193695.0
193871.0
194047.0
194223.0
194399.0
194575.0
194749.0
194918.0
195090.0
195261.0
195437.0
195608.0
195784.0
195945.0
196117.0
196293.0
196465.0
196641.0
