a = 0.2
g = 0.8
e = 0.1
random initial weights = false

-852.0
-1522.0
-2059.0
-2483.0
-3218.0
-3713.0
-4390.0
-4842.0
-5335.0
-5833.0
-6274.0
-6708.0
-7154.0
-7576.0
-8063.0
-8495.0
-11000.0
-11438.0
-11896.0
-12319.0
-12770.0
-13243.0
-13691.0
-14111.0
-14568.0
-15012.0
-15464.0
-15300.0
-15716.0
-16133.0
-16559.0
-16980.0
-17399.0
-17839.0
-18276.0
-18697.0
-19114.0
-19525.0
-19948.0
-20371.0
-20218.0
-20636.0
-21061.0
-21499.0
-21325.0
-21147.0
-21558.0
-21405.0
-21816.0
-22233.0
-22648.0
-23061.0
-22889.0
-25286.0
-25121.0
-24951.0
-24773.0
-24597.0
-24421.0
-24243.0
-24069.0
-23893.0
-23717.0
-24130.0
-23956.0
-23780.0
-23604.0
-23426.0
-23252.0
-23074.0
-22896.0
-22718.0
-22555.0
-22377.0
-22199.0
-22023.0
-21852.0
-21674.0
-21496.0
-21323.0
-21145.0
-20971.0
-20795.0
-20622.0
-20444.0
-20266.0
-20090.0
-19912.0
-19736.0
-19558.0
-19380.0
-19204.0
-19026.0
-18850.0
-18674.0
-18496.0
-18318.0
-18140.0
-17964.0
-17788.0
-17612.0
-17436.0
-17260.0
-17089.0
-16913.0
-16739.0
-16566.0
-16398.0
-16220.0
-16047.0
-15873.0
-15697.0
-15529.0
-15353.0
-15175.0
-14997.0
-14819.0
-14641.0
-14463.0
-14287.0
-14109.0
-13940.0
-13762.0
-13588.0
-13410.0
-13234.0
-13056.0
-12878.0
-12700.0
-12524.0
-12348.0
-12174.0
-12003.0
-11832.0
-11659.0
-11487.0
-11311.0
-11135.0
-10966.0
-10788.0
-10610.0
-10432.0
-10258.0
-10080.0
-9902.0
-9724.0
-9546.0
-9372.0
-9194.0
-9016.0
-8838.0
-8665.0
-8489.0
-8311.0
-8138.0
-7960.0
-7782.0
-7604.0
-7426.0
-7248.0
-7070.0
-6892.0
-6714.0
-6536.0
-6358.0
-6182.0
-6004.0
-5826.0
-5655.0
-5479.0
-5301.0
-5123.0
-4945.0
-4767.0
-4589.0
-4415.0
-4239.0
-4063.0
-3887.0
-3709.0
-3531.0
-3361.0
-3188.0
-3021.0
-2843.0
-2670.0
-2496.0
-2318.0
-2140.0
-1962.0
-1791.0
-1613.0
-1441.0
-1265.0
-1101.0
-923.0
-745.0
-574.0
-398.0
-220.0
-44.0
130.0
303.0
481.0
659.0
837.0
1015.0
1193.0
1371.0
1541.0
1712.0
1888.0
2066.0
2242.0
2420.0
2596.0
2769.0
2947.0
3120.0
3296.0
3474.0
3650.0
3828.0
4006.0
4178.0
4356.0
4534.0
4712.0
4888.0
5066.0
5244.0
5420.0
5596.0
5770.0
5948.0
6126.0
6295.0
6471.0
6649.0
6823.0
7001.0
7179.0
7353.0
7526.0
7704.0
7880.0
8058.0
8236.0
8414.0
8590.0
8768.0
8944.0
9117.0
9293.0
9466.0
9642.0
9818.0
9996.0
10172.0
10341.0
10519.0
10695.0
10868.0
11046.0
11216.0
11390.0
11568.0
11746.0
11920.0
12096.0
12269.0
12445.0
12621.0
12797.0
12975.0
13153.0
13329.0
13507.0
13685.0
13863.0
14039.0
14215.0
14391.0
14569.0
14743.0
14914.0
15083.0
15259.0
15435.0
15613.0
15786.0
15964.0
16137.0
16313.0
16491.0
16669.0
16847.0
17025.0
17201.0
17379.0
17557.0
17730.0
17908.0
18086.0
18262.0
18436.0
18614.0
18792.0
18968.0
19144.0
19322.0
19500.0
19678.0
19856.0
20032.0
20196.0
20374.0
20552.0
20728.0
20906.0
21084.0
21257.0
21430.0
21599.0
21773.0
21946.0
22124.0
22300.0
22467.0
22643.0
22821.0
22999.0
23170.0
23348.0
23519.0
23695.0
23873.0
24051.0
24229.0
24405.0
24581.0
24757.0
24933.0
25107.0
25285.0
25459.0
25633.0
25811.0
25989.0
26167.0
26345.0
26523.0
26699.0
26873.0
27049.0
27225.0
27396.0
27570.0
27748.0
27926.0
28099.0
28277.0
28453.0
28624.0
28800.0
28976.0
29149.0
29327.0
29505.0
29678.0
29856.0
30032.0
30208.0
30386.0
30564.0
30740.0
30916.0
31094.0
31270.0
31442.0
31620.0
31794.0
31972.0
32150.0
32328.0
32502.0
32675.0
32853.0
33031.0
33209.0
33387.0
33565.0
33741.0
33919.0
34097.0
34275.0
34453.0
34629.0
34802.0
34980.0
35156.0
35334.0
35512.0
35688.0
35866.0
36042.0
36216.0
36394.0
36572.0
36750.0
36928.0
37104.0
37276.0
37452.0
37628.0
37804.0
37977.0
38155.0
38328.0
38506.0
38682.0
38860.0
39038.0
39216.0
39389.0
39567.0
39745.0
39916.0
40090.0
40264.0
40442.0
40620.0
40793.0
40971.0
41149.0
41327.0
41503.0
41676.0
41854.0
42032.0
42210.0
42386.0
42562.0
42740.0
42911.0
43085.0
43261.0
43439.0
43617.0
43795.0
43966.0
44140.0
44318.0
44491.0
44667.0
44845.0
45021.0
45197.0
45373.0
45551.0
45729.0
45907.0
46085.0
46263.0
46439.0
46615.0
46793.0
46965.0
47141.0
47315.0
47493.0
47669.0
47840.0
48014.0
48190.0
48363.0
48541.0
48717.0
48895.0
49073.0
49249.0
49417.0
49593.0
49771.0
49944.0
50122.0
50300.0
50478.0
50654.0
50832.0
51010.0
51184.0
51362.0
51540.0
51716.0
51894.0
52072.0
52250.0
52423.0
52595.0
52773.0
52949.0
53118.0
53285.0
53463.0
53641.0
53815.0
53986.0
54164.0
54337.0
54513.0
54691.0
54869.0
55047.0
55218.0
55396.0
55569.0
55747.0
55925.0
56103.0
56279.0
56455.0
56633.0
56806.0
56984.0
57162.0
57338.0
57516.0
57694.0
57870.0
58048.0
58221.0
58397.0
58571.0
58745.0
58916.0
59089.0
59267.0
59443.0
59621.0
59799.0
59975.0
60153.0
60324.0
60500.0
60678.0
60852.0
61030.0
61208.0
61386.0
61562.0
61740.0
61916.0
62094.0
62266.0
62444.0
62622.0
62796.0
62974.0
63150.0
63328.0
63504.0
63680.0
63858.0
64036.0
64214.0
64390.0
64568.0
64741.0
64917.0
65093.0
65259.0
65431.0
65607.0
65781.0
65953.0
66117.0
66293.0
66469.0
66647.0
66825.0
67003.0
67181.0
67355.0
67528.0
67706.0
67882.0
68050.0
68226.0
68404.0
68580.0
68754.0
68927.0
69105.0
69283.0
69456.0
69634.0
69807.0
69985.0
70163.0
70341.0
70512.0
70690.0
70864.0
71037.0
71215.0
71391.0
71569.0
71745.0
71923.0
72099.0
72270.0
72448.0
72626.0
72802.0
72980.0
73158.0
73336.0
73512.0
73686.0
73860.0
74038.0
74216.0
74390.0
74568.0
74744.0
74917.0
75095.0
75271.0
75449.0
75627.0
75798.0
75976.0
76147.0
76323.0
76501.0
76679.0
76857.0
77035.0
77208.0
77377.0
77553.0
77731.0
77907.0
78085.0
78263.0
78441.0
78619.0
78797.0
78970.0
79146.0
79324.0
79497.0
79675.0
79846.0
80022.0
80200.0
80378.0
80554.0
80730.0
80908.0
81084.0
81262.0
81438.0
81616.0
81794.0
81972.0
82146.0
82324.0
82502.0
82680.0
82851.0
83027.0
83205.0
83383.0
83561.0
83739.0
83917.0
84095.0
84273.0
84451.0
84629.0
84805.0
84983.0
85161.0
85337.0
85510.0
85688.0
85864.0
86040.0
86218.0
86391.0
86567.0
86745.0
86921.0
87097.0
87275.0
87453.0
87631.0
87805.0
87981.0
88159.0
88337.0
88515.0
88693.0
88861.0
89037.0
89213.0
89391.0
89567.0
89739.0
89917.0
90088.0
90266.0
90440.0
90611.0
90784.0
90960.0
91138.0
91314.0
91492.0
91666.0
91844.0
92022.0
92200.0
92371.0
92547.0
92725.0
92903.0
93081.0
93250.0
93428.0
93604.0
93782.0
93958.0
94134.0
94312.0
94490.0
94668.0
94842.0
95018.0
95196.0
95374.0
95552.0
95730.0
95904.0
96082.0
96260.0
96436.0
96612.0
96788.0
96964.0
97142.0
97320.0
97496.0
97674.0
97852.0
98028.0
98204.0
98378.0
98549.0
98727.0
98905.0
99079.0
99255.0
99433.0
99609.0
99783.0
99959.0
100135.0
100308.0
100486.0
100664.0
100835.0
101009.0
101187.0
101365.0
101543.0
101721.0
101899.0
102065.0
102243.0
102419.0
102595.0
102768.0
102946.0
103124.0
103302.0
103478.0
103648.0
103820.0
103994.0
104172.0
104350.0
104528.0
104701.0
104879.0
105057.0
105231.0
105407.0
105580.0
105751.0
105929.0
106105.0
106283.0
106461.0
106635.0
106813.0
106984.0
107158.0
107327.0
107505.0
107683.0
107861.0
108039.0
108217.0
108395.0
108573.0
108749.0
108927.0
109105.0
109283.0
109461.0
109637.0
109815.0
109991.0
110169.0
110345.0
110521.0
110692.0
110868.0
111046.0
111222.0
111396.0
111574.0
111747.0
111915.0
112089.0
112267.0
112443.0
112621.0
112799.0
112972.0
113146.0
113324.0
113500.0
113676.0
113849.0
114027.0
114198.0
114374.0
114550.0
114728.0
114904.0
115080.0
115258.0
115429.0
115605.0
115781.0
115957.0
116131.0
116309.0
116487.0
116665.0
116843.0
117016.0
117192.0
117366.0
117544.0
117722.0
117900.0
118078.0
118254.0
118432.0
118610.0
118786.0
118959.0
119133.0
119311.0
119489.0
119662.0
119840.0
120018.0
120194.0
120372.0
120543.0
120721.0
120899.0
121070.0
121243.0
121413.0
121591.0
121767.0
121941.0
122119.0
122295.0
122468.0
122644.0
122822.0
122995.0
123164.0
123340.0
123518.0
123694.0
123870.0
124048.0
124224.0
124402.0
124580.0
124758.0
124934.0
125112.0
125290.0
125466.0
125642.0
125815.0
125993.0
126171.0
126349.0
126527.0
126703.0
126881.0
127059.0
127237.0
127415.0
127586.0
127764.0
127942.0
128118.0
128296.0
128474.0
128650.0
128821.0
128999.0
129175.0
129349.0
129522.0
129698.0
129872.0
130043.0
130221.0
130394.0
130572.0
130748.0
130922.0
131100.0
131278.0
131456.0
131634.0
131810.0
131986.0
132162.0
132335.0
132513.0
132689.0
132865.0
133043.0
133221.0
133397.0
133573.0
133751.0
133929.0
134107.0
134283.0
134461.0
134639.0
134815.0
134991.0
135169.0
135338.0
135516.0
135694.0
135870.0
136048.0
136224.0
136397.0
136575.0
136753.0
136931.0
137109.0
137287.0
137461.0
137639.0
137817.0
137995.0
138173.0
138346.0
138522.0
138696.0
138872.0
139046.0
139220.0
139398.0
139569.0
139743.0
139911.0
140082.0
140260.0
140438.0
140616.0
140794.0
140972.0
141150.0
141326.0
141502.0
141680.0
141856.0
142025.0
142203.0
142376.0
142554.0
142732.0
142910.0
143084.0
143262.0
143440.0
143614.0
143788.0
143966.0
144144.0
144322.0
144493.0
144671.0
144849.0
145027.0
145205.0
145383.0
145559.0
145735.0
145911.0
146084.0
146260.0
146438.0
146616.0
146792.0
146970.0
147146.0
147322.0
147500.0
147678.0
147851.0
148023.0
148194.0
148372.0
148543.0
148714.0
148892.0
149068.0
149244.0
149420.0
149598.0
149772.0
149950.0
150128.0
150306.0
150475.0
150653.0
150831.0
151003.0
151179.0
151357.0
151533.0
151711.0
151885.0
152063.0
152239.0
152417.0
152593.0
152764.0
152942.0
153118.0
153296.0
153474.0
153648.0
153826.0
154004.0
154180.0
154349.0
154527.0
154705.0
154883.0
155061.0
155237.0
155413.0
155586.0
155757.0
155935.0
156113.0
156291.0
156469.0
156647.0
156819.0
156993.0
157164.0
157337.0
157508.0
157686.0
157864.0
158038.0
158216.0
158394.0
158570.0
158748.0
158924.0
159100.0
159276.0
159454.0
159627.0
159803.0
159979.0
160157.0
160335.0
160513.0
160689.0
160867.0
161043.0
161214.0
161392.0
161570.0
161748.0
161922.0
162098.0
162276.0
162449.0
162627.0
162800.0
162969.0
163142.0
163315.0
163493.0
163667.0
163843.0
164021.0
164199.0
164377.0
164555.0
164721.0
164897.0
165075.0
165251.0
165427.0
165605.0
165779.0
165955.0
166133.0
166309.0
166485.0
166657.0
166835.0
167013.0
167191.0
167369.0
167547.0
167723.0
167896.0
168072.0
168250.0
168426.0
168604.0
168782.0
168960.0
169136.0
169314.0
169492.0
169670.0
169848.0
170026.0
170204.0
170382.0
170556.0
170732.0
170910.0
171088.0
171258.0
171436.0
171614.0
171790.0
171968.0
172139.0
172317.0
172488.0
172662.0
172840.0
173018.0
173196.0
173372.0
173550.0
173728.0
173902.0
174072.0
174250.0
174426.0
174604.0
174782.0
174955.0
175133.0
175311.0
175482.0
175660.0
175838.0
176010.0
176186.0
176360.0
176533.0
176709.0
176887.0
177065.0
177243.0
177417.0
177590.0
177766.0
177944.0
178122.0
178298.0
178476.0
178652.0
178828.0
179006.0
179184.0
179360.0
179536.0
179714.0
179892.0
180070.0
180248.0
180426.0
180604.0
180782.0
180960.0
181138.0
181316.0
181494.0
181672.0
181850.0
182022.0
182200.0
182374.0
182540.0
182716.0
182892.0
183053.0
183231.0
183409.0
183585.0
183761.0
183939.0
184115.0
184289.0
184467.0
184645.0
184823.0
185001.0
185173.0
185349.0
185525.0
185703.0
185881.0
186057.0
186235.0
186413.0
186591.0
186769.0
186935.0
187111.0
187289.0
187465.0
187643.0
187821.0
187997.0
188175.0
188353.0
188531.0
188707.0
188880.0
189056.0
189230.0
189408.0
189581.0
189757.0
189918.0
190094.0
190272.0
190450.0
190628.0
190806.0
190980.0
191154.0
191332.0
191508.0
191686.0
191864.0
192040.0
192218.0
192396.0
192574.0
192752.0
192928.0
193096.0
193274.0
193450.0
193628.0
193804.0
193982.0
194155.0
194331.0
194509.0
194685.0
194856.0
195034.0
195212.0
195390.0
195568.0
195746.0
195924.0
196100.0
196272.0
196446.0
196624.0
196802.0
196980.0
197158.0
197334.0
197505.0
197678.0
197856.0
198027.0
198200.0
198378.0
198556.0
198727.0
198898.0
199072.0
199250.0
199428.0
199606.0
199782.0
199958.0
200134.0
200310.0
200483.0
200649.0
200827.0
201000.0
201178.0
201351.0
201529.0
201705.0
201876.0
202054.0
202232.0
202410.0
202588.0
202764.0
202942.0
203120.0
203296.0
203465.0
203641.0
203814.0
203992.0
204166.0
204344.0
204520.0
204696.0
204874.0
205052.0
205230.0
205404.0
205580.0
205751.0
205927.0
206105.0
206283.0
206457.0
206633.0
206809.0
206985.0
207159.0
207337.0
207515.0
207691.0
207857.0
208035.0
208211.0
208389.0
208567.0
208745.0
208923.0
209101.0
209272.0
209445.0
209623.0
209796.0
209974.0
210152.0
210330.0
210508.0
210681.0
210857.0
211031.0
211207.0
211383.0
211559.0
211737.0
211913.0
212075.0
212251.0
212429.0
212607.0
212783.0
212955.0
213133.0
213311.0
213489.0
213667.0
213845.0
214021.0
214195.0
214369.0
214547.0
214725.0
214897.0
215075.0
215253.0
215429.0
215605.0
215778.0
215956.0
216134.0
216297.0
216475.0
216653.0
216826.0
217002.0
217180.0
217335.0
217509.0
217683.0
217859.0
218030.0
218203.0
218381.0
218559.0
218737.0
218915.0
219093.0
219267.0
219445.0
219615.0
219791.0
219969.0
220147.0
220325.0
220503.0
220676.0
220854.0
221030.0
221208.0
221381.0
221559.0
221731.0
221907.0
222083.0
222259.0
222437.0
222603.0
222781.0
222953.0
223127.0
223305.0
223483.0
223661.0
223839.0
224017.0
224191.0
224369.0
224547.0
224725.0
224896.0
225074.0
225252.0
225430.0
225608.0
225784.0
225958.0
226134.0
226312.0
226490.0
226668.0
226844.0
227022.0
227200.0
227378.0
227554.0
227732.0
227910.0
228086.0
228259.0
228437.0
228610.0
