a = 0.2
g = 0.2
e = 0.5
random initial weights = false

-339.0
-1371.0
-2529.0
-3250.0
-4004.0
-4744.0
-5360.0
-6097.0
-6570.0
-7073.0
-7571.0
-8533.0
-9067.0
-9746.0
-10805.0
-11285.0
-11903.0
-12362.0
-12975.0
-13707.0
-14259.0
-14750.0
-15257.0
-15834.0
-16302.0
-16759.0
-17228.0
-17886.0
-18348.0
-18898.0
-19411.0
-19905.0
-20622.0
-21131.0
-21581.0
-22144.0
-22354.0
-22289.0
-22743.0
-23411.0
-23878.0
-24395.0
-24839.0
-25488.0
-26052.0
-26518.0
-27018.0
-27483.0
-27937.0
-28380.0
-28871.0
-29487.0
-30064.0
-29985.0
-30421.0
-30893.0
-31420.0
-31872.0
-32295.0
-32866.0
-33300.0
-33753.0
-34240.0
-34695.0
-35237.0
-35777.0
-36233.0
-36785.0
-37311.0
-37773.0
-38226.0
-38804.0
-39228.0
-39751.0
-40198.0
-40651.0
-41091.0
-41579.0
-42043.0
-42572.0
-43032.0
-43472.0
-44058.0
-44534.0
-44999.0
-45463.0
-45322.0
-45746.0
-46182.0
-46634.0
-47086.0
-47579.0
-48080.0
-48568.0
-49060.0
-49525.0
-49957.0
-50388.0
-50900.0
-51354.0
-51865.0
-52325.0
-52760.0
-52631.0
-53124.0
-53588.0
-54014.0
-54441.0
-54992.0
-55424.0
-55900.0
-56318.0
-56742.0
-57221.0
-57702.0
-58181.0
-58639.0
-59089.0
-59553.0
-59473.0
-59366.0
-59262.0
-59141.0
-59579.0
-60011.0
-60435.0
-60952.0
-60824.0
-60685.0
-60601.0
-61035.0
-61615.0
-62057.0
-62507.0
-62943.0
-63407.0
-63851.0
-64271.0
-64190.0
-64070.0
-63926.0
-63767.0
-64200.0
-64687.0
-64526.0
-64369.0
-64924.0
-65345.0
-65237.0
-65679.0
-66138.0
-66560.0
-67000.0
-67444.0
-67880.0
-68322.0
-68761.0
-69211.0
-69157.0
-69079.0
-69536.0
-69965.0
-70448.0
-70882.0
-71348.0
-71219.0
-71096.0
-70947.0
-70780.0
-70708.0
-70575.0
-70406.0
-70236.0
-70083.0
-69929.0
-70364.0
-70215.0
-70082.0
-69926.0
-69766.0
-69614.0
-69475.0
-69340.0
-69758.0
-69618.0
-70042.0
-70503.0
-70336.0
-70180.0
-70034.0
-69911.0
-69778.0
-70196.0
-70617.0
-71085.0
-70937.0
-70803.0
-70642.0
-70490.0
-70912.0
-70784.0
-70626.0
-70457.0
-70312.0
-70142.0
-70012.0
-69845.0
-69682.0
-69551.0
-69968.0
-70390.0
-70260.0
-70117.0
-69968.0
-69815.0
-69686.0
-69568.0
-69421.0
-69265.0
-69125.0
-69052.0
-68894.0
-68741.0
-68587.0
-68413.0
-68248.0
-68119.0
-67955.0
-67809.0
-67651.0
-67492.0
-67353.0
-67184.0
-67021.0
-66869.0
-66760.0
-66609.0
-66470.0
-66304.0
-66138.0
-65983.0
-65825.0
-65655.0
-65497.0
-65353.0
-65186.0
-65035.0
-64869.0
-64700.0
-64543.0
-64376.0
-64210.0
-64104.0
-63969.0
-63858.0
-63773.0
-63639.0
-63503.0
-63343.0
-63186.0
-63026.0
-62877.0
-62727.0
-62576.0
-62415.0
-62280.0
-62121.0
-61962.0
-61798.0
-61667.0
-61571.0
-61418.0
-61274.0
-61114.0
-60961.0
-60806.0
-60658.0
-60506.0
-60364.0
-60210.0
-60044.0
-59905.0
-59757.0
-59594.0
-59446.0
-59304.0
-59140.0
-58998.0
-58827.0
-58680.0
-58521.0
-58364.0
-58208.0
-58129.0
-57982.0
-57818.0
-57675.0
-57508.0
-57344.0
-57177.0
-57011.0
-56857.0
-56708.0
-56557.0
-56420.0
-56273.0
-56097.0
-55946.0
-55818.0
-55655.0
-55558.0
-55402.0
-55244.0
-55086.0
-54916.0
-54763.0
-54624.0
-54465.0
-54323.0
-54172.0
-54011.0
-53855.0
-53711.0
-53563.0
-53423.0
-53260.0
-53102.0
-52988.0
-52863.0
-52695.0
-52529.0
-52413.0
-52269.0
-52113.0
-51946.0
-51786.0
-51631.0
-51471.0
-51319.0
-51188.0
-51046.0
-50884.0
-50724.0
-50567.0
-50414.0
-50292.0
-50123.0
-49970.0
-49830.0
-49665.0
-49537.0
-49374.0
-49228.0
-49070.0
-48932.0
-48763.0
-48632.0
-48478.0
-48304.0
-48152.0
-48019.0
-47847.0
-47688.0
-47527.0
-47371.0
-47201.0
-47043.0
-46906.0
-46803.0
-46643.0
-46499.0
-46353.0
-46185.0
-46050.0
-45892.0
-45730.0
-45568.0
-45425.0
-45286.0
-45119.0
-44982.0
-44836.0
-44660.0
-44529.0
-44395.0
-44244.0
-44102.0
-43938.0
-43845.0
-43693.0
-43564.0
-43422.0
-43273.0
-43131.0
-42973.0
-42854.0
-42682.0
-42539.0
-42442.0
-42272.0
-42161.0
-41996.0
-41848.0
-41684.0
-41538.0
-41398.0
-41228.0
-41064.0
-40892.0
-40724.0
-40579.0
-40419.0
-40260.0
-40097.0
-39937.0
-39813.0
-39645.0
-39495.0
-39347.0
-39193.0
-39034.0
-38866.0
-38723.0
-38614.0
-38460.0
-38292.0
-38163.0
-37993.0
-37838.0
-37700.0
-37553.0
-37400.0
-37250.0
-37088.0
-36918.0
-36762.0
-36628.0
-36483.0
-36334.0
-36188.0
-36012.0
-35860.0
-35703.0
-35529.0
-35377.0
-35257.0
-35098.0
-34940.0
-34782.0
-34626.0
-34467.0
-34317.0
-34154.0
-33985.0
-33848.0
-33728.0
-33569.0
-33424.0
-33285.0
-33115.0
-32955.0
-32813.0
-32660.0
-32490.0
-32344.0
-32176.0
-32041.0
-31884.0
-31716.0
-31565.0
-31407.0
-31235.0
-31075.0
-30960.0
-30794.0
-30620.0
-30480.0
-30323.0
-30180.0
-30016.0
-29882.0
-29722.0
-29554.0
-29419.0
-29279.0
-29111.0
-28948.0
-28776.0
-28623.0
-28478.0
-28355.0
-28259.0
-28134.0
-27980.0
-27816.0
-27670.0
-27538.0
-27372.0
-27216.0
-27073.0
-26930.0
-26789.0
-26625.0
-26476.0
-26317.0
-26145.0
-25989.0
-25834.0
-25670.0
-25513.0
-25364.0
-25231.0
-25067.0
-24899.0
-24744.0
-24653.0
-24487.0
-24322.0
-24156.0
-24004.0
-23845.0
-23699.0
-23568.0
-23440.0
-23289.0
-23145.0
-22992.0
-22856.0
-22692.0
-22540.0
-22400.0
-22228.0
-22077.0
-21914.0
-21760.0
-21586.0
-21434.0
-21298.0
-21151.0
-20983.0
-20822.0
-20682.0
-20539.0
-20386.0
-20256.0
-20107.0
-19954.0
-19803.0
-19629.0
-19475.0
-19315.0
-19171.0
-19021.0
-18852.0
-18692.0
-18545.0
-18383.0
-18226.0
-18075.0
-17941.0
-17825.0
-17655.0
-17526.0
-17456.0
-17293.0
-17135.0
-16998.0
-16824.0
-16674.0
-16528.0
-16372.0
-16218.0
-16053.0
-15933.0
-15759.0
-15605.0
-15460.0
-15304.0
-15166.0
-15021.0
-14860.0
-14686.0
-14521.0
-14391.0
-14234.0
-14080.0
-13930.0
-13780.0
-13613.0
-13444.0
-13286.0
-13116.0
-12953.0
-12834.0
-12689.0
-12526.0
-12365.0
-12203.0
-12049.0
-11911.0
-11750.0
-11609.0
-11463.0
-11296.0
-11151.0
-10991.0
-10817.0
-10666.0
-10506.0
-10356.0
-10259.0
-10107.0
-9956.0
-9803.0
-9641.0
-9472.0
-9321.0
-9160.0
-9039.0
-8875.0
-8735.0
-8580.0
-8453.0
-8284.0
-8117.0
-7956.0
-7792.0
-7636.0
-7470.0
-7300.0
-7137.0
-6982.0
-6824.0
-6670.0
-6513.0
-6353.0
-6227.0
-6071.0
-5919.0
-5749.0
-5579.0
-5405.0
-5236.0
-5068.0
-4894.0
-4733.0
-4602.0
-4442.0
-4294.0
-4122.0
-3950.0
-3819.0
-3658.0
-3488.0
-3329.0
-3191.0
-3037.0
-2871.0
-2718.0
-2567.0
-2414.0
-2262.0
-2104.0
-1953.0
-1789.0
-1630.0
-1494.0
-1377.0
-1207.0
-1059.0
-951.0
-832.0
-678.0
-546.0
-378.0
-230.0
-70.0
91.0
258.0
414.0
586.0
735.0
896.0
1059.0
1221.0
1367.0
1534.0
1694.0
1835.0
1979.0
2136.0
2281.0
2445.0
2612.0
2776.0
2913.0
3079.0
3244.0
3379.0
3535.0
3696.0
3863.0
4009.0
4156.0
4322.0
4483.0
4642.0
4806.0
4971.0
5134.0
5270.0
5435.0
5589.0
5741.0
5884.0
6018.0
6169.0
6322.0
6437.0
6557.0
6707.0
6870.0
7014.0
7178.0
7328.0
7464.0
7600.0
7765.0
7921.0
8085.0
8249.0
8374.0
8523.0
8645.0
8815.0
8927.0
9073.0
9247.0
9410.0
9546.0
9708.0
9838.0
9997.0
10161.0
10329.0
10494.0
10666.0
10838.0
10976.0
11114.0
11266.0
11426.0
11574.0
11729.0
11891.0
12059.0
12215.0
12369.0
12486.0
12638.0
12789.0
12958.0
13118.0
13288.0
13415.0
13576.0
13745.0
13892.0
14047.0
14194.0
14338.0
14507.0
14659.0
14829.0
14996.0
15159.0
15313.0
15430.0
15602.0
15754.0
15890.0
16054.0
16224.0
16385.0
16529.0
16691.0
16867.0
16997.0
17166.0
17311.0
17454.0
17570.0
17723.0
17890.0
18056.0
18213.0
18351.0
18502.0
18653.0
18820.0
18975.0
19145.0
19300.0
19464.0
19618.0
19777.0
19919.0
20059.0
20213.0
20373.0
20517.0
20689.0
20848.0
21000.0
21148.0
21298.0
21445.0
21592.0
21730.0
21853.0
22029.0
22174.0
22319.0
22485.0
22597.0
22757.0
22908.0
23070.0
23227.0
23384.0
23546.0
23715.0
23860.0
24017.0
24175.0
24328.0
24478.0
24652.0
24736.0
24894.0
25055.0
25210.0
25355.0
25504.0
25659.0
25823.0
25967.0
26086.0
26225.0
26373.0
26516.0
26665.0
26814.0
26974.0
27106.0
27269.0
27406.0
27561.0
27711.0
27870.0
28028.0
28163.0
28301.0
28462.0
28630.0
28802.0
28952.0
29100.0
29270.0
29440.0
29596.0
29764.0
29912.0
30072.0
30223.0
30384.0
30534.0
30701.0
30851.0
30996.0
31115.0
31248.0
31403.0
31546.0
31704.0
31866.0
32022.0
32180.0
32345.0
32517.0
32661.0
32829.0
32997.0
33151.0
33305.0
33458.0
33617.0
33699.0
33868.0
34038.0
34182.0
34351.0
34510.0
34658.0
34800.0
34952.0
35091.0
35246.0
35372.0
35532.0
35689.0
35840.0
36003.0
36164.0
36338.0
36494.0
36646.0
36793.0
36951.0
37113.0
37276.0
37423.0
37581.0
37745.0
37912.0
38050.0
38212.0
38382.0
38530.0
38699.0
38834.0
39000.0
39168.0
39296.0
39457.0
39616.0
39717.0
39889.0
40036.0
40165.0
40327.0
40459.0
40631.0
40778.0
40931.0
41077.0
41249.0
41391.0
41540.0
41668.0
41830.0
41981.0
42131.0
42270.0
42427.0
42585.0
42747.0
42908.0
43063.0
43220.0
43375.0
43512.0
43625.0
43773.0
43937.0
44083.0
44246.0
44392.0
44566.0
44729.0
44896.0
45026.0
45113.0
45250.0
45422.0
45590.0
45731.0
45903.0
46077.0
46247.0
46403.0
46564.0
46716.0
46822.0
46975.0
47116.0
47274.0
47434.0
47584.0
47735.0
47880.0
48045.0
48188.0
48358.0
48482.0
48628.0
48794.0
48923.0
49053.0
49206.0
49347.0
49515.0
49665.0
49832.0
49980.0
50106.0
50266.0
50404.0
50578.0
50726.0
50895.0
51071.0
51216.0
51375.0
51520.0
51673.0
51830.0
51979.0
52121.0
52285.0
52444.0
52606.0
52765.0
52932.0
53095.0
53264.0
53428.0
53576.0
53724.0
53873.0
54006.0
54164.0
54336.0
54489.0
54651.0
54770.0
54926.0
55064.0
55229.0
55372.0
55530.0
55700.0
55862.0
56016.0
56168.0
56325.0
56474.0
56619.0
56775.0
56941.0
57095.0
57234.0
57396.0
57565.0
57723.0
57878.0
58016.0
58166.0
58318.0
58464.0
58604.0
58770.0
58937.0
59102.0
59244.0
59391.0
59539.0
59671.0
59827.0
59946.0
60115.0
60266.0
60377.0
60517.0
60687.0
60857.0
61020.0
61168.0
61306.0
61470.0
61642.0
61812.0
61966.0
62129.0
62290.0
62464.0
62625.0
62769.0
62920.0
63083.0
63249.0
63354.0
63508.0
63664.0
63827.0
63977.0
64142.0
64313.0
64373.0
64527.0
64681.0
64800.0
64951.0
65075.0
65175.0
65331.0
65461.0
65631.0
65796.0
65962.0
66111.0
66239.0
66398.0
66540.0
66698.0
66863.0
66998.0
67162.0
67323.0
67466.0
67603.0
67762.0
67919.0
68045.0
68192.0
68342.0
68511.0
68651.0
68825.0
68999.0
69164.0
69326.0
69490.0
69651.0
69801.0
69963.0
70129.0
70294.0
70448.0
70618.0
70776.0
70913.0
71040.0
71204.0
71378.0
71523.0
71688.0
71838.0
71988.0
72137.0
72262.0
72418.0
72560.0
72712.0
72853.0
73014.0
73168.0
73330.0
73489.0
73626.0
73791.0
73956.0
74106.0
74256.0
74408.0
74576.0
74735.0
74884.0
75043.0
75160.0
75314.0
75478.0
75641.0
75786.0
75886.0
76046.0
76208.0
76339.0
76496.0
76650.0
76826.0
76959.0
77118.0
77264.0
77434.0
77580.0
77730.0
77882.0
78021.0
78137.0
78295.0
78447.0
78608.0
78767.0
78932.0
79089.0
79245.0
79404.0
79552.0
79714.0
79871.0
80043.0
80185.0
80359.0
80528.0
80691.0
80854.0
81009.0
81163.0
81307.0
81457.0
81622.0
81732.0
81877.0
82043.0
82213.0
82383.0
82531.0
82697.0
82860.0
83026.0
83188.0
83343.0
83499.0
83671.0
83789.0
83929.0
84094.0
84260.0
84380.0
84519.0
84683.0
84839.0
84985.0
85155.0
85296.0
85460.0
85609.0
85759.0
85931.0
86084.0
86241.0
86399.0
86545.0
86694.0
86847.0
87006.0
87178.0
87327.0
87485.0
87633.0
87792.0
87938.0
88085.0
88238.0
88394.0
88514.0
88673.0
88836.0
89002.0
89154.0
89315.0
89479.0
89639.0
89795.0
89963.0
90127.0
90275.0
90441.0
90594.0
90724.0
90889.0
91040.0
91178.0
91319.0
91477.0
91638.0
91805.0
91959.0
92107.0
92216.0
92384.0
92549.0
92696.0
92862.0
93006.0
93172.0
93343.0
93477.0
93631.0
93773.0
93930.0
94100.0
94234.0
94387.0
94522.0
94660.0
94814.0
94976.0
95109.0
95264.0
95416.0
95523.0
95695.0
95859.0
96000.0
96157.0
96313.0
96470.0
96624.0
96724.0
96873.0
97042.0
97212.0
97362.0
97526.0
97672.0
97835.0
97979.0
98148.0
98309.0
98465.0
98624.0
98778.0
98942.0
99073.0
99186.0
99355.0
99513.0
99630.0
99795.0
99952.0
100086.0
100248.0
100386.0
100517.0
100639.0
100809.0
100946.0
101113.0
101258.0
101422.0
101560.0
101718.0
101876.0
102032.0
102172.0
102293.0
102461.0
102617.0
102780.0
102948.0
103098.0
103243.0
103410.0
103575.0
103734.0
103880.0
103975.0
104135.0
104290.0
104428.0
104594.0
104748.0
104904.0
105063.0
105233.0
105390.0
105535.0
105685.0
105855.0
106029.0
106203.0
106353.0
106522.0
106658.0
106818.0
106992.0
107161.0
107308.0
107462.0
107599.0
107746.0
107909.0
108053.0
108213.0
108352.0
108487.0
108643.0
108806.0
108968.0
109097.0
109260.0
109391.0
109532.0
109651.0
109801.0
109938.0
110077.0
110230.0
110388.0
110530.0
110676.0
110841.0
111009.0
111170.0
111334.0
111485.0
111632.0
111768.0
111912.0
112053.0
112216.0
112349.0
112497.0
112634.0
112780.0
112941.0
113099.0
113257.0
113394.0
113568.0
113724.0
113829.0
113994.0
114163.0
114301.0
114443.0
114571.0
114725.0
114869.0
115027.0
115201.0
115357.0
115489.0
115655.0
115810.0
115966.0
116115.0
116228.0
116357.0
116510.0
116679.0
116843.0
116992.0
117164.0
117300.0
117469.0
117625.0
117797.0
117965.0
118111.0
118265.0
118425.0
118586.0
118737.0
118890.0
119036.0
119181.0
119331.0
119498.0
119655.0
119817.0
119951.0
120097.0
120253.0
120405.0
120562.0
120726.0
120871.0
121007.0
121165.0
121329.0
121494.0
121657.0
121825.0
121976.0
122144.0
122306.0
122464.0
122616.0
122770.0
122924.0
123043.0
123160.0
123317.0
123458.0
123582.0
123735.0
123900.0
124053.0
124186.0
124360.0
124516.0
124683.0
124839.0
125001.0
125150.0
125311.0
125461.0
