a = 0.2
g = 0.5
e = 0.3
random initial weights = false

-2901.0
-3598.0
-4280.0
-4785.0
-7500.0
-8034.0
-8794.0
-9237.0
-9867.0
-10477.0
-11021.0
-11477.0
-11957.0
-12490.0
-13073.0
-13676.0
-14154.0
-14817.0
-15251.0
-15157.0
-15586.0
-16129.0
-16555.0
-17052.0
-17473.0
-17970.0
-18450.0
-18932.0
-19470.0
-19919.0
-20415.0
-20853.0
-21349.0
-21796.0
-22336.0
-22758.0
-23220.0
-23727.0
-24165.0
-24668.0
-25098.0
-25603.0
-25540.0
-25960.0
-26395.0
-26818.0
-27297.0
-27723.0
-28174.0
-28598.0
-29101.0
-29565.0
-29983.0
-30430.0
-30866.0
-30720.0
-31141.0
-31567.0
-32014.0
-32467.0
-32885.0
-33334.0
-33195.0
-33607.0
-34075.0
-34516.0
-34412.0
-34831.0
-34709.0
-35125.0
-35567.0
-35985.0
-36424.0
-36291.0
-36703.0
-37147.0
-36996.0
-36820.0
-36651.0
-37080.0
-37564.0
-38074.0
-38518.0
-38956.0
-39392.0
-39231.0
-39650.0
-40070.0
-40493.0
-40913.0
-41337.0
-41799.0
-42229.0
-42647.0
-43095.0
-42944.0
-42792.0
-42620.0
-42448.0
-42277.0
-42105.0
-42532.0
-42377.0
-42258.0
-42104.0
-41940.0
-42377.0
-42820.0
-42666.0
-42518.0
-42344.0
-42170.0
-41998.0
-41829.0
-41663.0
-41493.0
-41325.0
-41181.0
-41021.0
-40847.0
-40687.0
-40511.0
-40362.0
-40193.0
-40029.0
-39858.0
-39684.0
-39521.0
-39362.0
-39194.0
-39027.0
-38863.0
-38693.0
-38523.0
-38355.0
-38183.0
-38025.0
-37873.0
-37706.0
-37538.0
-37370.0
-37200.0
-37029.0
-36861.0
-36691.0
-36539.0
-36370.0
-36202.0
-36056.0
-35889.0
-35722.0
-35552.0
-35399.0
-35237.0
-35070.0
-34896.0
-34731.0
-34555.0
-34393.0
-34230.0
-34066.0
-33892.0
-33749.0
-33583.0
-33427.0
-33260.0
-33101.0
-32929.0
-32768.0
-32611.0
-32458.0
-32287.0
-32115.0
-31958.0
-31788.0
-31614.0
-31446.0
-31278.0
-31106.0
-30936.0
-30762.0
-30601.0
-30427.0
-30253.0
-30081.0
-29928.0
-29754.0
-29582.0
-29427.0
-29265.0
-29091.0
-28919.0
-28743.0
-28573.0
-28407.0
-28239.0
-28063.0
-27897.0
-27736.0
-27568.0
-27402.0
-27234.0
-27058.0
-26920.0
-26758.0
-26598.0
-26436.0
-26277.0
-26103.0
-25938.0
-25764.0
-25613.0
-25442.0
-25293.0
-25117.0
-24949.0
-24785.0
-24620.0
-24458.0
-24291.0
-24129.0
-23957.0
-23781.0
-23613.0
-23442.0
-23268.0
-23094.0
-22922.0
-22748.0
-22574.0
-22406.0
-22259.0
-22099.0
-21923.0
-21749.0
-21573.0
-21417.0
-21241.0
-21069.0
-20897.0
-20727.0
-20558.0
-20405.0
-20237.0
-20072.0
-19896.0
-19722.0
-19565.0
-19393.0
-19219.0
-19055.0
-18881.0
-18722.0
-18551.0
-18387.0
-18224.0
-18057.0
-17900.0
-17726.0
-17563.0
-17389.0
-17215.0
-17039.0
-16869.0
-16700.0
-16524.0
-16374.0
-16206.0
-16042.0
-15868.0
-15701.0
-15530.0
-15361.0
-15191.0
-15025.0
-14903.0
-14727.0
-14553.0
-14384.0
-14217.0
-14061.0
-13889.0
-13713.0
-13563.0
-13391.0
-13232.0
-13063.0
-12889.0
-12719.0
-12554.0
-12380.0
-12214.0
-12040.0
-11870.0
-11700.0
-11528.0
-11360.0
-11191.0
-11022.0
-10848.0
-10685.0
-10517.0
-10350.0
-10184.0
-10018.0
-9851.0
-9686.0
-9516.0
-9345.0
-9173.0
-9008.0
-8832.0
-8665.0
-8506.0
-8336.0
-8167.0
-7998.0
-7833.0
-7661.0
-7490.0
-7322.0
-7148.0
-6974.0
-6826.0
-6656.0
-6484.0
-6340.0
-6174.0
-6000.0
-5833.0
-5657.0
-5490.0
-5314.0
-5151.0
-4980.0
-4820.0
-4658.0
-4486.0
-4310.0
-4143.0
-3971.0
-3797.0
-3632.0
-3463.0
-3301.0
-3129.0
-2966.0
-2798.0
-2628.0
-2454.0
-2289.0
-2120.0
-1950.0
-1774.0
-1606.0
-1432.0
-1265.0
-1095.0
-927.0
-765.0
-597.0
-423.0
-259.0
-88.0
69.0
238.0
401.0
560.0
734.0
901.0
1064.0
1229.0
1401.0
1566.0
1718.0
1882.0
2044.0
2218.0
2390.0
2554.0
2722.0
2894.0
3063.0
3218.0
3389.0
3559.0
3717.0
3887.0
4061.0
4214.0
4386.0
4558.0
4730.0
4898.0
5065.0
5241.0
5401.0
5573.0
5747.0
5921.0
6097.0
6273.0
6436.0
6606.0
6769.0
6938.0
7096.0
7266.0
7438.0
7603.0
7777.0
7935.0
8103.0
8270.0
8446.0
8612.0
8770.0
8946.0
9115.0
9282.0
9446.0
9622.0
9756.0
9928.0
10088.0
10258.0
10418.0
10562.0
10733.0
10898.0
11057.0
11231.0
11405.0
11573.0
11749.0
11923.0
12082.0
12251.0
12423.0
12580.0
12750.0
12918.0
13084.0
13242.0
13404.0
13570.0
13733.0
13909.0
14078.0
14236.0
14405.0
14562.0
14724.0
14891.0
15065.0
15237.0
15404.0
15570.0
15734.0
15897.0
16073.0
16239.0
16406.0
16571.0
16738.0
16907.0
17072.0
17237.0
17413.0
17578.0
17749.0
17925.0
18095.0
18266.0
18435.0
18594.0
18768.0
18935.0
19106.0
19278.0
19452.0
19615.0
19771.0
19939.0
20097.0
20269.0
20441.0
20617.0
20778.0
20943.0
21115.0
21284.0
21458.0
21624.0
21796.0
21968.0
22138.0
22307.0
22471.0
22645.0
22821.0
22984.0
23147.0
23323.0
23489.0
23655.0
23817.0
23993.0
24153.0
24323.0
24484.0
24645.0
24814.0
24985.0
25129.0
25298.0
25469.0
25643.0
25810.0
25984.0
26147.0
26323.0
26492.0
26660.0
26832.0
27002.0
27169.0
27339.0
27511.0
27685.0
27854.0
28020.0
28188.0
28357.0
28526.0
28702.0
28866.0
29035.0
29201.0
29377.0
29535.0
29695.0
29865.0
30041.0
30209.0
30383.0
30559.0
30730.0
30900.0
31069.0
31240.0
31409.0
31579.0
31743.0
31911.0
32081.0
32255.0
32427.0
32597.0
32766.0
32927.0
33097.0
33265.0
33424.0
33598.0
33757.0
33926.0
34085.0
34259.0
34431.0
34598.0
34755.0
34923.0
35085.0
35249.0
35416.0
35586.0
35739.0
35906.0
36072.0
36244.0
36390.0
36555.0
36731.0
36890.0
37061.0
37231.0
37391.0
37548.0
37720.0
37892.0
38061.0
38225.0
38397.0
38571.0
38743.0
38915.0
39091.0
39255.0
39425.0
39589.0
39761.0
39931.0
40103.0
40279.0
40455.0
40627.0
40797.0
40961.0
41130.0
41302.0
41473.0
41643.0
41809.0
41981.0
42157.0
42320.0
42490.0
42661.0
42826.0
42998.0
43157.0
43314.0
43479.0
43651.0
43823.0
43981.0
44151.0
44325.0
44499.0
44663.0
44834.0
45006.0
45182.0
45343.0
45519.0
45691.0
45867.0
46041.0
46217.0
46389.0
46560.0
46734.0
46899.0
47075.0
47245.0
47414.0
47582.0
47747.0
47913.0
48076.0
48232.0
48399.0
48564.0
48733.0
48905.0
49074.0
49216.0
49392.0
49556.0
49732.0
49900.0
50074.0
50248.0
50424.0
50596.0
50770.0
50939.0
51115.0
51285.0
51455.0
51617.0
51793.0
51955.0
52126.0
52302.0
52464.0
52630.0
52795.0
52971.0
53145.0
53312.0
53488.0
53657.0
53825.0
53993.0
54157.0
54328.0
54500.0
54672.0
54846.0
55012.0
55179.0
55351.0
55503.0
55673.0
55845.0
56017.0
56180.0
56349.0
56499.0
56651.0
56804.0
56980.0
57147.0
57319.0
57493.0
57656.0
57826.0
58000.0
58166.0
58340.0
58505.0
58677.0
58849.0
59025.0
59201.0
59368.0
59542.0
59716.0
59873.0
60040.0
60208.0
60368.0
60534.0
60697.0
60862.0
61030.0
61202.0
61378.0
61532.0
61704.0
61860.0
62034.0
62199.0
62355.0
62511.0
62687.0
62861.0
63029.0
63191.0
63358.0
63524.0
63693.0
63857.0
64029.0
64189.0
64365.0
64539.0
64713.0
64883.0
65059.0
65235.0
65397.0
65563.0
65733.0
65904.0
66075.0
66249.0
66398.0
66572.0
66744.0
66907.0
67077.0
67248.0
67418.0
67572.0
67736.0
67901.0
68066.0
68228.0
68394.0
68558.0
68721.0
68892.0
69052.0
69222.0
69387.0
69544.0
69714.0
69884.0
70049.0
70217.0
70384.0
70556.0
70711.0
70883.0
71057.0
71225.0
71394.0
71552.0
71717.0
71893.0
72065.0
72235.0
72401.0
72573.0
72739.0
72915.0
73087.0
73255.0
73424.0
73591.0
73765.0
73927.0
74096.0
74259.0
74433.0
74587.0
74757.0
74925.0
75087.0
75247.0
75421.0
75587.0
75759.0
75922.0
76098.0
76255.0
76425.0
76593.0
76759.0
76925.0
77096.0
77251.0
77412.0
77572.0
77732.0
77896.0
78066.0
78232.0
78396.0
78556.0
78723.0
78893.0
79052.0
79219.0
79393.0
79561.0
79729.0
79895.0
80058.0
80230.0
80390.0
80564.0
80728.0
80904.0
81074.0
81242.0
81416.0
81588.0
81751.0
81910.0
82084.0
82256.0
82430.0
82606.0
82776.0
82946.0
83113.0
83287.0
83453.0
83620.0
83790.0
83966.0
84140.0
84294.0
84464.0
84616.0
84781.0
84957.0
85125.0
85293.0
85461.0
85635.0
85803.0
85968.0
86135.0
86304.0
86466.0
86628.0
86798.0
86970.0
87144.0
87312.0
87480.0
87652.0
87821.0
87991.0
88158.0
88311.0
88485.0
88659.0
88835.0
88985.0
89148.0
89324.0
89491.0
89652.0
89821.0
89990.0
90157.0
90331.0
90497.0
90663.0
90805.0
90975.0
91151.0
91323.0
91490.0
91646.0
91820.0
91996.0
92157.0
92329.0
92485.0
92648.0
92813.0
92981.0
93157.0
93327.0
93499.0
93673.0
93813.0
93982.0
94144.0
94295.0
94457.0
94627.0
94793.0
94960.0
95134.0
95299.0
95459.0
95635.0
95793.0
95955.0
96127.0
96278.0
96452.0
96617.0
96778.0
96944.0
97105.0
97274.0
97436.0
97603.0
97766.0
97914.0
98088.0
98258.0
98422.0
98590.0
98760.0
98929.0
99101.0
99277.0
99451.0
99621.0
99784.0
99956.0
100125.0
100295.0
100465.0
100641.0
100806.0
100971.0
101141.0
101305.0
101477.0
101638.0
101814.0
101988.0
102162.0
102336.0
102504.0
102680.0
102856.0
103024.0
103185.0
103354.0
103519.0
103678.0
103845.0
104013.0
104180.0
104351.0
104514.0
104686.0
104852.0
105026.0
105200.0
105365.0
105537.0
105702.0
105874.0
106039.0
106204.0
106365.0
106534.0
106708.0
106880.0
107051.0
107222.0
107394.0
107568.0
107744.0
107916.0
108088.0
108256.0
108396.0
108563.0
108726.0
108892.0
109061.0
109223.0
109375.0
109530.0
109701.0
109863.0
110032.0
110187.0
110359.0
110518.0
110681.0
110848.0
111012.0
111178.0
111350.0
111515.0
111682.0
111858.0
112018.0
112194.0
112353.0
112520.0
112653.0
112827.0
112991.0
113167.0
113322.0
113483.0
113655.0
113814.0
113984.0
114154.0
114307.0
114477.0
114632.0
114804.0
114973.0
115136.0
115295.0
115465.0
115632.0
115800.0
115965.0
116134.0
116304.0
116469.0
116626.0
116779.0
116945.0
117111.0
117277.0
117431.0
117605.0
117774.0
117938.0
118099.0
118261.0
118408.0
118566.0
118727.0
118898.0
119068.0
119235.0
119407.0
119581.0
119753.0
119912.0
120080.0
120246.0
120410.0
120575.0
120743.0
120911.0
121072.0
121216.0
121384.0
121550.0
121726.0
121898.0
122061.0
122233.0
122404.0
122571.0
122732.0
122904.0
123070.0
123232.0
123404.0
123566.0
123722.0
123898.0
124070.0
124232.0
124406.0
124578.0
124748.0
124906.0
125076.0
125243.0
125412.0
125586.0
125756.0
125924.0
126093.0
126265.0
126437.0
126613.0
126764.0
126934.0
127106.0
127274.0
127446.0
127615.0
127787.0
127957.0
128125.0
128286.0
128452.0
128615.0
128780.0
128952.0
129112.0
129282.0
129444.0
129614.0
129783.0
129953.0
130127.0
130303.0
130471.0
130647.0
130823.0
130999.0
131169.0
131339.0
131509.0
131679.0
131851.0
132002.0
132173.0
132339.0
132515.0
132682.0
132846.0
133013.0
133176.0
133348.0
133510.0
133686.0
133827.0
133988.0
134158.0
134334.0
134495.0
134666.0
134814.0
134988.0
135153.0
135318.0
135487.0
135659.0
135818.0
135989.0
136148.0
136322.0
136494.0
136670.0
136836.0
137010.0
137180.0
137346.0
137503.0
137669.0
137843.0
138015.0
138176.0
138350.0
138509.0
138678.0
138850.0
139012.0
139175.0
139332.0
139504.0
139664.0
139838.0
140006.0
140168.0
140337.0
140509.0
140685.0
140857.0
141025.0
141189.0
141351.0
141515.0
141679.0
141839.0
142000.0
142166.0
142338.0
142507.0
142678.0
142840.0
143003.0
143179.0
143346.0
143522.0
143690.0
143864.0
144036.0
144201.0
144368.0
144533.0
144707.0
144879.0
145044.0
145200.0
145372.0
145537.0
145711.0
145883.0
146050.0
146218.0
146383.0
146557.0
146717.0
146866.0
147040.0
147195.0
147353.0
147493.0
147643.0
147809.0
147983.0
148159.0
148333.0
148509.0
148683.0
148844.0
149004.0
149178.0
149350.0
149517.0
149676.0
149846.0
150018.0
150188.0
150359.0
150521.0
150680.0
150854.0
151024.0
151192.0
151362.0
151528.0
151693.0
151865.0
152030.0
152204.0
152367.0
152535.0
152701.0
152875.0
153051.0
153219.0
153391.0
153557.0
153708.0
153861.0
154033.0
154198.0
154372.0
154533.0
154707.0
154881.0
155055.0
155222.0
155389.0
155559.0
155735.0
155911.0
156083.0
156207.0
156379.0
156546.0
156701.0
156866.0
157031.0
157196.0
157365.0
157515.0
157689.0
157847.0
158012.0
158175.0
158351.0
158519.0
158688.0
158856.0
159023.0
159191.0
159363.0
159537.0
159709.0
159880.0
160052.0
160226.0
160383.0
160553.0
160727.0
160903.0
161070.0
161244.0
161416.0
161590.0
161764.0
161926.0
162100.0
162265.0
162433.0
162593.0
162764.0
162907.0
163083.0
163245.0
163421.0
163597.0
163762.0
163923.0
164091.0
164267.0
164427.0
164574.0
164743.0
164913.0
165087.0
165246.0
165416.0
165579.0
165751.0
165921.0
166095.0
166261.0
166424.0
166583.0
166759.0
166931.0
167091.0
167260.0
167425.0
167599.0
167764.0
167926.0
168100.0
168268.0
168444.0
168614.0
168784.0
168940.0
169114.0
169285.0
169453.0
169622.0
169767.0
169941.0
170113.0
170277.0
170451.0
170627.0
170801.0
170971.0
171139.0
171309.0
171485.0
171640.0
171814.0
171977.0
172149.0
172325.0
172497.0
172665.0
172834.0
173005.0
173173.0
173349.0
173521.0
173691.0
173856.0
174015.0
174182.0
174350.0
174524.0
174689.0
174842.0
175018.0
175190.0
175357.0
175518.0
175692.0
175868.0
176030.0
176192.0
176366.0
176532.0
176708.0
176878.0
177054.0
177216.0
177392.0
177557.0
177731.0
177869.0
178036.0
178198.0
178369.0
178543.0
178717.0
178867.0
179036.0
179201.0
179373.0
179543.0
179714.0
179886.0
180045.0
180204.0
180366.0
180540.0
180702.0
180870.0
181007.0
181170.0
181344.0
181518.0
181690.0
181846.0
182016.0
182183.0
182355.0
182509.0
182677.0
182849.0
183018.0
183174.0
183338.0
183514.0
183684.0
183860.0
184024.0
184196.0
184368.0
184537.0
184704.0
184869.0
185034.0
185204.0
185367.0
185536.0
185708.0
185879.0
186049.0
186223.0
186393.0
186552.0
186720.0
186876.0
187047.0
187209.0
187383.0
187553.0
187716.0
187885.0
188045.0
188217.0
188387.0
188553.0
188721.0
188888.0
189052.0
189218.0
189387.0
189550.0
189724.0
189885.0
190051.0
