a = 0.8
g = 0.2
e = 0.3
random initial weights = false

-2628.0
-5089.0
-5716.0
-6347.0
-7012.0
-7532.0
-7967.0
-8421.0
-8939.0
-9488.0
-9932.0
-10379.0
-10830.0
-11252.0
-11705.0
-12181.0
-12625.0
-13053.0
-13483.0
-13901.0
-14314.0
-14731.0
-15159.0
-15607.0
-16060.0
-16496.0
-16346.0
-16170.0
-16583.0
-17010.0
-16886.0
-16719.0
-16545.0
-16391.0
-16215.0
-16043.0
-15869.0
-15698.0
-15524.0
-15937.0
-15778.0
-15616.0
-16034.0
-15865.0
-16287.0
-16125.0
-15949.0
-15775.0
-15597.0
-16013.0
-16430.0
-16280.0
-16119.0
-15941.0
-15763.0
-15602.0
-15457.0
-15287.0
-15115.0
-14942.0
-14766.0
-14593.0
-14417.0
-14250.0
-14072.0
-13894.0
-13725.0
-13563.0
-13405.0
-13235.0
-13068.0
-12899.0
-12723.0
-12563.0
-12389.0
-12215.0
-12039.0
-11867.0
-11694.0
-11523.0
-11347.0
-11169.0
-11000.0
-10834.0
-10682.0
-10506.0
-10335.0
-10157.0
-9989.0
-9829.0
-9657.0
-9481.0
-9303.0
-9133.0
-8963.0
-8794.0
-8634.0
-8456.0
-8282.0
-8110.0
-7951.0
-7778.0
-7604.0
-7428.0
-7260.0
-7082.0
-6908.0
-6746.0
-6585.0
-6415.0
-6245.0
-6090.0
-5923.0
-5761.0
-5592.0
-5418.0
-5247.0
-5078.0
-4908.0
-4734.0
-4563.0
-4395.0
-4232.0
-4062.0
-3895.0
-3724.0
-3553.0
-3384.0
-3208.0
-3046.0
-2868.0
-2706.0
-2548.0
-2377.0
-2201.0
-2027.0
-1865.0
-1707.0
-1546.0
-1376.0
-1211.0
-1039.0
-870.0
-702.0
-539.0
-377.0
-206.0
-47.0
131.0
307.0
479.0
655.0
827.0
995.0
1171.0
1331.0
1504.0
1675.0
1844.0
1991.0
2152.0
2326.0
2504.0
2674.0
2831.0
2991.0
3169.0
3347.0
3516.0
3692.0
3868.0
4044.0
4200.0
4368.0
4533.0
4701.0
4877.0
5043.0
5221.0
5362.0
5525.0
5689.0
5846.0
6020.0
6177.0
6351.0
6521.0
6690.0
6858.0
7036.0
7206.0
7384.0
7556.0
7732.0
7900.0
8065.0
8238.0
8407.0
8585.0
8753.0
8920.0
9087.0
9261.0
9430.0
9602.0
9776.0
9941.0
10117.0
10291.0
10437.0
10607.0
10769.0
10936.0
11103.0
11272.0
11448.0
11624.0
11800.0
11974.0
12139.0
12311.0
12485.0
12650.0
12824.0
12989.0
13165.0
13330.0
13508.0
13672.0
13845.0
14023.0
14186.0
14357.0
14533.0
14707.0
14878.0
15056.0
15227.0
15397.0
15566.0
15728.0
15906.0
16084.0
16258.0
16432.0
16603.0
16777.0
16951.0
17125.0
17303.0
17428.0
17601.0
17773.0
17931.0
18103.0
18276.0
18445.0
18614.0
18788.0
18957.0
19123.0
19295.0
19469.0
19631.0
19798.0
19955.0
20129.0
20288.0
20466.0
20644.0
20822.0
20994.0
21149.0
21313.0
21486.0
21660.0
21830.0
21997.0
22157.0
22331.0
22500.0
22665.0
22835.0
23011.0
23164.0
23306.0
23473.0
23647.0
23815.0
23987.0
24165.0
24338.0
24510.0
24681.0
24843.0
25013.0
25181.0
25357.0
25526.0
25702.0
25880.0
26051.0
26225.0
26401.0
26557.0
26723.0
26899.0
27063.0
27227.0
27398.0
27572.0
27745.0
27921.0
28090.0
28257.0
28435.0
28611.0
28783.0
28956.0
29128.0
29306.0
29478.0
29650.0
29828.0
29983.0
30154.0
30324.0
30502.0
30676.0
30845.0
31015.0
31178.0
31344.0
31507.0
31683.0
31859.0
32019.0
32191.0
32361.0
32530.0
32706.0
32877.0
33035.0
33208.0
33378.0
33551.0
33705.0
33871.0
34047.0
34213.0
34387.0
34535.0
34711.0
34889.0
35056.0
35232.0
35393.0
35569.0
35740.0
35907.0
36085.0
36254.0
36423.0
36601.0
36773.0
36944.0
37120.0
37296.0
37450.0
37622.0
37791.0
37969.0
38143.0
38314.0
38482.0
38656.0
38828.0
38986.0
39151.0
39316.0
39483.0
39645.0
39813.0
39985.0
40163.0
40337.0
40513.0
40689.0
40861.0
41032.0
41199.0
41375.0
41549.0
41714.0
41885.0
42059.0
42227.0
42403.0
42567.0
42708.0
42870.0
43042.0
43208.0
43381.0
43557.0
43729.0
43900.0
44069.0
44247.0
44414.0
44584.0
44762.0
44940.0
45112.0
45267.0
45429.0
45595.0
45769.0
45945.0
46101.0
46275.0
46440.0
46614.0
46788.0
46964.0
47138.0
47308.0
47478.0
47647.0
47816.0
47992.0
48158.0
48327.0
48491.0
48657.0
48806.0
48982.0
49142.0
49309.0
49482.0
49656.0
49828.0
49993.0
50167.0
50343.0
50506.0
50676.0
50852.0
51005.0
51178.0
51342.0
51514.0
51685.0
51859.0
52037.0
52204.0
52366.0
52532.0
52710.0
52886.0
53056.0
53227.0
53390.0
53541.0
53689.0
53861.0
54032.0
54204.0
54382.0
54546.0
54722.0
54898.0
55074.0
55248.0
55426.0
55599.0
55764.0
55929.0
56092.0
56268.0
56437.0
56603.0
56781.0
56954.0
57130.0
57304.0
57480.0
57642.0
57816.0
57994.0
58172.0
58346.0
58516.0
58692.0
58862.0
59038.0
59210.0
59379.0
59557.0
59735.0
59913.0
60081.0
60255.0
60418.0
60579.0
60737.0
60910.0
61082.0
61252.0
61419.0
61593.0
61742.0
61916.0
62094.0
62264.0
62438.0
62601.0
62775.0
62938.0
63112.0
63280.0
63454.0
63618.0
63785.0
63961.0
64137.0
64298.0
64474.0
64652.0
64820.0
64996.0
65170.0
65303.0
65475.0
65646.0
65820.0
65987.0
66156.0
66330.0
66508.0
66677.0
66835.0
67002.0
67162.0
67326.0
67502.0
67675.0
67847.0
68016.0
68186.0
68356.0
68521.0
68699.0
68868.0
69036.0
69208.0
69384.0
69549.0
69722.0
69898.0
70058.0
70234.0
70405.0
70574.0
70748.0
70922.0
71098.0
71257.0
71435.0
71606.0
71774.0
71948.0
72115.0
72288.0
72462.0
72638.0
72812.0
72973.0
73147.0
73325.0
73495.0
73665.0
73837.0
74004.0
74168.0
74346.0
74522.0
74698.0
74874.0
75040.0
75211.0
75387.0
75558.0
75728.0
75890.0
76068.0
76221.0
76386.0
76558.0
76734.0
76899.0
77053.0
77227.0
77403.0
77565.0
77741.0
77919.0
78086.0
78252.0
78426.0
78590.0
78764.0
78936.0
79103.0
79273.0
79445.0
79613.0
79781.0
79959.0
80137.0
80311.0
80489.0
80656.0
80834.0
81006.0
81178.0
81327.0
81496.0
81658.0
81826.0
82004.0
82173.0
82337.0
82499.0
82675.0
82847.0
83025.0
83199.0
83377.0
83551.0
83710.0
83876.0
84054.0
84224.0
84400.0
84563.0
84722.0
84883.0
85056.0
85232.0
85408.0
85576.0
85752.0
85919.0
86097.0
86262.0
86424.0
86591.0
86767.0
86939.0
87102.0
87276.0
87454.0
87619.0
87792.0
87963.0
88135.0
88309.0
88476.0
88648.0
88816.0
88988.0
89153.0
89314.0
89481.0
89654.0
89830.0
90003.0
90177.0
90338.0
90514.0
90692.0
90870.0
91046.0
91218.0
91387.0
91559.0
91719.0
91889.0
92054.0
92228.0
92402.0
92578.0
92750.0
92919.0
93083.0
93261.0
93419.0
93595.0
93757.0
93933.0
94105.0
94279.0
94435.0
94609.0
94781.0
94959.0
95133.0
95309.0
95469.0
95643.0
95819.0
95986.0
96158.0
96301.0
96470.0
96641.0
96804.0
96962.0
97136.0
97296.0
97474.0
97622.0
97790.0
97966.0
98136.0
98310.0
98479.0
98653.0
98824.0
98995.0
99165.0
99334.0
99499.0
99670.0
99830.0
99999.0
100158.0
100324.0
100500.0
100664.0
100830.0
100995.0
101165.0
101338.0
101512.0
101684.0
101860.0
102032.0
102201.0
102375.0
102553.0
102731.0
102905.0
103081.0
103254.0
103432.0
103604.0
103768.0
103944.0
104092.0
104268.0
104440.0
104601.0
104775.0
104951.0
105127.0
105294.0
105470.0
105644.0
105818.0
105989.0
106158.0
106332.0
106502.0
106675.0
106840.0
107012.0
107178.0
107351.0
107523.0
107701.0
107877.0
108039.0
108213.0
108373.0
108547.0
108723.0
108901.0
109069.0
109227.0
109393.0
109567.0
109714.0
109886.0
110048.0
110224.0
110392.0
110564.0
110740.0
110918.0
111096.0
111268.0
111441.0
111617.0
111791.0
111957.0
112133.0
112304.0
112480.0
112644.0
112812.0
112975.0
113151.0
113318.0
113476.0
113650.0
113826.0
114002.0
114169.0
114338.0
114507.0
114668.0
114844.0
115022.0
115190.0
115353.0
115520.0
115696.0
115872.0
116045.0
116210.0
116386.0
116562.0
116734.0
116908.0
117058.0
117234.0
117408.0
117577.0
117739.0
117915.0
118091.0
118258.0
118429.0
118584.0
118756.0
118932.0
119108.0
119278.0
119444.0
119620.0
119785.0
119959.0
120130.0
120290.0
120466.0
120636.0
120801.0
120979.0
121147.0
121321.0
121493.0
121671.0
121837.0
121992.0
122156.0
122311.0
122477.0
122645.0
122819.0
122990.0
123159.0
123321.0
123497.0
123659.0
123822.0
123994.0
124150.0
124313.0
124482.0
124650.0
124812.0
124990.0
125161.0
125333.0
125504.0
125677.0
125846.0
126001.0
126172.0
126346.0
126517.0
126686.0
126862.0
127035.0
127202.0
127371.0
127537.0
127706.0
127884.0
128043.0
128209.0
128381.0
128549.0
128709.0
128881.0
129048.0
129220.0
129396.0
129534.0
129708.0
129871.0
130035.0
130207.0
130373.0
130525.0
130699.0
130861.0
131031.0
131207.0
131385.0
131563.0
131741.0
131915.0
132083.0
132261.0
132425.0
132594.0
132760.0
132932.0
133099.0
133266.0
133425.0
133586.0
133755.0
133931.0
134107.0
134281.0
134442.0
134620.0
134794.0
134958.0
135136.0
135289.0
135455.0
135624.0
135794.0
135967.0
136137.0
136302.0
136480.0
136648.0
136820.0
136996.0
137155.0
137326.0
137502.0
137669.0
137847.0
138018.0
138168.0
138340.0
138505.0
138675.0
138851.0
139023.0
139199.0
139369.0
139534.0
139699.0
139868.0
140042.0
140204.0
140378.0
140552.0
140719.0
140895.0
141069.0
141247.0
141408.0
141567.0
141741.0
141917.0
142082.0
142260.0
142428.0
142604.0
142776.0
142941.0
143108.0
143284.0
143462.0
143634.0
143804.0
143971.0
144142.0
144309.0
144479.0
144645.0
144809.0
144987.0
145159.0
145335.0
145504.0
145678.0
145848.0
146011.0
146179.0
146343.0
146521.0
146672.0
146850.0
147024.0
147197.0
147366.0
147533.0
147711.0
147881.0
148055.0
148231.0
148404.0
148569.0
148734.0
148901.0
149068.0
149238.0
149395.0
149545.0
149721.0
149892.0
150060.0
150232.0
150400.0
150562.0
150733.0
150894.0
151058.0
151234.0
151408.0
151582.0
151750.0
151926.0
152088.0
152243.0
152407.0
152578.0
152748.0
152920.0
153094.0
153257.0
153411.0
153585.0
153753.0
153914.0
154081.0
154244.0
154416.0
154579.0
154743.0
154896.0
155074.0
155245.0
155421.0
155582.0
155754.0
155924.0
156087.0
156258.0
156422.0
156593.0
156759.0
156935.0
157108.0
157271.0
157449.0
157623.0
157801.0
157968.0
158139.0
158312.0
158477.0
158646.0
158824.0
158993.0
159165.0
159334.0
159499.0
159668.0
159829.0
160007.0
160174.0
160337.0
160503.0
160677.0
160853.0
161012.0
161186.0
161355.0
161529.0
161705.0
161850.0
162024.0
162197.0
162371.0
162534.0
162706.0
162882.0
163058.0
163228.0
163404.0
163574.0
163743.0
163917.0
164093.0
164269.0
164442.0
164603.0
164779.0
164944.0
165120.0
165296.0
165474.0
165643.0
165819.0
165980.0
166154.0
166325.0
166501.0
166677.0
166848.0
167011.0
167172.0
167340.0
167510.0
167686.0
167853.0
168012.0
168186.0
168355.0
168529.0
168692.0
168868.0
169036.0
169195.0
169371.0
169543.0
169717.0
169889.0
170067.0
170245.0
170406.0
170571.0
170747.0
170917.0
171093.0
171269.0
171436.0
171612.0
171788.0
171966.0
172144.0
172317.0
172490.0
172668.0
172842.0
172989.0
173165.0
173338.0
173516.0
173682.0
173852.0
174028.0
174196.0
174361.0
174530.0
174694.0
174870.0
175048.0
175226.0
175404.0
175571.0
175745.0
175912.0
176080.0
176245.0
176413.0
176586.0
176748.0
176918.0
177092.0
177263.0
177432.0
177608.0
177767.0
177929.0
178097.0
178261.0
178435.0
178609.0
178779.0
178949.0
179119.0
179287.0
179461.0
179632.0
179806.0
179978.0
180128.0
180292.0
180458.0
180634.0
180797.0
180968.0
181136.0
181308.0
181480.0
181658.0
181827.0
181999.0
182175.0
182342.0
182512.0
182686.0
182851.0
183025.0
183198.0
183355.0
183527.0
183700.0
183865.0
184037.0
184210.0
184382.0
184556.0
184719.0
184895.0
185069.0
185243.0
185419.0
185586.0
185758.0
185932.0
186108.0
186267.0
186434.0
186601.0
186768.0
186935.0
187103.0
187281.0
187439.0
187609.0
187785.0
187955.0
188126.0
188290.0
188459.0
188635.0
188807.0
188981.0
189157.0
189333.0
189495.0
189666.0
189833.0
190007.0
190179.0
190343.0
190508.0
190686.0
190853.0
191024.0
191196.0
191374.0
191537.0
191710.0
191888.0
192056.0
192220.0
192381.0
192528.0
192693.0
192869.0
193038.0
193210.0
193374.0
193547.0
193715.0
193873.0
194038.0
194206.0
194364.0
194540.0
194714.0
194884.0
195058.0
195236.0
195393.0
195571.0
195741.0
195904.0
196066.0
196228.0
196388.0
196545.0
196718.0
196892.0
197059.0
197229.0
197400.0
197561.0
197728.0
197904.0
198075.0
198251.0
198425.0
198595.0
198759.0
198935.0
199100.0
199274.0
199442.0
199618.0
199794.0
199961.0
200139.0
200313.0
200485.0
200659.0
200829.0
201007.0
201180.0
201349.0
201505.0
201679.0
201839.0
202013.0
202178.0
202348.0
202521.0
202691.0
202847.0
203014.0
203160.0
203336.0
203512.0
203686.0
203857.0
204015.0
204191.0
204362.0
204535.0
204713.0
204877.0
205042.0
205214.0
205383.0
205556.0
205732.0
205876.0
206029.0
206203.0
206375.0
206551.0
206723.0
206894.0
207061.0
207232.0
207402.0
207564.0
207738.0
207916.0
208090.0
208250.0
208423.0
208576.0
208742.0
208918.0
209092.0
209266.0
209433.0
209603.0
209781.0
209957.0
210131.0
210295.0
210465.0
210631.0
210807.0
210969.0
211133.0
211302.0
211473.0
211637.0
211811.0
211981.0
212151.0
212318.0
212488.0
212655.0
212810.0
212984.0
213144.0
213306.0
213484.0
213660.0
213838.0
213993.0
214167.0
214328.0
214498.0
214670.0
214836.0
215007.0
215183.0
215348.0
215522.0
215686.0
215848.0
216007.0
216174.0
216350.0
216522.0
216692.0
216866.0
217028.0
217199.0
217377.0
217545.0
217714.0
217890.0
218062.0
218232.0
218387.0
218563.0
218732.0
218910.0
219076.0
219241.0
219411.0
219579.0
219755.0
219925.0
220096.0
220268.0
220439.0
220610.0
220783.0
220952.0
221117.0
221290.0
221466.0
221644.0
221809.0
221985.0
222161.0
222335.0
222504.0
222678.0
222844.0
223014.0
223178.0
223351.0
223517.0
223682.0
223850.0
224024.0
224200.0
224366.0
224535.0
224705.0
224881.0
225057.0
225235.0
225409.0
225558.0
225727.0
225896.0
226062.0
226231.0
226403.0
226572.0
226741.0
226907.0
227073.0
227249.0
227416.0
227581.0
227752.0
227926.0
228099.0
228277.0
228451.0
228618.0
228789.0
228955.0
229115.0
229280.0
229454.0
