a = 0.2
g = 0.5
e = 0.3
random initial weights = false

-2634.0
-3384.0
-3952.0
-4435.0
-4948.0
-5435.0
-5930.0
-6585.0
-7037.0
-7550.0
-8043.0
-10472.0
-10926.0
-11440.0
-11970.0
-12456.0
-12972.0
-13434.0
-13869.0
-14331.0
-14862.0
-15382.0
-15821.0
-16248.0
-16730.0
-17159.0
-17588.0
-18028.0
-18522.0
-18944.0
-19425.0
-19870.0
-20290.0
-20803.0
-21233.0
-21083.0
-21523.0
-21936.0
-22378.0
-22803.0
-23230.0
-23649.0
-24066.0
-24517.0
-24366.0
-24218.0
-24049.0
-23889.0
-24316.0
-24764.0
-25209.0
-25628.0
-26060.0
-26502.0
-26930.0
-27372.0
-27809.0
-27667.0
-27511.0
-27922.0
-28358.0
-28775.0
-28605.0
-29018.0
-29431.0
-29928.0
-30370.0
-30231.0
-30649.0
-31099.0
-30938.0
-30762.0
-31178.0
-31594.0
-32026.0
-32445.0
-32275.0
-32686.0
-33101.0
-32959.0
-33370.0
-33194.0
-33605.0
-34022.0
-33854.0
-34267.0
-34682.0
-35104.0
-34930.0
-34776.0
-34604.0
-34426.0
-34256.0
-34085.0
-33907.0
-34327.0
-34155.0
-33992.0
-33831.0
-33671.0
-33493.0
-33339.0
-33166.0
-32993.0
-32828.0
-32670.0
-32507.0
-32349.0
-32760.0
-32592.0
-32426.0
-32250.0
-32082.0
-31915.0
-31745.0
-31571.0
-31395.0
-31222.0
-31048.0
-30870.0
-30703.0
-30545.0
-30373.0
-30204.0
-30032.0
-29871.0
-29699.0
-29536.0
-29368.0
-29190.0
-29018.0
-28846.0
-28687.0
-28523.0
-28347.0
-28179.0
-28016.0
-27845.0
-27674.0
-27500.0
-27326.0
-27150.0
-26990.0
-26816.0
-26678.0
-26505.0
-26327.0
-26155.0
-25986.0
-25819.0
-25646.0
-25468.0
-25297.0
-25130.0
-24956.0
-24782.0
-24618.0
-24446.0
-24272.0
-24101.0
-23928.0
-23759.0
-23597.0
-23423.0
-23245.0
-23071.0
-22904.0
-22741.0
-22563.0
-22385.0
-22217.0
-22051.0
-21880.0
-21714.0
-21550.0
-21376.0
-21200.0
-21026.0
-20858.0
-20684.0
-20511.0
-20335.0
-20170.0
-19994.0
-19818.0
-19658.0
-19496.0
-19327.0
-19157.0
-18979.0
-18805.0
-18656.0
-18493.0
-18317.0
-18143.0
-17972.0
-17803.0
-17639.0
-17470.0
-17307.0
-17142.0
-16968.0
-16800.0
-16626.0
-16455.0
-16281.0
-16103.0
-15927.0
-15755.0
-15593.0
-15420.0
-15246.0
-15080.0
-14904.0
-14740.0
-14564.0
-14393.0
-14224.0
-14053.0
-13887.0
-13716.0
-13556.0
-13385.0
-13217.0
-13047.0
-12883.0
-12713.0
-12544.0
-12370.0
-12199.0
-12030.0
-11857.0
-11685.0
-11513.0
-11337.0
-11159.0
-10983.0
-10813.0
-10642.0
-10464.0
-10293.0
-10136.0
-9965.0
-9797.0
-9632.0
-9458.0
-9291.0
-9119.0
-8965.0
-8800.0
-8630.0
-8457.0
-8281.0
-8117.0
-7944.0
-7768.0
-7594.0
-7416.0
-7251.0
-7075.0
-6901.0
-6741.0
-6580.0
-6411.0
-6239.0
-6061.0
-5892.0
-5736.0
-5564.0
-5395.0
-5221.0
-5061.0
-4885.0
-4720.0
-4553.0
-4391.0
-4220.0
-4048.0
-3877.0
-3701.0
-3532.0
-3361.0
-3183.0
-3009.0
-2841.0
-2670.0
-2494.0
-2322.0
-2150.0
-1982.0
-1812.0
-1640.0
-1466.0
-1292.0
-1134.0
-960.0
-787.0
-615.0
-451.0
-279.0
-118.0
58.0
234.0
407.0
575.0
739.0
911.0
1080.0
1251.0
1408.0
1576.0
1746.0
1913.0
2087.0
2259.0
2437.0
2607.0
2780.0
2953.0
3131.0
3309.0
3476.0
3654.0
3816.0
3986.0
4156.0
4322.0
4479.0
4657.0
4829.0
5001.0
5177.0
5353.0
5524.0
5702.0
5870.0
6043.0
6202.0
6375.0
6535.0
6706.0
6875.0
7042.0
7194.0
7360.0
7536.0
7712.0
7875.0
8039.0
8206.0
8371.0
8530.0
8708.0
8875.0
9045.0
9221.0
9394.0
9567.0
9732.0
9910.0
10082.0
10224.0
10400.0
10568.0
10744.0
10920.0
11082.0
11258.0
11434.0
11610.0
11784.0
11958.0
12129.0
12299.0
12470.0
12644.0
12813.0
12984.0
13142.0
13300.0
13469.0
13647.0
13820.0
13994.0
14146.0
14320.0
14483.0
14650.0
14811.0
14974.0
15147.0
15315.0
15491.0
15662.0
15833.0
16001.0
16175.0
16353.0
16531.0
16696.0
16864.0
17031.0
17209.0
17385.0
17551.0
17719.0
17895.0
18071.0
18243.0
18417.0
18583.0
18757.0
18933.0
19100.0
19276.0
19440.0
19606.0
19780.0
19946.0
20122.0
20285.0
20459.0
20635.0
20806.0
20972.0
21148.0
21320.0
21487.0
21665.0
21841.0
22002.0
22171.0
22340.0
22512.0
22685.0
22854.0
23009.0
23185.0
23359.0
23533.0
23690.0
23864.0
24029.0
24191.0
24357.0
24531.0
24707.0
24885.0
25058.0
25215.0
25385.0
25561.0
25733.0
25897.0
26066.0
26242.0
26415.0
26589.0
26761.0
26935.0
27107.0
27281.0
27453.0
27606.0
27775.0
27943.0
28119.0
28291.0
28464.0
28635.0
28780.0
28958.0
29123.0
29292.0
29463.0
29637.0
29800.0
29976.0
30144.0
30320.0
30482.0
30660.0
30827.0
30996.0
31168.0
31332.0
31503.0
31672.0
31850.0
32028.0
32196.0
32363.0
32541.0
32713.0
32887.0
33058.0
33224.0
33389.0
33557.0
33730.0
33888.0
34054.0
34225.0
34399.0
34571.0
34736.0
34910.0
35086.0
35260.0
35436.0
35609.0
35781.0
35957.0
36126.0
36287.0
36453.0
36610.0
36780.0
36944.0
37109.0
37282.0
37456.0
37626.0
37787.0
37958.0
38134.0
38307.0
38480.0
38648.0
38824.0
38992.0
39149.0
39322.0
39486.0
39658.0
39834.0
39997.0
40175.0
40349.0
40511.0
40687.0
40863.0
41037.0
41198.0
41369.0
41545.0
41713.0
41889.0
42057.0
42228.0
42401.0
42563.0
42730.0
42892.0
43051.0
43222.0
43390.0
43566.0
43735.0
43903.0
44061.0
44226.0
44402.0
44578.0
44752.0
44915.0
45080.0
45247.0
45408.0
45578.0
45749.0
45913.0
46085.0
46252.0
46424.0
46592.0
46744.0
46918.0
47084.0
47254.0
47430.0
47593.0
47771.0
47949.0
48123.0
48299.0
48468.0
48646.0
48822.0
48991.0
49154.0
49317.0
49490.0
49657.0
49829.0
50000.0
50151.0
50317.0
50484.0
50655.0
50824.0
50994.0
51166.0
51331.0
51505.0
51677.0
51853.0
52025.0
52182.0
52347.0
52514.0
52681.0
52853.0
53025.0
53191.0
53355.0
53533.0
53701.0
53879.0
54050.0
54223.0
54387.0
54557.0
54727.0
54897.0
55066.0
55244.0
55414.0
55590.0
55766.0
55944.0
56100.0
56274.0
56443.0
56616.0
56790.0
56968.0
57144.0
57311.0
57477.0
57653.0
57829.0
58005.0
58177.0
58353.0
58527.0
58694.0
58870.0
59044.0
59216.0
59390.0
59566.0
59733.0
59909.0
60087.0
60265.0
60435.0
60606.0
60770.0
60941.0
61117.0
61283.0
61453.0
61626.0
61792.0
61958.0
62130.0
62306.0
62484.0
62642.0
62818.0
62996.0
63158.0
63313.0
63491.0
63669.0
63836.0
64008.0
64181.0
64357.0
64529.0
64690.0
64863.0
65039.0
65199.0
65371.0
65527.0
65681.0
65849.0
66017.0
66185.0
66359.0
66530.0
66706.0
66878.0
67052.0
67213.0
67383.0
67552.0
67721.0
67899.0
68061.0
68235.0
68397.0
68565.0
68734.0
68899.0
69054.0
69230.0
69406.0
69580.0
69756.0
69929.0
70107.0
70273.0
70443.0
70619.0
70788.0
70961.0
71137.0
71311.0
71477.0
71644.0
71818.0
71991.0
72158.0
72323.0
72497.0
72660.0
72825.0
72999.0
73175.0
73351.0
73527.0
73693.0
73852.0
74017.0
74188.0
74361.0
74532.0
74706.0
74875.0
75047.0
75216.0
75389.0
75545.0
75719.0
75886.0
76058.0
76231.0
76399.0
76577.0
76749.0
76927.0
77085.0
77257.0
77431.0
77599.0
77773.0
77943.0
78115.0
78281.0
78459.0
78628.0
78801.0
78977.0
79153.0
79308.0
79467.0
79637.0
79806.0
79978.0
80154.0
80330.0
80491.0
80669.0
80831.0
81007.0
81181.0
81355.0
81524.0
81691.0
81852.0
82025.0
82203.0
82366.0
82544.0
82699.0
82875.0
83053.0
83229.0
83405.0
83583.0
83754.0
83919.0
84087.0
84248.0
84412.0
84577.0
84755.0
84916.0
85090.0
85248.0
85416.0
85583.0
85755.0
85916.0
86081.0
86252.0
86423.0
86594.0
86765.0
86941.0
87115.0
87291.0
87469.0
87638.0
87805.0
87981.0
88155.0
88313.0
88485.0
88661.0
88828.0
88989.0
89159.0
89329.0
89507.0
89681.0
89845.0
90023.0
90187.0
90361.0
90502.0
90676.0
90840.0
91001.0
91164.0
91340.0
91500.0
91667.0
91831.0
92004.0
92163.0
92339.0
92505.0
92674.0
92841.0
92996.0
93168.0
93334.0
93490.0
93661.0
93826.0
93997.0
94164.0
94324.0
94488.0
94656.0
94823.0
94994.0
95168.0
95332.0
95508.0
95679.0
95841.0
96013.0
96171.0
96328.0
96483.0
96650.0
96818.0
96986.0
97144.0
97309.0
97481.0
97648.0
97820.0
97988.0
98154.0
98327.0
98505.0
98671.0
98847.0
99019.0
99189.0
99361.0
99532.0
99710.0
99879.0
100055.0
100223.0
100386.0
100554.0
100716.0
100892.0
101059.0
101230.0
101406.0
101578.0
101750.0
101926.0
102102.0
102274.0
102450.0
102623.0
102791.0
102932.0
103110.0
103276.0
103448.0
103613.0
103791.0
103967.0
104135.0
104303.0
104481.0
104650.0
104813.0
104989.0
105161.0
105317.0
105490.0
105668.0
105844.0
106013.0
106176.0
106341.0
106515.0
106686.0
106856.0
107022.0
107184.0
107357.0
107522.0
107691.0
107867.0
108034.0
108196.0
108355.0
108513.0
108669.0
108842.0
109020.0
109194.0
109350.0
109524.0
109688.0
109854.0
110026.0
110194.0
110365.0
110525.0
110687.0
110863.0
111030.0
111196.0
111368.0
111536.0
111703.0
111868.0
112040.0
112209.0
112385.0
112553.0
112725.0
112901.0
113050.0
113226.0
113404.0
113582.0
113746.0
113922.0
114091.0
114261.0
114439.0
114604.0
114773.0
114945.0
115114.0
115286.0
115452.0
115626.0
115799.0
115975.0
116151.0
116327.0
116495.0
116668.0
116835.0
117003.0
117179.0
117350.0
117518.0
117679.0
117857.0
118029.0
118205.0
118383.0
118555.0
118724.0
118884.0
119062.0
119230.0
119397.0
119575.0
119733.0
119907.0
120078.0
120243.0
120413.0
120585.0
120747.0
120923.0
121101.0
121267.0
121426.0
121599.0
121760.0
121926.0
122094.0
122268.0
122434.0
122600.0
122760.0
122930.0
123101.0
123277.0
123451.0
123623.0
123797.0
123966.0
124144.0
124316.0
124480.0
124656.0
124823.0
124997.0
125171.0
125340.0
125518.0
125689.0
125865.0
126027.0
126186.0
126360.0
126515.0
126691.0
126860.0
127032.0
127199.0
127360.0
127522.0
127698.0
127858.0
128022.0
128196.0
128366.0
128538.0
128702.0
128866.0
129038.0
129206.0
129374.0
129531.0
129705.0
129873.0
130047.0
130221.0
130392.0
130570.0
130748.0
130913.0
131079.0
131237.0
131408.0
131584.0
131756.0
131928.0
132104.0
132273.0
132437.0
132594.0
132772.0
132933.0
133107.0
133283.0
133445.0
133602.0
133778.0
133947.0
134123.0
134299.0
134475.0
134624.0
134800.0
134958.0
135127.0
135295.0
135468.0
135639.0
135808.0
135984.0
136160.0
136316.0
136475.0
136644.0
136809.0
136981.0
137152.0
137328.0
137496.0
137674.0
137834.0
138002.0
138174.0
138338.0
138506.0
138680.0
138852.0
139002.0
139174.0
139350.0
139522.0
139681.0
139844.0
140020.0
140198.0
140365.0
140526.0
140677.0
140849.0
141019.0
141166.0
141323.0
141487.0
141646.0
141794.0
141959.0
142119.0
142279.0
142457.0
142626.0
142800.0
142967.0
143135.0
143292.0
143470.0
143636.0
143800.0
143978.0
144140.0
144309.0
144470.0
144632.0
144810.0
144982.0
145148.0
145315.0
145489.0
145667.0
145837.0
146006.0
146155.0
146327.0
146494.0
146670.0
146842.0
147018.0
147192.0
147357.0
147517.0
147686.0
147856.0
148026.0
148200.0
148372.0
148545.0
148716.0
148894.0
149063.0
149225.0
149385.0
149551.0
149717.0
149889.0
150063.0
150213.0
150391.0
150545.0
150716.0
150870.0
151041.0
151187.0
151350.0
151514.0
151685.0
151855.0
152033.0
152207.0
152362.0
152531.0
152705.0
152878.0
153035.0
153209.0
153379.0
153550.0
153718.0
153896.0
154072.0
154248.0
154422.0
154600.0
154776.0
154942.0
155108.0
155284.0
155449.0
155615.0
155775.0
155939.0
156109.0
156275.0
156439.0
156611.0
156780.0
156952.0
157126.0
157285.0
157455.0
157633.0
157779.0
157945.0
158101.0
158252.0
158420.0
158589.0
158753.0
158922.0
159096.0
159270.0
159446.0
159603.0
159769.0
159947.0
160120.0
160296.0
160474.0
160645.0
160819.0
160989.0
161167.0
161338.0
161509.0
161687.0
161861.0
162039.0
162211.0
162389.0
162553.0
162725.0
162896.0
163062.0
163238.0
163408.0
163563.0
163732.0
163899.0
164061.0
164237.0
164404.0
164580.0
164756.0
164932.0
165105.0
165283.0
165459.0
165627.0
165769.0
165943.0
166115.0
166289.0
166453.0
166629.0
166795.0
166961.0
167137.0
167313.0
167491.0
167664.0
167838.0
168002.0
168162.0
168332.0
168504.0
168657.0
168829.0
169003.0
169179.0
169355.0
169524.0
169702.0
169878.0
170048.0
170226.0
170400.0
170571.0
170747.0
170912.0
171082.0
171232.0
171390.0
171548.0
171721.0
171899.0
172061.0
172228.0
172396.0
172568.0
172738.0
172903.0
173077.0
173245.0
173412.0
173586.0
173753.0
173931.0
174086.0
174246.0
174414.0
174582.0
174756.0
174923.0
175091.0
175263.0
175428.0
175592.0
175763.0
175934.0
176090.0
176256.0
176426.0
176600.0
176771.0
176941.0
177109.0
177281.0
177455.0
177624.0
177795.0
177947.0
178117.0
178290.0
178458.0
178621.0
178792.0
178970.0
179137.0
179301.0
179464.0
179623.0
179801.0
179969.0
180147.0
180325.0
180486.0
180660.0
180838.0
181008.0
181163.0
181316.0
181487.0
181665.0
181831.0
182007.0
182164.0
182336.0
182503.0
182679.0
182853.0
183023.0
183188.0
183356.0
183530.0
183688.0
183837.0
183995.0
184164.0
184340.0
184514.0
184680.0
184842.0
185014.0
185188.0
185344.0
185513.0
185665.0
185828.0
185995.0
186171.0
186324.0
186497.0
186664.0
186832.0
186992.0
187168.0
187341.0
187507.0
187678.0
187852.0
188009.0
188183.0
188349.0
188525.0
188696.0
188874.0
189041.0
189192.0
189368.0
189538.0
189707.0
189858.0
190023.0
190197.0
190371.0
190532.0
190684.0
190853.0
191023.0
191199.0
191366.0
191532.0
191706.0
191875.0
192045.0
192211.0
192380.0
192550.0
192726.0
192900.0
193066.0
193242.0
193420.0
193588.0
193760.0
193931.0
194103.0
194274.0
194450.0
194605.0
194765.0
194937.0
195107.0
195258.0
195417.0
195579.0
195751.0
195922.0
196093.0
196265.0
196437.0
196606.0
196775.0
196949.0
197119.0
197290.0
197442.0
197612.0
197769.0
197942.0
198120.0
198294.0
198472.0
198634.0
198792.0
198963.0
199136.0
199307.0
199471.0
199647.0
199809.0
199968.0
200138.0
200314.0
200488.0
200660.0
200832.0
200982.0
201132.0
201308.0
201480.0
201650.0
201815.0
201989.0
202165.0
202341.0
202507.0
202685.0
202857.0
