a = 0.2
g = 0.2
e = 0.1
random initial weights = false

-654.0
-1590.0
-2659.0
-5039.0
-5649.0
-6156.0
-6644.0
-7222.0
-9670.0
-10237.0
-10671.0
-11167.0
-11600.0
-14081.0
-14542.0
-15077.0
-15538.0
-16010.0
-16461.0
-16971.0
-17518.0
-17968.0
-18422.0
-18950.0
-19371.0
-19812.0
-20257.0
-20751.0
-21240.0
-21665.0
-22152.0
-24569.0
-25051.0
-25510.0
-25929.0
-26374.0
-26846.0
-27274.0
-27720.0
-28139.0
-28604.0
-29054.0
-29534.0
-29963.0
-30400.0
-30843.0
-31288.0
-31735.0
-32180.0
-32616.0
-33060.0
-33483.0
-33917.0
-34342.0
-34830.0
-35293.0
-35710.0
-36153.0
-36575.0
-37019.0
-37438.0
-37859.0
-38341.0
-38189.0
-38606.0
-39048.0
-39523.0
-39945.0
-40368.0
-40795.0
-41251.0
-41083.0
-41494.0
-41330.0
-41751.0
-42177.0
-42596.0
-43027.0
-43450.0
-43891.0
-44306.0
-44769.0
-45191.0
-45048.0
-45459.0
-45305.0
-45720.0
-46141.0
-46562.0
-46975.0
-47444.0
-47863.0
-48282.0
-48727.0
-49154.0
-49569.0
-49995.0
-50421.0
-50847.0
-51258.0
-51718.0
-52141.0
-52562.0
-52981.0
-53412.0
-53825.0
-54280.0
-54104.0
-54520.0
-54957.0
-54792.0
-55205.0
-55642.0
-56066.0
-56499.0
-56912.0
-57337.0
-57765.0
-58180.0
-58612.0
-59025.0
-59446.0
-59870.0
-60304.0
-60128.0
-60547.0
-60383.0
-60802.0
-61215.0
-61658.0
-62089.0
-62510.0
-62927.0
-63346.0
-63759.0
-63603.0
-64014.0
-64433.0
-64851.0
-64681.0
-65103.0
-65522.0
-65948.0
-66368.0
-66785.0
-67210.0
-67036.0
-66877.0
-67290.0
-67707.0
-67537.0
-67359.0
-67772.0
-68216.0
-68629.0
-69050.0
-68881.0
-69292.0
-69716.0
-70151.0
-70007.0
-69831.0
-69655.0
-70066.0
-70481.0
-70892.0
-71312.0
-71739.0
-72152.0
-72565.0
-72989.0
-73404.0
-73828.0
-73658.0
-74069.0
-74488.0
-74906.0
-75327.0
-75745.0
-76162.0
-75992.0
-76403.0
-76237.0
-76063.0
-75890.0
-76303.0
-76741.0
-77152.0
-77569.0
-77422.0
-77840.0
-77685.0
-77519.0
-77930.0
-78361.0
-78781.0
-78609.0
-78431.0
-78253.0
-78664.0
-78497.0
-78329.0
-78746.0
-78578.0
-78989.0
-79415.0
-79826.0
-80239.0
-80063.0
-80476.0
-80901.0
-81316.0
-81733.0
-81563.0
-81385.0
-81207.0
-81033.0
-80857.0
-80681.0
-80507.0
-80344.0
-80170.0
-79992.0
-79818.0
-79642.0
-79470.0
-79299.0
-79724.0
-79555.0
-79972.0
-79799.0
-79623.0
-79454.0
-79865.0
-80276.0
-80100.0
-79924.0
-80337.0
-80758.0
-80582.0
-80993.0
-80817.0
-80645.0
-80476.0
-80300.0
-80126.0
-79950.0
-80361.0
-80195.0
-80019.0
-79841.0
-79665.0
-80076.0
-79904.0
-79740.0
-79566.0
-79388.0
-79210.0
-79034.0
-79445.0
-79269.0
-79093.0
-78919.0
-79332.0
-79163.0
-78987.0
-79402.0
-79235.0
-79646.0
-79472.0
-79294.0
-79116.0
-78940.0
-78762.0
-78584.0
-78420.0
-78242.0
-78066.0
-77888.0
-77710.0
-77538.0
-77951.0
-78362.0
-78779.0
-78605.0
-78427.0
-78840.0
-78662.0
-79078.0
-78906.0
-78728.0
-78552.0
-78376.0
-78200.0
-78026.0
-77850.0
-77672.0
-77496.0
-77318.0
-77144.0
-76973.0
-76795.0
-76619.0
-77032.0
-77445.0
-77271.0
-77109.0
-76936.0
-76765.0
-76589.0
-76413.0
-76240.0
-76651.0
-77068.0
-77485.0
-77311.0
-77133.0
-76957.0
-76779.0
-76609.0
-76435.0
-76261.0
-76090.0
-76503.0
-76918.0
-77331.0
-77749.0
-77575.0
-77406.0
-77228.0
-77050.0
-76874.0
-76696.0
-76523.0
-76347.0
-76173.0
-75995.0
-75821.0
-75643.0
-75467.0
-75301.0
-75131.0
-74955.0
-74791.0
-74619.0
-74445.0
-74269.0
-74098.0
-73922.0
-73744.0
-73566.0
-73394.0
-73805.0
-73629.0
-73453.0
-73275.0
-73101.0
-73514.0
-73338.0
-73162.0
-72988.0
-72816.0
-72638.0
-72462.0
-72290.0
-72120.0
-71948.0
-71770.0
-71600.0
-71426.0
-71258.0
-71082.0
-70909.0
-70731.0
-70558.0
-70387.0
-70214.0
-70036.0
-69862.0
-69684.0
-69515.0
-69337.0
-69159.0
-68983.0
-68807.0
-68629.0
-68451.0
-68280.0
-68102.0
-67924.0
-67748.0
-67577.0
-67401.0
-67232.0
-67647.0
-67469.0
-67291.0
-67117.0
-66944.0
-66766.0
-66588.0
-66412.0
-66234.0
-66058.0
-65884.0
-65710.0
-65532.0
-65354.0
-65178.0
-65002.0
-64852.0
-64674.0
-64496.0
-64318.0
-64155.0
-63977.0
-63799.0
-63623.0
-63447.0
-63269.0
-63097.0
-62919.0
-62745.0
-62569.0
-62391.0
-62213.0
-62035.0
-61857.0
-61679.0
-61503.0
-61327.0
-61153.0
-60975.0
-60797.0
-60633.0
-60455.0
-60279.0
-60101.0
-59923.0
-59747.0
-59569.0
-59391.0
-59213.0
-59035.0
-58857.0
-58683.0
-58511.0
-58337.0
-58164.0
-57986.0
-57808.0
-57630.0
-57452.0
-57274.0
-57098.0
-56920.0
-56742.0
-56566.0
-56390.0
-56212.0
-56039.0
-55861.0
-55683.0
-55505.0
-55327.0
-55149.0
-54973.0
-54795.0
-54621.0
-54443.0
-54267.0
-54094.0
-53921.0
-53743.0
-53565.0
-53387.0
-53213.0
-53041.0
-52865.0
-52699.0
-52523.0
-52350.0
-52172.0
-51994.0
-51820.0
-51649.0
-51473.0
-51302.0
-51124.0
-50952.0
-50774.0
-50598.0
-50420.0
-50242.0
-50066.0
-49895.0
-49724.0
-49546.0
-49381.0
-49203.0
-49031.0
-48853.0
-48677.0
-48499.0
-48321.0
-48145.0
-47967.0
-47795.0
-47621.0
-47449.0
-47271.0
-47097.0
-46921.0
-46748.0
-46572.0
-46394.0
-46216.0
-46038.0
-45867.0
-45696.0
-45520.0
-45342.0
-45169.0
-44995.0
-44819.0
-44645.0
-44471.0
-44299.0
-44123.0
-43947.0
-43769.0
-43618.0
-43440.0
-43264.0
-43097.0
-42924.0
-42750.0
-42572.0
-42396.0
-42223.0
-42047.0
-41871.0
-41700.0
-41527.0
-41349.0
-41173.0
-40997.0
-40824.0
-40648.0
-40470.0
-40297.0
-40119.0
-39950.0
-39777.0
-39599.0
-39423.0
-39245.0
-39067.0
-38889.0
-38711.0
-38537.0
-38361.0
-38185.0
-38012.0
-37844.0
-37666.0
-37490.0
-37318.0
-37144.0
-36966.0
-36788.0
-36612.0
-36438.0
-36265.0
-36093.0
-35915.0
-35737.0
-35559.0
-35381.0
-35209.0
-35031.0
-34858.0
-34682.0
-34504.0
-34330.0
-34152.0
-33978.0
-33802.0
-33626.0
-33448.0
-33270.0
-33092.0
-32916.0
-32745.0
-32571.0
-32393.0
-32220.0
-32042.0
-31864.0
-31688.0
-31510.0
-31332.0
-31154.0
-30980.0
-30807.0
-30629.0
-30458.0
-30280.0
-30102.0
-29924.0
-29746.0
-29573.0
-29406.0
-29230.0
-29052.0
-28874.0
-28696.0
-28520.0
-28351.0
-28173.0
-27995.0
-27817.0
-27639.0
-27463.0
-27287.0
-27114.0
-26942.0
-26768.0
-26594.0
-26416.0
-26240.0
-26062.0
-25891.0
-25713.0
-25537.0
-25359.0
-25181.0
-25003.0
-24825.0
-24647.0
-24469.0
-24291.0
-24118.0
-23947.0
-23776.0
-23600.0
-23422.0
-23246.0
-23068.0
-22894.0
-22720.0
-22546.0
-22370.0
-22194.0
-22020.0
-21842.0
-21664.0
-21495.0
-21319.0
-21143.0
-20973.0
-20795.0
-20617.0
-20439.0
-20263.0
-20089.0
-19915.0
-19744.0
-19566.0
-19388.0
-19217.0
-19041.0
-18865.0
-18687.0
-18511.0
-18333.0
-18157.0
-17979.0
-17801.0
-17627.0
-17449.0
-17280.0
-17104.0
-16926.0
-16753.0
-16580.0
-16402.0
-16229.0
-16051.0
-15875.0
-15701.0
-15527.0
-15349.0
-15171.0
-14993.0
-14817.0
-14644.0
-14468.0
-14290.0
-14117.0
-13944.0
-13766.0
-13590.0
-13417.0
-13241.0
-13067.0
-12893.0
-12715.0
-12539.0
-12361.0
-12185.0
-12007.0
-11829.0
-11656.0
-11478.0
-11306.0
-11130.0
-10952.0
-10781.0
-10607.0
-10429.0
-10251.0
-10073.0
-9900.0
-9729.0
-9553.0
-9377.0
-9199.0
-9023.0
-8850.0
-8672.0
-8496.0
-8318.0
-8140.0
-7971.0
-7795.0
-7621.0
-7447.0
-7274.0
-7098.0
-6920.0
-6742.0
-6566.0
-6388.0
-6215.0
-6041.0
-5863.0
-5685.0
-5507.0
-5329.0
-5151.0
-4978.0
-4800.0
-4624.0
-4446.0
-4268.0
-4104.0
-3931.0
-3758.0
-3585.0
-3409.0
-3231.0
-3066.0
-2890.0
-2714.0
-2536.0
-2360.0
-2182.0
-2009.0
-1831.0
-1653.0
-1475.0
-1301.0
-1123.0
-947.0
-769.0
-597.0
-419.0
-243.0
-65.0
111.0
289.0
467.0
641.0
812.0
990.0
1168.0
1339.0
1517.0
1691.0
1869.0
2042.0
2220.0
2398.0
2576.0
2746.0
2922.0
3098.0
3276.0
3448.0
3626.0
3802.0
3980.0
4150.0
4328.0
4504.0
4682.0
4860.0
5036.0
5214.0
5390.0
5568.0
5742.0
5920.0
6094.0
6272.0
6450.0
6628.0
6806.0
6984.0
7162.0
7335.0
7511.0
7689.0
7865.0
8038.0
8216.0
8387.0
8565.0
8738.0
8914.0
9081.0
9257.0
9435.0
9613.0
9791.0
9969.0
10147.0
10320.0
10496.0
10662.0
10838.0
11016.0
11190.0
11368.0
11546.0
11722.0
11900.0
12076.0
12252.0
12430.0
12608.0
12786.0
12962.0
13140.0
13316.0
13494.0
13670.0
13839.0
14015.0
14189.0
14367.0
14543.0
14714.0
14892.0
15068.0
15244.0
15422.0
15596.0
15772.0
15946.0
16120.0
16294.0
16472.0
16650.0
16817.0
16993.0
17166.0
17340.0
17513.0
17689.0
17867.0
18039.0
18215.0
18391.0
18562.0
18740.0
18913.0
19087.0
19265.0
19439.0
19615.0
19793.0
19971.0
20144.0
20318.0
20492.0
20670.0
20848.0
21022.0
21196.0
21374.0
21552.0
21728.0
21901.0
22077.0
22253.0
22427.0
22605.0
22783.0
22948.0
23115.0
23287.0
23460.0
23636.0
23814.0
23990.0
24164.0
24342.0
24520.0
24689.0
24862.0
25030.0
25208.0
25386.0
25560.0
25738.0
25914.0
26088.0
26266.0
26439.0
26615.0
26783.0
26959.0
27137.0
27315.0
27482.0
27653.0
27829.0
27999.0
28177.0
28355.0
28533.0
28711.0
28882.0
29060.0
29238.0
29416.0
29592.0
29768.0
29946.0
30124.0
30300.0
30478.0
30656.0
30827.0
31005.0
31183.0
31361.0
31539.0
31715.0
31877.0
32055.0
32233.0
32411.0
32587.0
32763.0
32939.0
33117.0
33295.0
33471.0
33649.0
33827.0
34005.0
34183.0
34361.0
34539.0
34715.0
34893.0
35069.0
35247.0
35425.0
35601.0
35777.0
35953.0
36131.0
36303.0
36477.0
36655.0
36827.0
37005.0
37183.0
37361.0
37539.0
37717.0
37891.0
38067.0
38241.0
38419.0
38595.0
38773.0
38949.0
39127.0
39303.0
39479.0
39655.0
39831.0
40009.0
40187.0
40365.0
40539.0
40715.0
40888.0
41064.0
41242.0
41420.0
41598.0
41776.0
41952.0
42130.0
42303.0
42479.0
42657.0
42828.0
43002.0
43180.0
43349.0
43525.0
43697.0
43875.0
44053.0
44231.0
44407.0
44583.0
44761.0
44932.0
45110.0
45288.0
45466.0
45644.0
45822.0
45998.0
46169.0
46345.0
46523.0
46701.0
46879.0
47057.0
47230.0
47404.0
47582.0
47756.0
47934.0
48110.0
48288.0
48461.0
48635.0
48813.0
48986.0
49160.0
49336.0
49514.0
49692.0
49870.0
50048.0
50222.0
50400.0
50573.0
50751.0
50919.0
51097.0
51275.0
51453.0
51624.0
51800.0
51978.0
52156.0
52334.0
52508.0
52686.0
52864.0
53038.0
53211.0
53387.0
53563.0
53741.0
53919.0
54087.0
54265.0
54443.0
54621.0
54799.0
54973.0
55151.0
55327.0
55505.0
55683.0
55861.0
56039.0
56210.0
56384.0
56562.0
56740.0
56918.0
57087.0
57261.0
57439.0
57615.0
57793.0
57971.0
58149.0
58327.0
58501.0
58679.0
58857.0
59033.0
59211.0
59382.0
59558.0
59734.0
59905.0
60083.0
60259.0
60432.0
60610.0
60788.0
60966.0
61144.0
61322.0
61500.0
61676.0
61854.0
62032.0
62203.0
62374.0
62552.0
62730.0
62908.0
63077.0
63253.0
63426.0
63604.0
63782.0
63956.0
64134.0
64307.0
64480.0
64656.0
64832.0
65010.0
65188.0
65360.0
65536.0
65714.0
65892.0
66068.0
66246.0
66419.0
66597.0
66767.0
66941.0
67117.0
67293.0
67467.0
67645.0
67823.0
68001.0
68179.0
68353.0
68529.0
68700.0
68874.0
69050.0
69228.0
69401.0
69579.0
69757.0
69935.0
70111.0
70279.0
70457.0
70635.0
70811.0
70987.0
71154.0
71330.0
71508.0
71682.0
71858.0
72036.0
72209.0
72385.0
72563.0
72736.0
72914.0
73090.0
73263.0
73441.0
73619.0
73792.0
73968.0
74146.0
74324.0
74502.0
74678.0
74856.0
75034.0
75212.0
75388.0
75555.0
75733.0
75905.0
76083.0
76261.0
76437.0
76608.0
76784.0
76962.0
77133.0
77311.0
77482.0
77660.0
77836.0
78014.0
78190.0
78368.0
78541.0
78719.0
78888.0
79066.0
79235.0
79413.0
79591.0
79765.0
79939.0
80115.0
80293.0
80469.0
80647.0
80825.0
81003.0
81179.0
81357.0
81535.0
81713.0
81886.0
82064.0
82242.0
82415.0
82593.0
82769.0
82945.0
83121.0
83299.0
83473.0
83651.0
83827.0
84003.0
84181.0
84354.0
84530.0
84708.0
84882.0
85058.0
85236.0
85412.0
85590.0
85760.0
85936.0
86107.0
86285.0
86453.0
86631.0
86805.0
86983.0
87153.0
87331.0
87509.0
87682.0
87860.0
88026.0
88204.0
88378.0
88554.0
88732.0
88906.0
89084.0
89258.0
89434.0
89607.0
89783.0
89961.0
90139.0
90317.0
90481.0
90652.0
90830.0
91006.0
91177.0
91355.0
91533.0
91711.0
91889.0
92067.0
92245.0
92419.0
92597.0
92775.0
92953.0
93122.0
93300.0
93478.0
93649.0
93827.0
94001.0
94177.0
94350.0
94528.0
94706.0
94879.0
95055.0
95231.0
95409.0
95587.0
95763.0
95941.0
96117.0
96288.0
96459.0
96637.0
96810.0
96988.0
97166.0
97344.0
97520.0
97698.0
97871.0
98044.0
98222.0
98398.0
98576.0
98752.0
98930.0
99108.0
99286.0
99464.0
99637.0
99815.0
99991.0
100169.0
100345.0
100523.0
100696.0
100874.0
101046.0
101220.0
101393.0
101569.0
101742.0
101920.0
102098.0
102276.0
102454.0
102630.0
102804.0
102980.0
103153.0
103331.0
103507.0
103685.0
103863.0
104041.0
104217.0
104395.0
104564.0
104742.0
104920.0
105096.0
105266.0
105439.0
105615.0
105793.0
105969.0
106145.0
106323.0
106497.0
106673.0
106851.0
107024.0
107202.0
107375.0
107551.0
107727.0
107903.0
108081.0
108254.0
108421.0
108595.0
108771.0
108947.0
109125.0
109303.0
109479.0
109655.0
109833.0
110009.0
110187.0
110365.0
110543.0
110719.0
110897.0
111073.0
111251.0
111429.0
111602.0
111773.0
111946.0
112124.0
112302.0
112480.0
112656.0
112834.0
113012.0
113183.0
113361.0
113539.0
113710.0
113886.0
114062.0
114240.0
114414.0
114592.0
114770.0
114948.0
115126.0
115304.0
115482.0
115660.0
115838.0
116012.0
116185.0
116363.0
116539.0
116715.0
116888.0
117066.0
117242.0
117420.0
117596.0
117770.0
117946.0
118124.0
118302.0
118480.0
118658.0
118834.0
119012.0
119188.0
119366.0
119542.0
119718.0
119896.0
120074.0
120252.0
120430.0
120608.0
120781.0
120959.0
121137.0
121311.0
121487.0
121665.0
121839.0
122015.0
122189.0
122367.0
122545.0
122723.0
122901.0
123077.0
123253.0
123422.0
123600.0
123778.0
123952.0
124126.0
124300.0
124476.0
124649.0
124825.0
125003.0
125177.0
125350.0
125528.0
125706.0
125884.0
126060.0
126238.0
126414.0
126592.0
