a = 0.5
g = 0.5
e = 0.3
random initial weights = true

-700.0
-3366.0
-3887.0
-4506.0
-5056.0
-5531.0
-6009.0
-6505.0
-6958.0
-7417.0
-7865.0
-8293.0
-8820.0
-9265.0
-9767.0
-10210.0
-10674.0
-11099.0
-11537.0
-11373.0
-11199.0
-11617.0
-12060.0
-12479.0
-12913.0
-12762.0
-12598.0
-12441.0
-12290.0
-12736.0
-12560.0
-12404.0
-12230.0
-12060.0
-12504.0
-12921.0
-12756.0
-12591.0
-12415.0
-12248.0
-12080.0
-11920.0
-11752.0
-11595.0
-11426.0
-11259.0
-11088.0
-10923.0
-10750.0
-10572.0
-10399.0
-10227.0
-10068.0
-9896.0
-9718.0
-9544.0
-9373.0
-9208.0
-9032.0
-8865.0
-8705.0
-8537.0
-8382.0
-8211.0
-8037.0
-7871.0
-7701.0
-7525.0
-7347.0
-7174.0
-7000.0
-6842.0
-6668.0
-6500.0
-6329.0
-6151.0
-5998.0
-5822.0
-5646.0
-5478.0
-5325.0
-5161.0
-4991.0
-4826.0
-4665.0
-4498.0
-4339.0
-4163.0
-3992.0
-3819.0
-3659.0
-3489.0
-3325.0
-3161.0
-2987.0
-2824.0
-2656.0
-2484.0
-2330.0
-2176.0
-2011.0
-1846.0
-1685.0
-1514.0
-1338.0
-1169.0
-998.0
-836.0
-676.0
-514.0
-340.0
-177.0
-5.0
169.0
322.0
489.0
657.0
829.0
1002.0
1180.0
1311.0
1476.0
1645.0
1821.0
1995.0
2169.0
2343.0
2521.0
2693.0
2864.0
3038.0
3203.0
3369.0
3528.0
3688.0
3866.0
4037.0
4179.0
4343.0
4519.0
4691.0
4846.0
5018.0
5189.0
5360.0
5507.0
5673.0
5851.0
6016.0
6188.0
6364.0
6540.0
6699.0
6870.0
7041.0
7211.0
7376.0
7535.0
7711.0
7871.0
8031.0
8205.0
8383.0
8554.0
8723.0
8899.0
9073.0
9235.0
9403.0
9570.0
9741.0
9913.0
10073.0
10251.0
10427.0
10603.0
10766.0
10917.0
11077.0
11247.0
11406.0
11580.0
11744.0
11918.0
12079.0
12242.0
12410.0
12586.0
12741.0
12915.0
13079.0
13241.0
13411.0
13581.0
13757.0
13916.0
14081.0
14257.0
14406.0
14567.0
14721.0
14887.0
15059.0
15233.0
15406.0
15570.0
15742.0
15913.0
16089.0
16259.0
16415.0
16581.0
16757.0
16931.0
17080.0
17258.0
17427.0
17600.0
17772.0
17946.0
18119.0
18293.0
18469.0
18634.0
18810.0
18977.0
19145.0
19304.0
19471.0
19647.0
19823.0
19999.0
20164.0
20316.0
20487.0
20659.0
20837.0
21007.0
21177.0
21330.0
21477.0
21648.0
21826.0
21990.0
22164.0
22340.0
22502.0
22667.0
22828.0
22997.0
23165.0
23336.0
23504.0
23665.0
23825.0
23997.0
24171.0
24337.0
24511.0
24681.0
24857.0
25029.0
25207.0
25383.0
25541.0
25710.0
25866.0
26033.0
26209.0
26377.0
26534.0
26708.0
26886.0
27052.0
27225.0
27399.0
27577.0
27744.0
27906.0
28077.0
28241.0
28403.0
28575.0
28738.0
28914.0
29086.0
29258.0
29436.0
29612.0
29782.0
29956.0
30128.0
30297.0
30460.0
30632.0
30804.0
30980.0
31146.0
31314.0
31490.0
31664.0
31842.0
32000.0
32173.0
32351.0
32504.0
32669.0
32839.0
33013.0
33174.0
33350.0
33519.0
33697.0
33852.0
34030.0
34199.0
34365.0
34541.0
34714.0
34881.0
35059.0
35230.0
35397.0
35550.0
35713.0
35884.0
36058.0
36236.0
36404.0
36570.0
36748.0
36914.0
37090.0
37253.0
37421.0
37599.0
37773.0
37941.0
38113.0
38289.0
38453.0
38625.0
38793.0
38964.0
39142.0
39318.0
39494.0
39663.0
39837.0
40011.0
40183.0
40351.0
40525.0
40689.0
40861.0
41033.0
41201.0
41369.0
41547.0
41718.0
41892.0
42063.0
42234.0
42408.0
42579.0
42753.0
42927.0
43082.0
43245.0
43415.0
43581.0
43747.0
43902.0
44066.0
44236.0
44401.0
44579.0
44755.0
44924.0
45092.0
45270.0
45444.0
45609.0
45787.0
45965.0
46126.0
46300.0
46472.0
46633.0
46803.0
46979.0
47141.0
47313.0
47485.0
47638.0
47812.0
47976.0
48152.0
48317.0
48493.0
48658.0
48819.0
48995.0
49173.0
49344.0
49520.0
49688.0
49854.0
50027.0
50188.0
50361.0
50531.0
50704.0
50875.0
51051.0
51224.0
51390.0
51568.0
51739.0
51913.0
52063.0
52224.0
52388.0
52560.0
52732.0
52904.0
53078.0
53250.0
53400.0
53574.0
53735.0
53898.0
54072.0
54244.0
54418.0
54577.0
54753.0
54925.0
55084.0
55260.0
55434.0
55593.0
55747.0
55921.0
56089.0
56263.0
56428.0
56597.0
56773.0
56937.0
57103.0
57272.0
57446.0
57620.0
57796.0
57963.0
58139.0
58311.0
58478.0
58641.0
58817.0
58993.0
59157.0
59331.0
59501.0
59655.0
59804.0
59975.0
60146.0
60306.0
60478.0
60645.0
60814.0
60985.0
61159.0
61315.0
61486.0
61640.0
61814.0
61988.0
62158.0
62311.0
62487.0
62647.0
62821.0
62992.0
63160.0
63324.0
63496.0
63672.0
63844.0
64008.0
64171.0
64341.0
64505.0
64674.0
64845.0
65003.0
65177.0
65351.0
65517.0
65678.0
65854.0
66018.0
66184.0
66360.0
66518.0
66696.0
66868.0
67033.0
67211.0
67387.0
67555.0
67729.0
67898.0
68076.0
68252.0
68424.0
68600.0
68771.0
68938.0
69114.0
69277.0
69451.0
69616.0
69789.0
69960.0
70136.0
70309.0
70487.0
70654.0
70797.0
70971.0
71147.0
71316.0
71484.0
71633.0
71809.0
71976.0
72154.0
72321.0
72488.0
72656.0
72830.0
73006.0
73180.0
73341.0
73510.0
73688.0
73864.0
74026.0
74197.0
74365.0
74537.0
74708.0
74882.0
75052.0
75228.0
75406.0
75577.0
75748.0
75921.0
76095.0
76264.0
76436.0
76604.0
76778.0
76950.0
77124.0
77278.0
77435.0
77613.0
77786.0
77954.0
78118.0
78280.0
78449.0
78611.0
78781.0
78959.0
79128.0
79297.0
79465.0
79636.0
79810.0
79986.0
80162.0
80314.0
80488.0
80662.0
80836.0
81012.0
81161.0
81337.0
81511.0
81678.0
81856.0
82021.0
82195.0
82362.0
82525.0
82697.0
82861.0
83024.0
83187.0
83365.0
83530.0
83682.0
83850.0
83999.0
84164.0
84334.0
84510.0
84665.0
84839.0
85011.0
85180.0
85358.0
85532.0
85696.0
85852.0
86028.0
86190.0
86361.0
86535.0
86709.0
86883.0
87061.0
87237.0
87413.0
87584.0
87751.0
87910.0
88088.0
88262.0
88407.0
88583.0
88755.0
88926.0
89094.0
89272.0
89450.0
89601.0
89753.0
89931.0
90103.0
90279.0
90455.0
90622.0
90792.0
90938.0
91099.0
91265.0
91441.0
91611.0
91784.0
91954.0
92111.0
92284.0
92455.0
92624.0
92788.0
92962.0
93124.0
93300.0
93456.0
93625.0
93783.0
93943.0
94117.0
94287.0
94445.0
94608.0
94777.0
94946.0
95117.0
95281.0
95447.0
95621.0
95799.0
95969.0
96145.0
96313.0
96473.0
96649.0
96825.0
97001.0
97163.0
97335.0
97511.0
97682.0
97855.0
98020.0
98191.0
98365.0
98534.0
98700.0
98869.0
99034.0
99205.0
99375.0
99551.0
99729.0
99894.0
100048.0
100213.0
100389.0
100558.0
100736.0
100904.0
101078.0
101247.0
101405.0
101581.0
101750.0
101910.0
102082.0
102247.0
102423.0
102594.0
102755.0
102931.0
103103.0
103253.0
103431.0
103597.0
103766.0
103934.0
104108.0
104284.0
104453.0
104623.0
104793.0
104971.0
105147.0
105320.0
105492.0
105665.0
105835.0
106009.0
106187.0
106355.0
106528.0
106695.0
106865.0
107039.0
107212.0
107388.0
107559.0
107735.0
107909.0
108087.0
108261.0
108437.0
108599.0
108771.0
108947.0
109123.0
109293.0
109467.0
109633.0
109811.0
109978.0
110154.0
110322.0
110484.0
110653.0
110818.0
110994.0
111170.0
111346.0
111511.0
111684.0
111844.0
111994.0
112161.0
112335.0
112503.0
112681.0
112844.0
113015.0
113184.0
113362.0
113536.0
113687.0
113863.0
114035.0
114203.0
114375.0
114546.0
114722.0
114893.0
115058.0
115228.0
115389.0
115558.0
115736.0
115883.0
116056.0
116229.0
116391.0
116558.0
116725.0
116899.0
117077.0
117246.0
117420.0
117591.0
117767.0
117939.0
118106.0
118284.0
118437.0
118601.0
118772.0
118946.0
119107.0
119273.0
119437.0
119615.0
119789.0
119965.0
120141.0
120308.0
120479.0
120638.0
120812.0
120988.0
121166.0
121342.0
121514.0
121688.0
121864.0
122036.0
122206.0
122363.0
122539.0
122712.0
122884.0
123057.0
123235.0
123406.0
123580.0
123748.0
123924.0
124091.0
124263.0
124420.0
124585.0
124763.0
124930.0
125096.0
125272.0
125444.0
125612.0
125790.0
125960.0
126136.0
126299.0
126475.0
126641.0
126808.0
126986.0
127131.0
127301.0
127470.0
127644.0
127806.0
127980.0
128149.0
128323.0
128490.0
128652.0
128830.0
128997.0
129156.0
129322.0
129494.0
129668.0
129835.0
130011.0
130176.0
130354.0
130522.0
130674.0
130848.0
131018.0
131196.0
131364.0
131538.0
131696.0
131856.0
132025.0
132192.0
132364.0
132533.0
132706.0
132868.0
133037.0
133210.0
133381.0
133549.0
133713.0
133882.0
134058.0
134236.0
134412.0
134586.0
134750.0
134922.0
135088.0
135253.0
135425.0
135603.0
135777.0
135943.0
136119.0
136291.0
136448.0
136622.0
136792.0
136955.0
137121.0
137279.0
137448.0
137612.0
137753.0
137924.0
138083.0
138254.0
138424.0
138600.0
138767.0
138928.0
139097.0
139267.0
139428.0
139591.0
139762.0
139938.0
140112.0
140290.0
140466.0
140644.0
140812.0
140978.0
141142.0
141301.0
141463.0
141630.0
141801.0
141974.0
142152.0
142317.0
142495.0
142661.0
142833.0
143000.0
143174.0
143325.0
143501.0
143677.0
143845.0
144018.0
144187.0
144347.0
144521.0
144689.0
144858.0
145025.0
145197.0
145371.0
145538.0
145714.0
145878.0
146045.0
146223.0
146385.0
146551.0
146720.0
146890.0
147062.0
147238.0
147412.0
147570.0
147746.0
147924.0
148102.0
148275.0
148451.0
148623.0
148796.0
148958.0
149134.0
149312.0
149469.0
149645.0
149810.0
149984.0
150147.0
150315.0
150489.0
150661.0
150826.0
150996.0
151166.0
151336.0
151506.0
151672.0
151848.0
152026.0
152194.0
152370.0
152532.0
152696.0
152852.0
153009.0
153185.0
153353.0
153522.0
153688.0
153857.0
154027.0
154203.0
154354.0
154530.0
154701.0
154879.0
155057.0
155233.0
155405.0
155583.0
155750.0
155908.0
156053.0
156226.0
156398.0
156554.0
156718.0
156889.0
157056.0
157219.0
157386.0
157552.0
157728.0
157902.0
158080.0
158253.0
158425.0
158590.0
158755.0
158931.0
159103.0
159249.0
159425.0
159589.0
159767.0
159937.0
160115.0
160273.0
160445.0
160619.0
160782.0
160960.0
161124.0
161280.0
161436.0
161607.0
161783.0
161948.0
162113.0
162274.0
162438.0
162610.0
162786.0
162962.0
163130.0
163292.0
163461.0
163629.0
163801.0
163977.0
164146.0
164314.0
164484.0
164648.0
164822.0
164987.0
165152.0
165324.0
165498.0
165668.0
165829.0
166005.0
166171.0
166331.0
166498.0
166669.0
166845.0
167018.0
167194.0
167370.0
167541.0
167706.0
167878.0
168050.0
168228.0
168400.0
168565.0
168741.0
168911.0
169072.0
169246.0
169420.0
169582.0
169758.0
169930.0
170106.0
170270.0
170448.0
170619.0
170785.0
170945.0
171109.0
171285.0
171445.0
171621.0
171790.0
171954.0
172120.0
172294.0
172460.0
172638.0
172816.0
172986.0
173159.0
173330.0
173502.0
173666.0
173842.0
174014.0
174185.0
174338.0
174509.0
174681.0
174851.0
175023.0
175181.0
175355.0
175510.0
175688.0
175858.0
176027.0
176191.0
176359.0
176519.0
176691.0
176862.0
177029.0
177195.0
177352.0
177515.0
177691.0
177863.0
178039.0
178205.0
178377.0
178555.0
178716.0
178884.0
179058.0
179236.0
179406.0
179580.0
179751.0
179919.0
180097.0
180268.0
180440.0
180612.0
180777.0
180944.0
181109.0
181283.0
181451.0
181627.0
181801.0
181967.0
182141.0
182313.0
182484.0
182645.0
182808.0
182979.0
183145.0
183316.0
183494.0
183666.0
183814.0
183990.0
184159.0
184333.0
184507.0
184678.0
184845.0
185017.0
185174.0
185348.0
185521.0
185691.0
185854.0
186007.0
186179.0
186352.0
186507.0
186667.0
186831.0
187005.0
187181.0
187349.0
187527.0
187696.0
187868.0
188040.0
188218.0
188382.0
188547.0
188721.0
188895.0
189068.0
189242.0
189396.0
189560.0
189736.0
189912.0
190077.0
190245.0
190412.0
190565.0
190733.0
190904.0
191069.0
191245.0
191421.0
191590.0
191758.0
191936.0
192105.0
192274.0
192441.0
192619.0
192793.0
192961.0
193139.0
193306.0
193482.0
193646.0
193814.0
193983.0
194148.0
194311.0
194478.0
194645.0
194821.0
194988.0
195148.0
195326.0
195469.0
195643.0
195812.0
195983.0
196150.0
196326.0
196478.0
196656.0
196832.0
196998.0
197168.0
197330.0
197504.0
197667.0
197839.0
198012.0
198180.0
198351.0
198519.0
198691.0
198865.0
199041.0
199208.0
199384.0
199554.0
199728.0
199904.0
200067.0
200239.0
200405.0
200576.0
200738.0
200910.0
201083.0
201261.0
201437.0
201599.0
201766.0
201942.0
202106.0
202280.0
202448.0
202615.0
202791.0
202952.0
203108.0
203271.0
203449.0
203625.0
203799.0
203949.0
204122.0
204294.0
204472.0
204640.0
204804.0
204974.0
205127.0
205296.0
205474.0
205640.0
205816.0
205994.0
206161.0
206333.0
206496.0
206668.0
206841.0
207004.0
207174.0
207339.0
207515.0
207682.0
207851.0
208029.0
208198.0
208367.0
208543.0
208715.0
208891.0
209063.0
209237.0
209409.0
209583.0
209753.0
209927.0
210092.0
210258.0
210432.0
210608.0
210765.0
210938.0
211116.0
211284.0
211455.0
211621.0
211786.0
211953.0
212124.0
212302.0
212478.0
212654.0
212825.0
213001.0
213168.0
213342.0
213507.0
213681.0
213859.0
214026.0
214198.0
214370.0
214542.0
214715.0
214881.0
215057.0
215233.0
215404.0
215561.0
215715.0
215889.0
216059.0
216230.0
216404.0
216573.0
216747.0
216919.0
217087.0
217261.0
217420.0
217589.0
217758.0
217914.0
218086.0
218254.0
218416.0
218583.0
218737.0
218901.0
219077.0
219255.0
219424.0
219598.0
219768.0
219938.0
220112.0
220282.0
220453.0
220629.0
220807.0
220983.0
221152.0
221321.0
221492.0
221663.0
221834.0
221998.0
222172.0
222344.0
222522.0
222696.0
222865.0
223037.0
223213.0
223379.0
223553.0
223721.0
223893.0
224069.0
224241.0
224417.0
224586.0
224762.0
224938.0
225110.0
225288.0
225451.0
225606.0
225756.0
225921.0
226090.0
226264.0
226434.0
226596.0
226772.0
226950.0
227128.0
227294.0
227472.0
227641.0
227811.0
227989.0
228160.0
228328.0
228504.0
228665.0
228821.0
228995.0
229157.0
229331.0
229507.0
229663.0
229839.0
230011.0
230185.0
230357.0
230526.0
230697.0
230869.0
231016.0
231186.0
231360.0
231534.0
231703.0
231876.0
232044.0
232190.0
232347.0
232519.0
232687.0
232859.0
233018.0
233185.0
233355.0
233516.0
233677.0
233837.0
234013.0
234176.0
234348.0
234516.0
234694.0
234863.0
