a = 0.5
g = 0.2
e = 0.3
random initial weights = false

-764.0
-1340.0
-1877.0
-2350.0
-2869.0
-3454.0
-3950.0
-4412.0
-4871.0
-5290.0
-5749.0
-6181.0
-6599.0
-7052.0
-7471.0
-7325.0
-7735.0
-8155.0
-7987.0
-7820.0
-7653.0
-7517.0
-7338.0
-7192.0
-7016.0
-6852.0
-6685.0
-6521.0
-6350.0
-6181.0
-6014.0
-5842.0
-5664.0
-5487.0
-5305.0
-5134.0
-4957.0
-4850.0
-4696.0
-4522.0
-4342.0
-4177.0
-4008.0
-3845.0
-3666.0
-3498.0
-3329.0
-3160.0
-2976.0
-2797.0
-2613.0
-2431.0
-2262.0
-2089.0
-1909.0
-1730.0
-1553.0
-1373.0
-1189.0
-1011.0
-829.0
-647.0
-467.0
-285.0
-112.0
63.0
207.0
377.0
552.0
716.0
896.0
1076.0
1248.0
1421.0
1575.0
1747.0
1913.0
2076.0
2253.0
2432.0
2596.0
2771.0
2945.0
3125.0
3309.0
3474.0
3647.0
3827.0
3990.0
4148.0
4319.0
4488.0
4667.0
4823.0
5005.0
5172.0
5329.0
5511.0
5681.0
5865.0
6042.0
6215.0
6390.0
6574.0
6758.0
6938.0
7111.0
7286.0
7463.0
7634.0
7809.0
7988.0
8157.0
8339.0
8521.0
8703.0
8869.0
9042.0
9219.0
9398.0
9577.0
9759.0
9929.0
10104.0
10284.0
10458.0
10623.0
10805.0
10989.0
11171.0
11322.0
11491.0
11669.0
11853.0
12020.0
12202.0
12382.0
12564.0
12740.0
12919.0
13103.0
13280.0
13450.0
13612.0
13790.0
13972.0
14138.0
14313.0
14463.0
14633.0
14807.0
14985.0
15167.0
15346.0
15523.0
15689.0
15873.0
16047.0
16229.0
16396.0
16573.0
16744.0
16911.0
17068.0
17242.0
17414.0
17589.0
17771.0
17924.0
18108.0
18274.0
18442.0
18609.0
18777.0
18961.0
19132.0
19287.0
19464.0
19634.0
19811.0
19972.0
20152.0
20314.0
20487.0
20662.0
20804.0
20975.0
21143.0
21319.0
21491.0
21675.0
21854.0
22034.0
22212.0
22379.0
22548.0
22721.0
22905.0
23085.0
23262.0
23432.0
23600.0
23777.0
23950.0
24132.0
24314.0
24479.0
24658.0
24840.0
25019.0
25201.0
25370.0
25554.0
25728.0
25912.0
26084.0
26249.0
26426.0
26592.0
26758.0
26929.0
27105.0
27287.0
27466.0
27648.0
27823.0
27995.0
28173.0
28338.0
28505.0
28680.0
28852.0
29030.0
29199.0
29374.0
29543.0
29708.0
29874.0
30054.0
30232.0
30411.0
30591.0
30762.0
30935.0
31113.0
31289.0
31418.0
31596.0
31780.0
31958.0
32132.0
32312.0
32492.0
32672.0
32847.0
33020.0
33188.0
33372.0
33550.0
33732.0
33914.0
34091.0
34273.0
34455.0
34631.0
34808.0
34974.0
35147.0
35326.0
35496.0
35675.0
35846.0
36012.0
36190.0
36374.0
36547.0
36729.0
36892.0
37071.0
37241.0
37425.0
37598.0
37768.0
37926.0
38095.0
38272.0
38456.0
38635.0
38812.0
38988.0
39172.0
39351.0
39524.0
39686.0
39865.0
40042.0
40206.0
40379.0
40556.0
40736.0
40908.0
41073.0
41251.0
41425.0
41600.0
41758.0
41911.0
42079.0
42253.0
42437.0
42607.0
42787.0
42961.0
43143.0
43307.0
43491.0
43673.0
43846.0
44023.0
44190.0
44374.0
44550.0
44729.0
44913.0
45081.0
45247.0
45423.0
45603.0
45776.0
45948.0
46128.0
46290.0
46462.0
46644.0
46826.0
47003.0
47173.0
47345.0
47518.0
47696.0
47873.0
48044.0
48215.0
48395.0
48568.0
48743.0
48920.0
49086.0
49270.0
49444.0
49612.0
49789.0
49962.0
50146.0
50330.0
50504.0
50684.0
50853.0
51033.0
51215.0
51395.0
51577.0
51745.0
51917.0
52094.0
52274.0
52451.0
52621.0
52798.0
52973.0
53150.0
53330.0
53480.0
53660.0
53842.0
54018.0
54200.0
54371.0
54543.0
54711.0
54880.0
55040.0
55209.0
55393.0
55560.0
55744.0
55908.0
56082.0
56266.0
56438.0
56620.0
56802.0
56966.0
57126.0
57300.0
57484.0
57652.0
57836.0
58015.0
58182.0
58359.0
58536.0
58710.0
58880.0
59055.0
59232.0
59400.0
59573.0
59752.0
59917.0
60097.0
60277.0
60448.0
60626.0
60804.0
60974.0
61152.0
61332.0
61507.0
61681.0
61840.0
62022.0
62204.0
62379.0
62563.0
62738.0
62916.0
63082.0
63255.0
63427.0
63600.0
63770.0
63943.0
64127.0
64304.0
64482.0
64657.0
64837.0
65019.0
65196.0
65373.0
65549.0
65717.0
65899.0
66058.0
66240.0
66399.0
66581.0
66765.0
66937.0
67119.0
67294.0
67468.0
67644.0
67828.0
67992.0
68163.0
68345.0
68529.0
68701.0
68885.0
69065.0
69247.0
69422.0
69592.0
69767.0
69940.0
70124.0
70286.0
70458.0
70625.0
70807.0
70985.0
71167.0
71345.0
71517.0
71692.0
71872.0
72049.0
72228.0
72410.0
72581.0
72754.0
72927.0
73106.0
73285.0
73460.0
73612.0
73791.0
73971.0
74148.0
74324.0
74499.0
74673.0
74848.0
75018.0
75181.0
75357.0
75536.0
75706.0
75888.0
76070.0
76240.0
76417.0
76591.0
76768.0
76950.0
77127.0
77304.0
77479.0
77649.0
77831.0
78007.0
78189.0
78358.0
78542.0
78718.0
78885.0
79060.0
79235.0
79417.0
79596.0
79774.0
79941.0
80119.0
80294.0
80467.0
80641.0
80811.0
80986.0
81170.0
81354.0
81536.0
81714.0
81886.0
82064.0
82241.0
82419.0
82599.0
82779.0
82961.0
83139.0
83317.0
83484.0
83666.0
83848.0
84025.0
84203.0
84375.0
84542.0
84722.0
84884.0
85061.0
85243.0
85420.0
85595.0
85777.0
85937.0
86113.0
86273.0
86452.0
86631.0
86815.0
86992.0
87174.0
87337.0
87512.0
87690.0
87867.0
88043.0
88216.0
88361.0
88535.0
88698.0
88877.0
89051.0
89221.0
89398.0
89582.0
89750.0
89921.0
90092.0
90267.0
90439.0
90617.0
90791.0
90968.0
91152.0
91323.0
91500.0
91669.0
91838.0
92012.0
92185.0
92356.0
92521.0
92703.0
92885.0
93052.0
93217.0
93399.0
93563.0
93745.0
93924.0
94091.0
94271.0
94446.0
94626.0
94801.0
94968.0
95145.0
95329.0
95503.0
95681.0
95858.0
96025.0
96195.0
96374.0
96554.0
96722.0
96871.0
97040.0
97224.0
97404.0
97586.0
97768.0
97944.0
98110.0
98286.0
98456.0
98631.0
98809.0
98966.0
99123.0
99300.0
99480.0
99655.0
99814.0
99991.0
100156.0
100333.0
100513.0
100697.0
100872.0
101050.0
101226.0
101401.0
101583.0
101738.0
101906.0
102090.0
102263.0
102447.0
102613.0
102779.0
102950.0
103127.0
103291.0
103475.0
103652.0
103815.0
103979.0
104163.0
104339.0
104523.0
104690.0
104859.0
105031.0
105208.0
105373.0
105553.0
105735.0
105907.0
106072.0
106254.0
106438.0
106620.0
106790.0
106963.0
107145.0
107327.0
107502.0
107675.0
107857.0
108039.0
108207.0
108386.0
108566.0
108744.0
108928.0
109092.0
109265.0
109430.0
109597.0
109773.0
109941.0
110111.0
110283.0
110465.0
110642.0
110824.0
111001.0
111173.0
111344.0
111521.0
111705.0
111882.0
112054.0
112226.0
112405.0
112587.0
112766.0
112932.0
113109.0
113287.0
113467.0
113637.0
113813.0
113997.0
114179.0
114363.0
114536.0
114714.0
114884.0
115052.0
115204.0
115366.0
115540.0
115708.0
115876.0
116053.0
116230.0
116414.0
116578.0
116760.0
116942.0
117122.0
117294.0
117478.0
117652.0
117826.0
118008.0
118184.0
118358.0
118537.0
118710.0
118894.0
119070.0
119250.0
119434.0
119616.0
119792.0
119969.0
120147.0
120331.0
120496.0
120676.0
120843.0
121023.0
121189.0
121366.0
121548.0
121724.0
121897.0
122074.0
122246.0
122406.0
122590.0
122764.0
122935.0
123114.0
123298.0
123477.0
123653.0
123827.0
124009.0
124193.0
124366.0
124537.0
124715.0
124895.0
125071.0
125239.0
125416.0
125581.0
125750.0
125918.0
126083.0
126252.0
126427.0
126604.0
126774.0
126956.0
127138.0
127322.0
127504.0
127684.0
127858.0
128040.0
128222.0
128404.0
128575.0
128739.0
128914.0
129096.0
129274.0
129458.0
129642.0
129810.0
129992.0
130172.0
130350.0
130513.0
130688.0
130851.0
131027.0
131204.0
131386.0
131563.0
131736.0
131901.0
132073.0
132227.0
132406.0
132590.0
132770.0
132945.0
133125.0
133303.0
133477.0
133651.0
133823.0
133998.0
134175.0
134352.0
134532.0
134714.0
134881.0
135056.0
135228.0
135399.0
135561.0
135736.0
135916.0
136092.0
136265.0
136438.0
136599.0
136779.0
136949.0
137129.0
137306.0
137481.0
137647.0
137831.0
138008.0
138181.0
138365.0
138547.0
138715.0
138897.0
139079.0
139251.0
139428.0
139600.0
139768.0
139933.0
140099.0
140263.0
140433.0
140596.0
140765.0
140947.0
141129.0
141305.0
141477.0
141655.0
141839.0
142021.0
142183.0
142354.0
142530.0
142710.0
142885.0
143067.0
143242.0
143417.0
143601.0
143776.0
143956.0
144134.0
144301.0
144478.0
144646.0
144810.0
144990.0
145160.0
145340.0
145508.0
145676.0
145855.0
146012.0
146188.0
146362.0
146542.0
146726.0
146901.0
147069.0
147251.0
147423.0
147593.0
147770.0
147932.0
148116.0
148281.0
148455.0
148635.0
148817.0
148985.0
149165.0
149332.0
149516.0
149692.0
149870.0
150035.0
150219.0
150395.0
150575.0
150743.0
150920.0
151090.0
151272.0
151451.0
151633.0
151792.0
151964.0
152146.0
152319.0
152492.0
152663.0
152836.0
153018.0
153197.0
153370.0
153547.0
153721.0
153890.0
154069.0
154239.0
154418.0
154602.0
154786.0
154951.0
155133.0
155317.0
155501.0
155681.0
155845.0
156022.0
156195.0
156367.0
156551.0
156719.0
156881.0
157063.0
157243.0
157425.0
157607.0
157791.0
157966.0
158150.0
158334.0
158501.0
158674.0
158858.0
159031.0
159209.0
159379.0
159538.0
159720.0
159900.0
160077.0
160245.0
160424.0
160590.0
160770.0
160917.0
161101.0
161283.0
161453.0
161631.0
161801.0
161969.0
162151.0
162335.0
162517.0
162701.0
162883.0
163052.0
163220.0
163394.0
163576.0
163755.0
163934.0
164111.0
164293.0
164462.0
164646.0
164826.0
165008.0
165188.0
165343.0
165508.0
165690.0
165872.0
166054.0
166216.0
166398.0
166559.0
166743.0
166922.0
167102.0
167282.0
167460.0
167634.0
167807.0
167987.0
168169.0
168346.0
168519.0
168690.0
168857.0
169026.0
169199.0
169371.0
169553.0
169725.0
169905.0
170085.0
170269.0
170440.0
170620.0
170800.0
170972.0
171146.0
171313.0
171492.0
171671.0
171850.0
172027.0
172209.0
172381.0
172565.0
172747.0
172927.0
173106.0
173286.0
173465.0
173643.0
173815.0
173990.0
174152.0
174319.0
174477.0
174647.0
174829.0
175003.0
175179.0
175363.0
175542.0
175704.0
175876.0
176051.0
176229.0
176413.0
176577.0
176754.0
176931.0
177115.0
177297.0
177473.0
177645.0
177793.0
177968.0
178146.0
178321.0
178505.0
178677.0
178851.0
179023.0
179188.0
179365.0
179530.0
179702.0
179879.0
180061.0
180228.0
180399.0
180579.0
180763.0
180936.0
181120.0
181304.0
181480.0
181653.0
181826.0
181992.0
182167.0
182315.0
182470.0
182650.0
182832.0
183006.0
183175.0
183359.0
183543.0
183725.0
183905.0
184073.0
184251.0
184433.0
184615.0
184790.0
184964.0
185144.0
185322.0
185489.0
185660.0
185840.0
186002.0
186184.0
186363.0
186538.0
186712.0
186885.0
187050.0
187223.0
187398.0
187578.0
187758.0
187942.0
188114.0
188294.0
188471.0
188649.0
188828.0
188998.0
189165.0
189349.0
189520.0
189702.0
189865.0
190025.0
190200.0
190359.0
190543.0
190708.0
190886.0
191056.0
191238.0
191420.0
191596.0
191771.0
191944.0
192107.0
192270.0
192443.0
192618.0
192800.0
192979.0
193153.0
193333.0
193506.0
193685.0
193851.0
194027.0
194192.0
194367.0
194530.0
194710.0
194890.0
195059.0
195243.0
195427.0
195606.0
195776.0
195954.0
196131.0
196303.0
196481.0
196656.0
196811.0
196989.0
197168.0
197352.0
197525.0
197689.0
197856.0
198038.0
198214.0
198381.0
198563.0
198745.0
198906.0
199086.0
199225.0
199407.0
199577.0
199752.0
199917.0
200094.0
200276.0
200451.0
200633.0
200808.0
200976.0
201153.0
201322.0
201478.0
201651.0
201826.0
202008.0
202180.0
202360.0
202542.0
202710.0
202871.0
203030.0
203205.0
203389.0
203567.0
203744.0
203923.0
204080.0
204259.0
204437.0
204614.0
204796.0
204963.0
205141.0
205317.0
205496.0
205678.0
205850.0
206027.0
206199.0
206378.0
206558.0
206723.0
206898.0
207075.0
207255.0
207430.0
207610.0
207779.0
207949.0
208128.0
208310.0
208468.0
208648.0
208825.0
208998.0
209175.0
209336.0
209520.0
209693.0
209877.0
210048.0
210224.0
210404.0
210574.0
210751.0
210926.0
211093.0
211264.0
211446.0
211615.0
211779.0
211963.0
212145.0
212315.0
212492.0
212655.0
212826.0
213010.0
213188.0
213345.0
213518.0
213694.0
213871.0
214044.0
214214.0
214389.0
214557.0
214732.0
214902.0
215086.0
215264.0
215432.0
215616.0
215787.0
215966.0
216134.0
216291.0
216463.0
216645.0
216802.0
216979.0
217163.0
217343.0
217512.0
217690.0
217863.0
218039.0
218213.0
218395.0
218566.0
218750.0
218923.0
219098.0
219280.0
219459.0
219643.0
219825.0
219971.0
220150.0
220332.0
220509.0
220673.0
220838.0
221018.0
221196.0
221356.0
221530.0
221701.0
221883.0
222058.0
222240.0
222391.0
222569.0
222746.0
222923.0
223098.0
223273.0
223434.0
223607.0
223779.0
223959.0
224132.0
224311.0
224471.0
224626.0
224805.0
224974.0
225139.0
225303.0
225474.0
225646.0
225823.0
225992.0
226176.0
226356.0
226528.0
226698.0
226882.0
227048.0
227218.0
227392.0
227569.0
227735.0
227915.0
228097.0
228277.0
228452.0
228634.0
228806.0
228976.0
229148.0
229328.0
229503.0
229683.0
229855.0
230030.0
230201.0
230374.0
230539.0
230698.0
230880.0
231056.0
231223.0
231400.0
231582.0
231741.0
231913.0
232095.0
232261.0
232440.0
232617.0
232801.0
232971.0
233148.0
233319.0
233496.0
233680.0
233855.0
234037.0
234206.0
234390.0
234567.0
234742.0
234926.0
235103.0
235277.0
235451.0
235627.0
235806.0
235988.0
236172.0
236326.0
236500.0
236674.0
236846.0
237014.0
237198.0
237370.0
237547.0
237706.0
237883.0
238065.0
238232.0
238389.0
238555.0
238739.0
238921.0
239091.0
239261.0
239423.0
239593.0
239777.0
239959.0
240141.0
240304.0
240470.0
240644.0
240820.0
240993.0
241163.0
241347.0
241524.0
241687.0
241852.0
242025.0
242204.0
242383.0
242557.0
242735.0
242914.0
243098.0
243282.0
243462.0
243637.0
243804.0
243979.0
244149.0
244331.0
244507.0
244675.0
244838.0
245014.0
245184.0
245366.0
245546.0
245717.0
245894.0
246057.0
246221.0
246387.0
246562.0
246731.0
246915.0
247097.0
247274.0
247447.0
247608.0
247777.0
247956.0
248138.0
248318.0
248495.0
248672.0
248833.0
249010.0
249178.0
249353.0
249535.0
249714.0
249889.0
250057.0
250236.0
250401.0
