a = 0.8
g = 0.2
e = 0.3
random initial weights = true

-523.0
-1516.0
-2071.0
-2783.0
-3455.0
-4102.0
-4648.0
-5196.0
-5610.0
-6040.0
-6518.0
-7013.0
-7482.0
-7941.0
-8363.0
-8844.0
-9332.0
-9790.0
-10242.0
-10117.0
-10535.0
-11017.0
-11479.0
-11362.0
-11783.0
-12223.0
-12684.0
-13107.0
-12935.0
-13365.0
-13829.0
-14249.0
-14667.0
-15091.0
-14923.0
-15337.0
-15813.0
-16240.0
-16089.0
-15915.0
-16334.0
-16174.0
-16600.0
-17017.0
-17468.0
-17889.0
-18306.0
-18149.0
-17986.0
-17832.0
-18264.0
-18118.0
-17960.0
-17809.0
-17658.0
-18076.0
-17917.0
-17745.0
-17576.0
-17413.0
-17241.0
-17069.0
-16899.0
-16723.0
-16553.0
-16379.0
-16233.0
-16073.0
-15906.0
-15740.0
-15564.0
-15394.0
-15220.0
-15048.0
-14891.0
-14724.0
-14606.0
-14436.0
-14287.0
-14119.0
-13949.0
-13777.0
-13610.0
-13450.0
-13279.0
-13115.0
-12943.0
-12780.0
-12617.0
-12458.0
-12302.0
-12149.0
-12003.0
-11836.0
-11678.0
-11512.0
-11336.0
-11164.0
-10996.0
-10832.0
-10664.0
-10490.0
-10318.0
-10144.0
-9974.0
-9798.0
-9630.0
-9463.0
-9301.0
-9129.0
-8955.0
-8792.0
-8618.0
-8447.0
-8277.0
-8128.0
-7966.0
-7803.0
-7629.0
-7459.0
-7297.0
-7134.0
-6974.0
-6813.0
-6639.0
-6470.0
-6298.0
-6126.0
-5963.0
-5801.0
-5633.0
-5472.0
-5302.0
-5128.0
-4970.0
-4809.0
-4669.0
-4498.0
-4337.0
-4172.0
-4003.0
-3839.0
-3674.0
-3502.0
-3335.0
-3176.0
-3007.0
-2840.0
-2668.0
-2497.0
-2321.0
-2169.0
-1997.0
-1830.0
-1664.0
-1502.0
-1328.0
-1168.0
-1009.0
-837.0
-691.0
-527.0
-385.0
-217.0
-49.0
108.0
271.0
436.0
608.0
770.0
942.0
1110.0
1270.0
1438.0
1603.0
1766.0
1935.0
2103.0
2277.0
2448.0
2613.0
2784.0
2937.0
3113.0
3283.0
3445.0
3617.0
3793.0
3964.0
4134.0
4303.0
4466.0
4626.0
4775.0
4951.0
5119.0
5268.0
5433.0
5598.0
5760.0
5929.0
6088.0
6264.0
6424.0
6589.0
6755.0
6927.0
7103.0
7279.0
7453.0
7615.0
7773.0
7934.0
8095.0
8266.0
8434.0
8599.0
8768.0
8944.0
9118.0
9275.0
9441.0
9605.0
9776.0
9936.0
10093.0
10265.0
10421.0
10595.0
10757.0
10926.0
11085.0
11261.0
11431.0
11601.0
11766.0
11938.0
12110.0
12272.0
12439.0
12604.0
12778.0
12925.0
13095.0
13258.0
13428.0
13587.0
13756.0
13924.0
14096.0
14259.0
14435.0
14598.0
14765.0
14941.0
15106.0
15278.0
15450.0
15626.0
15784.0
15954.0
16126.0
16294.0
16461.0
16630.0
16802.0
16967.0
17127.0
17288.0
17457.0
17625.0
17793.0
17950.0
18115.0
18291.0
18463.0
18637.0
18813.0
18985.0
19149.0
19320.0
19496.0
19648.0
19811.0
19985.0
20153.0
20306.0
20478.0
20633.0
20800.0
20956.0
21128.0
21300.0
21456.0
21630.0
21804.0
21959.0
22126.0
22298.0
22470.0
22642.0
22804.0
22974.0
23136.0
23306.0
23460.0
23622.0
23787.0
23956.0
24124.0
24300.0
24464.0
24634.0
24808.0
24978.0
25152.0
25298.0
25462.0
25629.0
25803.0
25967.0
26143.0
26303.0
26473.0
26641.0
26808.0
26972.0
27144.0
27316.0
27478.0
27647.0
27816.0
27990.0
28164.0
28336.0
28502.0
28678.0
28854.0
29007.0
29179.0
29349.0
29517.0
29672.0
29833.0
30003.0
30170.0
30335.0
30503.0
30673.0
30833.0
30997.0
31162.0
31334.0
31497.0
31651.0
31827.0
31999.0
32161.0
32331.0
32503.0
32658.0
32827.0
32997.0
33173.0
33349.0
33514.0
33674.0
33839.0
34015.0
34187.0
34350.0
34522.0
34682.0
34835.0
35006.0
35176.0
35342.0
35497.0
35658.0
35832.0
36003.0
36160.0
36308.0
36475.0
36646.0
36816.0
36981.0
37153.0
37311.0
37459.0
37631.0
37798.0
37961.0
38118.0
38277.0
38441.0
38611.0
38777.0
38946.0
39115.0
39275.0
39441.0
39605.0
39765.0
39939.0
40108.0
40275.0
40449.0
40605.0
40777.0
40927.0
41097.0
41269.0
41429.0
41603.0
41775.0
41940.0
42110.0
42279.0
42451.0
42623.0
42791.0
42963.0
43137.0
43301.0
43471.0
43645.0
43815.0
43977.0
44140.0
44307.0
44468.0
44640.0
44816.0
44976.0
45137.0
45302.0
45469.0
45628.0
45797.0
45969.0
46124.0
46296.0
46466.0
46633.0
46807.0
46978.0
47139.0
47307.0
47472.0
47642.0
47803.0
47968.0
48140.0
48304.0
48478.0
48635.0
48807.0
48974.0
49140.0
49310.0
49464.0
49627.0
49797.0
49958.0
50132.0
50288.0
50452.0
50621.0
50795.0
50960.0
51125.0
51297.0
51471.0
51640.0
51803.0
51970.0
52144.0
52307.0
52467.0
52634.0
52797.0
52965.0
53139.0
53313.0
53477.0
53649.0
53825.0
53992.0
54164.0
54318.0
54486.0
54654.0
54814.0
54986.0
55162.0
55332.0
55501.0
55672.0
55842.0
55999.0
56167.0
56341.0
56498.0
56659.0
56817.0
56980.0
57154.0
57313.0
57489.0
57653.0
57814.0
57979.0
58155.0
58311.0
58481.0
58645.0
58804.0
58976.0
59143.0
59312.0
59488.0
59660.0
59830.0
60004.0
60171.0
60337.0
60499.0
60675.0
60849.0
61016.0
61186.0
61352.0
61523.0
61683.0
61859.0
62026.0
62196.0
62366.0
62534.0
62704.0
62878.0
63040.0
63201.0
63366.0
63527.0
63699.0
63873.0
64049.0
64217.0
64389.0
64551.0
64723.0
64899.0
65061.0
65219.0
65393.0
65565.0
65731.0
65892.0
66062.0
66238.0
66412.0
66588.0
66746.0
66906.0
67067.0
67220.0
67379.0
67538.0
67707.0
67867.0
68016.0
68188.0
68360.0
68534.0
68701.0
68875.0
69042.0
69200.0
69354.0
69524.0
69687.0
69861.0
70035.0
70194.0
70364.0
70538.0
70709.0
70878.0
71054.0
71219.0
71386.0
71546.0
71705.0
71881.0
72047.0
72208.0
72370.0
72546.0
72717.0
72883.0
73045.0
73209.0
73380.0
73537.0
73707.0
73881.0
74035.0
74204.0
74374.0
74537.0
74709.0
74873.0
75043.0
75217.0
75378.0
75545.0
75713.0
75866.0
76036.0
76205.0
76379.0
76547.0
76717.0
76891.0
77058.0
77219.0
77384.0
77558.0
77734.0
77903.0
78067.0
78211.0
78381.0
78552.0
78721.0
78891.0
79063.0
79233.0
79400.0
79572.0
79732.0
79908.0
80069.0
80238.0
80406.0
80582.0
80754.0
80928.0
81093.0
81256.0
81408.0
81565.0
81729.0
81901.0
82071.0
82241.0
82407.0
82566.0
82740.0
82890.0
83066.0
83236.0
83408.0
83573.0
83745.0
83913.0
84078.0
84246.0
84422.0
84570.0
84744.0
84905.0
85081.0
85257.0
85431.0
85591.0
85767.0
85931.0
86088.0
86251.0
86421.0
86588.0
86755.0
86914.0
87082.0
87258.0
87427.0
87594.0
87762.0
87914.0
88086.0
88260.0
88430.0
88602.0
88769.0
88932.0
89101.0
89257.0
89431.0
89590.0
89759.0
89926.0
90084.0
90256.0
90423.0
90587.0
90742.0
90911.0
91081.0
91243.0
91412.0
91578.0
91732.0
91893.0
92049.0
92216.0
92384.0
92542.0
92709.0
92878.0
93050.0
93216.0
93383.0
93548.0
93720.0
93885.0
94061.0
94233.0
94391.0
94547.0
94719.0
94880.0
95050.0
95226.0
95400.0
95559.0
95718.0
95869.0
96033.0
96202.0
96371.0
96519.0
96681.0
96845.0
97019.0
97193.0
97360.0
97532.0
97700.0
97872.0
98040.0
98206.0
98380.0
98550.0
98702.0
98874.0
99050.0
99217.0
99389.0
99561.0
99728.0
99902.0
100057.0
100207.0
100368.0
100534.0
100708.0
100874.0
101032.0
101200.0
101372.0
101540.0
101703.0
101868.0
102036.0
102204.0
102374.0
102546.0
102722.0
102887.0
103058.0
103232.0
103399.0
103570.0
103738.0
103914.0
104083.0
104246.0
104407.0
104574.0
104740.0
104909.0
105074.0
105246.0
105420.0
105596.0
105772.0
105946.0
106122.0
106287.0
106448.0
106622.0
106790.0
106964.0
107133.0
107303.0
107468.0
107640.0
107810.0
107986.0
108158.0
108322.0
108494.0
108666.0
108828.0
108988.0
109155.0
109317.0
109491.0
109661.0
109831.0
109976.0
110152.0
110311.0
110485.0
110640.0
110809.0
110970.0
111136.0
111290.0
111457.0
111619.0
111786.0
111956.0
112130.0
112299.0
112469.0
112634.0
112792.0
112957.0
113118.0
113274.0
113443.0
113613.0
113773.0
113940.0
114110.0
114279.0
114451.0
114615.0
114774.0
114935.0
115107.0
115270.0
115420.0
115575.0
115745.0
115909.0
116076.0
116228.0
116394.0
116566.0
116740.0
116900.0
117071.0
117228.0
117396.0
117568.0
117744.0
117916.0
118069.0
118243.0
118417.0
118591.0
118759.0
118919.0
119085.0
119257.0
119424.0
119588.0
119728.0
119895.0
120067.0
120217.0
120386.0
120558.0
120714.0
120886.0
121060.0
121227.0
121382.0
121552.0
121714.0
121881.0
122043.0
122207.0
122383.0
122553.0
122727.0
122892.0
123060.0
123230.0
123377.0
123549.0
123721.0
123893.0
124067.0
124241.0
124398.0
124569.0
124732.0
124896.0
125049.0
125198.0
125366.0
125534.0
125706.0
125867.0
126029.0
126188.0
126362.0
126536.0
126705.0
126881.0
127046.0
127206.0
127380.0
127548.0
127720.0
127887.0
128040.0
128208.0
128358.0
128532.0
128700.0
128853.0
129003.0
129175.0
129338.0
129514.0
129688.0
129862.0
130038.0
130183.0
130339.0
130509.0
130675.0
130851.0
131020.0
131182.0
131350.0
131505.0
131681.0
131853.0
132016.0
132190.0
132358.0
132532.0
132689.0
132861.0
133033.0
133197.0
133359.0
133533.0
133694.0
133866.0
134036.0
134204.0
134373.0
134547.0
134719.0
134887.0
135045.0
135210.0
135382.0
135556.0
135728.0
135895.0
136071.0
136237.0
136407.0
136581.0
136748.0
136917.0
137084.0
137258.0
137422.0
137590.0
137747.0
137914.0
138090.0
138258.0
138428.0
138579.0
138753.0
138914.0
139088.0
139258.0
139428.0
139598.0
139768.0
139940.0
140090.0
140264.0
140434.0
140601.0
140763.0
140939.0
141106.0
141275.0
141445.0
141608.0
141780.0
141952.0
142120.0
142289.0
142458.0
142630.0
142798.0
142966.0
143142.0
143302.0
143476.0
143643.0
143819.0
143989.0
144156.0
144328.0
144500.0
144670.0
144831.0
145007.0
145172.0
145322.0
145494.0
145668.0
145842.0
146012.0
146186.0
146360.0
146531.0
146707.0
146856.0
146994.0
147170.0
147339.0
147509.0
147681.0
147845.0
148010.0
148179.0
148324.0
148486.0
148654.0
148826.0
148993.0
149159.0
149322.0
149488.0
149658.0
149823.0
149995.0
150171.0
150329.0
150491.0
150660.0
150828.0
150995.0
151167.0
151343.0
151508.0
151676.0
151831.0
152000.0
152176.0
152322.0
152498.0
152661.0
152835.0
152993.0
153152.0
153324.0
153498.0
153668.0
153844.0
154000.0
154172.0
154346.0
154516.0
154684.0
154856.0
155028.0
155204.0
155366.0
155533.0
155704.0
155856.0
156021.0
156193.0
156363.0
156525.0
156693.0
156863.0
157032.0
157200.0
157374.0
157550.0
157724.0
157896.0
158046.0
158222.0
158385.0
158547.0
158715.0
158880.0
159048.0
159224.0
159392.0
159555.0
159718.0
159890.0
160064.0
160225.0
160385.0
160551.0
160725.0
160897.0
161054.0
161223.0
161393.0
161555.0
161721.0
161890.0
162055.0
162213.0
162387.0
162543.0
162703.0
162864.0
163036.0
163210.0
163382.0
163547.0
163716.0
163886.0
164053.0
164220.0
164390.0
164561.0
164722.0
164883.0
165057.0
165225.0
165394.0
165559.0
165735.0
165896.0
166063.0
166237.0
166401.0
166568.0
166742.0
166907.0
167073.0
167239.0
167415.0
167578.0
167748.0
167918.0
168071.0
168243.0
168402.0
168571.0
168741.0
168904.0
169080.0
169245.0
169398.0
169555.0
169717.0
169887.0
170054.0
170230.0
170399.0
170564.0
170732.0
170901.0
171075.0
171233.0
171403.0
171570.0
171738.0
171904.0
172073.0
172222.0
172387.0
172561.0
172729.0
172899.0
173075.0
173247.0
173416.0
173584.0
173751.0
173923.0
174081.0
174253.0
174414.0
174581.0
174757.0
174929.0
175093.0
175267.0
175432.0
175579.0
175748.0
175924.0
176077.0
176240.0
176407.0
176567.0
176734.0
176892.0
177068.0
177240.0
177410.0
177586.0
177758.0
177926.0
178090.0
178260.0
178432.0
178601.0
178773.0
178945.0
179114.0
179284.0
179458.0
179630.0
179801.0
179971.0
180143.0
180308.0
180480.0
180654.0
180814.0
180976.0
181136.0
181308.0
181479.0
181639.0
181805.0
181963.0
182129.0
182289.0
182446.0
182614.0
182786.0
182958.0
183124.0
183292.0
183453.0
183621.0
183772.0
183930.0
184088.0
184244.0
184405.0
184571.0
184747.0
184914.0
185082.0
185253.0
185421.0
185590.0
185764.0
185926.0
186102.0
186273.0
186442.0
186608.0
186776.0
186950.0
187116.0
187290.0
187450.0
187619.0
187788.0
187954.0
188128.0
188289.0
188459.0
188619.0
188789.0
188959.0
189133.0
189301.0
189466.0
189637.0
189788.0
189955.0
190111.0
190279.0
190447.0
190614.0
190786.0
190954.0
191125.0
191288.0
191457.0
191624.0
191781.0
191937.0
192111.0
192279.0
192440.0
192616.0
192774.0
192944.0
193099.0
193248.0
193407.0
193581.0
193755.0
193924.0
194100.0
194269.0
194434.0
194610.0
194771.0
194919.0
195091.0
195263.0
195435.0
195606.0
195770.0
195939.0
196099.0
196273.0
196447.0
196615.0
196791.0
196965.0
197132.0
197286.0
197462.0
197618.0
197784.0
197947.0
198107.0
198272.0
198441.0
198611.0
198781.0
198951.0
199123.0
199292.0
199455.0
199615.0
199765.0
199925.0
200095.0
200264.0
200429.0
200601.0
200775.0
200933.0
201107.0
201273.0
201445.0
201607.0
201776.0
201937.0
202111.0
202275.0
202420.0
202592.0
202759.0
202931.0
203098.0
203264.0
203436.0
203602.0
203778.0
203952.0
204128.0
204292.0
204461.0
204619.0
204795.0
204961.0
205129.0
205287.0
205461.0
205628.0
205791.0
205956.0
206125.0
206290.0
206459.0
206629.0
206791.0
206934.0
207098.0
207270.0
207441.0
207607.0
207781.0
207949.0
208108.0
208275.0
208445.0
208617.0
208785.0
208931.0
209098.0
209256.0
209413.0
209589.0
209761.0
209931.0
210096.0
210246.0
210412.0
210574.0
210733.0
210905.0
211079.0
211246.0
211409.0
211578.0
211735.0
211895.0
212069.0
212233.0
212407.0
212578.0
212754.0
212913.0
213087.0
213255.0
213427.0
213586.0
213751.0
213919.0
214083.0
214254.0
214422.0
214590.0
214762.0
214925.0
215095.0
215260.0
215420.0
215592.0
215766.0
215926.0
216093.0
216256.0
216422.0
216582.0
216744.0
216911.0
217083.0
217257.0
217416.0
217588.0
217749.0
217918.0
218089.0
218265.0
218427.0
218587.0
218745.0
218919.0
219090.0
219255.0
219429.0
219591.0
219746.0
219915.0
220083.0
220257.0
220423.0
220584.0
220735.0
220907.0
221081.0
221248.0
221411.0
221582.0
221756.0
221919.0
222070.0
222239.0
222413.0
222583.0
222748.0
