a = 0.8
g = 0.5
e = 0.3
random initial weights = false

-2759.0
-3440.0
-6056.0
-6579.0
-7149.0
-7608.0
-10120.0
-10686.0
-11149.0
-11595.0
-12040.0
-12476.0
-12892.0
-12895.0
-13315.0
-13784.0
-14239.0
-14660.0
-15088.0
-15518.0
-15945.0
-15808.0
-16227.0
-16664.0
-16564.0
-16396.0
-16230.0
-16064.0
-15897.0
-15742.0
-15572.0
-15405.0
-15269.0
-15100.0
-14939.0
-14790.0
-14620.0
-14461.0
-14290.0
-14122.0
-13956.0
-13791.0
-13630.0
-13471.0
-13302.0
-13126.0
-12963.0
-12789.0
-12619.0
-12453.0
-12288.0
-12126.0
-11960.0
-11804.0
-11641.0
-11487.0
-11329.0
-11171.0
-10997.0
-10821.0
-10669.0
-10502.0
-10330.0
-10163.0
-9993.0
-9831.0
-9662.0
-9493.0
-9329.0
-9157.0
-8986.0
-8830.0
-8664.0
-8495.0
-8340.0
-8176.0
-8023.0
-7849.0
-7680.0
-7508.0
-7364.0
-7190.0
-7026.0
-6857.0
-6694.0
-6527.0
-6360.0
-6198.0
-6049.0
-5888.0
-5728.0
-5557.0
-5400.0
-5233.0
-5068.0
-4912.0
-4743.0
-4574.0
-4416.0
-4258.0
-4086.0
-3917.0
-3764.0
-3592.0
-3434.0
-3266.0
-3107.0
-2946.0
-2790.0
-2630.0
-2460.0
-2288.0
-2112.0
-1944.0
-1787.0
-1625.0
-1461.0
-1287.0
-1134.0
-964.0
-792.0
-634.0
-460.0
-297.0
-127.0
45.0
203.0
372.0
546.0
688.0
856.0
1022.0
1185.0
1329.0
1491.0
1661.0
1829.0
1994.0
2165.0
2341.0
2509.0
2676.0
2843.0
3014.0
3179.0
3353.0
3529.0
3699.0
3861.0
4028.0
4190.0
4366.0
4536.0
4707.0
4868.0
5040.0
5196.0
5353.0
5516.0
5686.0
5856.0
6030.0
6200.0
6369.0
6535.0
6709.0
6876.0
7052.0
7213.0
7356.0
7530.0
7694.0
7862.0
8038.0
8201.0
8377.0
8542.0
8714.0
8888.0
9053.0
9227.0
9398.0
9564.0
9734.0
9899.0
10066.0
10232.0
10406.0
10580.0
10756.0
10917.0
11087.0
11261.0
11429.0
11605.0
11775.0
11944.0
12111.0
12287.0
12459.0
12633.0
12798.0
12965.0
13132.0
13302.0
13465.0
13637.0
13811.0
13980.0
14139.0
14306.0
14456.0
14617.0
14789.0
14954.0
15122.0
15290.0
15466.0
15633.0
15793.0
15967.0
16129.0
16305.0
16473.0
16635.0
16807.0
16972.0
17144.0
17300.0
17459.0
17623.0
17795.0
17971.0
18143.0
18319.0
18478.0
18644.0
18808.0
18978.0
19122.0
19272.0
19427.0
19593.0
19765.0
19929.0
20097.0
20258.0
20432.0
20608.0
20778.0
20954.0
21130.0
21304.0
21473.0
21647.0
21821.0
21975.0
22136.0
22300.0
22457.0
22624.0
22792.0
22951.0
23092.0
23266.0
23438.0
23606.0
23773.0
23941.0
24111.0
24281.0
24437.0
24603.0
24770.0
24930.0
25100.0
25270.0
25433.0
25607.0
25760.0
25930.0
26098.0
26270.0
26426.0
26586.0
26755.0
26917.0
27088.0
27253.0
27400.0
27576.0
27741.0
27913.0
28087.0
28242.0
28414.0
28584.0
28750.0
28914.0
29078.0
29254.0
29421.0
29593.0
29753.0
29907.0
30075.0
30245.0
30414.0
30584.0
30750.0
30921.0
31085.0
31261.0
31422.0
31580.0
31749.0
31910.0
32077.0
32239.0
32395.0
32557.0
32731.0
32888.0
33060.0
33230.0
33398.0
33574.0
33748.0
33919.0
34093.0
34267.0
34437.0
34606.0
34777.0
34943.0
35105.0
35279.0
35455.0
35621.0
35790.0
35942.0
36098.0
36272.0
36439.0
36595.0
36762.0
36934.0
37105.0
37265.0
37419.0
37590.0
37756.0
37912.0
38082.0
38256.0
38417.0
38576.0
38748.0
38917.0
39087.0
39257.0
39392.0
39559.0
39724.0
39891.0
40063.0
40233.0
40400.0
40563.0
40711.0
40883.0
41048.0
41203.0
41358.0
41523.0
41690.0
41862.0
42022.0
42190.0
42349.0
42517.0
42691.0
42853.0
43020.0
43186.0
43362.0
43534.0
43708.0
43880.0
44041.0
44206.0
44380.0
44549.0
44720.0
44870.0
45029.0
45193.0
45363.0
45514.0
45688.0
45858.0
46016.0
46184.0
46347.0
46503.0
46679.0
46846.0
46996.0
47166.0
47331.0
47503.0
47677.0
47847.0
48008.0
48178.0
48350.0
48513.0
48670.0
48838.0
49006.0
49177.0
49345.0
49504.0
49659.0
49835.0
50001.0
50172.0
50348.0
50518.0
50686.0
50860.0
51027.0
51196.0
51358.0
51530.0
51695.0
51860.0
52027.0
52197.0
52357.0
52520.0
52687.0
52853.0
53027.0
53201.0
53375.0
53551.0
53719.0
53889.0
54060.0
54217.0
54367.0
54537.0
54709.0
54879.0
55049.0
55218.0
55369.0
55537.0
55702.0
55872.0
56035.0
56192.0
56355.0
56531.0
56701.0
56869.0
57039.0
57213.0
57364.0
57532.0
57697.0
57853.0
58027.0
58184.0
58354.0
58521.0
58695.0
58858.0
59026.0
59198.0
59367.0
59537.0
59698.0
59866.0
60032.0
60208.0
60378.0
60554.0
60721.0
60897.0
61064.0
61234.0
61399.0
61566.0
61735.0
61901.0
62060.0
62224.0
62383.0
62537.0
62705.0
62865.0
63029.0
63205.0
63362.0
63536.0
63700.0
63874.0
64037.0
64202.0
64358.0
64528.0
64686.0
64856.0
65026.0
65191.0
65365.0
65530.0
65704.0
65874.0
66030.0
66202.0
66365.0
66539.0
66704.0
66874.0
67044.0
67200.0
67362.0
67526.0
67697.0
67859.0
68031.0
68184.0
68356.0
68532.0
68704.0
68876.0
69032.0
69168.0
69340.0
69506.0
69678.0
69834.0
70010.0
70173.0
70325.0
70501.0
70669.0
70843.0
71005.0
71173.0
71335.0
71504.0
71676.0
71848.0
72018.0
72181.0
72355.0
72531.0
72700.0
72866.0
73036.0
73208.0
73374.0
73539.0
73682.0
73848.0
74022.0
74196.0
74365.0
74534.0
74699.0
74873.0
75049.0
75225.0
75389.0
75565.0
75732.0
75895.0
76063.0
76217.0
76381.0
76553.0
76720.0
76880.0
77040.0
77198.0
77366.0
77519.0
77689.0
77859.0
78021.0
78191.0
78359.0
78531.0
78696.0
78861.0
79033.0
79198.0
79370.0
79544.0
79720.0
79894.0
80066.0
80226.0
80398.0
80568.0
80737.0
80896.0
81056.0
81220.0
81377.0
81553.0
81720.0
81883.0
82055.0
82229.0
82403.0
82575.0
82734.0
82900.0
83062.0
83225.0
83384.0
83548.0
83713.0
83879.0
84051.0
84220.0
84396.0
84564.0
84719.0
84881.0
85057.0
85222.0
85387.0
85557.0
85728.0
85886.0
86060.0
86229.0
86397.0
86569.0
86737.0
86913.0
87087.0
87263.0
87422.0
87598.0
87765.0
87925.0
88085.0
88257.0
88420.0
88592.0
88766.0
88931.0
89105.0
89277.0
89443.0
89617.0
89793.0
89964.0
90127.0
90297.0
90471.0
90640.0
90788.0
90957.0
91122.0
91294.0
91456.0
91622.0
91789.0
91959.0
92116.0
92286.0
92462.0
92629.0
92798.0
92958.0
93126.0
93291.0
93465.0
93616.0
93792.0
93968.0
94135.0
94307.0
94471.0
94637.0
94805.0
94963.0
95135.0
95301.0
95459.0
95624.0
95795.0
95967.0
96139.0
96306.0
96480.0
96648.0
96804.0
96972.0
97142.0
97306.0
97449.0
97610.0
97777.0
97953.0
98129.0
98301.0
98470.0
98640.0
98789.0
98959.0
99133.0
99298.0
99440.0
99610.0
99759.0
99933.0
100103.0
100277.0
100444.0
100616.0
100783.0
100953.0
101129.0
101300.0
101451.0
101627.0
101794.0
101966.0
102132.0
102306.0
102473.0
102627.0
102796.0
102959.0
103131.0
103287.0
103454.0
103626.0
103790.0
103964.0
104132.0
104296.0
104466.0
104640.0
104807.0
104969.0
105123.0
105297.0
105469.0
105633.0
105796.0
105961.0
106130.0
106300.0
106472.0
106644.0
106808.0
106982.0
107154.0
107317.0
107487.0
107661.0
107837.0
107997.0
108162.0
108324.0
108493.0
108659.0
108831.0
108995.0
109158.0
109327.0
109496.0
109659.0
109831.0
110002.0
110168.0
110330.0
110495.0
110661.0
110835.0
111005.0
111177.0
111337.0
111494.0
111653.0
111825.0
111997.0
112171.0
112335.0
112506.0
112671.0
112831.0
113002.0
113171.0
113345.0
113509.0
113678.0
113852.0
114014.0
114168.0
114342.0
114507.0
114676.0
114822.0
114987.0
115152.0
115324.0
115488.0
115656.0
115828.0
115988.0
116139.0
116311.0
116483.0
116644.0
116818.0
116989.0
117165.0
117337.0
117502.0
117650.0
117824.0
117998.0
118153.0
118321.0
118495.0
118665.0
118835.0
118991.0
119167.0
119334.0
119494.0
119661.0
119824.0
119986.0
120145.0
120317.0
120485.0
120659.0
120833.0
120982.0
121156.0
121328.0
121484.0
121647.0
121819.0
121993.0
122155.0
122324.0
122495.0
122650.0
122821.0
122986.0
123158.0
123330.0
123506.0
123673.0
123837.0
124004.0
124169.0
124329.0
124483.0
124650.0
124816.0
124980.0
125150.0
125315.0
125485.0
125659.0
125833.0
126003.0
126170.0
126344.0
126520.0
126694.0
126863.0
127028.0
127177.0
127347.0
127515.0
127691.0
127850.0
128020.0
128175.0
128346.0
128506.0
128669.0
128818.0
128988.0
129151.0
129321.0
129489.0
129651.0
129819.0
129991.0
130154.0
130322.0
130494.0
130668.0
130826.0
130994.0
131168.0
131338.0
131512.0
131684.0
131844.0
131996.0
132165.0
132333.0
132501.0
132667.0
132819.0
132977.0
133144.0
133311.0
133467.0
133639.0
133806.0
133956.0
134118.0
134290.0
134460.0
134627.0
134796.0
134954.0
135124.0
135289.0
135461.0
135633.0
135799.0
135971.0
136145.0
136315.0
136481.0
136643.0
136811.0
136987.0
137159.0
137330.0
137506.0
137682.0
137833.0
137995.0
138167.0
138341.0
138509.0
138676.0
138847.0
139019.0
139177.0
139333.0
139501.0
139675.0
139841.0
139996.0
140170.0
140331.0
140488.0
140650.0
140822.0
140987.0
141159.0
141333.0
141484.0
141654.0
141810.0
141965.0
142137.0
142307.0
142471.0
142632.0
142806.0
142975.0
143147.0
143302.0
143478.0
143643.0
143808.0
143950.0
144120.0
144287.0
144454.0
144622.0
144798.0
144967.0
145121.0
145293.0
145461.0
145614.0
145765.0
145926.0
146091.0
146249.0
146413.0
146589.0
146759.0
146924.0
147096.0
147261.0
147422.0
147589.0
147753.0
147925.0
148085.0
148252.0
148426.0
148600.0
148769.0
148935.0
149097.0
149269.0
149429.0
149596.0
149763.0
149933.0
150102.0
150269.0
150439.0
150606.0
150770.0
150934.0
151106.0
151268.0
151426.0
151592.0
151755.0
151927.0
152098.0
152264.0
152431.0
152603.0
152779.0
152944.0
153118.0
153294.0
153463.0
153637.0
153805.0
153971.0
154136.0
154306.0
154474.0
154634.0
154794.0
154964.0
155124.0
155292.0
155462.0
155627.0
155801.0
155970.0
156142.0
156316.0
156486.0
156654.0
156825.0
156992.0
157159.0
157331.0
157505.0
157677.0
157848.0
158015.0
158191.0
158358.0
158522.0
158689.0
158850.0
158990.0
159157.0
159320.0
159494.0
159660.0
159834.0
159997.0
160167.0
160338.0
160501.0
160675.0
160847.0
161021.0
161197.0
161358.0
161525.0
161686.0
161857.0
162031.0
162197.0
162366.0
162540.0
162716.0
162884.0
163058.0
163230.0
163397.0
163559.0
163721.0
163877.0
164042.0
164209.0
164378.0
164540.0
164714.0
164882.0
165047.0
165223.0
165393.0
165553.0
165724.0
165880.0
166046.0
166218.0
166379.0
166553.0
166723.0
166887.0
167054.0
167214.0
167378.0
167536.0
167696.0
167867.0
168034.0
168198.0
168370.0
168532.0
168693.0
168845.0
169009.0
169168.0
169340.0
169516.0
169688.0
169849.0
170023.0
170192.0
170366.0
170538.0
170714.0
170884.0
171053.0
171184.0
171354.0
171522.0
171694.0
171864.0
172040.0
172212.0
172376.0
172538.0
172700.0
172870.0
173044.0
173214.0
173374.0
173546.0
173715.0
173885.0
174052.0
174226.0
174402.0
174567.0
174728.0
174898.0
175053.0
175209.0
175385.0
175554.0
175723.0
175888.0
176058.0
176225.0
176392.0
176556.0
176730.0
176904.0
177063.0
177237.0
177406.0
177580.0
177750.0
177916.0
178084.0
178251.0
178427.0
178588.0
178757.0
178931.0
179105.0
179267.0
179432.0
179596.0
179770.0
179938.0
180112.0
180288.0
180457.0
180625.0
180791.0
180959.0
181128.0
181292.0
181468.0
181628.0
181804.0
181967.0
182141.0
182312.0
182482.0
182658.0
182826.0
182988.0
183160.0
183332.0
183498.0
183663.0
183828.0
183990.0
184160.0
184331.0
184507.0
184674.0
184846.0
185018.0
185184.0
185353.0
185519.0
185685.0
185837.0
185995.0
186148.0
186310.0
186477.0
186647.0
186803.0
186970.0
187133.0
187298.0
187467.0
187625.0
187774.0
187943.0
188104.0
188278.0
188452.0
188608.0
188773.0
188942.0
189109.0
189264.0
189440.0
189607.0
189783.0
189951.0
190127.0
190292.0
190457.0
190626.0
190792.0
190966.0
191127.0
191283.0
191451.0
191619.0
191789.0
191958.0
192130.0
192297.0
192473.0
192642.0
192816.0
192984.0
193139.0
193311.0
193485.0
193653.0
193821.0
193986.0
194158.0
194329.0
194491.0
194658.0
194823.0
194981.0
195155.0
195315.0
195481.0
195641.0
195811.0
195976.0
196148.0
196318.0
196481.0
196651.0
196823.0
196999.0
197173.0
197344.0
197514.0
197669.0
197833.0
197995.0
198158.0
198334.0
198510.0
198680.0
198847.0
199021.0
199176.0
199344.0
199518.0
199689.0
199855.0
200029.0
200192.0
200361.0
200516.0
200690.0
200860.0
201027.0
201188.0
201357.0
201526.0
201702.0
201864.0
202026.0
202187.0
202353.0
202506.0
202670.0
202844.0
203020.0
203194.0
203366.0
203530.0
203700.0
203866.0
204036.0
204206.0
204372.0
204542.0
204714.0
204882.0
205051.0
205221.0
205393.0
205563.0
205723.0
205895.0
206067.0
206223.0
206394.0
206561.0
206731.0
206903.0
207061.0
207224.0
207393.0
207569.0
207736.0
207902.0
208069.0
208213.0
208375.0
208549.0
208714.0
208882.0
209056.0
209211.0
209380.0
209549.0
209725.0
209895.0
210056.0
210221.0
210391.0
210567.0
210739.0
210898.0
211057.0
211227.0
211395.0
211566.0
211732.0
211890.0
212053.0
212214.0
212384.0
212556.0
212712.0
212884.0
213044.0
213218.0
213383.0
213553.0
213724.0
213894.0
214070.0
214235.0
214400.0
214569.0
214720.0
214896.0
215060.0
215219.0
215387.0
215561.0
215726.0
215900.0
216063.0
216231.0
216407.0
216578.0
216739.0
216913.0
217073.0
217247.0
217412.0
217575.0
217739.0
217911.0
218085.0
218234.0
218402.0
218578.0
218724.0
218876.0
219050.0
219224.0
219400.0
219569.0
219743.0
219917.0
220084.0
220251.0
220402.0
220574.0
220750.0
220921.0
221078.0
221228.0
221398.0
221566.0
221710.0
221886.0
222053.0
222218.0
222373.0
222549.0
222720.0
222885.0
223035.0
223209.0
223370.0
223544.0
223715.0
223886.0
224054.0
224204.0
224350.0
224512.0
224675.0
224824.0
224994.0
225153.0
225321.0
225489.0
225648.0
225819.0
225966.0
226135.0
226309.0
226460.0
226610.0
226775.0
226944.0
227111.0
227287.0
227459.0
227631.0
227803.0
227970.0
228139.0
228313.0
228487.0
228659.0
228828.0
228994.0
229161.0
229314.0
