a = 0.2
g = 0.8
e = 0.1
random initial weights = true

-1047.0
-1503.0
-2182.0
-4834.0
-5300.0
-5754.0
-6219.0
-6653.0
-7226.0
-7729.0
-8189.0
-8630.0
-9056.0
-11556.0
-11994.0
-12431.0
-12868.0
-13328.0
-13773.0
-16205.0
-16678.0
-16530.0
-16941.0
-17373.0
-17830.0
-18249.0
-18662.0
-19134.0
-19588.0
-19463.0
-19895.0
-19725.0
-22121.0
-21961.0
-22372.0
-22795.0
-23206.0
-23631.0
-24044.0
-24474.0
-24911.0
-25343.0
-25756.0
-26179.0
-26010.0
-26421.0
-26840.0
-26670.0
-26492.0
-26314.0
-26140.0
-25966.0
-25788.0
-25631.0
-26047.0
-28454.0
-28287.0
-28109.0
-27931.0
-27757.0
-27581.0
-27405.0
-27234.0
-27063.0
-26889.0
-26711.0
-26533.0
-26357.0
-26183.0
-26007.0
-25834.0
-25664.0
-25486.0
-25308.0
-25130.0
-24952.0
-24776.0
-24603.0
-24427.0
-24254.0
-24083.0
-23905.0
-23727.0
-23551.0
-23373.0
-23195.0
-23017.0
-22844.0
-22671.0
-22495.0
-22317.0
-22141.0
-21963.0
-21787.0
-21611.0
-21435.0
-21259.0
-21083.0
-20910.0
-20732.0
-20561.0
-20385.0
-20221.0
-20047.0
-19874.0
-19703.0
-19525.0
-19347.0
-19169.0
-18991.0
-18815.0
-18637.0
-18463.0
-18285.0
-18119.0
-17941.0
-17763.0
-17585.0
-17409.0
-17233.0
-17059.0
-16885.0
-16709.0
-16535.0
-16364.0
-16186.0
-16014.0
-15838.0
-15660.0
-15484.0
-15313.0
-15135.0
-14957.0
-14786.0
-14608.0
-14430.0
-14252.0
-14078.0
-13907.0
-13731.0
-13555.0
-13384.0
-13211.0
-13035.0
-12859.0
-12683.0
-12507.0
-12329.0
-12156.0
-11978.0
-11800.0
-11627.0
-11449.0
-11271.0
-11095.0
-10917.0
-10739.0
-10561.0
-10383.0
-10209.0
-10033.0
-9855.0
-9679.0
-9503.0
-9332.0
-9158.0
-8980.0
-8804.0
-8628.0
-8452.0
-8281.0
-8105.0
-7929.0
-7751.0
-7573.0
-7395.0
-7217.0
-7041.0
-6863.0
-6685.0
-6509.0
-6331.0
-6155.0
-5977.0
-5799.0
-5621.0
-5449.0
-5271.0
-5095.0
-4919.0
-4745.0
-4567.0
-4393.0
-4215.0
-4042.0
-3864.0
-3686.0
-3508.0
-3330.0
-3152.0
-2979.0
-2801.0
-2623.0
-2445.0
-2272.0
-2096.0
-1918.0
-1740.0
-1562.0
-1384.0
-1212.0
-1039.0
-861.0
-687.0
-511.0
-333.0
-155.0
21.0
199.0
372.0
546.0
724.0
902.0
1074.0
1252.0
1426.0
1604.0
1776.0
1952.0
2128.0
2306.0
2484.0
2662.0
2840.0
3018.0
3196.0
3374.0
3547.0
3723.0
3899.0
4073.0
4247.0
4423.0
4601.0
4779.0
4955.0
5128.0
5304.0
5482.0
5658.0
5834.0
6012.0
6188.0
6360.0
6538.0
6714.0
6887.0
7063.0
7239.0
7412.0
7590.0
7764.0
7940.0
8118.0
8296.0
8474.0
8643.0
8821.0
8994.0
9170.0
9348.0
9526.0
9702.0
9880.0
10056.0
10234.0
10405.0
10583.0
10761.0
10937.0
11115.0
11293.0
11461.0
11639.0
11815.0
11991.0
12169.0
12347.0
12523.0
12699.0
12873.0
13049.0
13219.0
13392.0
13568.0
13741.0
13919.0
14095.0
14273.0
14447.0
14625.0
14803.0
14976.0
15154.0
15332.0
15508.0
15680.0
15858.0
16034.0
16212.0
16390.0
16568.0
16746.0
16919.0
17095.0
17266.0
17437.0
17615.0
17793.0
17971.0
18149.0
18325.0
18503.0
18681.0
18857.0
19035.0
19209.0
19387.0
19565.0
19739.0
19915.0
20089.0
20262.0
20440.0
20618.0
20796.0
20972.0
21150.0
21326.0
21499.0
21677.0
21848.0
22026.0
22204.0
22382.0
22560.0
22738.0
22909.0
23087.0
23261.0
23439.0
23617.0
23793.0
23966.0
24142.0
24320.0
24496.0
24670.0
24844.0
25017.0
25193.0
25371.0
25547.0
25723.0
25899.0
26075.0
26253.0
26431.0
26603.0
26781.0
26951.0
27122.0
27294.0
27470.0
27644.0
27820.0
27998.0
28176.0
28354.0
28530.0
28706.0
28884.0
29062.0
29240.0
29409.0
29587.0
29756.0
29932.0
30108.0
30286.0
30464.0
30642.0
30818.0
30994.0
31172.0
31350.0
31526.0
31704.0
31880.0
32058.0
32234.0
32412.0
32588.0
32764.0
32940.0
33118.0
33296.0
33474.0
33652.0
33830.0
34008.0
34173.0
34351.0
34529.0
34707.0
34885.0
35054.0
35228.0
35404.0
35582.0
35760.0
35936.0
36112.0
36290.0
36466.0
36642.0
36813.0
36987.0
37165.0
37343.0
37507.0
37678.0
37846.0
38020.0
38196.0
38372.0
38550.0
38721.0
38899.0
39077.0
39255.0
39433.0
39611.0
39789.0
39967.0
40140.0
40318.0
40494.0
40670.0
40848.0
41014.0
41190.0
41368.0
41544.0
41722.0
41898.0
42076.0
42252.0
42430.0
42606.0
42779.0
42957.0
43129.0
43307.0
43485.0
43661.0
43839.0
44017.0
44195.0
44371.0
44547.0
44723.0
44901.0
45075.0
45253.0
45429.0
45607.0
45785.0
45959.0
46137.0
46315.0
46491.0
46669.0
46843.0
47021.0
47199.0
47377.0
47555.0
47733.0
47911.0
48089.0
48267.0
48443.0
48621.0
48799.0
48977.0
49151.0
49327.0
49503.0
49681.0
49859.0
50037.0
50215.0
50391.0
50567.0
50745.0
50923.0
51096.0
51274.0
51440.0
51616.0
51787.0
51965.0
52143.0
52319.0
52495.0
52668.0
52844.0
53022.0
53186.0
53359.0
53535.0
53713.0
53891.0
54069.0
54247.0
54421.0
54599.0
54777.0
54953.0
55127.0
55303.0
55479.0
55653.0
55829.0
55998.0
56174.0
56350.0
56526.0
56702.0
56876.0
57049.0
57220.0
57398.0
57568.0
57746.0
57924.0
58102.0
58276.0
58446.0
58624.0
58795.0
58973.0
59149.0
59320.0
59498.0
59674.0
59850.0
60026.0
60204.0
60380.0
60558.0
60734.0
60910.0
61086.0
61262.0
61440.0
61616.0
61794.0
61972.0
62150.0
62328.0
62498.0
62676.0
62850.0
63028.0
63199.0
63377.0
63553.0
63729.0
63900.0
64078.0
64256.0
64434.0
64612.0
64788.0
64964.0
65142.0
65320.0
65491.0
65669.0
65843.0
66021.0
66197.0
66373.0
66551.0
66729.0
66900.0
67078.0
67256.0
67430.0
67608.0
67782.0
67960.0
68138.0
68312.0
68486.0
68664.0
68842.0
69018.0
69196.0
69374.0
69552.0
69728.0
69906.0
70082.0
70258.0
70434.0
70612.0
70790.0
70966.0
71137.0
71310.0
71488.0
71666.0
71844.0
72022.0
72200.0
72368.0
72546.0
72714.0
72888.0
73066.0
73242.0
73409.0
73587.0
73760.0
73938.0
74111.0
74282.0
74460.0
74638.0
74816.0
74994.0
75172.0
75350.0
75523.0
75694.0
75870.0
76048.0
76226.0
76404.0
76580.0
76758.0
76934.0
77112.0
77284.0
77462.0
77640.0
77816.0
77994.0
78172.0
78348.0
78518.0
78688.0
78866.0
79034.0
79212.0
79388.0
79564.0
79740.0
79918.0
80091.0
80269.0
80445.0
80623.0
80797.0
80971.0
81149.0
81327.0
81505.0
81681.0
81854.0
82023.0
82201.0
82377.0
82551.0
82729.0
82905.0
83081.0
83257.0
83431.0
83595.0
83773.0
83951.0
84129.0
84307.0
84485.0
84654.0
84832.0
85008.0
85181.0
85359.0
85535.0
85708.0
85886.0
86056.0
86234.0
86407.0
86585.0
86761.0
86939.0
87107.0
87285.0
87463.0
87639.0
87810.0
87976.0
88154.0
88332.0
88510.0
88688.0
88866.0
89042.0
89216.0
89394.0
89572.0
89750.0
89926.0
90102.0
90280.0
90458.0
90632.0
90800.0
90976.0
91152.0
91325.0
91497.0
91675.0
91849.0
92027.0
92200.0
92376.0
92554.0
92732.0
92910.0
93088.0
93266.0
93442.0
93620.0
93791.0
93967.0
94130.0
94308.0
94482.0
94658.0
94836.0
95012.0
95190.0
95368.0
95544.0
95722.0
95891.0
96069.0
96247.0
96425.0
96601.0
96779.0
96957.0
97133.0
97309.0
97481.0
97657.0
97831.0
98007.0
98180.0
98358.0
98532.0
98708.0
98886.0
99064.0
99238.0
99409.0
99587.0
99763.0
99941.0
100119.0
100297.0
100473.0
100642.0
100818.0
100996.0
101174.0
101347.0
101525.0
101701.0
101877.0
102055.0
102233.0
102411.0
102587.0
102765.0
102943.0
103114.0
103292.0
103468.0
103646.0
103824.0
104002.0
104176.0
104352.0
104530.0
104706.0
104882.0
105060.0
105238.0
105416.0
105587.0
105761.0
105939.0
106115.0
106293.0
106454.0
106628.0
106806.0
106980.0
107156.0
107322.0
107500.0
107674.0
107843.0
108019.0
108195.0
108373.0
108545.0
108723.0
108897.0
109073.0
109249.0
109425.0
109603.0
109781.0
109955.0
110128.0
110304.0
110482.0
110660.0
110838.0
111016.0
111194.0
111372.0
111550.0
111726.0
111902.0
112080.0
112256.0
112429.0
112602.0
112780.0
112958.0
113134.0
113312.0
113490.0
113668.0
113836.0
114014.0
114192.0
114368.0
114546.0
114718.0
114896.0
115064.0
115242.0
115416.0
115589.0
115762.0
115938.0
116116.0
116284.0
116460.0
116636.0
116814.0
116987.0
117165.0
117343.0
117517.0
117695.0
117869.0
118047.0
118221.0
118397.0
118573.0
118746.0
118924.0
119098.0
119274.0
119448.0
119619.0
119790.0
119966.0
120144.0
120322.0
120500.0
120673.0
120844.0
121022.0
121198.0
121370.0
121548.0
121717.0
121893.0
122069.0
122247.0
122423.0
122596.0
122768.0
122940.0
123116.0
123294.0
123472.0
123648.0
123821.0
123999.0
124177.0
124355.0
124528.0
124704.0
124882.0
125060.0
125238.0
125414.0
125588.0
125764.0
125931.0
126107.0
126285.0
126459.0
126635.0
126811.0
126982.0
127160.0
127338.0
127516.0
127694.0
127870.0
128048.0
128224.0
128402.0
128578.0
128751.0
128927.0
129099.0
129277.0
129450.0
129617.0
129795.0
129969.0
130147.0
130325.0
130503.0
130681.0
130855.0
131026.0
131204.0
131380.0
131558.0
131734.0
131912.0
132090.0
132268.0
132444.0
132622.0
132800.0
132971.0
133138.0
133312.0
133488.0
133662.0
133836.0
134014.0
134190.0
134366.0
134544.0
134710.0
134888.0
135062.0
135238.0
135416.0
135592.0
135768.0
135942.0
136120.0
136296.0
136474.0
136648.0
136826.0
136999.0
137169.0
137347.0
137525.0
137703.0
137873.0
138049.0
138227.0
138396.0
138572.0
138748.0
138924.0
139102.0
139280.0
139449.0
139627.0
139796.0
139972.0
140150.0
140321.0
140499.0
140677.0
140853.0
141031.0
141209.0
141383.0
141557.0
141735.0
141908.0
142084.0
142260.0
142438.0
142614.0
142792.0
142966.0
143144.0
143320.0
143498.0
143676.0
143854.0
144032.0
144210.0
144388.0
144566.0
144744.0
144913.0
145089.0
145267.0
145441.0
145619.0
145797.0
145973.0
146149.0
146320.0
146498.0
146676.0
146852.0
147028.0
147206.0
147377.0
147555.0
147733.0
147911.0
148089.0
148267.0
148443.0
148614.0
148792.0
148963.0
149139.0
149317.0
149486.0
149664.0
149842.0
150018.0
150190.0
150363.0
150539.0
150715.0
150893.0
151069.0
151242.0
151418.0
151596.0
151774.0
151952.0
152128.0
152306.0
152484.0
152660.0
152838.0
153014.0
153190.0
153368.0
153541.0
153717.0
153884.0
154060.0
154238.0
154416.0
154590.0
154766.0
154944.0
155120.0
155296.0
155474.0
155652.0
155830.0
156008.0
156182.0
156356.0
156534.0
156710.0
156886.0
157059.0
157237.0
157415.0
157593.0
157766.0
157944.0
158120.0
158296.0
158474.0
158652.0
158828.0
158996.0
159174.0
159348.0
159524.0
159702.0
159875.0
160051.0
160229.0
160407.0
160585.0
160758.0
160934.0
161108.0
161286.0
161457.0
161633.0
161809.0
161987.0
162165.0
162341.0
162514.0
162692.0
162870.0
163044.0
163218.0
163396.0
163574.0
163747.0
163925.0
164103.0
164281.0
164450.0
164624.0
164797.0
164969.0
165147.0
165325.0
165503.0
165677.0
165850.0
166028.0
166206.0
166379.0
166557.0
166733.0
166907.0
167083.0
167259.0
167437.0
167613.0
167777.0
167955.0
168133.0
168311.0
168487.0
168663.0
168841.0
169017.0
169195.0
169366.0
169544.0
169715.0
169893.0
170071.0
170249.0
170420.0
170598.0
170769.0
170947.0
171125.0
171301.0
171479.0
171657.0
171833.0
172009.0
172185.0
172354.0
172530.0
172708.0
172884.0
173058.0
173236.0
173410.0
173588.0
173766.0
173938.0
174112.0
174290.0
174466.0
174644.0
174820.0
174988.0
175166.0
175344.0
175518.0
175696.0
175874.0
176050.0
176228.0
176404.0
176582.0
176756.0
176929.0
177107.0
177285.0
177463.0
177641.0
177813.0
177989.0
178163.0
178336.0
178514.0
178687.0
178865.0
179041.0
179215.0
179393.0
179569.0
179747.0
179923.0
180099.0
180275.0
180453.0
180631.0
180809.0
180987.0
181165.0
181341.0
181514.0
181690.0
181858.0
182034.0
182210.0
182383.0
182561.0
182739.0
182917.0
183095.0
183273.0
183451.0
183629.0
183807.0
183976.0
184154.0
184325.0
184503.0
184681.0
184852.0
185030.0
185208.0
185386.0
185564.0
185742.0
185913.0
186091.0
186267.0
186436.0
186612.0
186790.0
186968.0
187137.0
187315.0
187491.0
187662.0
187838.0
188012.0
188190.0
188368.0
188544.0
188722.0
188898.0
189074.0
189252.0
189428.0
189606.0
189774.0
189952.0
190119.0
190290.0
190468.0
190646.0
190822.0
190998.0
191170.0
191346.0
191519.0
191691.0
191869.0
192045.0
192223.0
192401.0
192579.0
192757.0
192935.0
193105.0
193283.0
193457.0
193633.0
193809.0
193985.0
194156.0
194332.0
194510.0
194686.0
194864.0
195042.0
195220.0
195396.0
195572.0
195743.0
195916.0
196094.0
196267.0
196445.0
196621.0
196799.0
196977.0
197153.0
197327.0
197505.0
197683.0
197854.0
198030.0
198208.0
198379.0
198557.0
198733.0
198911.0
199089.0
199265.0
199443.0
199612.0
199790.0
199968.0
200146.0
200313.0
200491.0
200660.0
200838.0
201012.0
201190.0
201368.0
201546.0
201724.0
201900.0
202078.0
202256.0
202434.0
202612.0
202785.0
202961.0
203139.0
203315.0
203479.0
203657.0
203830.0
204008.0
204184.0
204360.0
204538.0
204716.0
204894.0
205072.0
205250.0
205428.0
205604.0
205782.0
205954.0
206125.0
206303.0
206481.0
206659.0
206833.0
207011.0
207189.0
207367.0
207545.0
207719.0
207897.0
208075.0
208253.0
208431.0
208605.0
208783.0
208961.0
209139.0
209312.0
209486.0
209662.0
209838.0
210016.0
210194.0
210370.0
210548.0
210724.0
210896.0
211070.0
211248.0
211426.0
211602.0
211780.0
211956.0
212134.0
212312.0
212488.0
212666.0
212844.0
213020.0
213196.0
213374.0
213550.0
213726.0
213902.0
214078.0
214249.0
214425.0
214597.0
214773.0
214951.0
215129.0
215305.0
215481.0
215653.0
215831.0
216009.0
216185.0
216354.0
216525.0
216701.0
216879.0
217057.0
217233.0
217409.0
217587.0
217763.0
217941.0
218117.0
218286.0
218462.0
218640.0
218805.0
218979.0
219152.0
219330.0
219508.0
219684.0
219860.0
220036.0
220209.0
220385.0
220561.0
220732.0
220906.0
221082.0
221255.0
221433.0
221603.0
221781.0
221959.0
222135.0
222313.0
222491.0
222669.0
222842.0
223015.0
223188.0
223364.0
223540.0
223718.0
223891.0
224069.0
224247.0
224425.0
224601.0
224779.0
224953.0
225122.0
225298.0
225476.0
