a = 0.5
g = 0.2
e = 0.5
random initial weights = true

-2769.0
-5235.0
-6044.0
-6575.0
-7064.0
-7958.0
-8815.0
-9474.0
-10217.0
-10722.0
-11479.0
-11981.0
-12438.0
-12865.0
-13390.0
-14002.0
-14489.0
-14962.0
-15484.0
-16004.0
-16445.0
-16958.0
-17387.0
-17839.0
-18272.0
-18801.0
-19286.0
-19751.0
-20237.0
-20689.0
-21151.0
-21638.0
-22087.0
-22534.0
-23276.0
-23140.0
-23652.0
-24082.0
-24502.0
-24970.0
-25430.0
-25869.0
-26312.0
-26788.0
-27247.0
-27736.0
-27622.0
-28054.0
-28473.0
-28907.0
-29347.0
-29766.0
-30236.0
-30715.0
-30558.0
-30984.0
-31425.0
-31853.0
-32377.0
-32859.0
-33299.0
-33142.0
-32968.0
-32849.0
-32694.0
-32534.0
-32983.0
-33413.0
-33270.0
-33696.0
-33526.0
-33378.0
-33808.0
-34243.0
-34657.0
-35071.0
-34907.0
-34769.0
-34630.0
-34501.0
-34329.0
-34173.0
-34039.0
-33891.0
-33733.0
-33565.0
-33399.0
-33243.0
-33110.0
-32956.0
-32795.0
-32638.0
-32484.0
-32317.0
-32160.0
-31995.0
-31849.0
-31700.0
-31530.0
-31371.0
-31235.0
-31063.0
-30905.0
-30752.0
-30589.0
-30442.0
-30279.0
-30111.0
-29954.0
-29807.0
-29648.0
-29505.0
-29370.0
-29298.0
-29227.0
-29092.0
-28945.0
-28786.0
-28628.0
-28503.0
-28352.0
-28183.0
-28040.0
-27878.0
-27723.0
-27605.0
-27438.0
-27293.0
-27137.0
-26978.0
-26812.0
-26644.0
-26486.0
-26358.0
-26195.0
-26046.0
-25887.0
-25734.0
-25579.0
-25460.0
-25308.0
-25155.0
-24979.0
-24812.0
-24642.0
-24489.0
-24348.0
-24192.0
-24032.0
-23874.0
-23726.0
-23563.0
-23387.0
-23244.0
-23074.0
-22958.0
-22814.0
-22652.0
-22552.0
-22391.0
-22223.0
-22058.0
-21923.0
-21759.0
-21647.0
-21500.0
-21338.0
-21164.0
-21050.0
-20876.0
-20742.0
-20592.0
-20433.0
-20278.0
-20125.0
-19967.0
-19904.0
-19743.0
-19664.0
-19511.0
-19370.0
-19210.0
-19052.0
-18910.0
-18747.0
-18598.0
-18455.0
-18291.0
-18143.0
-17996.0
-17879.0
-17729.0
-17564.0
-17435.0
-17279.0
-17103.0
-16937.0
-16775.0
-16610.0
-16455.0
-16314.0
-16172.0
-16011.0
-15839.0
-15689.0
-15521.0
-15361.0
-15229.0
-15095.0
-14933.0
-14765.0
-14613.0
-14460.0
-14302.0
-14128.0
-13998.0
-13856.0
-13691.0
-13536.0
-13395.0
-13251.0
-13087.0
-12920.0
-12777.0
-12617.0
-12464.0
-12319.0
-12157.0
-12001.0
-11835.0
-11677.0
-11519.0
-11397.0
-11223.0
-11095.0
-10959.0
-10817.0
-10679.0
-10517.0
-10398.0
-10234.0
-10077.0
-9918.0
-9762.0
-9588.0
-9438.0
-9321.0
-9173.0
-9026.0
-8908.0
-8746.0
-8605.0
-8439.0
-8286.0
-8146.0
-7982.0
-7824.0
-7672.0
-7530.0
-7387.0
-7235.0
-7068.0
-6941.0
-6796.0
-6659.0
-6511.0
-6362.0
-6199.0
-6050.0
-5891.0
-5722.0
-5552.0
-5405.0
-5242.0
-5098.0
-4955.0
-4793.0
-4634.0
-4494.0
-4353.0
-4181.0
-4015.0
-3867.0
-3705.0
-3604.0
-3465.0
-3303.0
-3149.0
-2991.0
-2840.0
-2702.0
-2538.0
-2378.0
-2204.0
-2043.0
-1897.0
-1745.0
-1614.0
-1459.0
-1290.0
-1139.0
-989.0
-832.0
-682.0
-532.0
-367.0
-211.0
-37.0
118.0
279.0
417.0
561.0
711.0
849.0
987.0
1128.0
1274.0
1415.0
1562.0
1724.0
1896.0
2058.0
2217.0
2382.0
2522.0
2687.0
2839.0
2978.0
3125.0
3259.0
3413.0
3524.0
3685.0
3838.0
3992.0
4160.0
4286.0
4460.0
4621.0
4774.0
4936.0
5092.0
5264.0
5416.0
5567.0
5727.0
5867.0
6039.0
6211.0
6371.0
6522.0
6664.0
6801.0
6945.0
7108.0
7247.0
7419.0
7593.0
7756.0
7909.0
8059.0
8225.0
8391.0
8550.0
8705.0
8876.0
9032.0
9188.0
9329.0
9489.0
9656.0
9813.0
9946.0
10104.0
10254.0
10405.0
10561.0
10698.0
10840.0
10980.0
11131.0
11287.0
11447.0
11605.0
11745.0
11910.0
12077.0
12240.0
12394.0
12562.0
12726.0
12886.0
13016.0
13170.0
13335.0
13475.0
13645.0
13789.0
13959.0
14126.0
14271.0
14417.0
14573.0
14745.0
14905.0
15076.0
15248.0
15408.0
15561.0
15693.0
15851.0
15993.0
16156.0
16299.0
16458.0
16617.0
16772.0
16922.0
17073.0
17245.0
17373.0
17533.0
17663.0
17816.0
17974.0
18144.0
18303.0
18428.0
18547.0
18707.0
18860.0
19003.0
19164.0
19329.0
19491.0
19644.0
19814.0
19956.0
20118.0
20262.0
20416.0
20575.0
20706.0
20864.0
21003.0
21140.0
21294.0
21454.0
21601.0
21764.0
21918.0
22046.0
22218.0
22389.0
22533.0
22673.0
22820.0
22930.0
23100.0
23270.0
23433.0
23597.0
23738.0
23903.0
24023.0
24182.0
24340.0
24482.0
24647.0
24776.0
24946.0
25097.0
25245.0
25409.0
25567.0
25703.0
25833.0
25975.0
26119.0
26282.0
26435.0
26588.0
26762.0
26904.0
27071.0
27231.0
27393.0
27540.0
27684.0
27852.0
28002.0
28156.0
28317.0
28475.0
28647.0
28785.0
28952.0
29107.0
29243.0
29413.0
29551.0
29695.0
29840.0
29971.0
30130.0
30249.0
30385.0
30542.0
30688.0
30860.0
31003.0
31157.0
31310.0
31466.0
31630.0
31770.0
31929.0
32087.0
32244.0
32401.0
32544.0
32675.0
32847.0
33015.0
33184.0
33347.0
33495.0
33660.0
33790.0
33959.0
34110.0
34280.0
34445.0
34605.0
34769.0
34945.0
35109.0
35258.0
35428.0
35579.0
35696.0
35863.0
35993.0
36159.0
36333.0
36497.0
36652.0
36808.0
36967.0
37116.0
37286.0
37441.0
37611.0
37737.0
37905.0
38065.0
38217.0
38382.0
38548.0
38689.0
38859.0
39020.0
39149.0
39306.0
39455.0
39613.0
39783.0
39905.0
40060.0
40209.0
40346.0
40482.0
40641.0
40793.0
40931.0
41085.0
41233.0
41399.0
41564.0
41722.0
41882.0
42041.0
42201.0
42361.0
42493.0
42656.0
42793.0
42963.0
43113.0
43276.0
43439.0
43569.0
43711.0
43862.0
44018.0
44179.0
44351.0
44507.0
44651.0
44798.0
44970.0
45120.0
45253.0
45405.0
45552.0
45715.0
45876.0
46019.0
46173.0
46347.0
46515.0
46668.0
46805.0
46937.0
47071.0
47208.0
47369.0
47540.0
47664.0
47823.0
47959.0
48118.0
48277.0
48440.0
48596.0
48722.0
48892.0
49052.0
49207.0
49348.0
49507.0
49668.0
49826.0
49998.0
50167.0
50309.0
50467.0
50633.0
50800.0
50972.0
51097.0
51254.0
51415.0
51549.0
51639.0
51773.0
51924.0
52079.0
52253.0
52404.0
52570.0
52735.0
52892.0
53047.0
53176.0
53325.0
53493.0
53661.0
53811.0
53987.0
54145.0
54301.0
54444.0
54601.0
54775.0
54919.0
55051.0
55199.0
55358.0
55521.0
55655.0
55792.0
55901.0
56059.0
56193.0
56349.0
56505.0
56671.0
56823.0
56957.0
57114.0
57278.0
57428.0
57588.0
57752.0
57899.0
58044.0
58204.0
58367.0
58533.0
58690.0
58836.0
59004.0
59161.0
59329.0
59463.0
59614.0
59777.0
59902.0
60048.0
60184.0
60358.0
60518.0
60682.0
60813.0
60955.0
61098.0
61246.0
61420.0
61577.0
61732.0
61890.0
62051.0
62195.0
62341.0
62493.0
62643.0
62808.0
62977.0
63120.0
63285.0
63416.0
63562.0
63734.0
63897.0
64046.0
64187.0
64307.0
64452.0
64618.0
64767.0
64929.0
65091.0
65245.0
65389.0
65553.0
65683.0
65843.0
66004.0
66166.0
66301.0
66458.0
66623.0
66774.0
66948.0
67103.0
67269.0
67426.0
67575.0
67744.0
67912.0
68059.0
68229.0
68390.0
68505.0
68663.0
68808.0
68967.0
69135.0
69263.0
69393.0
69532.0
69693.0
69852.0
70011.0
70157.0
70320.0
70494.0
70652.0
70806.0
70933.0
71063.0
71234.0
71348.0
71503.0
71667.0
71785.0
71942.0
72092.0
72233.0
72399.0
72563.0
72726.0
72892.0
73057.0
73167.0
73341.0
73494.0
73651.0
73809.0
73959.0
74111.0
74271.0
74431.0
74570.0
74730.0
74877.0
75024.0
75181.0
75345.0
75503.0
75653.0
75819.0
75993.0
76152.0
76302.0
76448.0
76545.0
76715.0
76879.0
77045.0
77217.0
77375.0
77489.0
77661.0
77799.0
77944.0
78103.0
78251.0
78395.0
78548.0
78706.0
78875.0
79051.0
79213.0
79378.0
79530.0
79694.0
79851.0
80004.0
80180.0
80349.0
80505.0
80677.0
80809.0
80975.0
81136.0
81265.0
81437.0
81557.0
81692.0
81860.0
82012.0
82165.0
82320.0
82471.0
82638.0
82790.0
82956.0
83101.0
83252.0
83422.0
83582.0
83750.0
83889.0
84020.0
84176.0
84332.0
84500.0
84661.0
84794.0
84952.0
85083.0
85234.0
85381.0
85548.0
85716.0
85858.0
86008.0
86156.0
86312.0
86458.0
86632.0
86774.0
86931.0
87103.0
87236.0
87391.0
87528.0
87690.0
87792.0
87948.0
88102.0
88251.0
88396.0
88562.0
88726.0
88883.0
89055.0
89188.0
89351.0
89502.0
89663.0
89797.0
89950.0
90121.0
90278.0
90450.0
90585.0
90756.0
90897.0
91040.0
91186.0
91326.0
91473.0
91631.0
91784.0
91951.0
92112.0
92284.0
92434.0
92593.0
92767.0
92900.0
93052.0
93197.0
93362.0
93531.0
93682.0
93814.0
93965.0
94114.0
94260.0
94426.0
94589.0
94757.0
94920.0
95076.0
95217.0
95386.0
95515.0
95658.0
95822.0
95977.0
96145.0
96313.0
96455.0
96623.0
96775.0
96926.0
97090.0
97242.0
97399.0
97573.0
97728.0
97890.0
98025.0
98188.0
98350.0
98520.0
98677.0
98831.0
98995.0
99165.0
99290.0
99430.0
99592.0
99728.0
99902.0
100067.0
100196.0
100337.0
100504.0
100640.0
100798.0
100921.0
101082.0
101234.0
101391.0
101543.0
101661.0
101811.0
101966.0
102119.0
102281.0
102413.0
102580.0
102704.0
102856.0
102999.0
103128.0
103244.0
103366.0
103529.0
103680.0
103826.0
103987.0
104149.0
104312.0
104458.0
104598.0
104719.0
104871.0
105019.0
105155.0
105307.0
105456.0
105606.0
105759.0
105914.0
106078.0
106235.0
106371.0
106522.0
106686.0
106862.0
107018.0
107152.0
107318.0
107467.0
107617.0
107760.0
107931.0
108072.0
108231.0
108386.0
108503.0
108645.0
108812.0
108972.0
109143.0
109293.0
109452.0
109593.0
109738.0
109910.0
110076.0
110231.0
110375.0
110524.0
110679.0
110833.0
110993.0
111163.0
111333.0
111498.0
111634.0
111794.0
111903.0
112066.0
112231.0
112405.0
112546.0
112718.0
112873.0
113032.0
113169.0
113334.0
113481.0
113615.0
113777.0
113924.0
114084.0
114253.0
114416.0
114537.0
114702.0
114865.0
115041.0
115176.0
115324.0
115486.0
115626.0
115784.0
115945.0
116082.0
116219.0
116356.0
116503.0
116665.0
116825.0
116967.0
117130.0
117284.0
117410.0
117584.0
117749.0
117864.0
118015.0
118158.0
118324.0
118494.0
118648.0
118801.0
118959.0
119113.0
119258.0
119398.0
119535.0
119699.0
119863.0
120029.0
120189.0
120331.0
120503.0
120672.0
120838.0
120985.0
121142.0
121280.0
121449.0
121609.0
121775.0
121920.0
122080.0
122235.0
122403.0
122569.0
122732.0
122897.0
123051.0
123213.0
123361.0
123511.0
123680.0
123793.0
123945.0
124094.0
124264.0
124422.0
124572.0
124732.0
124873.0
125027.0
125160.0
125306.0
125391.0
125548.0
125722.0
125883.0
126045.0
126199.0
126358.0
126528.0
126680.0
126847.0
126998.0
127168.0
127340.0
127464.0
127629.0
127784.0
127944.0
128085.0
128257.0
128406.0
128558.0
128709.0
128881.0
128992.0
129159.0
129329.0
129488.0
129621.0
129775.0
129918.0
130086.0
130236.0
130403.0
130542.0
130692.0
130858.0
131015.0
131170.0
131325.0
131473.0
131637.0
131766.0
131936.0
132083.0
132223.0
132394.0
132561.0
132729.0
132894.0
133061.0
133188.0
133315.0
133483.0
133638.0
133806.0
133968.0
134123.0
134270.0
134436.0
134578.0
134745.0
134917.0
135081.0
135244.0
135405.0
135563.0
135694.0
135853.0
136011.0
136178.0
136326.0
136490.0
136624.0
136789.0
136944.0
137109.0
137252.0
137411.0
137524.0
137675.0
137841.0
137983.0
138132.0
138304.0
138451.0
138570.0
138711.0
138825.0
138993.0
139158.0
139320.0
139460.0
139619.0
139766.0
139942.0
140095.0
140226.0
140388.0
140551.0
140711.0
140874.0
141025.0
141188.0
141325.0
141501.0
141652.0
141821.0
141976.0
142148.0
142287.0
142445.0
142609.0
142761.0
142917.0
143070.0
143227.0
143391.0
143558.0
143723.0
143835.0
143964.0
144134.0
144265.0
144426.0
144587.0
144740.0
144904.0
145057.0
145211.0
145359.0
145512.0
145642.0
145801.0
145959.0
146107.0
146274.0
146431.0
146589.0
146754.0
146902.0
147065.0
147212.0
147356.0
147532.0
147678.0
147838.0
147972.0
148129.0
148281.0
148422.0
148564.0
148649.0
148810.0
148980.0
149148.0
149324.0
149481.0
149653.0
149783.0
149896.0
150024.0
150169.0
150323.0
150479.0
150624.0
150768.0
150934.0
151095.0
151234.0
151394.0
151555.0
151708.0
151854.0
152000.0
152154.0
152296.0
152466.0
152596.0
152740.0
152870.0
153024.0
153136.0
153285.0
153445.0
153598.0
153774.0
153935.0
154078.0
154223.0
154385.0
154549.0
154708.0
154833.0
154966.0
155125.0
155273.0
155432.0
155595.0
155746.0
155895.0
156061.0
156221.0
156383.0
156546.0
156679.0
156830.0
156988.0
157141.0
157253.0
157408.0
157571.0
157733.0
157901.0
158052.0
158181.0
158342.0
158479.0
158642.0
158801.0
158971.0
159119.0
159283.0
159445.0
159582.0
159733.0
159903.0
160061.0
160206.0
160349.0
160523.0
160678.0
160852.0
161018.0
161145.0
161277.0
161444.0
161591.0
161740.0
161900.0
162048.0
162215.0
162377.0
162543.0
162662.0
162790.0
162931.0
163076.0
163225.0
163383.0
163539.0
163679.0
163846.0
164007.0
164177.0
164342.0
164508.0
164675.0
164838.0
164962.0
165130.0
165285.0
165425.0
165586.0
165735.0
165902.0
166049.0
166207.0
166356.0
166480.0
166618.0
166781.0
166943.0
167100.0
167272.0
167440.0
167612.0
167757.0
167921.0
168068.0
168187.0
168319.0
168445.0
168616.0
168769.0
168925.0
169082.0
169223.0
169379.0
169525.0
169612.0
169756.0
169925.0
170074.0
170239.0
170403.0
170504.0
170668.0
170822.0
170990.0
171160.0
171315.0
171485.0
171635.0
171807.0
171959.0
172124.0
172280.0
172437.0
172605.0
172751.0
172890.0
173019.0
173157.0
173325.0
173492.0
173628.0
173794.0
173938.0
174112.0
174279.0
174439.0
174565.0
174729.0
174899.0
175054.0
175201.0
175323.0
175488.0
175602.0
175763.0
175927.0
176081.0
176250.0
176418.0
176567.0
176731.0
176884.0
177029.0
177185.0
177347.0
177501.0
177666.0
177834.0
177994.0
178165.0
178315.0
178455.0
178625.0
178760.0
178917.0
179033.0
179198.0
179333.0
179483.0
179642.0
179809.0
179972.0
180144.0
180296.0
180439.0
180578.0
180723.0
180892.0
181047.0
181203.0
181353.0
181478.0
181596.0
181734.0
181874.0
182034.0
182188.0
182350.0
182497.0
