a = 0.8
g = 0.2
e = 0.5
random initial weights = true

-608.0
-1434.0
-1917.0
-2778.0
-3284.0
-3993.0
-4430.0
-4977.0
-5512.0
-6030.0
-6542.0
-7000.0
-7499.0
-8033.0
-8519.0
-8987.0
-9495.0
-9973.0
-10432.0
-10920.0
-11364.0
-11846.0
-12271.0
-12727.0
-13187.0
-13609.0
-14034.0
-13957.0
-14427.0
-14845.0
-15290.0
-15779.0
-15636.0
-16085.0
-16518.0
-16376.0
-16844.0
-17278.0
-17158.0
-17004.0
-16851.0
-17299.0
-17715.0
-18154.0
-18002.0
-18424.0
-18271.0
-18123.0
-18549.0
-19025.0
-18859.0
-18727.0
-18553.0
-18977.0
-19399.0
-19821.0
-19665.0
-19545.0
-19376.0
-19229.0
-19060.0
-18919.0
-19359.0
-19809.0
-20242.0
-20674.0
-21106.0
-21522.0
-21943.0
-21783.0
-21607.0
-21431.0
-21267.0
-21103.0
-20941.0
-20798.0
-20654.0
-20480.0
-20318.0
-20163.0
-20019.0
-19862.0
-19703.0
-19553.0
-19422.0
-19279.0
-19159.0
-18994.0
-18826.0
-18672.0
-18531.0
-18364.0
-18219.0
-18055.0
-17910.0
-17740.0
-17604.0
-17453.0
-17320.0
-17172.0
-17003.0
-16889.0
-16740.0
-16570.0
-16417.0
-16252.0
-16086.0
-15956.0
-15831.0
-15672.0
-15513.0
-15359.0
-15206.0
-15052.0
-14893.0
-14735.0
-14589.0
-14422.0
-14254.0
-14088.0
-13968.0
-13805.0
-13639.0
-13483.0
-13322.0
-13176.0
-13022.0
-12868.0
-12717.0
-12555.0
-12439.0
-12288.0
-12179.0
-12018.0
-11858.0
-11704.0
-11546.0
-11390.0
-11238.0
-11081.0
-10930.0
-10771.0
-10621.0
-10469.0
-10308.0
-10166.0
-9997.0
-9834.0
-9664.0
-9515.0
-9397.0
-9237.0
-9076.0
-8913.0
-8764.0
-8631.0
-8465.0
-8308.0
-8148.0
-8002.0
-7831.0
-7664.0
-7532.0
-7372.0
-7227.0
-7063.0
-6943.0
-6788.0
-6623.0
-6458.0
-6325.0
-6168.0
-6001.0
-5841.0
-5721.0
-5580.0
-5486.0
-5318.0
-5154.0
-4989.0
-4829.0
-4666.0
-4505.0
-4334.0
-4230.0
-4069.0
-3919.0
-3822.0
-3664.0
-3495.0
-3329.0
-3177.0
-3011.0
-2859.0
-2696.0
-2569.0
-2410.0
-2272.0
-2112.0
-1958.0
-1788.0
-1624.0
-1476.0
-1323.0
-1169.0
-1020.0
-902.0
-758.0
-601.0
-437.0
-273.0
-137.0
-5.0
134.0
285.0
450.0
595.0
733.0
881.0
1046.0
1121.0
1282.0
1432.0
1582.0
1720.0
1883.0
2051.0
2207.0
2361.0
2521.0
2690.0
2803.0
2967.0
3141.0
3305.0
3432.0
3575.0
3716.0
3873.0
4025.0
4188.0
4347.0
4505.0
4650.0
4798.0
4959.0
5116.0
5263.0
5425.0
5578.0
5739.0
5890.0
6056.0
6205.0
6348.0
6513.0
6669.0
6831.0
6987.0
7124.0
7273.0
7422.0
7589.0
7736.0
7899.0
8040.0
8189.0
8349.0
8501.0
8655.0
8801.0
8920.0
9068.0
9230.0
9378.0
9521.0
9668.0
9826.0
9981.0
10151.0
10318.0
10492.0
10610.0
10769.0
10924.0
11094.0
11262.0
11438.0
11589.0
11736.0
11900.0
12068.0
12191.0
12347.0
12499.0
12651.0
12798.0
12939.0
13063.0
13227.0
13394.0
13557.0
13704.0
13838.0
13966.0
14114.0
14252.0
14393.0
14537.0
14686.0
14834.0
14977.0
15117.0
15280.0
15426.0
15569.0
15727.0
15889.0
16051.0
16217.0
16372.0
16516.0
16653.0
16811.0
16981.0
17118.0
17237.0
17384.0
17542.0
17708.0
17880.0
18039.0
18204.0
18367.0
18506.0
18635.0
18779.0
18946.0
19116.0
19253.0
19412.0
19565.0
19727.0
19865.0
20032.0
20208.0
20365.0
20537.0
20702.0
20855.0
21006.0
21101.0
21271.0
21435.0
21589.0
21733.0
21897.0
22052.0
22201.0
22326.0
22482.0
22647.0
22813.0
22948.0
23093.0
23252.0
23416.0
23527.0
23684.0
23860.0
24032.0
24201.0
24355.0
24525.0
24683.0
24832.0
24980.0
25137.0
25290.0
25421.0
25581.0
25723.0
25876.0
26037.0
26180.0
26347.0
26490.0
26649.0
26800.0
26974.0
27124.0
27273.0
27425.0
27559.0
27723.0
27886.0
28056.0
28212.0
28367.0
28520.0
28688.0
28838.0
28992.0
29141.0
29301.0
29444.0
29612.0
29779.0
29935.0
30091.0
30239.0
30351.0
30521.0
30666.0
30816.0
30977.0
31135.0
31297.0
31456.0
31630.0
31762.0
31898.0
32070.0
32222.0
32383.0
32555.0
32712.0
32870.0
33039.0
33163.0
33299.0
33450.0
33611.0
33743.0
33908.0
34075.0
34220.0
34377.0
34503.0
34655.0
34807.0
34964.0
35121.0
35266.0
35413.0
35559.0
35720.0
35859.0
36022.0
36182.0
36338.0
36499.0
36659.0
36831.0
36968.0
37122.0
37263.0
37437.0
37600.0
37726.0
37870.0
38028.0
38182.0
38333.0
38481.0
38609.0
38781.0
38928.0
39065.0
39221.0
39313.0
39479.0
39641.0
39795.0
39947.0
40089.0
40252.0
40417.0
40567.0
40732.0
40902.0
41047.0
41178.0
41326.0
41483.0
41611.0
41729.0
41903.0
42056.0
42207.0
42320.0
42429.0
42567.0
42725.0
42871.0
43026.0
43191.0
43345.0
43510.0
43667.0
43800.0
43963.0
44135.0
44303.0
44449.0
44597.0
44744.0
44855.0
45001.0
45117.0
45268.0
45424.0
45582.0
45732.0
45881.0
46050.0
46209.0
46364.0
46520.0
46688.0
46806.0
46952.0
47116.0
47288.0
47431.0
47559.0
47724.0
47836.0
47973.0
48098.0
48254.0
48372.0
48528.0
48683.0
48830.0
49002.0
49163.0
49296.0
49460.0
49593.0
49730.0
49855.0
50012.0
50181.0
50336.0
50500.0
50641.0
50783.0
50923.0
51077.0
51214.0
51358.0
51505.0
51657.0
51804.0
51980.0
52111.0
52278.0
52433.0
52593.0
52755.0
52891.0
53054.0
53158.0
53318.0
53483.0
53644.0
53776.0
53921.0
54077.0
54239.0
54373.0
54499.0
54650.0
54824.0
54978.0
55114.0
55269.0
55434.0
55579.0
55728.0
55893.0
56023.0
56186.0
56332.0
56490.0
56636.0
56761.0
56869.0
57011.0
57172.0
57334.0
57483.0
57644.0
57796.0
57961.0
58101.0
58258.0
58419.0
58584.0
58726.0
58902.0
59066.0
59222.0
59388.0
59547.0
59709.0
59883.0
60041.0
60201.0
60364.0
60529.0
60697.0
60837.0
60978.0
61109.0
61260.0
61429.0
61534.0
61695.0
61829.0
61999.0
62171.0
62334.0
62484.0
62628.0
62791.0
62954.0
63088.0
63243.0
63406.0
63567.0
63685.0
63849.0
64018.0
64178.0
64325.0
64485.0
64625.0
64782.0
64924.0
65017.0
65160.0
65284.0
65444.0
65582.0
65743.0
65915.0
66077.0
66227.0
66369.0
66508.0
66665.0
66812.0
66978.0
67112.0
67272.0
67417.0
67593.0
67741.0
67875.0
68046.0
68183.0
68332.0
68490.0
68624.0
68758.0
68923.0
69071.0
69230.0
69357.0
69514.0
69676.0
69818.0
69978.0
70145.0
70306.0
70473.0
70624.0
70758.0
70924.0
71066.0
71222.0
71379.0
71535.0
71680.0
71852.0
72013.0
72185.0
72342.0
72454.0
72595.0
72765.0
72929.0
73097.0
73262.0
73421.0
73570.0
73732.0
73888.0
74041.0
74191.0
74365.0
74522.0
74671.0
74835.0
75009.0
75179.0
75323.0
75494.0
75651.0
75789.0
75957.0
76106.0
76263.0
76390.0
76549.0
76695.0
76867.0
77023.0
77193.0
77362.0
77517.0
77660.0
77836.0
77963.0
78108.0
78259.0
78386.0
78548.0
78682.0
78848.0
79017.0
79181.0
79343.0
79497.0
79665.0
79805.0
79917.0
80079.0
80213.0
80379.0
80524.0
80687.0
80849.0
81005.0
81177.0
81349.0
81499.0
81654.0
81777.0
81912.0
82081.0
82245.0
82401.0
82543.0
82673.0
82824.0
82965.0
83120.0
83278.0
83439.0
83595.0
83747.0
83916.0
84077.0
84213.0
84352.0
84512.0
84668.0
84818.0
84975.0
85134.0
85308.0
85448.0
85603.0
85760.0
85898.0
86050.0
86174.0
86301.0
86464.0
86626.0
86770.0
86935.0
87093.0
87228.0
87402.0
87539.0
87677.0
87829.0
87988.0
88139.0
88313.0
88450.0
88586.0
88690.0
88835.0
88993.0
89140.0
89301.0
89454.0
89588.0
89755.0
89909.0
90066.0
90217.0
90309.0
90450.0
90616.0
90741.0
90873.0
91045.0
91206.0
91366.0
91529.0
91695.0
91818.0
91972.0
92144.0
92301.0
92451.0
92598.0
92728.0
92868.0
93035.0
93204.0
93346.0
93506.0
93640.0
93778.0
93898.0
94051.0
94194.0
94365.0
94531.0
94657.0
94806.0
94975.0
95101.0
95261.0
95417.0
95578.0
95745.0
95870.0
96032.0
96170.0
96326.0
96458.0
96615.0
96785.0
96933.0
97096.0
97223.0
97383.0
97525.0
97687.0
97836.0
98007.0
98172.0
98335.0
98484.0
98638.0
98773.0
98942.0
99087.0
99247.0
99396.0
99539.0
99709.0
99868.0
100027.0
100181.0
100327.0
100489.0
100642.0
100793.0
100907.0
101057.0
101222.0
101360.0
101500.0
101655.0
101812.0
101928.0
102087.0
102235.0
102387.0
102542.0
102678.0
102822.0
102976.0
103137.0
103299.0
103446.0
103618.0
103772.0
103920.0
104020.0
104186.0
104354.0
104514.0
104641.0
104795.0
104932.0
105098.0
105258.0
105419.0
105588.0
105758.0
105912.0
106068.0
106215.0
106330.0
106488.0
106658.0
106787.0
106948.0
107119.0
107261.0
107409.0
107573.0
107731.0
107872.0
108036.0
108196.0
108370.0
108526.0
108692.0
108831.0
108994.0
109119.0
109282.0
109448.0
109585.0
109724.0
109850.0
110010.0
110154.0
110302.0
110450.0
110615.0
110762.0
110896.0
111050.0
111218.0
111385.0
111520.0
111676.0
111807.0
111943.0
112100.0
112266.0
112407.0
112561.0
112728.0
112898.0
113045.0
113204.0
113355.0
113523.0
113668.0
113819.0
113965.0
114123.0
114275.0
114404.0
114561.0
114727.0
114893.0
115047.0
115205.0
115356.0
115510.0
115669.0
115834.0
116003.0
116175.0
116314.0
116466.0
116636.0
116778.0
116935.0
117099.0
117241.0
117400.0
117536.0
117692.0
117858.0
118030.0
118176.0
118346.0
118516.0
118643.0
118810.0
118948.0
119106.0
119248.0
119413.0
119576.0
119708.0
119852.0
120022.0
120175.0
120323.0
120470.0
120621.0
120764.0
120934.0
121103.0
121262.0
121403.0
121563.0
121713.0
121878.0
122040.0
122199.0
122314.0
122454.0
122624.0
122793.0
122952.0
123121.0
123254.0
123423.0
123582.0
123709.0
123855.0
123964.0
124071.0
124174.0
124337.0
124422.0
124585.0
124749.0
124917.0
125080.0
125233.0
125363.0
125518.0
125667.0
125808.0
125968.0
126132.0
126293.0
126455.0
126621.0
126776.0
126946.0
127104.0
127260.0
127397.0
127547.0
127709.0
127848.0
128018.0
128170.0
128321.0
128444.0
128568.0
128713.0
128861.0
128998.0
129137.0
129296.0
129417.0
129563.0
129712.0
129875.0
130047.0
130200.0
130350.0
130512.0
130665.0
130797.0
130956.0
131105.0
131260.0
131392.0
131500.0
131648.0
131794.0
131937.0
132107.0
132259.0
132422.0
132570.0
132718.0
132892.0
133062.0
133220.0
133377.0
133509.0
133658.0
133808.0
133971.0
134138.0
134288.0
134422.0
134588.0
134742.0
134899.0
135059.0
135202.0
135359.0
135464.0
135619.0
135758.0
135910.0
136038.0
136189.0
136352.0
136520.0
136662.0
136825.0
136956.0
137103.0
137251.0
137413.0
137553.0
137721.0
137877.0
138014.0
138169.0
138336.0
138486.0
138651.0
138810.0
138952.0
139119.0
139254.0
139426.0
139581.0
139749.0
139894.0
140040.0
140188.0
140343.0
140487.0
140637.0
140778.0
140938.0
141041.0
141192.0
141360.0
141514.0
141680.0
141830.0
141995.0
142146.0
142291.0
142421.0
142585.0
142735.0
142853.0
143002.0
143163.0
143317.0
143486.0
143646.0
143795.0
143929.0
144066.0
144236.0
144385.0
144551.0
144714.0
144888.0
145041.0
145192.0
145345.0
145494.0
145660.0
145798.0
145952.0
146075.0
146238.0
146402.0
146554.0
146697.0
146855.0
147005.0
147169.0
147320.0
147475.0
147637.0
147800.0
147933.0
148092.0
148239.0
148382.0
148534.0
148706.0
148878.0
149020.0
149166.0
149333.0
149499.0
149661.0
149823.0
149972.0
150133.0
150276.0
150446.0
150565.0
150726.0
150902.0
151063.0
151203.0
151372.0
151515.0
151648.0
151803.0
151973.0
152097.0
152263.0
152399.0
152549.0
152703.0
152859.0
152989.0
153136.0
153312.0
153466.0
153615.0
153777.0
153932.0
154093.0
154242.0
154395.0
154556.0
154707.0
154860.0
155009.0
155165.0
155330.0
155456.0
155630.0
155780.0
155943.0
156109.0
156277.0
156398.0
156550.0
156704.0
156847.0
157021.0
157173.0
157324.0
157492.0
157641.0
157788.0
157946.0
158049.0
158203.0
158346.0
158481.0
158644.0
158814.0
158966.0
159138.0
159293.0
159467.0
159611.0
159769.0
159933.0
160096.0
160240.0
160407.0
160549.0
160725.0
160855.0
161024.0
161186.0
161317.0
161468.0
161638.0
161796.0
161942.0
162109.0
162251.0
162399.0
162566.0
162719.0
162891.0
163049.0
163213.0
163368.0
163519.0
163675.0
163833.0
163990.0
164160.0
164309.0
164476.0
164632.0
164784.0
164920.0
165054.0
165214.0
165366.0
165515.0
165663.0
165815.0
165978.0
166124.0
166256.0
166420.0
166582.0
166749.0
166904.0
167076.0
167224.0
167370.0
167535.0
167705.0
167858.0
168007.0
168155.0
168286.0
168449.0
168603.0
168757.0
168920.0
169046.0
169194.0
169351.0
169508.0
169677.0
169831.0
169986.0
170131.0
170280.0
170428.0
170580.0
170742.0
170893.0
171054.0
171216.0
171377.0
171522.0
171666.0
171835.0
171949.0
172110.0
172268.0
172440.0
172610.0
172764.0
172896.0
173011.0
173180.0
173346.0
173509.0
173672.0
173818.0
173945.0
174113.0
174225.0
174388.0
174554.0
174720.0
174874.0
175017.0
175162.0
175323.0
175479.0
175644.0
175814.0
175962.0
176100.0
176251.0
176421.0
176595.0
176738.0
176891.0
177035.0
177201.0
177354.0
177491.0
177663.0
177827.0
177980.0
178136.0
178301.0
178473.0
178620.0
178741.0
178909.0
179076.0
179230.0
179371.0
179532.0
179680.0
179843.0
179998.0
180149.0
180292.0
180444.0
180606.0
180776.0
180921.0
181093.0
181244.0
181372.0
181521.0
181667.0
181817.0
181961.0
182111.0
182260.0
182427.0
182564.0
182701.0
182854.0
183016.0
183176.0
183332.0
183493.0
183659.0
183816.0
183961.0
184087.0
184241.0
184402.0
184576.0
184722.0
184884.0
185039.0
185191.0
185361.0
185535.0
185660.0
185830.0
185983.0
186133.0
186296.0
186461.0
186602.0
186749.0
186909.0
187079.0
187241.0
187409.0
187575.0
187718.0
187872.0
188024.0
188130.0
188293.0
188457.0
188614.0
188755.0
188912.0
189077.0
189226.0
189398.0
189546.0
189681.0
189838.0
189994.0
190151.0
190281.0
190425.0
190556.0
190718.0
190833.0
190985.0
191144.0
191290.0
191449.0
191615.0
191787.0
191939.0
192097.0
192255.0
192406.0
192570.0
192729.0
192864.0
192985.0
193118.0
193273.0
193439.0
193596.0
193732.0
193885.0
194046.0
194204.0
194365.0
194539.0
194686.0
194826.0
194942.0
195084.0
195253.0
195412.0
195573.0
195749.0
195896.0
