a = 0.8
g = 0.2
e = 0.1
random initial weights = true

-2509.0
-3294.0
-3828.0
-4292.0
-4736.0
-5185.0
-5658.0
-6084.0
-5929.0
-6339.0
-6159.0
-5975.0
-5791.0
-5607.0
-5423.0
-5241.0
-5057.0
-4877.0
-4693.0
-4511.0
-4329.0
-4150.0
-3975.0
-3796.0
-3612.0
-3430.0
-3246.0
-3062.0
-2890.0
-2706.0
-2527.0
-2348.0
-2168.0
-1984.0
-1802.0
-1618.0
-1434.0
-1250.0
-1066.0
-882.0
-703.0
-526.0
-344.0
-160.0
24.0
206.0
386.0
570.0
754.0
923.0
1107.0
1291.0
1470.0
1654.0
1838.0
2022.0
2201.0
2383.0
2562.0
2746.0
2926.0
3110.0
3294.0
3478.0
3662.0
3838.0
4017.0
4201.0
4375.0
4557.0
4741.0
4925.0
5105.0
5289.0
5473.0
5657.0
5839.0
6016.0
6200.0
6377.0
6555.0
6739.0
6921.0
7105.0
7289.0
7473.0
7650.0
7834.0
8018.0
8200.0
8379.0
8559.0
8739.0
8918.0
9102.0
9286.0
9465.0
9647.0
9824.0
10003.0
10187.0
10371.0
10546.0
10728.0
10910.0
11094.0
11273.0
11455.0
11639.0
11823.0
12007.0
12191.0
12371.0
12555.0
12737.0
12913.0
13092.0
13274.0
13458.0
13642.0
13826.0
13999.0
14177.0
14361.0
14536.0
14720.0
14904.0
15088.0
15270.0
15450.0
15632.0
15814.0
15998.0
16180.0
16359.0
16543.0
16723.0
16902.0
17081.0
17260.0
17442.0
17624.0
17808.0
17987.0
18169.0
18353.0
18537.0
18715.0
18889.0
19068.0
19248.0
19432.0
19616.0
19800.0
19980.0
20164.0
20348.0
20532.0
20712.0
20896.0
21071.0
21248.0
21430.0
21614.0
21796.0
21978.0
22157.0
22334.0
22516.0
22686.0
22870.0
23054.0
23234.0
23416.0
23600.0
23784.0
23968.0
24152.0
24336.0
24515.0
24699.0
24881.0
25065.0
25242.0
25417.0
25601.0
25785.0
25962.0
26144.0
26321.0
26505.0
26689.0
26869.0
27051.0
27233.0
27413.0
27597.0
27774.0
27951.0
28135.0
28315.0
28492.0
28676.0
28858.0
29038.0
29222.0
29406.0
29590.0
29769.0
29948.0
30123.0
30307.0
30482.0
30654.0
30838.0
31022.0
31206.0
31390.0
31574.0
31758.0
31938.0
32122.0
32306.0
32490.0
32674.0
32858.0
33040.0
33222.0
33399.0
33583.0
33762.0
33941.0
34125.0
34307.0
34486.0
34668.0
34852.0
35036.0
35220.0
35400.0
35582.0
35766.0
35946.0
36130.0
36314.0
36494.0
36676.0
36858.0
37042.0
37224.0
37402.0
37584.0
37768.0
37945.0
38129.0
38313.0
38497.0
38681.0
38860.0
39044.0
39228.0
39412.0
39592.0
39774.0
39956.0
40136.0
40320.0
40495.0
40677.0
40856.0
41040.0
41224.0
41408.0
41587.0
41767.0
41951.0
42135.0
42317.0
42501.0
42678.0
42860.0
43042.0
43226.0
43408.0
43586.0
43768.0
43952.0
44134.0
44318.0
44502.0
44679.0
44858.0
45042.0
45226.0
45410.0
45592.0
45771.0
45955.0
46139.0
46314.0
46498.0
46682.0
46864.0
47048.0
47232.0
47414.0
47598.0
47780.0
47957.0
48139.0
48319.0
48501.0
48685.0
48869.0
49053.0
49237.0
49409.0
49591.0
49773.0
49957.0
50134.0
50318.0
50494.0
50678.0
50862.0
51044.0
51216.0
51400.0
51582.0
51766.0
51950.0
52130.0
52309.0
52493.0
52677.0
52854.0
53038.0
53215.0
53394.0
53574.0
53753.0
53937.0
54121.0
54300.0
54484.0
54668.0
54852.0
55034.0
55218.0
55397.0
55581.0
55765.0
55947.0
56124.0
56308.0
56492.0
56674.0
56858.0
57035.0
57219.0
57403.0
57587.0
57771.0
57953.0
58135.0
58319.0
58503.0
58685.0
58869.0
59053.0
59232.0
59416.0
59600.0
59782.0
59964.0
60146.0
60330.0
60514.0
60698.0
60880.0
61064.0
61248.0
61432.0
61616.0
61800.0
61982.0
62166.0
62350.0
62530.0
62712.0
62891.0
63075.0
63257.0
63436.0
63615.0
63799.0
63983.0
64167.0
64347.0
64527.0
64705.0
64889.0
65073.0
65253.0
65437.0
65621.0
65803.0
65985.0
66169.0
66348.0
66530.0
66709.0
66893.0
67077.0
67256.0
67438.0
67622.0
67806.0
67990.0
68167.0
68351.0
68533.0
68715.0
68899.0
69083.0
69263.0
69445.0
69625.0
69802.0
69979.0
70159.0
70343.0
70527.0
70709.0
70891.0
71068.0
71252.0
71432.0
71609.0
71784.0
71966.0
72146.0
72328.0
72510.0
72694.0
72876.0
73050.0
73232.0
73414.0
73598.0
73782.0
73964.0
74146.0
74323.0
74507.0
74691.0
74875.0
75050.0
75232.0
75411.0
75595.0
75774.0
75958.0
76140.0
76324.0
76506.0
76685.0
76864.0
77039.0
77223.0
77405.0
77587.0
77769.0
77951.0
78130.0
78309.0
78493.0
78672.0
78854.0
79036.0
79215.0
79399.0
79563.0
79747.0
79929.0
80095.0
80279.0
80463.0
80647.0
80819.0
81003.0
81187.0
81371.0
81555.0
81730.0
81914.0
82093.0
82270.0
82454.0
82636.0
82820.0
82999.0
83183.0
83367.0
83539.0
83723.0
83907.0
84091.0
84275.0
84459.0
84643.0
84827.0
85011.0
85193.0
85372.0
85552.0
85734.0
85918.0
86095.0
86272.0
86456.0
86640.0
86815.0
86992.0
87174.0
87351.0
87535.0
87719.0
87901.0
88080.0
88262.0
88441.0
88625.0
88809.0
88984.0
89168.0
89350.0
89534.0
89718.0
89897.0
90076.0
90258.0
90442.0
90626.0
90782.0
90966.0
91150.0
91324.0
91508.0
91692.0
91866.0
92045.0
92227.0
92409.0
92593.0
92777.0
92961.0
93143.0
93327.0
93509.0
93686.0
93870.0
94052.0
94236.0
94418.0
94602.0
94779.0
94963.0
95147.0
95326.0
95510.0
95692.0
95867.0
96046.0
96222.0
96406.0
96588.0
96762.0
96946.0
97128.0
97312.0
97491.0
97675.0
97859.0
98039.0
98218.0
98402.0
98581.0
98765.0
98945.0
99127.0
99311.0
99495.0
99669.0
99849.0
100029.0
100206.0
100378.0
100562.0
100746.0
100925.0
101107.0
101291.0
101475.0
101657.0
101841.0
102025.0
102209.0
102386.0
102568.0
102747.0
102931.0
103111.0
103295.0
103479.0
103661.0
103841.0
104025.0
104209.0
104393.0
104566.0
104750.0
104932.0
105114.0
105293.0
105475.0
105659.0
105839.0
106023.0
106207.0
106382.0
106564.0
106748.0
106932.0
107106.0
107290.0
107470.0
107652.0
107831.0
108013.0
108197.0
108379.0
108563.0
108747.0
108931.0
109110.0
109294.0
109478.0
109657.0
109841.0
110020.0
110197.0
110381.0
110563.0
110747.0
110931.0
111115.0
111295.0
111477.0
111661.0
111843.0
112022.0
112206.0
112390.0
112574.0
112758.0
112936.0
113118.0
113300.0
113482.0
113664.0
113848.0
114025.0
114194.0
114376.0
114560.0
114744.0
114928.0
115108.0
115292.0
115476.0
115656.0
115840.0
116019.0
116201.0
116385.0
116567.0
116751.0
116935.0
117112.0
117296.0
117473.0
117657.0
117836.0
118008.0
118192.0
118371.0
118555.0
118737.0
118921.0
119100.0
119279.0
119463.0
119647.0
119826.0
120008.0
120192.0
120376.0
120558.0
120738.0
120918.0
121102.0
121286.0
121465.0
121649.0
121828.0
122012.0
122196.0
122380.0
122564.0
122746.0
122930.0
123114.0
123298.0
123480.0
123664.0
123846.0
124026.0
124208.0
124388.0
124572.0
124754.0
124938.0
125120.0
125302.0
125482.0
125666.0
125850.0
126029.0
126213.0
126387.0
126571.0
126755.0
126939.0
127123.0
127307.0
127489.0
127673.0
127855.0
128039.0
128221.0
128405.0
128587.0
128771.0
128951.0
129135.0
129313.0
129497.0
129681.0
129860.0
130044.0
130228.0
130410.0
130589.0
130773.0
130950.0
131124.0
131308.0
131490.0
131674.0
131858.0
132042.0
132226.0
132410.0
132589.0
132766.0
132948.0
133130.0
133310.0
133494.0
133678.0
133860.0
134044.0
134224.0
134408.0
134590.0
134769.0
134953.0
135137.0
135316.0
135495.0
135679.0
135863.0
136047.0
136220.0
136404.0
136588.0
136772.0
136956.0
137138.0
137320.0
137502.0
137686.0
137864.0
138048.0
138232.0
138416.0
138600.0
138784.0
138966.0
139150.0
139334.0
139518.0
139702.0
139881.0
140065.0
140249.0
140433.0
140617.0
140801.0
140985.0
141169.0
141353.0
141537.0
141716.0
141900.0
142079.0
142256.0
142440.0
142624.0
142801.0
142980.0
143164.0
143348.0
143532.0
143716.0
143900.0
144079.0
144263.0
144447.0
144631.0
144810.0
144992.0
145166.0
145350.0
145534.0
145716.0
145900.0
146082.0
146259.0
146443.0
146627.0
146811.0
146993.0
147165.0
147340.0
147522.0
147706.0
147890.0
148074.0
148258.0
148442.0
148624.0
148808.0
148988.0
149158.0
149342.0
149524.0
149708.0
149892.0
150071.0
150255.0
150437.0
150616.0
150798.0
150982.0
151166.0
151350.0
151529.0
151713.0
151895.0
152079.0
152263.0
152445.0
152619.0
152803.0
152987.0
153171.0
153348.0
153522.0
153704.0
153886.0
154065.0
154247.0
154426.0
154598.0
154778.0
154960.0
155144.0
155326.0
155493.0
155677.0
155851.0
156035.0
156210.0
156387.0
156567.0
156751.0
156928.0
157110.0
157294.0
157471.0
157655.0
157837.0
158021.0
158203.0
158385.0
158567.0
158749.0
158933.0
159117.0
159299.0
159483.0
159665.0
159849.0
160033.0
160217.0
160399.0
160583.0
160763.0
160947.0
161129.0
161311.0
161495.0
161679.0
161861.0
162040.0
162214.0
162389.0
162568.0
162747.0
162931.0
163115.0
163299.0
163483.0
163665.0
163844.0
164019.0
164203.0
164383.0
164560.0
164744.0
164926.0
165108.0
165292.0
165476.0
165660.0
165839.0
166013.0
166197.0
166375.0
166559.0
166743.0
166925.0
167109.0
167293.0
167472.0
167656.0
167840.0
168020.0
168202.0
168375.0
168559.0
168739.0
168923.0
169102.0
169282.0
169459.0
169638.0
169816.0
170000.0
170184.0
170366.0
170550.0
170734.0
170918.0
171098.0
171282.0
171454.0
171638.0
171822.0
171999.0
172179.0
172358.0
172540.0
172719.0
172898.0
173080.0
173264.0
173446.0
173624.0
173808.0
173990.0
174174.0
174353.0
174537.0
174712.0
174891.0
175073.0
175257.0
175441.0
175620.0
175804.0
175981.0
176156.0
176328.0
176510.0
176690.0
176868.0
177052.0
177236.0
177410.0
177585.0
177769.0
177953.0
178133.0
178317.0
178497.0
178676.0
178856.0
179038.0
179222.0
179404.0
179588.0
179770.0
179947.0
180131.0
180315.0
180497.0
180677.0
180856.0
181040.0
181224.0
181401.0
181583.0
181765.0
181947.0
182126.0
182301.0
182480.0
182664.0
182848.0
183027.0
183211.0
183395.0
183579.0
183763.0
183947.0
184131.0
184315.0
184499.0
184678.0
184862.0
185044.0
185228.0
185412.0
185589.0
185771.0
185955.0
186137.0
186316.0
186500.0
186679.0
186858.0
187042.0
187226.0
187405.0
187589.0
187773.0
187957.0
188141.0
188323.0
188507.0
188691.0
188875.0
189059.0
189243.0
189421.0
189605.0
189789.0
189973.0
190157.0
190341.0
190525.0
190704.0
190888.0
191070.0
191250.0
191434.0
191618.0
191800.0
191984.0
192168.0
192352.0
192536.0
192720.0
192904.0
193088.0
193263.0
193447.0
193625.0
193804.0
193988.0
194172.0
194356.0
194540.0
194724.0
194908.0
195087.0
195269.0
195444.0
195626.0
195810.0
195994.0
196178.0
196362.0
196541.0
196715.0
196891.0
197073.0
197252.0
197434.0
197613.0
197795.0
197979.0
198157.0
198336.0
198520.0
198702.0
198881.0
199065.0
199249.0
199429.0
199613.0
199797.0
199981.0
200160.0
200337.0
200521.0
200700.0
200884.0
201066.0
201248.0
201425.0
201609.0
201791.0
201971.0
202155.0
202339.0
202518.0
202702.0
202879.0
203061.0
203230.0
203414.0
203598.0
203782.0
203966.0
204141.0
204323.0
204497.0
204681.0
204865.0
205047.0
205231.0
205408.0
205592.0
205771.0
205950.0
206134.0
206311.0
206495.0
206679.0
206858.0
207040.0
207218.0
207386.0
207566.0
207741.0
207925.0
208107.0
208289.0
208471.0
208650.0
208827.0
209009.0
209187.0
209366.0
209550.0
209734.0
209918.0
210102.0
210286.0
210468.0
210647.0
210831.0
211015.0
211199.0
211376.0
211560.0
211744.0
211922.0
212104.0
212286.0
212465.0
212649.0
212829.0
213013.0
213197.0
213376.0
213560.0
213744.0
213926.0
214110.0
214294.0
214478.0
214662.0
214846.0
215028.0
215212.0
215394.0
215578.0
215760.0
215942.0
216126.0
216310.0
216494.0
216676.0
216858.0
217042.0
217224.0
217408.0
217590.0
217774.0
217953.0
218137.0
218321.0
218505.0
218682.0
218861.0
219043.0
219227.0
219411.0
219595.0
219772.0
219950.0
220134.0
220314.0
220498.0
220682.0
220864.0
221048.0
221227.0
221411.0
221593.0
221775.0
221959.0
222143.0
222325.0
222509.0
222687.0
222869.0
223048.0
223232.0
223416.0
223596.0
223780.0
223959.0
224129.0
224308.0
224492.0
224676.0
224860.0
225042.0
225226.0
225408.0
225590.0
225772.0
225956.0
226140.0
226322.0
226506.0
226688.0
226867.0
227051.0
227235.0
227415.0
227599.0
227773.0
227957.0
228136.0
228315.0
228493.0
228671.0
228850.0
229032.0
229216.0
229400.0
229584.0
229768.0
229947.0
230131.0
230315.0
230499.0
230678.0
230860.0
231044.0
231221.0
231405.0
231589.0
231773.0
231957.0
232141.0
232320.0
232504.0
232683.0
232867.0
233046.0
233230.0
233410.0
233592.0
233776.0
233952.0
234134.0
234316.0
234494.0
234678.0
234862.0
235044.0
235228.0
235410.0
235583.0
235767.0
235942.0
236121.0
236299.0
236481.0
236663.0
236842.0
237024.0
237199.0
237383.0
237567.0
237751.0
237931.0
238110.0
238292.0
238472.0
238654.0
238829.0
239009.0
239193.0
239370.0
239547.0
239729.0
239908.0
240092.0
240276.0
240458.0
240642.0
240820.0
241004.0
241188.0
241372.0
241554.0
241738.0
241917.0
242099.0
242281.0
242465.0
242647.0
242829.0
243013.0
243195.0
243377.0
243556.0
243740.0
243915.0
244094.0
244276.0
244460.0
244642.0
244821.0
245005.0
245187.0
245371.0
245553.0
245735.0
245917.0
246101.0
246285.0
246469.0
246653.0
246837.0
247016.0
247200.0
247384.0
247568.0
247752.0
247936.0
248120.0
248302.0
248486.0
248668.0
248843.0
249027.0
249207.0
249389.0
249573.0
249757.0
249936.0
250110.0
250292.0
250476.0
250658.0
250842.0
251024.0
251202.0
251384.0
251561.0
251738.0
251922.0
252106.0
252290.0
252474.0
252658.0
252837.0
253016.0
253200.0
253382.0
253564.0
253748.0
253927.0
254111.0
254293.0
254470.0
254649.0
254827.0
255009.0
255193.0
255377.0
255554.0
255738.0
255920.0
256104.0
256276.0
256460.0
256642.0
256824.0
257008.0
257190.0
257368.0
257552.0
257732.0
257911.0
258090.0
258274.0
258456.0
258640.0
258824.0
259008.0
259192.0
259376.0
259555.0
259739.0
259923.0
260105.0
260289.0
260468.0
260652.0
260836.0
261008.0
261192.0
261376.0
261555.0
261739.0
261923.0
262105.0
262289.0
262473.0
262657.0
262841.0
263025.0
263207.0
263391.0
263575.0
263759.0
263943.0
264127.0
264311.0
