a = 0.2
g = 0.2
e = 0.5
random initial weights = false

-1991.0
-2470.0
-3265.0
-3892.0
-4435.0
-4877.0
-5537.0
-6268.0
-6830.0
-7357.0
-7789.0
-8315.0
-8842.0
-9322.0
-9827.0
-10287.0
-10736.0
-11261.0
-11678.0
-12151.0
-12609.0
-13083.0
-13577.0
-14044.0
-14499.0
-14401.0
-14222.0
-14042.0
-14457.0
-14874.0
-15321.0
-15777.0
-15615.0
-15483.0
-15924.0
-16348.0
-16817.0
-17243.0
-17678.0
-17560.0
-17995.0
-17838.0
-18250.0
-18709.0
-18533.0
-18363.0
-18193.0
-18056.0
-18509.0
-18403.0
-18242.0
-18075.0
-17930.0
-17751.0
-17581.0
-17414.0
-17278.0
-17123.0
-16945.0
-16771.0
-16597.0
-16432.0
-16255.0
-16126.0
-15966.0
-15800.0
-15622.0
-15456.0
-15285.0
-15119.0
-15012.0
-14839.0
-14674.0
-14518.0
-14345.0
-14186.0
-14036.0
-13902.0
-13749.0
-13576.0
-13420.0
-13275.0
-13114.0
-12954.0
-12779.0
-12607.0
-12442.0
-12278.0
-12145.0
-12008.0
-11874.0
-11702.0
-11531.0
-11363.0
-11187.0
-11037.0
-10871.0
-10696.0
-10559.0
-10404.0
-10256.0
-10079.0
-9920.0
-9743.0
-9568.0
-9400.0
-9236.0
-9089.0
-8911.0
-8751.0
-8578.0
-8414.0
-8247.0
-8085.0
-7916.0
-7752.0
-7582.0
-7409.0
-7254.0
-7101.0
-6957.0
-6783.0
-6625.0
-6481.0
-6329.0
-6187.0
-6013.0
-5838.0
-5711.0
-5557.0
-5417.0
-5308.0
-5137.0
-4968.0
-4816.0
-4664.0
-4499.0
-4332.0
-4168.0
-3989.0
-3867.0
-3724.0
-3563.0
-3385.0
-3221.0
-3084.0
-3079.0
-2917.0
-2744.0
-2578.0
-2398.0
-2254.0
-2127.0
-1968.0
-1802.0
-1648.0
-1466.0
-1324.0
-1159.0
-987.0
-803.0
-664.0
-501.0
-350.0
-184.0
-4.0
141.0
305.0
480.0
635.0
803.0
983.0
1130.0
1280.0
1451.0
1625.0
1784.0
1945.0
2098.0
2254.0
2415.0
2564.0
2740.0
2901.0
3085.0
3259.0
3431.0
3609.0
3753.0
3910.0
4092.0
4256.0
4420.0
4592.0
4739.0
4904.0
5067.0
5218.0
5373.0
5520.0
5684.0
5857.0
6012.0
6185.0
6328.0
6499.0
6673.0
6809.0
6972.0
7151.0
7330.0
7490.0
7660.0
7837.0
7989.0
8128.0
8287.0
8396.0
8566.0
8670.0
8812.0
8968.0
9143.0
9320.0
9462.0
9631.0
9775.0
9941.0
10101.0
10243.0
10417.0
10562.0
10744.0
10920.0
11093.0
11239.0
11410.0
11590.0
11731.0
11908.0
12084.0
12221.0
12354.0
12506.0
12659.0
12822.0
12965.0
13109.0
13270.0
13442.0
13606.0
13764.0
13946.0
14109.0
14281.0
14437.0
14587.0
14760.0
14895.0
15049.0
15207.0
15383.0
15558.0
15710.0
15856.0
16017.0
16184.0
16366.0
16516.0
16672.0
16799.0
16939.0
17091.0
17265.0
17431.0
17608.0
17747.0
17886.0
18042.0
18213.0
18355.0
18501.0
18665.0
18829.0
18994.0
19171.0
19328.0
19486.0
19639.0
19800.0
19976.0
20131.0
20279.0
20463.0
20620.0
20784.0
20905.0
21065.0
21149.0
21315.0
21491.0
21659.0
21843.0
21989.0
22166.0
22345.0
22506.0
22668.0
22814.0
22982.0
23147.0
23315.0
23479.0
23663.0
23828.0
23996.0
24167.0
24336.0
24507.0
24680.0
24864.0
24981.0
25136.0
25320.0
25495.0
25639.0
25791.0
25961.0
26119.0
26275.0
26450.0
26613.0
26787.0
26916.0
27093.0
27264.0
27403.0
27541.0
27598.0
27748.0
27910.0
28078.0
28236.0
28377.0
28537.0
28695.0
28873.0
29045.0
29193.0
29351.0
29519.0
29687.0
29839.0
30005.0
30162.0
30305.0
30444.0
30612.0
30773.0
30910.0
31067.0
31218.0
31367.0
31527.0
31694.0
31858.0
32035.0
32182.0
32364.0
32530.0
32683.0
32833.0
33005.0
33141.0
33295.0
33443.0
33614.0
33794.0
33965.0
34124.0
34288.0
34467.0
34614.0
34785.0
34937.0
35121.0
35283.0
35461.0
35615.0
35788.0
35944.0
36119.0
36273.0
36424.0
36578.0
36751.0
36900.0
37021.0
37162.0
37337.0
37494.0
37676.0
37844.0
37980.0
38143.0
38304.0
38481.0
38622.0
38781.0
38941.0
39108.0
39248.0
39415.0
39577.0
39761.0
39918.0
40097.0
40273.0
40446.0
40626.0
40810.0
40980.0
41136.0
41260.0
41425.0
41585.0
41757.0
41914.0
42064.0
42242.0
42393.0
42554.0
42661.0
42818.0
42967.0
43114.0
43261.0
43438.0
43615.0
43758.0
43903.0
44075.0
44245.0
44414.0
44592.0
44760.0
44927.0
45103.0
45267.0
45427.0
45571.0
45744.0
45910.0
46067.0
46207.0
46334.0
46504.0
46641.0
46806.0
46948.0
47112.0
47284.0
47450.0
47613.0
47772.0
47935.0
48101.0
48263.0
48422.0
48583.0
48733.0
48911.0
49053.0
49226.0
49396.0
49573.0
49728.0
49864.0
49995.0
50161.0
50338.0
50487.0
50642.0
50796.0
50957.0
51112.0
51290.0
51407.0
51564.0
51728.0
51891.0
52064.0
52218.0
52400.0
52569.0
52731.0
52868.0
53018.0
53191.0
53327.0
53491.0
53663.0
53834.0
53967.0
54117.0
54270.0
54439.0
54619.0
54779.0
54957.0
55122.0
55299.0
55472.0
55642.0
55821.0
55957.0
56119.0
56282.0
56460.0
56622.0
56750.0
56930.0
57104.0
57281.0
57446.0
57628.0
57790.0
57944.0
58112.0
58269.0
58442.0
58614.0
58778.0
58941.0
59118.0
59263.0
59440.0
59590.0
59754.0
59938.0
60104.0
60288.0
60437.0
60572.0
60729.0
60869.0
61045.0
61208.0
61382.0
61537.0
61665.0
61840.0
62013.0
62190.0
62349.0
62526.0
62694.0
62861.0
63009.0
63184.0
63364.0
63529.0
63690.0
63820.0
63968.0
64133.0
64266.0
64441.0
64618.0
64774.0
64935.0
65117.0
65276.0
65455.0
65623.0
65796.0
65966.0
66143.0
66303.0
66475.0
66650.0
66828.0
67003.0
67181.0
67346.0
67512.0
67665.0
67815.0
67962.0
68124.0
68269.0
68448.0
68604.0
68757.0
68889.0
69038.0
69200.0
69375.0
69557.0
69704.0
69879.0
70054.0
70209.0
70347.0
70495.0
70657.0
70836.0
71008.0
71168.0
71303.0
71465.0
71613.0
71722.0
71895.0
72057.0
72213.0
72393.0
72558.0
72735.0
72910.0
73075.0
73230.0
73382.0
73540.0
73695.0
73856.0
74034.0
74209.0
74376.0
74521.0
74634.0
74793.0
74975.0
75131.0
75298.0
75464.0
75614.0
75788.0
75968.0
76123.0
76270.0
76435.0
76607.0
76776.0
76951.0
77124.0
77290.0
77457.0
77629.0
77781.0
77924.0
78070.0
78245.0
78412.0
78561.0
78730.0
78903.0
79071.0
79241.0
79343.0
79516.0
79683.0
79850.0
80010.0
80172.0
80348.0
80520.0
80667.0
80836.0
80991.0
81151.0
81329.0
81468.0
81619.0
81803.0
81928.0
82071.0
82226.0
82383.0
82528.0
82695.0
82868.0
83048.0
83211.0
83376.0
83539.0
83719.0
83883.0
84020.0
84164.0
84334.0
84460.0
84633.0
84796.0
84934.0
85108.0
85274.0
85437.0
85584.0
85731.0
85915.0
86087.0
86244.0
86396.0
86510.0
86640.0
86812.0
86982.0
87139.0
87286.0
87455.0
87622.0
87782.0
87943.0
88106.0
88263.0
88417.0
88566.0
88726.0
88881.0
89051.0
89196.0
89371.0
89532.0
89701.0
89853.0
90023.0
90190.0
90368.0
90552.0
90724.0
90887.0
91065.0
91240.0
91375.0
91530.0
91704.0
91847.0
92013.0
92170.0
92314.0
92455.0
92614.0
92762.0
92919.0
93092.0
93263.0
93417.0
93534.0
93702.0
93884.0
94020.0
94172.0
94331.0
94493.0
94622.0
94791.0
94973.0
95054.0
95230.0
95396.0
95562.0
95723.0
95902.0
96056.0
96169.0
96320.0
96480.0
96629.0
96800.0
96970.0
97140.0
97283.0
97437.0
97579.0
97725.0
97875.0
98050.0
98194.0
98351.0
98502.0
98671.0
98836.0
99011.0
99176.0
99323.0
99473.0
99642.0
99815.0
99973.0
100150.0
100325.0
100487.0
100652.0
100799.0
100962.0
101146.0
101323.0
101493.0
101653.0
101807.0
101971.0
102149.0
102295.0
102469.0
102601.0
102756.0
102935.0
103109.0
103259.0
103431.0
103580.0
103728.0
103891.0
104042.0
104200.0
104334.0
104483.0
104615.0
104780.0
104949.0
105048.0
105215.0
105372.0
105533.0
105699.0
105850.0
105991.0
106161.0
106327.0
106483.0
106642.0
106810.0
106970.0
107121.0
107289.0
107415.0
107590.0
107746.0
107917.0
108084.0
108255.0
108420.0
108587.0
108769.0
108940.0
109046.0
109183.0
109347.0
109500.0
109678.0
109843.0
110014.0
110184.0
110335.0
110507.0
110662.0
110801.0
110950.0
111103.0
111270.0
111429.0
111603.0
111776.0
111930.0
112099.0
112242.0
112406.0
112586.0
112759.0
112932.0
113106.0
113261.0
113415.0
113590.0
113772.0
113902.0
114065.0
114227.0
114392.0
114565.0
114721.0
114883.0
115043.0
115207.0
115362.0
115535.0
115696.0
115860.0
116009.0
116168.0
116338.0
116518.0
116669.0
116835.0
116988.0
117164.0
117321.0
117473.0
117622.0
117770.0
117934.0
118081.0
118239.0
118398.0
118564.0
118739.0
118921.0
119087.0
119241.0
119407.0
119580.0
119759.0
119920.0
120068.0
120250.0
120428.0
120563.0
120704.0
120812.0
120951.0
121118.0
121289.0
121446.0
121601.0
121739.0
121909.0
122054.0
122204.0
122374.0
122529.0
122702.0
122861.0
123029.0
123194.0
123361.0
123526.0
123661.0
123818.0
123980.0
124154.0
124317.0
124430.0
124595.0
124746.0
124895.0
125063.0
125224.0
125398.0
125552.0
125676.0
125849.0
126019.0
126175.0
126346.0
126516.0
126681.0
126852.0
126983.0
127140.0
127314.0
127428.0
127589.0
127760.0
127901.0
128069.0
128224.0
128400.0
128548.0
128719.0
128893.0
129068.0
129236.0
129420.0
129583.0
129739.0
129902.0
130034.0
130186.0
130355.0
130519.0
130659.0
130833.0
130980.0
131138.0
131305.0
131470.0
131639.0
131803.0
131945.0
132077.0
132238.0
132391.0
132538.0
132716.0
132880.0
133047.0
133183.0
133358.0
133526.0
133710.0
133865.0
134030.0
134189.0
134367.0
134525.0
134689.0
134825.0
134988.0
135145.0
135302.0
135486.0
135657.0
135827.0
135989.0
136157.0
136328.0
136483.0
136659.0
136827.0
136988.0
137139.0
137309.0
137458.0
137621.0
137760.0
137903.0
138058.0
138225.0
138374.0
138554.0
138728.0
138893.0
138982.0
139135.0
139296.0
139452.0
139618.0
139793.0
139965.0
140136.0
140297.0
140464.0
140607.0
140773.0
140940.0
141109.0
141293.0
141459.0
141612.0
141782.0
141952.0
142071.0
142232.0
142395.0
142572.0
142748.0
142930.0
143110.0
143288.0
143465.0
143630.0
143791.0
143953.0
144095.0
144267.0
144439.0
144600.0
144784.0
144958.0
145129.0
145282.0
145426.0
145583.0
145755.0
145918.0
146090.0
146214.0
146371.0
146539.0
146706.0
146881.0
147054.0
147225.0
147374.0
147524.0
147679.0
147851.0
148008.0
148174.0
148347.0
148520.0
148668.0
148825.0
148981.0
149159.0
149337.0
149515.0
149672.0
149847.0
149989.0
150162.0
150321.0
150501.0
150672.0
150811.0
150988.0
151138.0
151291.0
151470.0
151635.0
151810.0
151958.0
152126.0
152294.0
152408.0
152572.0
152737.0
152914.0
153078.0
153243.0
153381.0
153559.0
153694.0
153867.0
154038.0
154222.0
154354.0
154516.0
154675.0
154842.0
155011.0
155161.0
155332.0
155507.0
155673.0
155833.0
156004.0
156150.0
156317.0
156489.0
156654.0
156809.0
156971.0
157151.0
157333.0
157492.0
157667.0
157805.0
157943.0
158102.0
158272.0
158450.0
158609.0
158763.0
158932.0
159085.0
159243.0
159399.0
159548.0
159635.0
159800.0
159977.0
160147.0
160299.0
160459.0
160612.0
160794.0
160955.0
161123.0
161276.0
161409.0
161579.0
161763.0
161866.0
162028.0
162212.0
162387.0
162566.0
162737.0
162898.0
163051.0
163201.0
163351.0
163512.0
163652.0
163816.0
163998.0
164161.0
164307.0
164458.0
164622.0
164779.0
164945.0
165084.0
165262.0
165435.0
165610.0
165777.0
165950.0
166121.0
166287.0
166444.0
166604.0
166769.0
166907.0
167070.0
167232.0
167399.0
167567.0
167751.0
167899.0
168050.0
168225.0
168396.0
168556.0
168714.0
168861.0
169003.0
169142.0
169316.0
169481.0
169619.0
169785.0
169952.0
170120.0
170291.0
170445.0
170611.0
170749.0
170879.0
171051.0
171204.0
171377.0
171528.0
171688.0
171823.0
171977.0
172149.0
172322.0
172504.0
172676.0
172835.0
172982.0
173155.0
173328.0
173481.0
173646.0
173801.0
173958.0
174115.0
174277.0
174441.0
174582.0
174751.0
174915.0
175092.0
175236.0
175414.0
175598.0
175745.0
175882.0
176040.0
176208.0
176367.0
176526.0
176697.0
176832.0
177010.0
177173.0
177341.0
177479.0
177639.0
177791.0
177968.0
178130.0
178301.0
178433.0
178597.0
178760.0
178918.0
179090.0
179241.0
179409.0
179571.0
179739.0
179899.0
180041.0
180220.0
180372.0
180504.0
180657.0
180823.0
180978.0
181146.0
181314.0
181488.0
181658.0
181790.0
181974.0
182146.0
182311.0
182470.0
182645.0
182819.0
182983.0
183136.0
183299.0
183478.0
183630.0
183810.0
183981.0
184140.0
184306.0
184454.0
184633.0
184793.0
184959.0
185122.0
185273.0
185444.0
185616.0
185772.0
185901.0
186043.0
186220.0
186367.0
186538.0
186680.0
186852.0
187005.0
187173.0
187351.0
187481.0
187647.0
187821.0
188000.0
188164.0
188342.0
188497.0
188665.0
188834.0
188999.0
189142.0
189282.0
189440.0
189613.0
189797.0
189967.0
190127.0
190299.0
190446.0
190628.0
190797.0
190964.0
191120.0
191253.0
191425.0
191589.0
191755.0
191926.0
192059.0
192204.0
192364.0
192538.0
192706.0
192881.0
193035.0
193181.0
193341.0
193497.0
193666.0
193829.0
193974.0
194142.0
194294.0
194478.0
194584.0
194750.0
194892.0
195056.0
195234.0
195408.0
195553.0
195678.0
195834.0
195966.0
196133.0
196295.0
196428.0
196599.0
196749.0
196908.0
197072.0
197235.0
197406.0
197588.0
197758.0
197922.0
198090.0
198244.0
198397.0
198569.0
198717.0
198899.0
199067.0
199249.0
199414.0
199584.0
199725.0
199890.0
200048.0
200227.0
200348.0
200522.0
200681.0
200861.0
201035.0
201188.0
201332.0
201489.0
201651.0
201808.0
201984.0
202121.0
202285.0
202460.0
202615.0
202785.0
202944.0
203099.0
203227.0
203393.0
203545.0
203712.0
203874.0
204048.0
204191.0
204366.0
204540.0
204680.0
204849.0
205021.0
205205.0
205343.0
205499.0
205619.0
205779.0
205945.0
206073.0
206228.0
206397.0
206566.0
206737.0
206916.0
207075.0
207227.0
207399.0
207562.0
207737.0
207887.0
208055.0
208198.0
208372.0
208554.0
208710.0
208876.0
208989.0
209173.0
209340.0
209479.0
209661.0
209809.0
209980.0
210133.0
210312.0
210481.0
210644.0
210810.0
210954.0
211115.0
211280.0
211454.0
211628.0
211810.0
211973.0
212133.0
212290.0
212470.0
212638.0
212805.0
212953.0
213130.0
213305.0
213480.0
213647.0
213791.0
213975.0
214107.0
214265.0
