a = 0.2
g = 0.8
e = 0.3
random initial weights = false

-799.0
-1334.0
-3945.0
-4562.0
-5113.0
-5551.0
-6267.0
-6226.0
-6657.0
-7123.0
-7559.0
-8038.0
-8473.0
-8899.0
-9356.0
-9786.0
-9606.0
-10016.0
-9845.0
-10385.0
-10210.0
-10633.0
-11055.0
-10897.0
-10736.0
-10552.0
-10379.0
-10206.0
-10068.0
-9888.0
-9714.0
-9540.0
-9362.0
-9182.0
-9014.0
-8843.0
-8659.0
-8482.0
-8298.0
-8118.0
-7936.0
-7760.0
-7584.0
-7415.0
-7231.0
-7053.0
-6871.0
-6687.0
-6518.0
-6338.0
-6158.0
-5978.0
-5812.0
-5643.0
-5459.0
-5284.0
-5107.0
-4927.0
-4759.0
-4586.0
-4411.0
-4238.0
-4070.0
-3906.0
-3722.0
-3546.0
-3362.0
-3195.0
-3020.0
-2860.0
-2678.0
-2499.0
-2329.0
-2152.0
-1980.0
-1820.0
-1636.0
-1459.0
-1287.0
-1108.0
-929.0
-757.0
-580.0
-412.0
-234.0
-71.0
97.0
262.0
442.0
617.0
794.0
950.0
1127.0
1301.0
1476.0
1653.0
1832.0
2011.0
2183.0
2360.0
2539.0
2719.0
2903.0
3071.0
3248.0
3432.0
3614.0
3781.0
3951.0
4125.0
4288.0
4458.0
4635.0
4812.0
4989.0
5173.0
5352.0
5529.0
5703.0
5887.0
6071.0
6249.0
6425.0
6587.0
6766.0
6943.0
7088.0
7256.0
7430.0
7614.0
7798.0
7980.0
8154.0
8329.0
8496.0
8668.0
8852.0
9030.0
9189.0
9362.0
9539.0
9721.0
9898.0
10075.0
10251.0
10422.0
10597.0
10764.0
10937.0
11098.0
11271.0
11446.0
11619.0
11781.0
11951.0
12128.0
12308.0
12473.0
12652.0
12827.0
12985.0
13149.0
13327.0
13501.0
13676.0
13855.0
14025.0
14194.0
14355.0
14531.0
14713.0
14891.0
15068.0
15252.0
15417.0
15592.0
15752.0
15932.0
16111.0
16282.0
16462.0
16635.0
16812.0
16970.0
17148.0
17310.0
17494.0
17673.0
17855.0
18033.0
18205.0
18378.0
18556.0
18740.0
18906.0
19088.0
19266.0
19448.0
19618.0
19802.0
19982.0
20156.0
20335.0
20515.0
20697.0
20870.0
21028.0
21207.0
21377.0
21556.0
21726.0
21906.0
22074.0
22254.0
22430.0
22612.0
22770.0
22950.0
23117.0
23299.0
23464.0
23639.0
23815.0
23994.0
24169.0
24347.0
24515.0
24690.0
24862.0
25042.0
25226.0
25408.0
25592.0
25766.0
25948.0
26128.0
26295.0
26472.0
26647.0
26820.0
26991.0
27173.0
27350.0
27534.0
27708.0
27876.0
28055.0
28233.0
28399.0
28556.0
28738.0
28917.0
29097.0
29274.0
29454.0
29634.0
29818.0
29993.0
30171.0
30339.0
30516.0
30685.0
30869.0
31046.0
31228.0
31405.0
31582.0
31764.0
31932.0
32114.0
32283.0
32454.0
32622.0
32800.0
32982.0
33164.0
33340.0
33507.0
33691.0
33869.0
34045.0
34229.0
34401.0
34585.0
34763.0
34931.0
35106.0
35285.0
35448.0
35628.0
35800.0
35982.0
36160.0
36340.0
36501.0
36673.0
36846.0
37024.0
37199.0
37373.0
37548.0
37725.0
37897.0
38062.0
38236.0
38418.0
38577.0
38743.0
38925.0
39107.0
39287.0
39455.0
39637.0
39815.0
39997.0
40177.0
40359.0
40534.0
40713.0
40888.0
41072.0
41248.0
41426.0
41605.0
41784.0
41968.0
42147.0
42326.0
42489.0
42654.0
42834.0
43009.0
43145.0
43327.0
43509.0
43673.0
43848.0
44021.0
44188.0
44357.0
44530.0
44701.0
44870.0
45052.0
45232.0
45405.0
45579.0
45759.0
45925.0
46109.0
46293.0
46469.0
46645.0
46827.0
47002.0
47186.0
47354.0
47534.0
47713.0
47895.0
48054.0
48227.0
48388.0
48568.0
48748.0
48924.0
49100.0
49282.0
49454.0
49636.0
49812.0
49985.0
50162.0
50344.0
50526.0
50705.0
50877.0
51047.0
51229.0
51390.0
51572.0
51756.0
51918.0
52098.0
52282.0
52443.0
52620.0
52795.0
52963.0
53135.0
53315.0
53484.0
53668.0
53847.0
54024.0
54204.0
54367.0
54546.0
54720.0
54900.0
55078.0
55253.0
55428.0
55605.0
55768.0
55950.0
56134.0
56294.0
56476.0
56646.0
56826.0
57006.0
57167.0
57341.0
57496.0
57662.0
57826.0
58008.0
58187.0
58366.0
58546.0
58728.0
58897.0
59071.0
59243.0
59415.0
59592.0
59772.0
59951.0
60133.0
60317.0
60474.0
60640.0
60813.0
60995.0
61153.0
61317.0
61484.0
61653.0
61828.0
62005.0
62189.0
62365.0
62549.0
62721.0
62900.0
63080.0
63260.0
63428.0
63592.0
63776.0
63960.0
64135.0
64319.0
64501.0
64678.0
64838.0
65010.0
65192.0
65356.0
65531.0
65715.0
65893.0
66060.0
66228.0
66405.0
66580.0
66749.0
66918.0
67084.0
67254.0
67438.0
67615.0
67790.0
67967.0
68149.0
68331.0
68505.0
68687.0
68857.0
69021.0
69198.0
69378.0
69560.0
69742.0
69924.0
70108.0
70282.0
70460.0
70620.0
70792.0
70972.0
71154.0
71315.0
71499.0
71679.0
71849.0
72033.0
72196.0
72378.0
72553.0
72719.0
72896.0
73067.0
73239.0
73409.0
73591.0
73765.0
73937.0
74114.0
74294.0
74462.0
74636.0
74815.0
74997.0
75164.0
75346.0
75521.0
75695.0
75864.0
76043.0
76220.0
76375.0
76557.0
76728.0
76892.0
77068.0
77238.0
77420.0
77593.0
77765.0
77935.0
78113.0
78288.0
78468.0
78623.0
78796.0
78975.0
79155.0
79330.0
79510.0
79690.0
79874.0
80056.0
80228.0
80395.0
80577.0
80761.0
80923.0
81107.0
81289.0
81468.0
81646.0
81811.0
81991.0
82171.0
82339.0
82509.0
82683.0
82867.0
83023.0
83207.0
83384.0
83549.0
83724.0
83894.0
84069.0
84246.0
84415.0
84580.0
84764.0
84944.0
85119.0
85303.0
85475.0
85641.0
85825.0
86002.0
86175.0
86359.0
86527.0
86702.0
86868.0
87043.0
87223.0
87369.0
87546.0
87711.0
87879.0
88044.0
88219.0
88403.0
88577.0
88751.0
88935.0
89110.0
89288.0
89453.0
89623.0
89802.0
89948.0
90123.0
90300.0
90466.0
90638.0
90812.0
90984.0
91163.0
91341.0
91523.0
91707.0
91891.0
92068.0
92246.0
92398.0
92572.0
92725.0
92909.0
93077.0
93253.0
93423.0
93592.0
93776.0
93952.0
94132.0
94310.0
94487.0
94660.0
94842.0
95021.0
95200.0
95368.0
95550.0
95732.0
95898.0
96080.0
96257.0
96437.0
96621.0
96797.0
96979.0
97142.0
97314.0
97482.0
97655.0
97828.0
97999.0
98176.0
98358.0
98540.0
98712.0
98894.0
99054.0
99231.0
99409.0
99591.0
99775.0
99952.0
100136.0
100318.0
100484.0
100655.0
100828.0
101005.0
101179.0
101343.0
101520.0
101697.0
101873.0
102055.0
102237.0
102400.0
102582.0
102749.0
102924.0
103093.0
103264.0
103440.0
103610.0
103781.0
103958.0
104140.0
104322.0
104497.0
104661.0
104840.0
105008.0
105183.0
105362.0
105546.0
105728.0
105907.0
106079.0
106256.0
106429.0
106608.0
106773.0
106948.0
107121.0
107284.0
107468.0
107631.0
107791.0
107959.0
108139.0
108317.0
108501.0
108681.0
108860.0
109044.0
109218.0
109400.0
109565.0
109726.0
109903.0
110085.0
110267.0
110442.0
110616.0
110795.0
110977.0
111140.0
111314.0
111494.0
111671.0
111846.0
112015.0
112197.0
112368.0
112552.0
112728.0
112902.0
113069.0
113239.0
113419.0
113587.0
113764.0
113948.0
114130.0
114310.0
114479.0
114657.0
114823.0
114991.0
115175.0
115355.0
115534.0
115716.0
115883.0
116052.0
116236.0
116409.0
116589.0
116766.0
116938.0
117112.0
117280.0
117448.0
117627.0
117800.0
117976.0
118145.0
118311.0
118474.0
118637.0
118816.0
118996.0
119161.0
119340.0
119524.0
119706.0
119890.0
120072.0
120252.0
120429.0
120602.0
120774.0
120949.0
121123.0
121298.0
121462.0
121644.0
121804.0
121971.0
122149.0
122326.0
122503.0
122668.0
122845.0
123024.0
123198.0
123363.0
123542.0
123714.0
123898.0
124070.0
124245.0
124429.0
124601.0
124781.0
124955.0
125128.0
125284.0
125457.0
125641.0
125814.0
125989.0
126171.0
126345.0
126504.0
126679.0
126844.0
127026.0
127203.0
127382.0
127560.0
127744.0
127913.0
128081.0
128250.0
128427.0
128609.0
128784.0
128966.0
129150.0
129334.0
129503.0
129685.0
129865.0
130044.0
130223.0
130392.0
130560.0
130744.0
130919.0
131099.0
131271.0
131450.0
131614.0
131798.0
131975.0
132159.0
132330.0
132508.0
132678.0
132855.0
133022.0
133180.0
133362.0
133542.0
133726.0
133890.0
134070.0
134242.0
134419.0
134601.0
134776.0
134958.0
135137.0
135310.0
135494.0
135672.0
135845.0
136019.0
136198.0
136370.0
136547.0
136716.0
136891.0
137069.0
137253.0
137426.0
137593.0
137775.0
137947.0
138117.0
138296.0
138460.0
138639.0
138809.0
138964.0
139130.0
139314.0
139488.0
139672.0
139838.0
140017.0
140191.0
140370.0
140548.0
140726.0
140881.0
141059.0
141241.0
141425.0
141604.0
141788.0
141972.0
142149.0
142320.0
142492.0
142655.0
142825.0
143004.0
143186.0
143366.0
143541.0
143702.0
143876.0
144051.0
144228.0
144412.0
144590.0
144772.0
144947.0
145131.0
145313.0
145482.0
145654.0
145836.0
146016.0
146189.0
146359.0
146536.0
146713.0
146891.0
147060.0
147242.0
147406.0
147583.0
147755.0
147920.0
148104.0
148280.0
148454.0
148624.0
148808.0
148981.0
149161.0
149343.0
149512.0
149689.0
149873.0
150048.0
150218.0
150395.0
150577.0
150748.0
150917.0
151101.0
151283.0
151467.0
151631.0
151788.0
151963.0
152141.0
152317.0
152501.0
152661.0
152843.0
153017.0
153185.0
153362.0
153544.0
153715.0
153882.0
154043.0
154200.0
154371.0
154548.0
154717.0
154895.0
155077.0
155257.0
155437.0
155604.0
155781.0
155960.0
156142.0
156319.0
156493.0
156670.0
156850.0
157028.0
157208.0
157383.0
157558.0
157721.0
157899.0
158079.0
158248.0
158409.0
158587.0
158761.0
158940.0
159108.0
159284.0
159466.0
159646.0
159825.0
159986.0
160170.0
160348.0
160515.0
160692.0
160866.0
161039.0
161221.0
161398.0
161576.0
161750.0
161934.0
162078.0
162233.0
162417.0
162599.0
162755.0
162934.0
163118.0
163293.0
163466.0
163638.0
163811.0
163973.0
164157.0
164332.0
164506.0
164682.0
164866.0
165044.0
165226.0
165406.0
165584.0
165766.0
165948.0
166127.0
166311.0
166495.0
166670.0
166847.0
167017.0
167185.0
167357.0
167539.0
167691.0
167867.0
168035.0
168207.0
168368.0
168542.0
168726.0
168895.0
169068.0
169227.0
169400.0
169557.0
169735.0
169901.0
170078.0
170255.0
170432.0
170611.0
170784.0
170944.0
171118.0
171290.0
171461.0
171638.0
171783.0
171957.0
172139.0
172318.0
172486.0
172663.0
172826.0
173006.0
173190.0
173362.0
173532.0
173714.0
173889.0
174065.0
174249.0
174428.0
174612.0
174791.0
174969.0
175139.0
175319.0
175488.0
175667.0
175839.0
176021.0
176197.0
176363.0
176547.0
176719.0
176896.0
177069.0
177246.0
177411.0
177586.0
177764.0
177946.0
178130.0
178297.0
178463.0
178632.0
178806.0
178981.0
179165.0
179343.0
179512.0
179678.0
179851.0
180010.0
180190.0
180372.0
180550.0
180699.0
180869.0
181048.0
181225.0
181403.0
181573.0
181757.0
181933.0
182113.0
182295.0
182475.0
182642.0
182822.0
183006.0
183177.0
183354.0
183531.0
183705.0
183889.0
184061.0
184229.0
184403.0
184578.0
184747.0
184912.0
185079.0
185254.0
185432.0
185600.0
185764.0
185942.0
186112.0
186294.0
186464.0
186642.0
186805.0
186989.0
187162.0
187344.0
187509.0
187686.0
187861.0
188038.0
188220.0
188398.0
188580.0
188762.0
188939.0
189119.0
189263.0
189435.0
189594.0
189758.0
189929.0
190089.0
190269.0
190453.0
190633.0
190804.0
190975.0
191150.0
191325.0
191502.0
191674.0
191844.0
192024.0
192202.0
192380.0
192547.0
192731.0
192910.0
193068.0
193234.0
193400.0
193577.0
193749.0
193920.0
194097.0
194281.0
194440.0
194607.0
194787.0
194961.0
195139.0
195319.0
195503.0
195681.0
195858.0
196033.0
196215.0
196395.0
196560.0
196734.0
196914.0
197084.0
197266.0
197448.0
197627.0
197807.0
197991.0
198167.0
198344.0
198524.0
198675.0
198852.0
199025.0
199205.0
199387.0
199571.0
199749.0
199927.0
200102.0
200275.0
200454.0
200633.0
200813.0
200993.0
201172.0
201354.0
201523.0
201690.0
201856.0
202009.0
202191.0
202359.0
202510.0
202676.0
202860.0
203038.0
203203.0
203387.0
203486.0
203663.0
203847.0
204026.0
204208.0
204388.0
204564.0
204743.0
204923.0
205107.0
205289.0
205450.0
205634.0
205806.0
205976.0
206151.0
206326.0
206502.0
206678.0
206852.0
207019.0
207201.0
207371.0
207543.0
207727.0
207897.0
208064.0
208241.0
208425.0
208604.0
208771.0
208948.0
209130.0
209297.0
209477.0
209654.0
209838.0
210015.0
210187.0
210371.0
210527.0
210700.0
210875.0
211053.0
211228.0
211398.0
211560.0
211742.0
211922.0
212104.0
212288.0
212462.0
212636.0
212815.0
212993.0
213154.0
213336.0
213518.0
213693.0
213870.0
214043.0
214209.0
214369.0
214544.0
214723.0
214905.0
215082.0
215259.0
215416.0
215596.0
215773.0
215950.0
216126.0
216304.0
216479.0
216661.0
216838.0
217013.0
217195.0
217370.0
217552.0
217734.0
217909.0
218069.0
218239.0
218407.0
218583.0
218753.0
218930.0
219093.0
219275.0
219449.0
219622.0
219781.0
219965.0
220127.0
220307.0
220475.0
220657.0
220841.0
221008.0
221190.0
221357.0
221534.0
221712.0
221890.0
222061.0
222236.0
222414.0
222591.0
222763.0
222945.0
223122.0
223297.0
223475.0
223647.0
223826.0
224005.0
224184.0
224363.0
224543.0
224720.0
224872.0
225039.0
225208.0
225392.0
225572.0
225747.0
225922.0
226087.0
226271.0
226453.0
226635.0
226817.0
226997.0
227173.0
227336.0
227520.0
227700.0
227870.0
227965.0
228147.0
228331.0
228513.0
228665.0
228845.0
229017.0
229194.0
229376.0
229556.0
229734.0
229899.0
230077.0
230259.0
230383.0
230563.0
230725.0
230904.0
231084.0
231264.0
231441.0
231623.0
231798.0
231976.0
232144.0
232324.0
232506.0
232686.0
232863.0
233041.0
233215.0
233399.0
233571.0
233740.0
233924.0
234089.0
234246.0
234424.0
234601.0
234780.0
234956.0
235122.0
235291.0
235468.0
235643.0
235815.0
235999.0
236181.0
236358.0
236537.0
236699.0
236881.0
237056.0
237224.0
237397.0
237551.0
237729.0
237909.0
238080.0
238258.0
238413.0
238579.0
238749.0
238920.0
239089.0
239264.0
239437.0
239607.0
239787.0
239964.0
240148.0
240314.0
240484.0
240663.0
240843.0
241022.0
241204.0
241384.0
241556.0
241729.0
241904.0
242086.0
242265.0
242440.0
242614.0
242791.0
242968.0
243132.0
243316.0
243493.0
243671.0
243855.0
244037.0
244215.0
244379.0
244549.0
244733.0
244910.0
245092.0
245274.0
245448.0
245632.0
245810.0
245992.0
246174.0
246356.0
246528.0
246707.0
246887.0
247066.0
