a = 0.5
g = 0.2
e = 0.3
random initial weights = true

-2581.0
-3412.0
-4168.0
-4692.0
-5153.0
-5632.0
-6097.0
-6535.0
-7024.0
-7528.0
-7983.0
-8438.0
-9020.0
-9439.0
-9941.0
-10414.0
-10882.0
-11318.0
-11749.0
-12231.0
-12670.0
-13101.0
-13575.0
-14110.0
-14533.0
-14964.0
-14804.0
-15219.0
-15665.0
-16104.0
-16542.0
-16969.0
-17391.0
-17825.0
-18242.0
-18713.0
-19126.0
-19554.0
-19976.0
-20395.0
-20821.0
-20645.0
-21069.0
-21511.0
-21936.0
-22355.0
-22794.0
-23249.0
-23668.0
-24089.0
-24504.0
-24927.0
-25368.0
-25808.0
-25648.0
-26073.0
-25917.0
-26338.0
-26174.0
-26585.0
-26411.0
-26254.0
-26673.0
-27093.0
-26919.0
-26747.0
-26577.0
-26418.0
-26256.0
-26082.0
-25926.0
-25754.0
-26171.0
-26582.0
-27001.0
-27421.0
-27260.0
-27094.0
-26916.0
-26744.0
-26578.0
-26410.0
-26244.0
-26066.0
-25899.0
-25726.0
-25578.0
-25405.0
-25248.0
-25089.0
-25502.0
-25345.0
-25176.0
-25007.0
-24838.0
-24671.0
-24497.0
-24323.0
-24152.0
-23987.0
-23822.0
-23663.0
-23491.0
-23320.0
-23151.0
-23003.0
-22832.0
-22656.0
-22497.0
-22333.0
-22159.0
-21985.0
-21811.0
-21635.0
-21459.0
-21290.0
-21114.0
-20938.0
-20774.0
-20596.0
-20422.0
-20250.0
-20076.0
-19912.0
-19741.0
-19574.0
-19400.0
-19247.0
-19073.0
-18925.0
-18747.0
-18580.0
-18407.0
-18235.0
-18059.0
-17881.0
-17724.0
-17552.0
-17383.0
-17218.0
-17044.0
-16879.0
-16707.0
-16533.0
-16361.0
-16194.0
-16018.0
-15844.0
-15673.0
-15515.0
-15339.0
-15175.0
-14997.0
-14825.0
-14647.0
-14469.0
-14324.0
-14150.0
-13974.0
-13800.0
-13628.0
-13454.0
-13280.0
-13123.0
-12969.0
-12799.0
-12627.0
-12453.0
-12280.0
-12114.0
-11945.0
-11778.0
-11606.0
-11462.0
-11291.0
-11122.0
-10950.0
-10779.0
-10605.0
-10460.0
-10298.0
-10139.0
-9970.0
-9802.0
-9648.0
-9475.0
-9305.0
-9137.0
-8972.0
-8794.0
-8633.0
-8457.0
-8285.0
-8115.0
-7951.0
-7799.0
-7623.0
-7467.0
-7299.0
-7130.0
-6978.0
-6813.0
-6658.0
-6491.0
-6329.0
-6162.0
-5984.0
-5810.0
-5650.0
-5480.0
-5308.0
-5132.0
-4958.0
-4794.0
-4624.0
-4456.0
-4298.0
-4124.0
-3953.0
-3777.0
-3605.0
-3432.0
-3270.0
-3098.0
-2929.0
-2764.0
-2595.0
-2435.0
-2281.0
-2110.0
-1937.0
-1765.0
-1596.0
-1429.0
-1251.0
-1075.0
-901.0
-732.0
-565.0
-389.0
-213.0
-39.0
133.0
306.0
463.0
637.0
808.0
976.0
1142.0
1306.0
1477.0
1647.0
1806.0
1976.0
2149.0
2305.0
2451.0
2614.0
2788.0
2961.0
3137.0
3311.0
3475.0
3651.0
3820.0
3998.0
4172.0
4341.0
4513.0
4678.0
4847.0
5019.0
5187.0
5352.0
5521.0
5695.0
5869.0
6039.0
6213.0
6385.0
6559.0
6714.0
6873.0
7047.0
7221.0
7393.0
7571.0
7743.0
7915.0
8089.0
8265.0
8443.0
8615.0
8780.0
8954.0
9132.0
9295.0
9465.0
9631.0
9802.0
9963.0
10132.0
10306.0
10471.0
10649.0
10800.0
10974.0
11141.0
11314.0
11481.0
11657.0
11831.0
12007.0
12183.0
12361.0
12531.0
12694.0
12859.0
13033.0
13200.0
13372.0
13548.0
13713.0
13880.0
14052.0
14223.0
14392.0
14562.0
14721.0
14895.0
15064.0
15235.0
15411.0
15583.0
15736.0
15910.0
16084.0
16260.0
16436.0
16603.0
16777.0
16949.0
17127.0
17300.0
17471.0
17635.0
17805.0
17962.0
18134.0
18301.0
18461.0
18628.0
18796.0
18972.0
19146.0
19324.0
19490.0
19661.0
19835.0
20007.0
20174.0
20338.0
20512.0
20673.0
20843.0
21002.0
21144.0
21318.0
21494.0
21660.0
21838.0
22016.0
22187.0
22361.0
22537.0
22706.0
22882.0
23051.0
23224.0
23392.0
23568.0
23740.0
23905.0
24074.0
24250.0
24418.0
24594.0
24762.0
24931.0
25109.0
25279.0
25455.0
25633.0
25803.0
25981.0
26153.0
26331.0
26505.0
26664.0
26828.0
27004.0
27174.0
27342.0
27520.0
27696.0
27872.0
28048.0
28211.0
28389.0
28561.0
28735.0
28913.0
29084.0
29250.0
29426.0
29593.0
29765.0
29939.0
30105.0
30272.0
30424.0
30598.0
30758.0
30921.0
31099.0
31273.0
31425.0
31587.0
31763.0
31925.0
32081.0
32249.0
32420.0
32581.0
32747.0
32919.0
33084.0
33256.0
33407.0
33578.0
33749.0
33895.0
34067.0
34238.0
34412.0
34586.0
34764.0
34930.0
35108.0
35279.0
35457.0
35635.0
35809.0
35985.0
36150.0
36324.0
36495.0
36669.0
36839.0
37013.0
37177.0
37355.0
37522.0
37692.0
37865.0
38037.0
38203.0
38381.0
38553.0
38727.0
38901.0
39077.0
39255.0
39427.0
39603.0
39779.0
39953.0
40125.0
40292.0
40462.0
40634.0
40781.0
40954.0
41120.0
41294.0
41464.0
41633.0
41809.0
41971.0
42135.0
42304.0
42459.0
42633.0
42807.0
42979.0
43152.0
43316.0
43484.0
43660.0
43834.0
44001.0
44165.0
44341.0
44507.0
44685.0
44859.0
45024.0
45202.0
45356.0
45501.0
45664.0
45838.0
46012.0
46177.0
46341.0
46515.0
46680.0
46858.0
47027.0
47203.0
47376.0
47540.0
47714.0
47881.0
48053.0
48231.0
48407.0
48583.0
48754.0
48917.0
49093.0
49269.0
49445.0
49613.0
49785.0
49959.0
50135.0
50293.0
50464.0
50610.0
50784.0
50953.0
51124.0
51291.0
51458.0
51615.0
51779.0
51946.0
52120.0
52293.0
52454.0
52605.0
52763.0
52935.0
53100.0
53273.0
53439.0
53610.0
53780.0
53952.0
54124.0
54296.0
54469.0
54631.0
54804.0
54964.0
55136.0
55312.0
55472.0
55638.0
55814.0
55992.0
56170.0
56348.0
56509.0
56671.0
56842.0
57020.0
57196.0
57370.0
57536.0
57710.0
57886.0
58057.0
58223.0
58397.0
58564.0
58733.0
58909.0
59087.0
59256.0
59428.0
59606.0
59773.0
59943.0
60114.0
60292.0
60461.0
60630.0
60796.0
60968.0
61138.0
61312.0
61467.0
61645.0
61823.0
61999.0
62163.0
62320.0
62475.0
62651.0
62823.0
62989.0
63160.0
63317.0
63490.0
63666.0
63834.0
64005.0
64181.0
64353.0
64529.0
64697.0
64862.0
65038.0
65212.0
65384.0
65546.0
65712.0
65888.0
66062.0
66236.0
66410.0
66566.0
66742.0
66906.0
67078.0
67245.0
67419.0
67593.0
67767.0
67943.0
68114.0
68279.0
68455.0
68629.0
68803.0
68964.0
69142.0
69314.0
69492.0
69666.0
69838.0
70001.0
70166.0
70327.0
70505.0
70676.0
70852.0
71028.0
71196.0
71358.0
71532.0
71702.0
71880.0
72056.0
72227.0
72403.0
72570.0
72743.0
72917.0
73080.0
73252.0
73414.0
73590.0
73755.0
73928.0
74104.0
74280.0
74454.0
74624.0
74798.0
74974.0
75145.0
75311.0
75478.0
75652.0
75828.0
75984.0
76158.0
76328.0
76495.0
76653.0
76829.0
77007.0
77173.0
77342.0
77516.0
77679.0
77833.0
78002.0
78173.0
78325.0
78496.0
78665.0
78820.0
78998.0
79169.0
79335.0
79493.0
79647.0
79814.0
79974.0
80152.0
80323.0
80493.0
80654.0
80830.0
81006.0
81172.0
81348.0
81522.0
81696.0
81859.0
82030.0
82199.0
82372.0
82533.0
82693.0
82871.0
83041.0
83199.0
83363.0
83532.0
83710.0
83871.0
84047.0
84205.0
84378.0
84547.0
84721.0
84887.0
85065.0
85233.0
85409.0
85581.0
85753.0
85927.0
86089.0
86253.0
86424.0
86600.0
86774.0
86948.0
87115.0
87291.0
87458.0
87634.0
87793.0
87965.0
88120.0
88292.0
88466.0
88644.0
88806.0
88984.0
89157.0
89331.0
89507.0
89685.0
89863.0
90030.0
90202.0
90375.0
90547.0
90708.0
90876.0
91046.0
91202.0
91371.0
91534.0
91706.0
91873.0
92051.0
92225.0
92389.0
92563.0
92737.0
92892.0
93066.0
93238.0
93416.0
93589.0
93756.0
93934.0
94106.0
94278.0
94456.0
94626.0
94798.0
94972.0
95148.0
95326.0
95494.0
95670.0
95820.0
95996.0
96155.0
96329.0
96491.0
96657.0
96816.0
96981.0
97151.0
97318.0
97494.0
97668.0
97840.0
98005.0
98175.0
98349.0
98520.0
98688.0
98860.0
99038.0
99201.0
99365.0
99524.0
99685.0
99851.0
100012.0
100190.0
100368.0
100542.0
100706.0
100879.0
101055.0
101226.0
101396.0
101560.0
101736.0
101912.0
102080.0
102237.0
102415.0
102582.0
102744.0
102916.0
103092.0
103257.0
103428.0
103588.0
103764.0
103933.0
104099.0
104267.0
104441.0
104605.0
104783.0
104959.0
105131.0
105303.0
105472.0
105644.0
105820.0
105996.0
106160.0
106331.0
106497.0
106673.0
106849.0
107015.0
107191.0
107360.0
107527.0
107689.0
107851.0
108029.0
108196.0
108365.0
108527.0
108687.0
108858.0
109036.0
109210.0
109381.0
109552.0
109726.0
109900.0
110064.0
110234.0
110403.0
110575.0
110753.0
110925.0
111099.0
111267.0
111438.0
111616.0
111790.0
111964.0
112142.0
112305.0
112472.0
112643.0
112798.0
112956.0
113121.0
113288.0
113462.0
113629.0
113792.0
113956.0
114134.0
114305.0
114481.0
114659.0
114833.0
114991.0
115164.0
115340.0
115512.0
115684.0
115858.0
116016.0
116188.0
116356.0
116534.0
116697.0
116868.0
117037.0
117203.0
117365.0
117541.0
117714.0
117885.0
118052.0
118221.0
118355.0
118515.0
118691.0
118865.0
119029.0
119200.0
119376.0
119542.0
119713.0
119889.0
120056.0
120205.0
120364.0
120540.0
120710.0
120879.0
121043.0
121197.0
121375.0
121549.0
121718.0
121887.0
122061.0
122226.0
122375.0
122541.0
122710.0
122888.0
123060.0
123233.0
123381.0
123554.0
123713.0
123879.0
124052.0
124218.0
124392.0
124565.0
124739.0
124907.0
125078.0
125238.0
125407.0
125579.0
125748.0
125924.0
126100.0
126273.0
126436.0
126600.0
126778.0
126954.0
127123.0
127295.0
127473.0
127647.0
127825.0
127991.0
128167.0
128338.0
128507.0
128681.0
128853.0
129015.0
129182.0
129356.0
129534.0
129704.0
129882.0
130046.0
130220.0
130371.0
130530.0
130704.0
130873.0
131049.0
131211.0
131382.0
131550.0
131717.0
131880.0
132051.0
132208.0
132382.0
132558.0
132723.0
132885.0
133061.0
133228.0
133386.0
133560.0
133719.0
133887.0
134061.0
134229.0
134394.0
134564.0
134731.0
134903.0
135066.0
135242.0
135397.0
135567.0
135734.0
135903.0
136076.0
136237.0
136405.0
136581.0
136740.0
136912.0
137085.0
137263.0
137428.0
137606.0
137775.0
137948.0
138117.0
138295.0
138467.0
138645.0
138823.0
138993.0
139166.0
139326.0
139504.0
139671.0
139842.0
140020.0
140194.0
140370.0
140532.0
140704.0
140872.0
141046.0
141212.0
141390.0
141566.0
141728.0
141904.0
142075.0
142246.0
142401.0
142575.0
142749.0
142921.0
143085.0
143263.0
143435.0
143613.0
143785.0
143957.0
144133.0
144304.0
144473.0
144634.0
144812.0
144986.0
145160.0
145318.0
145490.0
145652.0
145816.0
145983.0
146152.0
146319.0
146487.0
146645.0
146811.0
146977.0
147148.0
147317.0
147493.0
147662.0
147833.0
148007.0
148183.0
148351.0
148529.0
148700.0
148870.0
149043.0
149213.0
149386.0
149527.0
149693.0
149862.0
150036.0
150196.0
150364.0
150529.0
150696.0
150862.0
151025.0
151201.0
151358.0
151530.0
151706.0
151872.0
152041.0
152204.0
152375.0
152539.0
152712.0
152857.0
153010.0
153188.0
153355.0
153526.0
153692.0
153857.0
154031.0
154200.0
154376.0
154552.0
154724.0
154898.0
155074.0
155241.0
155415.0
155587.0
155749.0
155919.0
156093.0
156264.0
156433.0
156611.0
156764.0
156936.0
157104.0
157269.0
157443.0
157610.0
157788.0
157943.0
158094.0
158266.0
158442.0
158616.0
158792.0
158962.0
159128.0
159306.0
159469.0
159642.0
159816.0
159976.0
160150.0
160326.0
160492.0
160650.0
160819.0
160995.0
161171.0
161336.0
161489.0
161656.0
161819.0
161990.0
162162.0
162324.0
162495.0
162665.0
162839.0
163007.0
163179.0
163348.0
163518.0
163696.0
163864.0
164035.0
164211.0
164378.0
164554.0
164730.0
164899.0
165073.0
165233.0
165404.0
165573.0
165742.0
165915.0
166071.0
166239.0
166392.0
166561.0
166730.0
166894.0
167063.0
167224.0
167394.0
167570.0
167746.0
167915.0
168078.0
168231.0
168405.0
168569.0
168742.0
168920.0
169096.0
169272.0
169435.0
169597.0
169768.0
169934.0
170107.0
170275.0
170433.0
170598.0
170776.0
170917.0
171086.0
171259.0
171431.0
171602.0
171762.0
171919.0
172087.0
172254.0
172432.0
172606.0
172770.0
172944.0
173108.0
173276.0
173452.0
173630.0
173806.0
173982.0
174152.0
174330.0
174504.0
174682.0
174850.0
175026.0
175202.0
175370.0
175540.0
175714.0
175882.0
176053.0
176218.0
176396.0
176564.0
176733.0
176896.0
177074.0
177246.0
177420.0
177578.0
177752.0
177918.0
178096.0
178257.0
178431.0
178598.0
178770.0
178944.0
179122.0
179289.0
179463.0
179631.0
179807.0
179980.0
180158.0
180326.0
180500.0
180674.0
180845.0
181007.0
181185.0
181349.0
181519.0
181697.0
181868.0
182039.0
182207.0
182369.0
182525.0
182684.0
182862.0
183040.0
183214.0
183390.0
183559.0
183737.0
183904.0
184075.0
184251.0
184425.0
184590.0
184764.0
184930.0
185096.0
185263.0
185434.0
185604.0
185778.0
185946.0
186120.0
186296.0
186465.0
186643.0
186817.0
186985.0
187154.0
187324.0
187474.0
187641.0
187817.0
187991.0
188167.0
188341.0
188519.0
188691.0
188860.0
189029.0
189198.0
189359.0
189535.0
189713.0
189882.0
190054.0
190228.0
190398.0
190566.0
190744.0
190922.0
191098.0
191269.0
191438.0
191610.0
191774.0
191946.0
192124.0
192300.0
192468.0
192642.0
192806.0
192972.0
193135.0
193302.0
193462.0
193638.0
193810.0
193970.0
194141.0
194306.0
194478.0
194645.0
194813.0
194979.0
195151.0
195320.0
195486.0
195664.0
195831.0
196007.0
196164.0
196335.0
196502.0
196669.0
196837.0
197003.0
197175.0
197334.0
197508.0
197677.0
197848.0
198018.0
198192.0
198359.0
198528.0
198692.0
198870.0
199040.0
199199.0
199368.0
199536.0
199710.0
199879.0
200057.0
200223.0
200386.0
200555.0
200720.0
200896.0
201058.0
201232.0
201404.0
201578.0
201748.0
201917.0
202095.0
202264.0
202435.0
202600.0
202765.0
202937.0
203109.0
203283.0
203444.0
203613.0
203779.0
203943.0
204121.0
204283.0
204454.0
204627.0
204785.0
204944.0
205104.0
205261.0
205425.0
205597.0
205767.0
205945.0
206123.0
206281.0
206455.0
206623.0
206801.0
206973.0
207128.0
207295.0
207466.0
207634.0
207810.0
207986.0
208162.0
208332.0
208510.0
208680.0
208844.0
209010.0
209181.0
209349.0
209525.0
209697.0
209871.0
210029.0
210203.0
210369.0
210542.0
210708.0
210881.0
211050.0
211226.0
211402.0
211569.0
211735.0
211892.0
212066.0
212236.0
212412.0
212588.0
212755.0
212920.0
213094.0
213254.0
213425.0
