a = 0.2
g = 0.5
e = 0.5
random initial weights = false

-1678.0
-2440.0
-3224.0
-3802.0
-4298.0
-4848.0
-5363.0
-5840.0
-6468.0
-6975.0
-7456.0
-7921.0
-8496.0
-8959.0
-9594.0
-10088.0
-10557.0
-10996.0
-11425.0
-11870.0
-12404.0
-12897.0
-13331.0
-13182.0
-13603.0
-14030.0
-14520.0
-15014.0
-15445.0
-15870.0
-16297.0
-16749.0
-17220.0
-17647.0
-18078.0
-18627.0
-19098.0
-19586.0
-19442.0
-19312.0
-19157.0
-18987.0
-19468.0
-19325.0
-19769.0
-20193.0
-20039.0
-19900.0
-19786.0
-19647.0
-20072.0
-20501.0
-20956.0
-20796.0
-21243.0
-21669.0
-21519.0
-21954.0
-22424.0
-22271.0
-22702.0
-23160.0
-23579.0
-23414.0
-23841.0
-23677.0
-23536.0
-23375.0
-23799.0
-23621.0
-24062.0
-23920.0
-23754.0
-23582.0
-23418.0
-23255.0
-23107.0
-22948.0
-22782.0
-22622.0
-22466.0
-22301.0
-22174.0
-22038.0
-21876.0
-21723.0
-21558.0
-22018.0
-21862.0
-21700.0
-21571.0
-21403.0
-21243.0
-21103.0
-20945.0
-20796.0
-20639.0
-20479.0
-20322.0
-20166.0
-20012.0
-19848.0
-19708.0
-19571.0
-19411.0
-19255.0
-19084.0
-18910.0
-18745.0
-18577.0
-18419.0
-18243.0
-18090.0
-17953.0
-17794.0
-17645.0
-17481.0
-17344.0
-17191.0
-17047.0
-16879.0
-16723.0
-16577.0
-16428.0
-16255.0
-16102.0
-15935.0
-15764.0
-15600.0
-15430.0
-15275.0
-15115.0
-14945.0
-14785.0
-14622.0
-14463.0
-14292.0
-14128.0
-13986.0
-13819.0
-13683.0
-13510.0
-13366.0
-13199.0
-13031.0
-12855.0
-12697.0
-12554.0
-12396.0
-12225.0
-12076.0
-11924.0
-11777.0
-11613.0
-11459.0
-11290.0
-11144.0
-10980.0
-10816.0
-10649.0
-10475.0
-10315.0
-10144.0
-9975.0
-9810.0
-9646.0
-9488.0
-9325.0
-9151.0
-9003.0
-8835.0
-8679.0
-8516.0
-8342.0
-8182.0
-8008.0
-7856.0
-7689.0
-7526.0
-7358.0
-7201.0
-7042.0
-6881.0
-6707.0
-6536.0
-6376.0
-6250.0
-6080.0
-5921.0
-5763.0
-5607.0
-5462.0
-5332.0
-5179.0
-5016.0
-4854.0
-4711.0
-4562.0
-4401.0
-4246.0
-4126.0
-3969.0
-3801.0
-3644.0
-3484.0
-3341.0
-3165.0
-3015.0
-2859.0
-2704.0
-2547.0
-2388.0
-2219.0
-2078.0
-1924.0
-1763.0
-1665.0
-1519.0
-1370.0
-1202.0
-1024.0
-871.0
-722.0
-550.0
-396.0
-255.0
-101.0
73.0
237.0
415.0
558.0
720.0
891.0
1055.0
1221.0
1386.0
1542.0
1703.0
1855.0
2028.0
2200.0
2345.0
2510.0
2676.0
2789.0
2950.0
3083.0
3236.0
3384.0
3548.0
3718.0
3882.0
4026.0
4198.0
4348.0
4503.0
4674.0
4831.0
4997.0
5144.0
5314.0
5468.0
5638.0
5782.0
5938.0
6085.0
6247.0
6412.0
6580.0
6737.0
6893.0
7041.0
7213.0
7377.0
7520.0
7668.0
7837.0
8003.0
8149.0
8320.0
8445.0
8601.0
8748.0
8897.0
9053.0
9218.0
9389.0
9553.0
9714.0
9870.0
10029.0
10176.0
10326.0
10478.0
10635.0
10794.0
10952.0
11107.0
11251.0
11408.0
11561.0
11724.0
11876.0
12026.0
12178.0
12346.0
12513.0
12672.0
12791.0
12943.0
13102.0
13243.0
13409.0
13576.0
13741.0
13905.0
14058.0
14208.0
14368.0
14528.0
14699.0
14836.0
14989.0
15142.0
15312.0
15476.0
15639.0
15800.0
15962.0
16140.0
16301.0
16462.0
16603.0
16775.0
16914.0
17077.0
17255.0
17404.0
17560.0
17714.0
17880.0
18040.0
18216.0
18369.0
18458.0
18623.0
18785.0
18956.0
19098.0
19258.0
19422.0
19586.0
19758.0
19916.0
20074.0
20240.0
20410.0
20583.0
20751.0
20922.0
21094.0
21262.0
21435.0
21588.0
21756.0
21919.0
22090.0
22256.0
22404.0
22576.0
22712.0
22888.0
23066.0
23218.0
23366.0
23527.0
23703.0
23860.0
24011.0
24149.0
24316.0
24463.0
24637.0
24791.0
24950.0
25099.0
25256.0
25413.0
25569.0
25715.0
25874.0
26032.0
26195.0
26342.0
26502.0
26678.0
26822.0
27000.0
27159.0
27316.0
27486.0
27650.0
27814.0
27983.0
28151.0
28311.0
28461.0
28616.0
28768.0
28928.0
29074.0
29216.0
29382.0
29555.0
29719.0
29843.0
30014.0
30155.0
30329.0
30501.0
30663.0
30812.0
30966.0
31134.0
31310.0
31469.0
31632.0
31772.0
31948.0
32085.0
32238.0
32388.0
32564.0
32728.0
32902.0
33076.0
33210.0
33348.0
33522.0
33682.0
33831.0
34001.0
34179.0
34345.0
34505.0
34672.0
34838.0
35005.0
35165.0
35328.0
35466.0
35634.0
35793.0
35949.0
36121.0
36297.0
36469.0
36607.0
36779.0
36907.0
37055.0
37220.0
37382.0
37548.0
37705.0
37868.0
38018.0
38183.0
38320.0
38471.0
38610.0
38766.0
38936.0
39108.0
39263.0
39430.0
39594.0
39766.0
39931.0
40107.0
40254.0
40415.0
40583.0
40739.0
40896.0
41041.0
41180.0
41347.0
41508.0
41680.0
41844.0
42001.0
42149.0
42307.0
42460.0
42629.0
42774.0
42915.0
43077.0
43238.0
43406.0
43559.0
43729.0
43881.0
44024.0
44160.0
44331.0
44502.0
44678.0
44821.0
44974.0
45123.0
45272.0
45446.0
45609.0
45769.0
45920.0
46073.0
46226.0
46358.0
46505.0
46653.0
46816.0
46975.0
47107.0
47274.0
47401.0
47558.0
47705.0
47881.0
48041.0
48161.0
48329.0
48501.0
48672.0
48840.0
49006.0
49176.0
49315.0
49460.0
49628.0
49796.0
49957.0
50113.0
50250.0
50410.0
50565.0
50711.0
50870.0
51042.0
51207.0
51377.0
51543.0
51670.0
51844.0
52002.0
52164.0
52338.0
52503.0
52655.0
52822.0
52980.0
53080.0
53251.0
53407.0
53569.0
53727.0
53880.0
54027.0
54179.0
54346.0
54507.0
54637.0
54795.0
54938.0
55088.0
55250.0
55417.0
55582.0
55749.0
55860.0
56023.0
56166.0
56323.0
56471.0
56636.0
56773.0
56947.0
57088.0
57244.0
57414.0
57581.0
57738.0
57907.0
58061.0
58235.0
58387.0
58524.0
58686.0
58826.0
58980.0
59156.0
59308.0
59447.0
59584.0
59733.0
59861.0
60029.0
60185.0
60344.0
60512.0
60678.0
60830.0
60985.0
61140.0
61313.0
61477.0
61638.0
61785.0
61952.0
62123.0
62249.0
62396.0
62524.0
62691.0
62845.0
63021.0
63183.0
63344.0
63500.0
63671.0
63833.0
63990.0
64136.0
64287.0
64446.0
64613.0
64782.0
64935.0
65103.0
65256.0
65415.0
65575.0
65727.0
65892.0
66024.0
66144.0
66303.0
66465.0
66635.0
66799.0
66957.0
67131.0
67285.0
67453.0
67609.0
67781.0
67953.0
68117.0
68273.0
68433.0
68576.0
68746.0
68907.0
69074.0
69235.0
69401.0
69510.0
69666.0
69840.0
69980.0
70124.0
70302.0
70422.0
70587.0
70754.0
70925.0
71070.0
71214.0
71373.0
71541.0
71700.0
71822.0
71971.0
72128.0
72291.0
72434.0
72602.0
72758.0
72921.0
73097.0
73252.0
73417.0
73588.0
73757.0
73909.0
74060.0
74202.0
74376.0
74552.0
74722.0
74877.0
75015.0
75171.0
75315.0
75452.0
75588.0
75737.0
75913.0
76063.0
76237.0
76411.0
76573.0
76734.0
76858.0
76996.0
77134.0
77310.0
77469.0
77618.0
77780.0
77954.0
78106.0
78251.0
78402.0
78572.0
78695.0
78861.0
79035.0
79189.0
79351.0
79517.0
79649.0
79790.0
79946.0
80105.0
80275.0
80451.0
80615.0
80763.0
80931.0
81098.0
81235.0
81380.0
81539.0
81693.0
81858.0
82031.0
82194.0
82358.0
82536.0
82704.0
82872.0
83025.0
83166.0
83344.0
83493.0
83644.0
83807.0
83969.0
84120.0
84273.0
84449.0
84612.0
84773.0
84944.0
85109.0
85283.0
85410.0
85556.0
85685.0
85854.0
86008.0
86158.0
86309.0
86467.0
86581.0
86734.0
86889.0
87050.0
87191.0
87338.0
87471.0
87618.0
87789.0
87939.0
88109.0
88258.0
88391.0
88558.0
88726.0
88885.0
89053.0
89213.0
89372.0
89480.0
89631.0
89798.0
89965.0
90127.0
90297.0
90469.0
90597.0
90775.0
90949.0
91110.0
91250.0
91367.0
91523.0
91693.0
91867.0
92021.0
92195.0
92365.0
92539.0
92696.0
92864.0
93030.0
93191.0
93350.0
93509.0
93664.0
93817.0
93949.0
94100.0
94260.0
94409.0
94568.0
94738.0
94889.0
95042.0
95211.0
95389.0
95548.0
95702.0
95851.0
96021.0
96193.0
96352.0
96507.0
96670.0
96829.0
97003.0
97171.0
97336.0
97505.0
97644.0
97820.0
97989.0
98131.0
98304.0
98474.0
98628.0
98781.0
98923.0
99088.0
99247.0
99398.0
99533.0
99675.0
99827.0
99981.0
100083.0
100229.0
100372.0
100541.0
100707.0
100872.0
101028.0
101172.0
101330.0
101479.0
101646.0
101799.0
101953.0
102114.0
102246.0
102399.0
102539.0
102686.0
102851.0
103007.0
103169.0
103331.0
103476.0
103646.0
103818.0
103990.0
104120.0
104260.0
104429.0
104595.0
104755.0
104910.0
105086.0
105255.0
105417.0
105584.0
105739.0
105900.0
106060.0
106226.0
106388.0
106529.0
106698.0
106870.0
107012.0
107169.0
107341.0
107453.0
107597.0
107769.0
107928.0
108091.0
108256.0
108413.0
108585.0
108748.0
108903.0
109067.0
109207.0
109367.0
109492.0
109623.0
109780.0
109956.0
110124.0
110278.0
110437.0
110599.0
110725.0
110872.0
111045.0
111203.0
111375.0
111528.0
111683.0
111840.0
111986.0
112128.0
112291.0
112451.0
112618.0
112777.0
112948.0
113117.0
113257.0
113427.0
113589.0
113749.0
113872.0
114028.0
114181.0
114333.0
114490.0
114659.0
114825.0
114999.0
115150.0
115299.0
115452.0
115621.0
115783.0
115921.0
116072.0
116222.0
116385.0
116553.0
116699.0
116870.0
117018.0
117184.0
117360.0
117527.0
117686.0
117851.0
117991.0
118151.0
118272.0
118448.0
118582.0
118746.0
118880.0
119043.0
119206.0
119382.0
119554.0
119725.0
119884.0
120033.0
120175.0
120340.0
120510.0
120675.0
120832.0
120971.0
121143.0
121315.0
121485.0
121638.0
121814.0
121929.0
122082.0
122249.0
122407.0
122556.0
122718.0
122880.0
123038.0
123212.0
123377.0
123531.0
123700.0
123859.0
124023.0
124152.0
124303.0
124465.0
124600.0
124773.0
124920.0
125089.0
125261.0
125420.0
125592.0
125740.0
125904.0
126053.0
126220.0
126373.0
126549.0
126697.0
126866.0
127030.0
127200.0
127372.0
127532.0
127674.0
127827.0
127985.0
128139.0
128305.0
128458.0
128613.0
128776.0
128942.0
129083.0
129246.0
129403.0
129548.0
129714.0
129875.0
130026.0
130170.0
130328.0
130488.0
130642.0
130798.0
130952.0
131109.0
131251.0
131391.0
131550.0
131720.0
131867.0
132038.0
132204.0
132353.0
132513.0
132671.0
132830.0
132998.0
133110.0
133266.0
133401.0
133569.0
133724.0
133890.0
134049.0
134213.0
134350.0
134506.0
134656.0
134816.0
134983.0
135142.0
135310.0
135439.0
135594.0
135745.0
135917.0
136081.0
136225.0
136398.0
136571.0
136724.0
136872.0
137015.0
137191.0
137357.0
137519.0
137674.0
137815.0
137986.0
138142.0
138300.0
138463.0
138625.0
138780.0
138936.0
139103.0
139258.0
139401.0
139546.0
139706.0
139849.0
139998.0
140147.0
140306.0
140467.0
140637.0
140775.0
140947.0
141098.0
141251.0
141409.0
141564.0
141716.0
141860.0
142018.0
142153.0
142306.0
142459.0
142611.0
142780.0
142926.0
143098.0
143268.0
143428.0
143598.0
143751.0
143898.0
144066.0
144238.0
144372.0
144537.0
144708.0
144859.0
145007.0
145169.0
145321.0
145484.0
145645.0
145803.0
145973.0
146127.0
146289.0
146442.0
146616.0
146782.0
146925.0
147089.0
147228.0
147395.0
147562.0
147719.0
147884.0
148028.0
148200.0
148360.0
148512.0
148668.0
148837.0
148998.0
149162.0
149330.0
149491.0
149649.0
149821.0
149980.0
150156.0
150303.0
150481.0
150639.0
150790.0
150935.0
151099.0
151266.0
151415.0
151543.0
151715.0
151885.0
152036.0
152197.0
152323.0
152479.0
152604.0
152764.0
152929.0
153051.0
153213.0
153364.0
153526.0
153693.0
153841.0
154002.0
154128.0
154273.0
154442.0
154596.0
154758.0
154902.0
155060.0
155222.0
155386.0
155532.0
155682.0
155845.0
156019.0
156158.0
156309.0
156468.0
156613.0
156778.0
156948.0
157124.0
157298.0
157451.0
157608.0
157768.0
157891.0
158055.0
158208.0
158359.0
158516.0
158684.0
158845.0
159007.0
159179.0
159334.0
159493.0
159641.0
159802.0
159965.0
160119.0
160289.0
160445.0
160612.0
160766.0
160926.0
161086.0
161254.0
161402.0
161539.0
161695.0
161847.0
162021.0
162183.0
162350.0
162516.0
162675.0
162824.0
162992.0
163166.0
163327.0
163501.0
163663.0
163833.0
163972.0
164110.0
164274.0
164430.0
164583.0
164740.0
164909.0
165071.0
165240.0
165388.0
165537.0
165708.0
165872.0
166036.0
166210.0
166374.0
166512.0
166670.0
166841.0
166999.0
167161.0
167325.0
167494.0
167657.0
167829.0
167987.0
168138.0
168304.0
168467.0
168612.0
168769.0
168911.0
169074.0
169222.0
169381.0
169538.0
169699.0
169854.0
169997.0
170154.0
170317.0
170489.0
170630.0
170797.0
170955.0
171099.0
171251.0
171417.0
171585.0
171726.0
171856.0
172015.0
172179.0
172339.0
172491.0
172648.0
172788.0
172962.0
173134.0
173288.0
173464.0
173619.0
173789.0
173944.0
174089.0
174232.0
174410.0
174547.0
174701.0
174869.0
175007.0
175179.0
175347.0
175511.0
175656.0
175826.0
175987.0
176109.0
176271.0
176405.0
176569.0
176741.0
176897.0
177065.0
177227.0
177398.0
177561.0
177735.0
177856.0
178014.0
178178.0
178335.0
178498.0
178650.0
178810.0
178968.0
179140.0
179310.0
179483.0
179644.0
179795.0
179958.0
180109.0
180285.0
180440.0
180596.0
180765.0
180928.0
181073.0
181226.0
181395.0
181545.0
181709.0
181865.0
182030.0
182189.0
182352.0
182516.0
182678.0
182848.0
183006.0
183160.0
183290.0
183455.0
183623.0
183783.0
183916.0
184046.0
184201.0
184362.0
184525.0
184663.0
184783.0
184939.0
185091.0
185241.0
185397.0
185569.0
185738.0
185912.0
186074.0
186220.0
186385.0
186545.0
186717.0
186870.0
187048.0
187203.0
187367.0
187536.0
187703.0
187873.0
188034.0
188192.0
188366.0
188507.0
188662.0
188808.0
188972.0
189135.0
189295.0
189468.0
189642.0
189770.0
189936.0
190101.0
190254.0
190404.0
190564.0
190715.0
190881.0
191042.0
191205.0
191355.0
191513.0
191674.0
191806.0
191958.0
192110.0
192278.0
192441.0
192606.0
192779.0
192955.0
193127.0
193274.0
193434.0
193591.0
193734.0
193906.0
194049.0
194219.0
194397.0
194553.0
194671.0
194831.0
194979.0
195143.0
195298.0
195453.0
195619.0
195763.0
195896.0
196045.0
196202.0
196361.0
196525.0
196688.0
196848.0
197003.0
197160.0
197321.0
197454.0
197626.0
197771.0
197910.0
198063.0
198232.0
198404.0
198580.0
198740.0
198916.0
199069.0
199237.0
199383.0
199543.0
199702.0
199873.0
200014.0
200119.0
200293.0
200439.0
