a = 0.8
g = 0.2
e = 0.5
random initial weights = true

-759.0
-1288.0
-1832.0
-2618.0
-3265.0
-3743.0
-4339.0
-4798.0
-5302.0
-5913.0
-6362.0
-6784.0
-7259.0
-7720.0
-8162.0
-8638.0
-9069.0
-9502.0
-9934.0
-10393.0
-10823.0
-11273.0
-11704.0
-12130.0
-12558.0
-12406.0
-12826.0
-13279.0
-13733.0
-14148.0
-14585.0
-15025.0
-15472.0
-15903.0
-16322.0
-16761.0
-16603.0
-17020.0
-17455.0
-17884.0
-18304.0
-18134.0
-17981.0
-17820.0
-17662.0
-17505.0
-17339.0
-17170.0
-17608.0
-18049.0
-18485.0
-18910.0
-18747.0
-19191.0
-19634.0
-20047.0
-19887.0
-20323.0
-20157.0
-19993.0
-19855.0
-19683.0
-19524.0
-19359.0
-19822.0
-19705.0
-19560.0
-19420.0
-19263.0
-19102.0
-18926.0
-18756.0
-18616.0
-18447.0
-18279.0
-18111.0
-17935.0
-17764.0
-17612.0
-17470.0
-17316.0
-17159.0
-17011.0
-16837.0
-16661.0
-16503.0
-16344.0
-16175.0
-16062.0
-15888.0
-15720.0
-15554.0
-15411.0
-15257.0
-15084.0
-14906.0
-14755.0
-14595.0
-14427.0
-14272.0
-14104.0
-13943.0
-13793.0
-13617.0
-13471.0
-13310.0
-13140.0
-12982.0
-12811.0
-12664.0
-12492.0
-12348.0
-12185.0
-12034.0
-11872.0
-11726.0
-11579.0
-11418.0
-11274.0
-11106.0
-10928.0
-10763.0
-10599.0
-10463.0
-10297.0
-10132.0
-9962.0
-9800.0
-9652.0
-9498.0
-9332.0
-9163.0
-9005.0
-8846.0
-8675.0
-8511.0
-8349.0
-8199.0
-8091.0
-7930.0
-7768.0
-7632.0
-7487.0
-7322.0
-7166.0
-7001.0
-6835.0
-6674.0
-6541.0
-6403.0
-6252.0
-6083.0
-5967.0
-5801.0
-5632.0
-5500.0
-5339.0
-5168.0
-5017.0
-4884.0
-4725.0
-4588.0
-4430.0
-4335.0
-4207.0
-4033.0
-3857.0
-3704.0
-3536.0
-3387.0
-3237.0
-3089.0
-2943.0
-2814.0
-2655.0
-2506.0
-2346.0
-2205.0
-2044.0
-1886.0
-1714.0
-1553.0
-1386.0
-1233.0
-1063.0
-909.0
-749.0
-604.0
-485.0
-327.0
-173.0
-7.0
161.0
308.0
468.0
642.0
791.0
955.0
1129.0
1276.0
1428.0
1592.0
1738.0
1890.0
2051.0
2227.0
2403.0
2569.0
2733.0
2904.0
3025.0
3191.0
3347.0
3513.0
3680.0
3831.0
3998.0
4140.0
4293.0
4438.0
4610.0
4756.0
4925.0
5064.0
5215.0
5389.0
5561.0
5721.0
5863.0
6013.0
6161.0
6314.0
6468.0
6628.0
6764.0
6930.0
7094.0
7255.0
7433.0
7596.0
7749.0
7912.0
8088.0
8256.0
8422.0
8592.0
8757.0
8922.0
9088.0
9264.0
9430.0
9594.0
9763.0
9913.0
10072.0
10208.0
10345.0
10504.0
10655.0
10814.0
10979.0
11150.0
11302.0
11452.0
11609.0
11759.0
11922.0
12047.0
12200.0
12345.0
12499.0
12645.0
12792.0
12948.0
13094.0
13260.0
13390.0
13526.0
13690.0
13833.0
13988.0
14137.0
14282.0
14453.0
14613.0
14774.0
14948.0
15096.0
15223.0
15379.0
15534.0
15683.0
15857.0
16007.0
16168.0
16302.0
16472.0
16633.0
16781.0
16931.0
17079.0
17227.0
17387.0
17557.0
17711.0
17874.0
18000.0
18174.0
18319.0
18457.0
18604.0
18756.0
18898.0
19059.0
19207.0
19381.0
19544.0
19718.0
19868.0
20025.0
20187.0
20333.0
20490.0
20657.0
20820.0
20982.0
21130.0
21300.0
21468.0
21616.0
21773.0
21938.0
22071.0
22245.0
22413.0
22560.0
22722.0
22882.0
23025.0
23187.0
23365.0
23522.0
23700.0
23861.0
24006.0
24173.0
24325.0
24484.0
24642.0
24806.0
24968.0
25133.0
25282.0
25443.0
25607.0
25770.0
25930.0
26092.0
26260.0
26438.0
26577.0
26730.0
26878.0
27030.0
27191.0
27341.0
27511.0
27665.0
27832.0
27993.0
28171.0
28322.0
28453.0
28609.0
28783.0
28920.0
29087.0
29256.0
29426.0
29588.0
29749.0
29920.0
30059.0
30226.0
30359.0
30517.0
30684.0
30837.0
31002.0
31173.0
31333.0
31502.0
31636.0
31767.0
31938.0
32114.0
32279.0
32426.0
32584.0
32708.0
32865.0
33018.0
33149.0
33306.0
33473.0
33638.0
33745.0
33917.0
34077.0
34207.0
34381.0
34538.0
34708.0
34865.0
35036.0
35205.0
35373.0
35538.0
35697.0
35862.0
36009.0
36171.0
36347.0
36487.0
36636.0
36810.0
36955.0
37129.0
37297.0
37449.0
37618.0
37791.0
37936.0
38110.0
38257.0
38405.0
38551.0
38718.0
38873.0
39023.0
39183.0
39349.0
39486.0
39639.0
39784.0
39930.0
40101.0
40245.0
40414.0
40581.0
40743.0
40911.0
41078.0
41243.0
41417.0
41575.0
41738.0
41884.0
42047.0
42200.0
42357.0
42533.0
42705.0
42861.0
43024.0
43180.0
43347.0
43518.0
43681.0
43853.0
44022.0
44194.0
44368.0
44542.0
44691.0
44862.0
45015.0
45159.0
45333.0
45494.0
45656.0
45822.0
45979.0
46128.0
46296.0
46458.0
46611.0
46771.0
46917.0
47093.0
47237.0
47352.0
47520.0
47684.0
47845.0
47996.0
48136.0
48292.0
48434.0
48591.0
48758.0
48930.0
49087.0
49241.0
49385.0
49552.0
49717.0
49873.0
50040.0
50198.0
50342.0
50503.0
50654.0
50822.0
50981.0
51151.0
51319.0
51492.0
51643.0
51790.0
51933.0
52103.0
52266.0
52417.0
52579.0
52713.0
52851.0
53009.0
53162.0
53311.0
53480.0
53621.0
53778.0
53931.0
54095.0
54273.0
54449.0
54597.0
54773.0
54928.0
55081.0
55224.0
55380.0
55505.0
55667.0
55826.0
55981.0
56145.0
56307.0
56475.0
56653.0
56793.0
56960.0
57126.0
57294.0
57423.0
57565.0
57733.0
57885.0
58032.0
58167.0
58321.0
58483.0
58643.0
58781.0
58949.0
59122.0
59290.0
59446.0
59609.0
59769.0
59905.0
60079.0
60228.0
60383.0
60522.0
60700.0
60850.0
61003.0
61167.0
61339.0
61513.0
61676.0
61846.0
62013.0
62155.0
62284.0
62428.0
62576.0
62723.0
62893.0
63060.0
63238.0
63404.0
63573.0
63715.0
63867.0
64033.0
64144.0
64293.0
64462.0
64611.0
64778.0
64925.0
65090.0
65232.0
65402.0
65576.0
65732.0
65890.0
66034.0
66197.0
66369.0
66539.0
66702.0
66853.0
67031.0
67146.0
67308.0
67463.0
67611.0
67777.0
67894.0
68061.0
68222.0
68339.0
68506.0
68655.0
68807.0
68973.0
69134.0
69279.0
69437.0
69599.0
69777.0
69935.0
70079.0
70238.0
70390.0
70524.0
70676.0
70836.0
70999.0
71128.0
71281.0
71430.0
71579.0
71753.0
71910.0
72070.0
72227.0
72378.0
72552.0
72705.0
72865.0
73028.0
73175.0
73324.0
73491.0
73663.0
73801.0
73958.0
74119.0
74288.0
74440.0
74595.0
74771.0
74931.0
75089.0
75258.0
75412.0
75575.0
75741.0
75882.0
76047.0
76209.0
76372.0
76506.0
76654.0
76826.0
76987.0
77148.0
77308.0
77462.0
77611.0
77783.0
77948.0
78091.0
78245.0
78412.0
78562.0
78704.0
78851.0
78954.0
79080.0
79233.0
79392.0
79509.0
79652.0
79806.0
79930.0
80102.0
80250.0
80411.0
80564.0
80708.0
80860.0
81017.0
81178.0
81334.0
81490.0
81650.0
81777.0
81914.0
82059.0
82194.0
82347.0
82514.0
82672.0
82830.0
82981.0
83157.0
83315.0
83460.0
83587.0
83746.0
83909.0
84062.0
84217.0
84381.0
84526.0
84684.0
84858.0
85028.0
85193.0
85363.0
85525.0
85680.0
85841.0
86000.0
86157.0
86325.0
86492.0
86643.0
86814.0
86984.0
87127.0
87287.0
87438.0
87592.0
87741.0
87905.0
88061.0
88206.0
88375.0
88547.0
88693.0
88857.0
89025.0
89170.0
89325.0
89485.0
89654.0
89795.0
89968.0
90142.0
90303.0
90447.0
90603.0
90747.0
90901.0
91053.0
91180.0
91339.0
91468.0
91644.0
91794.0
91928.0
92079.0
92242.0
92403.0
92565.0
92741.0
92902.0
93070.0
93232.0
93398.0
93571.0
93740.0
93903.0
94034.0
94177.0
94331.0
94489.0
94643.0
94799.0
94971.0
95118.0
95274.0
95437.0
95579.0
95753.0
95923.0
96090.0
96258.0
96434.0
96604.0
96770.0
96903.0
97053.0
97220.0
97394.0
97556.0
97705.0
97865.0
98025.0
98187.0
98341.0
98511.0
98670.0
98819.0
98989.0
99146.0
99308.0
99480.0
99625.0
99779.0
99955.0
100124.0
100292.0
100461.0
100587.0
100741.0
100915.0
101080.0
101250.0
101401.0
101564.0
101714.0
101864.0
102023.0
102196.0
102356.0
102508.0
102672.0
102817.0
102971.0
103113.0
103239.0
103409.0
103575.0
103721.0
103885.0
104040.0
104205.0
104331.0
104478.0
104624.0
104791.0
104942.0
105111.0
105284.0
105426.0
105549.0
105697.0
105860.0
106033.0
106205.0
106372.0
106550.0
106716.0
106882.0
107023.0
107185.0
107352.0
107497.0
107666.0
107840.0
107985.0
108157.0
108309.0
108472.0
108628.0
108801.0
108965.0
109108.0
109272.0
109430.0
109589.0
109761.0
109927.0
110062.0
110201.0
110367.0
110531.0
110664.0
110820.0
110991.0
111153.0
111277.0
111442.0
111606.0
111768.0
111914.0
112066.0
112192.0
112352.0
112498.0
112664.0
112815.0
112981.0
113148.0
113315.0
113472.0
113636.0
113807.0
113946.0
114090.0
114258.0
114434.0
114573.0
114733.0
114896.0
115032.0
115181.0
115348.0
115508.0
115667.0
115772.0
115921.0
116092.0
116263.0
116428.0
116600.0
116771.0
116929.0
117092.0
117228.0
117394.0
117529.0
117700.0
117845.0
118019.0
118193.0
118358.0
118507.0
118677.0
118829.0
118986.0
119159.0
119331.0
119485.0
119636.0
119778.0
119948.0
120109.0
120252.0
120418.0
120581.0
120743.0
120855.0
121009.0
121166.0
121332.0
121481.0
121627.0
121775.0
121931.0
122098.0
122265.0
122431.0
122589.0
122765.0
122910.0
123053.0
123206.0
123377.0
123544.0
123718.0
123883.0
124047.0
124208.0
124369.0
124538.0
124705.0
124848.0
124997.0
125152.0
125303.0
125463.0
125623.0
125787.0
125936.0
126079.0
126219.0
126375.0
126551.0
126707.0
126873.0
127022.0
127172.0
127336.0
127463.0
127615.0
127789.0
127963.0
128106.0
128273.0
128438.0
128588.0
128760.0
128903.0
129052.0
129221.0
129379.0
129546.0
129713.0
129880.0
130028.0
130146.0
130310.0
130475.0
130615.0
130773.0
130943.0
131106.0
131278.0
131450.0
131616.0
131790.0
131961.0
132137.0
132297.0
132453.0
132614.0
132790.0
132957.0
133084.0
133248.0
133407.0
133558.0
133704.0
133849.0
134007.0
134180.0
134351.0
134497.0
134608.0
134771.0
134941.0
135099.0
135268.0
135444.0
135614.0
135780.0
135946.0
136107.0
136281.0
136457.0
136599.0
136759.0
136905.0
137074.0
137246.0
137412.0
137572.0
137680.0
137844.0
138015.0
138180.0
138295.0
138428.0
138600.0
138756.0
138917.0
139091.0
139245.0
139401.0
139555.0
139696.0
139862.0
140006.0
140144.0
140280.0
140427.0
140574.0
140742.0
140875.0
141035.0
141207.0
141363.0
141532.0
141702.0
141871.0
142019.0
142178.0
142276.0
142443.0
142604.0
142714.0
142879.0
143018.0
143196.0
143320.0
143478.0
143649.0
143815.0
143978.0
144154.0
144319.0
144490.0
144658.0
144827.0
144963.0
145122.0
145296.0
145460.0
145614.0
145774.0
145939.0
146111.0
146285.0
146411.0
146555.0
146690.0
146840.0
146997.0
147165.0
147286.0
147443.0
147597.0
147749.0
147909.0
148083.0
148248.0
148422.0
148594.0
148740.0
148899.0
149068.0
149230.0
149388.0
149542.0
149712.0
149874.0
150036.0
150191.0
150357.0
150527.0
150691.0
150849.0
151009.0
151179.0
151336.0
151472.0
151624.0
151774.0
151931.0
152086.0
152238.0
152359.0
152513.0
152681.0
152839.0
153003.0
153163.0
153327.0
153491.0
153661.0
153832.0
153974.0
154115.0
154275.0
154439.0
154586.0
154739.0
154867.0
155037.0
155196.0
155320.0
155448.0
155597.0
155760.0
155880.0
156025.0
156168.0
156336.0
156505.0
156666.0
156844.0
157006.0
157177.0
157321.0
157485.0
157652.0
157813.0
157955.0
158116.0
158290.0
158455.0
158620.0
158783.0
158935.0
159085.0
159223.0
159326.0
159468.0
159610.0
159771.0
159947.0
160102.0
160272.0
160444.0
160589.0
160748.0
160909.0
161081.0
161241.0
161396.0
161542.0
161681.0
161846.0
162014.0
162168.0
162303.0
162452.0
162615.0
162785.0
162952.0
163116.0
163286.0
163421.0
163573.0
163717.0
163852.0
163966.0
164134.0
164273.0
164434.0
164590.0
164753.0
164900.0
165050.0
165220.0
165390.0
165552.0
165728.0
165885.0
166020.0
166168.0
166340.0
166502.0
166654.0
166816.0
166961.0
167137.0
167292.0
167439.0
167601.0
167764.0
167902.0
168063.0
168231.0
168398.0
168572.0
168732.0
168889.0
169035.0
169189.0
169334.0
169492.0
169666.0
169816.0
169932.0
170099.0
170263.0
170433.0
170587.0
170757.0
170920.0
171080.0
171222.0
171381.0
171535.0
171689.0
171859.0
172016.0
172180.0
172332.0
172505.0
172654.0
172816.0
172978.0
173145.0
173319.0
173484.0
173634.0
173794.0
173962.0
174118.0
174276.0
174438.0
174591.0
174765.0
174924.0
175086.0
175240.0
175400.0
175535.0
175681.0
175851.0
176012.0
176172.0
176335.0
176501.0
176659.0
176824.0
176995.0
177149.0
177319.0
177490.0
177647.0
177814.0
177982.0
178136.0
178308.0
178476.0
178641.0
178812.0
178949.0
179090.0
179263.0
179422.0
179594.0
179752.0
179899.0
180075.0
180227.0
180393.0
180558.0
180718.0
180894.0
181068.0
181217.0
181368.0
181535.0
181701.0
181855.0
182014.0
182178.0
182337.0
182460.0
182636.0
182796.0
182959.0
183114.0
183253.0
183411.0
183575.0
183725.0
183878.0
184056.0
184198.0
184362.0
184538.0
184676.0
184824.0
184972.0
185133.0
185304.0
185453.0
185614.0
185771.0
185934.0
186099.0
186250.0
186380.0
186556.0
186717.0
186860.0
187030.0
187186.0
187360.0
187499.0
187666.0
187831.0
187993.0
188165.0
188306.0
188462.0
188623.0
188787.0
188939.0
189096.0
189264.0
189415.0
189580.0
189740.0
189918.0
190090.0
190260.0
190426.0
190564.0
190719.0
190880.0
191010.0
191142.0
191299.0
191438.0
191616.0
191787.0
191949.0
192114.0
192278.0
192441.0
192615.0
192779.0
192947.0
193091.0
193258.0
193412.0
193508.0
193678.0
193838.0
194000.0
194153.0
194306.0
194475.0
194638.0
194794.0
194926.0
195093.0
195238.0
195344.0
195509.0
195671.0
195841.0
196003.0
196160.0
196313.0
196477.0
196636.0
196802.0
196972.0
197148.0
197317.0
197479.0
197639.0
197794.0
197944.0
198101.0
198247.0
198402.0
198576.0
198732.0
198887.0
199031.0
199196.0
199370.0
199530.0
199680.0
199844.0
200010.0
200177.0
200348.0
200512.0
200670.0
200821.0
200977.0
201147.0
201297.0
201459.0
201619.0
201785.0
201950.0
202099.0
202210.0
202372.0
202544.0
202692.0
202851.0
203021.0
203180.0
203354.0
203522.0
203698.0
203867.0
204026.0
204198.0
204366.0
204534.0
204697.0
204857.0
205020.0
205175.0
205328.0
205484.0
205644.0
205786.0
205949.0
