a = 0.8
g = 0.8
e = 0.5
random initial weights = false

-916.0
-1467.0
-1942.0
-2381.0
-2496.0
-2379.0
-2794.0
-3319.0
-3775.0
-3637.0
-3487.0
-3322.0
-3143.0
-3018.0
-2844.0
-2682.0
-2558.0
-2387.0
-2228.0
-2060.0
-1910.0
-1741.0
-1564.0
-1411.0
-1268.0
-1093.0
-922.0
-759.0
-611.0
-452.0
-352.0
-186.0
-19.0
149.0
314.0
464.0
623.0
793.0
935.0
1049.0
1221.0
1400.0
1580.0
1707.0
1825.0
1988.0
2128.0
2255.0
2404.0
2588.0
2761.0
2928.0
3063.0
3231.0
3404.0
3513.0
3693.0
3772.0
3949.0
4124.0
4282.0
4452.0
4591.0
4728.0
4891.0
5060.0
5239.0
5376.0
5543.0
5723.0
5874.0
6024.0
6176.0
6314.0
6489.0
6653.0
6819.0
6970.0
7118.0
7214.0
7364.0
7533.0
7703.0
7843.0
7988.0
8158.0
8325.0
8483.0
8649.0
8828.0
8973.0
9155.0
9291.0
9454.0
9614.0
9762.0
9923.0
10013.0
10167.0
10311.0
10472.0
10623.0
10795.0
10974.0
11152.0
11325.0
11483.0
11655.0
11821.0
11999.0
12137.0
12280.0
12422.0
12587.0
12748.0
12920.0
13066.0
13236.0
13404.0
13555.0
13718.0
13875.0
13988.0
14159.0
14307.0
14478.0
14648.0
14777.0
14918.0
15096.0
15263.0
15435.0
15588.0
15726.0
15858.0
16010.0
16169.0
16325.0
16504.0
16643.0
16813.0
16986.0
17154.0
17299.0
17451.0
17604.0
17770.0
17921.0
18047.0
18212.0
18384.0
18540.0
18716.0
18886.0
19059.0
19225.0
19383.0
19555.0
19699.0
19853.0
20013.0
20193.0
20358.0
20508.0
20685.0
20862.0
20964.0
21101.0
21275.0
21424.0
21597.0
21771.0
21945.0
22115.0
22284.0
22456.0
22587.0
22699.0
22834.0
22973.0
23141.0
23295.0
23433.0
23610.0
23778.0
23885.0
24050.0
24212.0
24389.0
24551.0
24723.0
24897.0
25072.0
25233.0
25388.0
25524.0
25694.0
25862.0
25979.0
26137.0
26317.0
26470.0
26628.0
26804.0
26942.0
27071.0
27197.0
27365.0
27544.0
27706.0
27857.0
28032.0
28200.0
28351.0
28531.0
28697.0
28863.0
29010.0
29182.0
29337.0
29508.0
29685.0
29820.0
30000.0
30164.0
30285.0
30451.0
30609.0
30757.0
30912.0
31082.0
31264.0
31422.0
31597.0
31759.0
31912.0
32094.0
32263.0
32421.0
32574.0
32735.0
32895.0
33043.0
33175.0
33329.0
33501.0
33653.0
33804.0
33972.0
34132.0
34278.0
34431.0
34543.0
34697.0
34868.0
35019.0
35173.0
35316.0
35471.0
35625.0
35799.0
35963.0
36079.0
36244.0
36414.0
36594.0
36714.0
36871.0
37029.0
37193.0
37377.0
37545.0
37716.0
37880.0
38049.0
38217.0
38382.0
38532.0
38705.0
38861.0
38962.0
39123.0
39248.0
39416.0
39592.0
39751.0
39925.0
40068.0
40246.0
40406.0
40562.0
40670.0
40837.0
40987.0
41165.0
41336.0
41472.0
41642.0
41826.0
41973.0
42152.0
42329.0
42468.0
42632.0
42810.0
42954.0
43114.0
43286.0
43426.0
43575.0
43739.0
43898.0
44045.0
44219.0
44367.0
44541.0
44718.0
44876.0
45013.0
45187.0
45338.0
45497.0
45642.0
45810.0
45967.0
46105.0
46283.0
46441.0
46569.0
46726.0
46905.0
47083.0
47261.0
47402.0
47557.0
47735.0
47897.0
48070.0
48236.0
48405.0
48580.0
48750.0
48884.0
49064.0
49218.0
49394.0
49541.0
49720.0
49897.0
50021.0
50155.0
50322.0
50475.0
50634.0
50786.0
50963.0
51110.0
51285.0
51437.0
51602.0
51757.0
51898.0
52055.0
52188.0
52353.0
52515.0
52674.0
52856.0
53033.0
53209.0
53384.0
53544.0
53726.0
53875.0
54043.0
54217.0
54365.0
54535.0
54708.0
54852.0
55019.0
55196.0
55342.0
55502.0
55659.0
55822.0
55964.0
56129.0
56274.0
56437.0
56610.0
56775.0
56947.0
57081.0
57244.0
57428.0
57581.0
57757.0
57917.0
58061.0
58187.0
58346.0
58525.0
58685.0
58858.0
59035.0
59180.0
59341.0
59507.0
59678.0
59841.0
60025.0
60191.0
60361.0
60536.0
60718.0
60871.0
61042.0
61211.0
61367.0
61499.0
61674.0
61844.0
61982.0
62108.0
62282.0
62446.0
62620.0
62765.0
62925.0
63096.0
63263.0
63440.0
63610.0
63778.0
63940.0
64109.0
64280.0
64454.0
64597.0
64755.0
64927.0
65079.0
65240.0
65407.0
65577.0
65737.0
65903.0
66075.0
66250.0
66411.0
66569.0
66735.0
66901.0
67070.0
67207.0
67381.0
67552.0
67714.0
67894.0
68068.0
68247.0
68412.0
68576.0
68742.0
68868.0
69045.0
69201.0
69374.0
69511.0
69670.0
69807.0
69966.0
70134.0
70297.0
70476.0
70639.0
70751.0
70911.0
71074.0
71193.0
71358.0
71528.0
71704.0
71882.0
72018.0
72176.0
72344.0
72504.0
72659.0
72809.0
72955.0
73124.0
73257.0
73436.0
73613.0
73790.0
73959.0
74130.0
74292.0
74461.0
74623.0
74745.0
74903.0
75048.0
75214.0
75357.0
75516.0
75680.0
75845.0
76017.0
76192.0
76370.0
76529.0
76694.0
76844.0
77020.0
77202.0
77386.0
77544.0
77686.0
77851.0
78016.0
78183.0
78348.0
78508.0
78676.0
78831.0
78998.0
79138.0
79292.0
79464.0
79635.0
79810.0
79975.0
80154.0
80328.0
80498.0
80616.0
80769.0
80928.0
81085.0
81255.0
81405.0
81564.0
81733.0
81906.0
82086.0
82239.0
82407.0
82562.0
82715.0
82897.0
83068.0
83240.0
83406.0
83573.0
83709.0
83868.0
84025.0
84192.0
84361.0
84524.0
84697.0
84881.0
85029.0
85186.0
85315.0
85497.0
85663.0
85822.0
86000.0
86180.0
86360.0
86528.0
86687.0
86786.0
86955.0
87105.0
87248.0
87395.0
87568.0
87743.0
87900.0
88082.0
88221.0
88337.0
88496.0
88643.0
88805.0
88958.0
89113.0
89267.0
89415.0
89551.0
89722.0
89878.0
90007.0
90173.0
90328.0
90495.0
90599.0
90779.0
90950.0
91114.0
91294.0
91457.0
91622.0
91784.0
91941.0
92123.0
92291.0
92440.0
92595.0
92755.0
92876.0
93029.0
93206.0
93381.0
93548.0
93724.0
93894.0
94047.0
94199.0
94365.0
94507.0
94684.0
94844.0
94988.0
95154.0
95316.0
95498.0
95666.0
95837.0
96008.0
96183.0
96352.0
96521.0
96665.0
96835.0
97006.0
97178.0
97340.0
97504.0
97673.0
97850.0
98018.0
98185.0
98346.0
98509.0
98673.0
98793.0
98956.0
99106.0
99283.0
99456.0
99611.0
99750.0
99903.0
100083.0
100262.0
100432.0
100597.0
100746.0
100888.0
101034.0
101200.0
101360.0
101537.0
101701.0
101861.0
102031.0
102203.0
102369.0
102540.0
102715.0
102879.0
103024.0
103177.0
103337.0
103502.0
103636.0
103790.0
103959.0
104075.0
104246.0
104408.0
104557.0
104727.0
104899.0
105062.0
105214.0
105374.0
105546.0
105719.0
105883.0
106045.0
106212.0
106390.0
106572.0
106729.0
106861.0
107036.0
107187.0
107355.0
107516.0
107681.0
107850.0
107982.0
108145.0
108304.0
108456.0
108599.0
108763.0
108928.0
109089.0
109244.0
109428.0
109603.0
109785.0
109936.0
110080.0
110222.0
110377.0
110538.0
110696.0
110842.0
111017.0
111195.0
111356.0
111522.0
111689.0
111844.0
111994.0
112150.0
112261.0
112441.0
112619.0
112795.0
112954.0
113114.0
113288.0
113465.0
113626.0
113795.0
113947.0
114113.0
114286.0
114408.0
114561.0
114712.0
114870.0
115047.0
115225.0
115392.0
115561.0
115732.0
115898.0
116046.0
116176.0
116339.0
116490.0
116647.0
116822.0
116964.0
117132.0
117274.0
117456.0
117631.0
117797.0
117972.0
118147.0
118300.0
118461.0
118602.0
118772.0
118946.0
119097.0
119260.0
119426.0
119539.0
119712.0
119866.0
120024.0
120199.0
120370.0
120548.0
120717.0
120901.0
121062.0
121212.0
121387.0
121555.0
121672.0
121806.0
121910.0
122089.0
122259.0
122413.0
122570.0
122694.0
122871.0
123035.0
123198.0
123376.0
123514.0
123698.0
123857.0
124032.0
124198.0
124368.0
124523.0
124705.0
124885.0
125033.0
125196.0
125327.0
125505.0
125669.0
125841.0
126013.0
126185.0
126340.0
126509.0
126658.0
126805.0
126944.0
127090.0
127246.0
127412.0
127584.0
127753.0
127917.0
128087.0
128249.0
128405.0
128559.0
128720.0
128870.0
129023.0
129170.0
129340.0
129502.0
129651.0
129812.0
129990.0
130158.0
130323.0
130491.0
130665.0
130760.0
130928.0
131105.0
131289.0
131461.0
131629.0
131778.0
131951.0
132102.0
132225.0
132391.0
132549.0
132721.0
132874.0
133043.0
133225.0
133409.0
133575.0
133724.0
133896.0
134039.0
134182.0
134355.0
134532.0
134675.0
134848.0
135002.0
135151.0
135322.0
135504.0
135665.0
135806.0
135972.0
136116.0
136266.0
136413.0
136568.0
136740.0
136911.0
137084.0
137259.0
137426.0
137594.0
137766.0
137941.0
138082.0
138228.0
138398.0
138553.0
138722.0
138885.0
139033.0
139192.0
139371.0
139530.0
139662.0
139811.0
139956.0
140101.0
140257.0
140422.0
140589.0
140742.0
140924.0
141083.0
141205.0
141358.0
141519.0
141679.0
141854.0
142018.0
142182.0
142348.0
142512.0
142660.0
142800.0
142968.0
143132.0
143287.0
143465.0
143615.0
143769.0
143944.0
144093.0
144245.0
144429.0
144591.0
144754.0
144901.0
145073.0
145246.0
145419.0
145591.0
145753.0
145896.0
146063.0
146208.0
146371.0
146536.0
146718.0
146884.0
147045.0
147210.0
147387.0
147569.0
147730.0
147901.0
148073.0
148242.0
148385.0
148550.0
148705.0
148875.0
149031.0
149199.0
149372.0
149544.0
149719.0
149885.0
150053.0
150222.0
150402.0
150582.0
150734.0
150912.0
151066.0
151225.0
151383.0
151548.0
151719.0
151903.0
152065.0
152212.0
152386.0
152556.0
152714.0
152862.0
153022.0
153160.0
153295.0
153464.0
153646.0
153795.0
153951.0
154113.0
154288.0
154452.0
154626.0
154795.0
154958.0
155113.0
155262.0
155416.0
155592.0
155751.0
155902.0
156080.0
156234.0
156389.0
156555.0
156717.0
156884.0
157061.0
157234.0
157399.0
157563.0
157714.0
157862.0
157980.0
158125.0
158286.0
158437.0
158588.0
158705.0
158875.0
159020.0
159199.0
159377.0
159540.0
159704.0
159846.0
159980.0
160160.0
160326.0
160504.0
160646.0
160809.0
160982.0
161139.0
161310.0
161467.0
161626.0
161785.0
161928.0
162098.0
162262.0
162431.0
162608.0
162751.0
162909.0
163079.0
163243.0
163405.0
163575.0
163734.0
163902.0
164035.0
164194.0
164365.0
164536.0
164679.0
164844.0
165023.0
165183.0
165356.0
165518.0
165694.0
165852.0
166023.0
166186.0
166325.0
166492.0
166648.0
166798.0
166967.0
167119.0
167303.0
167476.0
167642.0
167813.0
167951.0
168110.0
168279.0
168431.0
168608.0
168738.0
168914.0
169067.0
169247.0
169394.0
169576.0
169741.0
169873.0
170041.0
170217.0
170390.0
170536.0
170696.0
170866.0
171036.0
171198.0
171365.0
171513.0
171659.0
171819.0
172001.0
172171.0
172348.0
172492.0
172668.0
172827.0
172985.0
173141.0
173316.0
173430.0
173582.0
173759.0
173930.0
174105.0
174261.0
174420.0
174589.0
174766.0
174917.0
175076.0
175245.0
175407.0
175577.0
175729.0
175868.0
176000.0
176157.0
176329.0
176492.0
176613.0
176784.0
176963.0
177136.0
177300.0
177473.0
177634.0
177809.0
177984.0
178159.0
178334.0
178494.0
178660.0
178799.0
178973.0
179135.0
179300.0
179454.0
179603.0
179771.0
179924.0
180015.0
180187.0
180339.0
180510.0
180666.0
180848.0
181010.0
181192.0
181355.0
181520.0
181683.0
181851.0
182007.0
182155.0
182280.0
182460.0
182556.0
182718.0
182870.0
183050.0
183209.0
183376.0
183549.0
183726.0
183889.0
184043.0
184211.0
184348.0
184500.0
184670.0
184825.0
184978.0
185153.0
185313.0
185465.0
185596.0
185759.0
185931.0
186110.0
186255.0
186381.0
186554.0
186727.0
186880.0
187045.0
187221.0
187373.0
187540.0
187683.0
187844.0
188002.0
188158.0
188325.0
188480.0
188658.0
188795.0
188953.0
189118.0
189277.0
189429.0
189590.0
189765.0
189936.0
190099.0
190246.0
190416.0
190580.0
190736.0
190880.0
191023.0
191192.0
191351.0
191510.0
191683.0
191859.0
191994.0
192152.0
192328.0
192501.0
192680.0
192855.0
193021.0
193190.0
193348.0
193504.0
193637.0
193814.0
193983.0
194155.0
194328.0
194498.0
194666.0
194803.0
194969.0
195131.0
195267.0
195426.0
195578.0
195740.0
195899.0
196066.0
196208.0
196365.0
196524.0
196701.0
196862.0
197031.0
197177.0
197327.0
197448.0
197610.0
197754.0
197918.0
198066.0
198231.0
198379.0
198544.0
198695.0
198846.0
199015.0
199197.0
199359.0
199523.0
199699.0
199858.0
200014.0
200153.0
200327.0
200472.0
200629.0
200776.0
200937.0
201087.0
201233.0
201410.0
201580.0
201747.0
201901.0
202030.0
202206.0
202355.0
202522.0
202663.0
202769.0
202907.0
203082.0
203216.0
203373.0
203542.0
203704.0
203855.0
204005.0
204184.0
204331.0
204502.0
204682.0
204812.0
204962.0
205131.0
205298.0
205440.0
205579.0
205756.0
205931.0
206097.0
206250.0
206423.0
206577.0
206720.0
206887.0
207051.0
207228.0
207394.0
207558.0
207730.0
207912.0
208065.0
208170.0
208340.0
208518.0
208702.0
208860.0
209015.0
209172.0
209348.0
209514.0
209681.0
209844.0
209990.0
210143.0
210306.0
210474.0
210640.0
210811.0
210988.0
211167.0
211311.0
211459.0
211636.0
211818.0
211979.0
212118.0
212281.0
212449.0
212598.0
212769.0
212948.0
213051.0
213183.0
213343.0
213504.0
213674.0
213822.0
213966.0
214121.0
214303.0
214455.0
214618.0
214795.0
214960.0
215102.0
215247.0
215395.0
215545.0
215665.0
215842.0
216001.0
216176.0
216340.0
216485.0
216624.0
216773.0
216940.0
217087.0
217244.0
217423.0
217589.0
217725.0
217890.0
218065.0
218208.0
218373.0
218550.0
218725.0
218890.0
219047.0
219218.0
219386.0
219555.0
219710.0
219884.0
220050.0
220205.0
220374.0
220532.0
220679.0
220845.0
220954.0
221133.0
221301.0
221481.0
221665.0
221804.0
221983.0
222126.0
222281.0
222427.0
222562.0
222721.0
222895.0
223070.0
223219.0
223382.0
223517.0
223694.0
223839.0
223988.0
224153.0
224297.0
224450.0
224586.0
224742.0
224906.0
225086.0
225174.0
225329.0
225428.0
225602.0
225773.0
225935.0
226103.0
226269.0
226395.0
226539.0
226717.0
226877.0
227047.0
227213.0
227378.0
227546.0
227670.0
227840.0
227998.0
228136.0
228311.0
228489.0
228630.0
228784.0
228948.0
229112.0
229271.0
229431.0
229567.0
229734.0
229901.0
230073.0
230242.0
230400.0
230545.0
230706.0
230868.0
231037.0
231178.0
231329.0
231493.0
231666.0
231823.0
231984.0
232144.0
232319.0
232475.0
232626.0
232800.0
232964.0
233118.0
233271.0
233419.0
233593.0
233765.0
233936.0
234110.0
234290.0
234421.0
234605.0
234781.0
