a = 0.8
g = 0.8
e = 0.1
random initial weights = true

-821.0
-1440.0
-1888.0
-2339.0
-2803.0
-3299.0
-3722.0
-4176.0
-4613.0
-5040.0
-5469.0
-5942.0
-6365.0
-6798.0
-6645.0
-7067.0
-7501.0
-7945.0
-8366.0
-8789.0
-9208.0
-9627.0
-9489.0
-9907.0
-10339.0
-10766.0
-11183.0
-11617.0
-11448.0
-11272.0
-11683.0
-12110.0
-11950.0
-11772.0
-11596.0
-12007.0
-11843.0
-11672.0
-11496.0
-11318.0
-11140.0
-10962.0
-10786.0
-10608.0
-10430.0
-10254.0
-10082.0
-9906.0
-9732.0
-9560.0
-9382.0
-9204.0
-9026.0
-8848.0
-8670.0
-8501.0
-8325.0
-8151.0
-7973.0
-7797.0
-7627.0
-7455.0
-7279.0
-7105.0
-6927.0
-6756.0
-6580.0
-6404.0
-6228.0
-6052.0
-5876.0
-5700.0
-5522.0
-5346.0
-5170.0
-4998.0
-4824.0
-4646.0
-4468.0
-4290.0
-4116.0
-3938.0
-3760.0
-3582.0
-3406.0
-3228.0
-3050.0
-2872.0
-2694.0
-2520.0
-2347.0
-2171.0
-1993.0
-1815.0
-1637.0
-1464.0
-1286.0
-1110.0
-938.0
-784.0
-608.0
-434.0
-256.0
-85.0
93.0
271.0
449.0
627.0
801.0
973.0
1147.0
1325.0
1503.0
1679.0
1857.0
2028.0
2202.0
2378.0
2554.0
2730.0
2899.0
3073.0
3251.0
3425.0
3603.0
3779.0
3957.0
4131.0
4309.0
4487.0
4665.0
4839.0
5010.0
5188.0
5364.0
5537.0
5715.0
5893.0
6066.0
6242.0
6420.0
6589.0
6765.0
6943.0
7121.0
7295.0
7471.0
7649.0
7827.0
7999.0
8173.0
8351.0
8529.0
8707.0
8885.0
9057.0
9231.0
9407.0
9585.0
9759.0
9935.0
10111.0
10289.0
10467.0
10640.0
10818.0
10996.0
11172.0
11350.0
11528.0
11706.0
11884.0
12058.0
12236.0
12414.0
12592.0
12770.0
12948.0
13122.0
13298.0
13472.0
13650.0
13822.0
13994.0
14167.0
14340.0
14518.0
14694.0
14870.0
15048.0
15226.0
15404.0
15580.0
15756.0
15932.0
16108.0
16281.0
16457.0
16635.0
16811.0
16989.0
17167.0
17345.0
17523.0
17696.0
17874.0
18052.0
18230.0
18406.0
18584.0
18760.0
18938.0
19116.0
19294.0
19472.0
19650.0
19824.0
20000.0
20178.0
20354.0
20532.0
20710.0
20884.0
21056.0
21234.0
21408.0
21582.0
21760.0
21938.0
22116.0
22288.0
22466.0
22644.0
22822.0
22998.0
23174.0
23352.0
23530.0
23699.0
23870.0
24046.0
24224.0
24402.0
24572.0
24748.0
24926.0
25102.0
25280.0
25458.0
25636.0
25809.0
25987.0
26163.0
26336.0
26514.0
26690.0
26868.0
27046.0
27220.0
27396.0
27568.0
27734.0
27906.0
28082.0
28260.0
28438.0
28616.0
28794.0
28970.0
29148.0
29321.0
29495.0
29673.0
29847.0
30025.0
30201.0
30379.0
30547.0
30725.0
30903.0
31081.0
31259.0
31433.0
31611.0
31787.0
31961.0
32139.0
32317.0
32493.0
32669.0
32843.0
33021.0
33197.0
33371.0
33544.0
33722.0
33895.0
34064.0
34238.0
34414.0
34590.0
34768.0
34939.0
35117.0
35295.0
35473.0
35651.0
35825.0
36003.0
36176.0
36348.0
36524.0
36702.0
36880.0
37056.0
37234.0
37400.0
37576.0
37754.0
37932.0
38108.0
38286.0
38462.0
38631.0
38805.0
38983.0
39157.0
39331.0
39509.0
39685.0
39861.0
40037.0
40215.0
40393.0
40569.0
40747.0
40925.0
41092.0
41263.0
41441.0
41619.0
41792.0
41968.0
42144.0
42312.0
42479.0
42657.0
42835.0
43008.0
43184.0
43358.0
43527.0
43700.0
43878.0
44049.0
44227.0
44405.0
44581.0
44759.0
44928.0
45104.0
45280.0
45456.0
45632.0
45803.0
45979.0
46157.0
46335.0
46511.0
46689.0
46863.0
47039.0
47217.0
47395.0
47571.0
47739.0
47917.0
48091.0
48264.0
48440.0
48611.0
48785.0
48958.0
49132.0
49308.0
49482.0
49660.0
49831.0
50009.0
50185.0
50358.0
50524.0
50702.0
50880.0
51058.0
51229.0
51407.0
51585.0
51763.0
51941.0
52119.0
52297.0
52475.0
52653.0
52831.0
53007.0
53183.0
53361.0
53539.0
53713.0
53891.0
54069.0
54241.0
54411.0
54589.0
54765.0
54941.0
55117.0
55288.0
55466.0
55644.0
55820.0
55998.0
56176.0
56354.0
56532.0
56710.0
56884.0
57058.0
57234.0
57393.0
57571.0
57749.0
57922.0
58095.0
58271.0
58442.0
58620.0
58793.0
58969.0
59143.0
59317.0
59495.0
59673.0
59851.0
60020.0
60198.0
60374.0
60547.0
60723.0
60897.0
61075.0
61251.0
61429.0
61607.0
61781.0
61959.0
62131.0
62307.0
62485.0
62661.0
62839.0
63017.0
63189.0
63365.0
63541.0
63715.0
63893.0
64069.0
64245.0
64417.0
64595.0
64773.0
64940.0
65109.0
65287.0
65465.0
65643.0
65821.0
65999.0
66170.0
66348.0
66526.0
66702.0
66880.0
67058.0
67234.0
67412.0
67588.0
67766.0
67944.0
68120.0
68298.0
68469.0
68643.0
68821.0
68997.0
69175.0
69351.0
69524.0
69693.0
69869.0
70047.0
70225.0
70401.0
70579.0
70752.0
70928.0
71106.0
71284.0
71462.0
71634.0
71800.0
71973.0
72147.0
72323.0
72501.0
72677.0
72848.0
73026.0
73204.0
73380.0
73554.0
73732.0
73908.0
74081.0
74259.0
74437.0
74615.0
74791.0
74969.0
75147.0
75325.0
75501.0
75679.0
75857.0
76026.0
76204.0
76382.0
76560.0
76736.0
76914.0
77092.0
77266.0
77442.0
77620.0
77798.0
77974.0
78147.0
78318.0
78494.0
78665.0
78841.0
79017.0
79185.0
79363.0
79541.0
79715.0
79889.0
80067.0
80243.0
80419.0
80597.0
80775.0
80951.0
81127.0
81305.0
81478.0
81654.0
81832.0
82010.0
82188.0
82366.0
82542.0
82720.0
82898.0
83074.0
83252.0
83428.0
83606.0
83775.0
83949.0
84127.0
84303.0
84479.0
84655.0
84833.0
85009.0
85182.0
85360.0
85538.0
85716.0
85892.0
86070.0
86240.0
86416.0
86594.0
86772.0
86950.0
87119.0
87295.0
87473.0
87647.0
87825.0
88003.0
88179.0
88352.0
88530.0
88708.0
88886.0
89062.0
89236.0
89414.0
89592.0
89770.0
89946.0
90124.0
90300.0
90478.0
90649.0
90823.0
90999.0
91175.0
91351.0
91527.0
91695.0
91871.0
92045.0
92223.0
92396.0
92574.0
92748.0
92926.0
93104.0
93280.0
93458.0
93629.0
93807.0
93985.0
94161.0
94339.0
94513.0
94689.0
94865.0
95038.0
95214.0
95392.0
95568.0
95746.0
95924.0
96102.0
96280.0
96458.0
96636.0
96812.0
96990.0
97168.0
97346.0
97517.0
97693.0
97869.0
98043.0
98221.0
98394.0
98572.0
98748.0
98926.0
99104.0
99282.0
99458.0
99636.0
99814.0
99992.0
100170.0
100348.0
100526.0
100702.0
100880.0
101054.0
101232.0
101410.0
101588.0
101766.0
101942.0
102120.0
102292.0
102466.0
102644.0
102818.0
102996.0
103170.0
103346.0
103519.0
103695.0
103866.0
104044.0
104217.0
104388.0
104566.0
104742.0
104914.0
105092.0
105270.0
105446.0
105612.0
105790.0
105968.0
106146.0
106322.0
106500.0
106678.0
106852.0
107021.0
107193.0
107369.0
107545.0
107716.0
107894.0
108072.0
108250.0
108424.0
108593.0
108769.0
108947.0
109125.0
109296.0
109469.0
109645.0
109821.0
109997.0
110170.0
110344.0
110522.0
110700.0
110878.0
111044.0
111220.0
111398.0
111572.0
111743.0
111917.0
112095.0
112271.0
112447.0
112623.0
112801.0
112977.0
113155.0
113328.0
113506.0
113678.0
113840.0
114013.0
114191.0
114355.0
114533.0
114706.0
114879.0
115055.0
115233.0
115411.0
115587.0
115759.0
115937.0
116115.0
116288.0
116461.0
116637.0
116813.0
116987.0
117153.0
117331.0
117509.0
117685.0
117863.0
118036.0
118207.0
118385.0
118563.0
118736.0
118910.0
119086.0
119264.0
119442.0
119618.0
119792.0
119965.0
120143.0
120321.0
120493.0
120671.0
120847.0
121025.0
121201.0
121372.0
121546.0
121724.0
121902.0
122080.0
122258.0
122432.0
122608.0
122781.0
122953.0
123124.0
123300.0
123478.0
123656.0
123834.0
124010.0
124186.0
124360.0
124538.0
124714.0
124886.0
125064.0
125242.0
125420.0
125598.0
125776.0
125952.0
126130.0
126306.0
126482.0
126660.0
126838.0
127016.0
127192.0
127370.0
127544.0
127722.0
127898.0
128074.0
128250.0
128428.0
128604.0
128782.0
128960.0
129136.0
129314.0
129492.0
129668.0
129846.0
130022.0
130196.0
130369.0
130547.0
130725.0
130903.0
131081.0
131259.0
131432.0
131608.0
131786.0
131964.0
132142.0
132318.0
132494.0
132672.0
132850.0
133028.0
133206.0
133384.0
133560.0
133736.0
133914.0
134087.0
134265.0
134436.0
134608.0
134786.0
134964.0
135135.0
135308.0
135486.0
135664.0
135837.0
136015.0
136188.0
136366.0
136542.0
136718.0
136896.0
137072.0
137248.0
137426.0
137604.0
137782.0
137958.0
138136.0
138312.0
138488.0
138664.0
138838.0
139011.0
139189.0
139362.0
139538.0
139716.0
139894.0
140072.0
140250.0
140424.0
140597.0
140775.0
140953.0
141131.0
141305.0
141483.0
141659.0
141835.0
142013.0
142189.0
142367.0
142538.0
142716.0
142894.0
143070.0
143248.0
143424.0
143602.0
143780.0
143949.0
144123.0
144299.0
144477.0
144655.0
144833.0
145006.0
145178.0
145348.0
145521.0
145691.0
145865.0
146041.0
146219.0
146395.0
146571.0
146749.0
146925.0
147099.0
147277.0
147448.0
147621.0
147794.0
147972.0
148148.0
148324.0
148502.0
148678.0
148856.0
149030.0
149208.0
149380.0
149558.0
149731.0
149907.0
150085.0
150263.0
150441.0
150619.0
150795.0
150968.0
151146.0
151322.0
151500.0
151678.0
151854.0
152032.0
152208.0
152386.0
152564.0
152735.0
152913.0
153091.0
153267.0
153441.0
153617.0
153790.0
153966.0
154144.0
154322.0
154500.0
154676.0
154852.0
155023.0
155199.0
155377.0
155555.0
155731.0
155909.0
156085.0
156263.0
156439.0
156617.0
156788.0
156964.0
157138.0
157314.0
157492.0
157668.0
157846.0
158022.0
158200.0
158378.0
158554.0
158732.0
158910.0
159088.0
159266.0
159444.0
159620.0
159798.0
159976.0
160152.0
160330.0
160506.0
160678.0
160854.0
161032.0
161210.0
161388.0
161564.0
161742.0
161913.0
162091.0
162267.0
162443.0
162612.0
162788.0
162966.0
163130.0
163303.0
163481.0
163655.0
163833.0
164004.0
164178.0
164356.0
164534.0
164712.0
164890.0
165062.0
165240.0
165414.0
165592.0
165770.0
165939.0
166115.0
166291.0
166469.0
166642.0
166820.0
166998.0
167174.0
167347.0
167525.0
167701.0
167879.0
168053.0
168224.0
168402.0
168578.0
168751.0
168929.0
169098.0
169276.0
169447.0
169625.0
169801.0
169979.0
170153.0
170325.0
170503.0
170681.0
170857.0
171027.0
171205.0
171381.0
171557.0
171735.0
171909.0
172087.0
172265.0
172441.0
172619.0
172795.0
172968.0
173146.0
173324.0
173500.0
173678.0
173856.0
174034.0
174207.0
174385.0
174563.0
174741.0
174917.0
175090.0
175268.0
175444.0
175622.0
175800.0
175978.0
176154.0
176328.0
176499.0
176673.0
176851.0
177029.0
177202.0
177378.0
177554.0
177732.0
177910.0
178088.0
178266.0
178444.0
178620.0
178798.0
178976.0
179150.0
179328.0
179501.0
179679.0
179857.0
180035.0
180213.0
180384.0
180562.0
180740.0
180918.0
181092.0
181270.0
181448.0
181624.0
181793.0
181971.0
182144.0
182317.0
182495.0
182673.0
182844.0
183017.0
183193.0
183371.0
183549.0
183725.0
183901.0
184079.0
184255.0
184429.0
184605.0
184781.0
184952.0
185130.0
185306.0
185484.0
185662.0
185838.0
186016.0
186190.0
186368.0
186546.0
186724.0
186895.0
187073.0
187249.0
187425.0
187599.0
187773.0
187941.0
188112.0
188288.0
188466.0
188639.0
188817.0
188995.0
189171.0
189349.0
189525.0
189699.0
189877.0
190055.0
190231.0
190409.0
190587.0
190756.0
190934.0
191110.0
191286.0
191462.0
191640.0
191816.0
191994.0
192172.0
192346.0
192522.0
192700.0
192878.0
193056.0
193229.0
193405.0
193583.0
193761.0
193935.0
194109.0
194287.0
194465.0
194643.0
194817.0
194995.0
195171.0
195345.0
195521.0
195695.0
195869.0
196047.0
196225.0
196403.0
196574.0
196741.0
196919.0
197097.0
197273.0
197447.0
197620.0
197796.0
197974.0
198152.0
198328.0
198501.0
198677.0
198855.0
199029.0
199207.0
199380.0
199558.0
199736.0
199912.0
200088.0
200266.0
200442.0
200620.0
200798.0
200976.0
201154.0
201330.0
201508.0
201686.0
201864.0
202036.0
202212.0
202390.0
202568.0
202744.0
202917.0
203095.0
203273.0
203446.0
203617.0
203793.0
203966.0
204144.0
204322.0
204498.0
204676.0
204852.0
205020.0
205196.0
205372.0
205543.0
205721.0
205899.0
206077.0
206253.0
206427.0
206603.0
206781.0
206959.0
207135.0
207311.0
207484.0
207662.0
207836.0
208009.0
208182.0
208356.0
208532.0
208710.0
208886.0
209062.0
209240.0
209416.0
209592.0
209770.0
209948.0
210121.0
210299.0
210477.0
210650.0
210826.0
210997.0
211173.0
211351.0
211527.0
211703.0
211879.0
212055.0
212233.0
212407.0
212585.0
212761.0
212935.0
213113.0
213291.0
213469.0
213647.0
213825.0
214001.0
214168.0
214344.0
214520.0
214696.0
214874.0
215052.0
215228.0
215404.0
215576.0
215754.0
215930.0
216103.0
216281.0
216459.0
216633.0
216809.0
216982.0
217160.0
217338.0
217510.0
217684.0
217860.0
218031.0
218207.0
218385.0
218563.0
218739.0
218911.0
219089.0
219267.0
219443.0
219616.0
219794.0
219972.0
220150.0
220326.0
220493.0
220671.0
220842.0
221015.0
221191.0
221367.0
221540.0
221718.0
221896.0
222074.0
222252.0
222428.0
222599.0
222777.0
222953.0
223131.0
223309.0
223483.0
223657.0
223830.0
224006.0
224180.0
224353.0
224526.0
224702.0
224880.0
225058.0
225236.0
225412.0
225590.0
225762.0
225940.0
226113.0
226286.0
226464.0
226642.0
226816.0
226992.0
227170.0
227348.0
227524.0
227695.0
227861.0
228035.0
228209.0
228383.0
228557.0
228731.0
228907.0
229085.0
229263.0
229439.0
229612.0
229790.0
229968.0
230146.0
230324.0
230498.0
230674.0
230852.0
231028.0
231206.0
231384.0
231562.0
231738.0
231916.0
232094.0
232272.0
232450.0
232628.0
232801.0
232977.0
233147.0
233323.0
233499.0
233677.0
233850.0
234028.0
234206.0
234380.0
234558.0
234736.0
234912.0
235078.0
235254.0
235427.0
235605.0
235781.0
235957.0
236133.0
236309.0
236487.0
236665.0
236843.0
237019.0
237193.0
237371.0
237549.0
237727.0
237903.0
238081.0
238257.0
238435.0
238611.0
238789.0
238963.0
239141.0
239319.0
239497.0
239675.0
239851.0
240024.0
240200.0
240378.0
240549.0
240722.0
240900.0
241073.0
241244.0
241410.0
241588.0
241766.0
241942.0
242120.0
242298.0
242474.0
242647.0
242825.0
243003.0
243181.0
243359.0
243537.0
243710.0
243883.0
244061.0
244237.0
244413.0
244591.0
244764.0
244942.0
245115.0
245293.0
245471.0
