a = 0.2
g = 0.2
e = 0.1
random initial weights = true

-822.0
-1309.0
-2105.0
-2813.0
-3495.0
-3957.0
-4612.0
-5057.0
-5503.0
-6011.0
-6499.0
-7014.0
-7479.0
-7943.0
-8385.0
-8872.0
-9284.0
-9711.0
-10167.0
-10611.0
-11090.0
-11500.0
-11928.0
-12340.0
-12777.0
-13224.0
-13643.0
-14058.0
-14485.0
-14914.0
-14758.0
-15168.0
-15002.0
-14846.0
-15258.0
-15673.0
-15493.0
-15901.0
-16320.0
-16158.0
-16566.0
-16388.0
-16206.0
-16024.0
-15844.0
-15673.0
-15489.0
-15310.0
-15131.0
-14947.0
-14763.0
-14579.0
-14395.0
-14211.0
-14027.0
-13858.0
-13678.0
-13494.0
-13310.0
-13133.0
-12953.0
-12774.0
-12590.0
-12408.0
-12224.0
-12042.0
-11858.0
-11678.0
-11499.0
-11322.0
-11140.0
-10956.0
-10772.0
-10593.0
-10409.0
-10225.0
-10050.0
-9871.0
-9687.0
-9503.0
-9319.0
-9135.0
-8957.0
-8773.0
-8591.0
-8414.0
-8230.0
-8064.0
-7880.0
-7696.0
-7514.0
-7334.0
-7150.0
-6966.0
-6782.0
-6598.0
-6416.0
-6236.0
-6056.0
-5877.0
-5695.0
-5511.0
-5344.0
-5164.0
-4982.0
-4798.0
-4614.0
-4430.0
-4253.0
-4069.0
-3885.0
-3703.0
-3524.0
-3342.0
-3160.0
-2976.0
-2792.0
-2613.0
-2439.0
-2255.0
-2073.0
-1893.0
-1709.0
-1525.0
-1343.0
-1163.0
-984.0
-800.0
-621.0
-437.0
-253.0
-71.0
113.0
281.0
465.0
647.0
831.0
1013.0
1192.0
1376.0
1558.0
1740.0
1924.0
2108.0
2288.0
2472.0
2656.0
2840.0
3019.0
3198.0
3378.0
3555.0
3739.0
3923.0
4107.0
4291.0
4470.0
4652.0
4836.0
5018.0
5190.0
5372.0
5556.0
5736.0
5918.0
6100.0
6282.0
6457.0
6637.0
6816.0
7000.0
7179.0
7361.0
7540.0
7717.0
7901.0
8085.0
8269.0
8453.0
8637.0
8817.0
9001.0
9185.0
9369.0
9546.0
9730.0
9914.0
10093.0
10275.0
10447.0
10629.0
10813.0
10997.0
11176.0
11360.0
11544.0
11728.0
11910.0
12089.0
12273.0
12455.0
12639.0
12818.0
12998.0
13182.0
13366.0
13545.0
13727.0
13909.0
14093.0
14275.0
14455.0
14639.0
14823.0
15005.0
15189.0
15371.0
15555.0
15739.0
15921.0
16103.0
16287.0
16471.0
16655.0
16833.0
17017.0
17201.0
17385.0
17569.0
17748.0
17932.0
18116.0
18300.0
18484.0
18668.0
18845.0
19029.0
19209.0
19393.0
19575.0
19754.0
19936.0
20110.0
20290.0
20474.0
20656.0
20833.0
21015.0
21178.0
21351.0
21535.0
21717.0
21899.0
22081.0
22265.0
22449.0
22631.0
22815.0
22999.0
23183.0
23367.0
23551.0
23735.0
23917.0
24101.0
24278.0
24462.0
24642.0
24826.0
25010.0
25189.0
25366.0
25548.0
25725.0
25909.0
26093.0
26272.0
26454.0
26638.0
26822.0
26999.0
27183.0
27367.0
27549.0
27733.0
27917.0
28099.0
28281.0
28460.0
28644.0
28823.0
29007.0
29186.0
29370.0
29554.0
29736.0
29913.0
30097.0
30277.0
30456.0
30630.0
30812.0
30996.0
31180.0
31364.0
31548.0
31732.0
31914.0
32089.0
32273.0
32455.0
32633.0
32806.0
32990.0
33169.0
33348.0
33528.0
33710.0
33894.0
34078.0
34258.0
34440.0
34624.0
34808.0
34985.0
35169.0
35353.0
35535.0
35717.0
35891.0
36069.0
36249.0
36428.0
36612.0
36796.0
36980.0
37164.0
37338.0
37522.0
37706.0
37886.0
38070.0
38252.0
38436.0
38616.0
38800.0
38979.0
39163.0
39345.0
39522.0
39706.0
39885.0
40067.0
40244.0
40428.0
40607.0
40791.0
40975.0
41146.0
41330.0
41514.0
41694.0
41878.0
42058.0
42242.0
42421.0
42603.0
42787.0
42971.0
43155.0
43332.0
43516.0
43696.0
43880.0
44062.0
44246.0
44430.0
44614.0
44794.0
44976.0
45153.0
45337.0
45516.0
45695.0
45870.0
46047.0
46231.0
46415.0
46599.0
46781.0
46965.0
47149.0
47333.0
47513.0
47697.0
47881.0
48055.0
48233.0
48417.0
48596.0
48780.0
48959.0
49141.0
49325.0
49499.0
49678.0
49862.0
50037.0
50221.0
50396.0
50573.0
50747.0
50931.0
51110.0
51294.0
51471.0
51655.0
51837.0
52019.0
52199.0
52383.0
52567.0
52749.0
52933.0
53115.0
53299.0
53483.0
53667.0
53846.0
54028.0
54212.0
54396.0
54573.0
54755.0
54923.0
55107.0
55291.0
55473.0
55657.0
55839.0
56023.0
56207.0
56391.0
56571.0
56755.0
56939.0
57121.0
57301.0
57485.0
57664.0
57841.0
58025.0
58205.0
58373.0
58557.0
58741.0
58925.0
59109.0
59293.0
59470.0
59647.0
59831.0
60015.0
60199.0
60383.0
60563.0
60747.0
60931.0
61105.0
61289.0
61473.0
61655.0
61839.0
62023.0
62207.0
62389.0
62573.0
62752.0
62930.0
63110.0
63292.0
63468.0
63652.0
63834.0
64018.0
64200.0
64382.0
64564.0
64748.0
64930.0
65114.0
65291.0
65470.0
65654.0
65836.0
66006.0
66188.0
66363.0
66547.0
66731.0
66906.0
67086.0
67266.0
67450.0
67634.0
67813.0
67993.0
68177.0
68361.0
68543.0
68715.0
68897.0
69079.0
69263.0
69443.0
69627.0
69811.0
69993.0
70175.0
70359.0
70541.0
70725.0
70909.0
71088.0
71272.0
71454.0
71638.0
71805.0
71987.0
72171.0
72355.0
72534.0
72718.0
72897.0
73081.0
73261.0
73445.0
73629.0
73813.0
73997.0
74181.0
74365.0
74549.0
74733.0
74915.0
75097.0
75276.0
75458.0
75642.0
75824.0
76006.0
76190.0
76369.0
76553.0
76737.0
76921.0
77045.0
77229.0
77413.0
77595.0
77779.0
77963.0
78147.0
78329.0
78513.0
78697.0
78879.0
79061.0
79241.0
79425.0
79602.0
79784.0
79966.0
80150.0
80330.0
80514.0
80698.0
80877.0
81061.0
81239.0
81423.0
81600.0
81782.0
81966.0
82145.0
82329.0
82511.0
82693.0
82877.0
83061.0
83240.0
83424.0
83601.0
83785.0
83967.0
84149.0
84333.0
84512.0
84686.0
84870.0
85054.0
85238.0
85422.0
85604.0
85782.0
85961.0
86136.0
86320.0
86500.0
86682.0
86866.0
87050.0
87232.0
87416.0
87600.0
87784.0
87968.0
88150.0
88329.0
88511.0
88685.0
88869.0
89053.0
89237.0
89421.0
89595.0
89777.0
89956.0
90140.0
90322.0
90502.0
90681.0
90865.0
91028.0
91212.0
91383.0
91567.0
91751.0
91930.0
92114.0
92296.0
92480.0
92664.0
92848.0
93032.0
93216.0
93396.0
93580.0
93764.0
93948.0
94132.0
94314.0
94493.0
94677.0
94861.0
95037.0
95221.0
95400.0
95579.0
95763.0
95942.0
96117.0
96294.0
96478.0
96653.0
96835.0
97019.0
97203.0
97387.0
97569.0
97753.0
97931.0
98106.0
98290.0
98472.0
98656.0
98835.0
99017.0
99201.0
99374.0
99558.0
99737.0
99916.0
100091.0
100275.0
100457.0
100641.0
100825.0
101009.0
101183.0
101367.0
101546.0
101730.0
101914.0
102091.0
102273.0
102450.0
102629.0
102805.0
102984.0
103166.0
103350.0
103527.0
103707.0
103891.0
104075.0
104253.0
104435.0
104619.0
104799.0
104983.0
105158.0
105342.0
105526.0
105708.0
105890.0
106072.0
106254.0
106438.0
106620.0
106804.0
106986.0
107165.0
107349.0
107531.0
107711.0
107895.0
108079.0
108263.0
108447.0
108629.0
108813.0
108988.0
109172.0
109356.0
109536.0
109718.0
109902.0
110086.0
110266.0
110450.0
110627.0
110809.0
110993.0
111177.0
111357.0
111537.0
111719.0
111901.0
112081.0
112260.0
112442.0
112621.0
112798.0
112982.0
113166.0
113348.0
113532.0
113716.0
113900.0
114082.0
114266.0
114448.0
114627.0
114811.0
114993.0
115172.0
115356.0
115540.0
115724.0
115908.0
116086.0
116270.0
116454.0
116638.0
116822.0
117006.0
117190.0
117368.0
117552.0
117736.0
117911.0
118091.0
118270.0
118445.0
118629.0
118813.0
118995.0
119179.0
119363.0
119545.0
119729.0
119913.0
120097.0
120279.0
120459.0
120643.0
120822.0
121001.0
121183.0
121367.0
121551.0
121726.0
121906.0
122088.0
122267.0
122449.0
122633.0
122815.0
122997.0
123172.0
123356.0
123538.0
123715.0
123893.0
124077.0
124259.0
124443.0
124622.0
124806.0
124990.0
125167.0
125349.0
125531.0
125711.0
125895.0
126077.0
126261.0
126440.0
126624.0
126808.0
126992.0
127176.0
127358.0
127540.0
127712.0
127896.0
128080.0
128264.0
128448.0
128632.0
128816.0
129000.0
129184.0
129361.0
129543.0
129723.0
129903.0
130085.0
130269.0
130448.0
130632.0
130811.0
130990.0
131174.0
131358.0
131542.0
131719.0
131901.0
132085.0
132257.0
132436.0
132620.0
132802.0
132986.0
133163.0
133345.0
133522.0
133704.0
133888.0
134072.0
134256.0
134440.0
134617.0
134796.0
134980.0
135157.0
135334.0
135510.0
135689.0
135873.0
136053.0
136237.0
136421.0
136600.0
136777.0
136961.0
137145.0
137329.0
137508.0
137692.0
137872.0
138056.0
138238.0
138411.0
138595.0
138779.0
138961.0
139143.0
139325.0
139509.0
139691.0
139861.0
140045.0
140220.0
140404.0
140588.0
140772.0
140956.0
141136.0
141320.0
141500.0
141679.0
141859.0
142039.0
142218.0
142400.0
142584.0
142763.0
142937.0
143109.0
143287.0
143471.0
143648.0
143832.0
144012.0
144194.0
144376.0
144558.0
144737.0
144916.0
145100.0
145284.0
145464.0
145648.0
145820.0
146004.0
146184.0
146366.0
146548.0
146732.0
146916.0
147100.0
147275.0
147459.0
147638.0
147822.0
148006.0
148188.0
148367.0
148534.0
148718.0
148902.0
149086.0
149265.0
149444.0
149628.0
149812.0
149991.0
150175.0
150357.0
150539.0
150719.0
150901.0
151085.0
151267.0
151446.0
151623.0
151805.0
151989.0
152171.0
152353.0
152535.0
152719.0
152903.0
153087.0
153269.0
153449.0
153631.0
153815.0
153997.0
154176.0
154360.0
154544.0
154723.0
154903.0
155087.0
155271.0
155455.0
155634.0
155818.0
155997.0
156174.0
156358.0
156542.0
156724.0
156898.0
157075.0
157252.0
157434.0
157618.0
157800.0
157982.0
158164.0
158343.0
158523.0
158707.0
158889.0
159071.0
159250.0
159434.0
159616.0
159798.0
159977.0
160157.0
160341.0
160521.0
160705.0
160879.0
161063.0
161247.0
161426.0
161610.0
161790.0
161974.0
162153.0
162337.0
162521.0
162700.0
162882.0
163066.0
163243.0
163425.0
163609.0
163789.0
163973.0
164157.0
164334.0
164516.0
164698.0
164882.0
165066.0
165245.0
165429.0
165611.0
165795.0
165979.0
166163.0
166345.0
166529.0
166713.0
166895.0
167074.0
167258.0
167440.0
167624.0
167801.0
167978.0
168160.0
168339.0
168523.0
168705.0
168889.0
169073.0
169253.0
169432.0
169611.0
169785.0
169969.0
170153.0
170335.0
170519.0
170696.0
170880.0
171064.0
171246.0
171430.0
171612.0
171794.0
171976.0
172155.0
172337.0
172521.0
172693.0
172872.0
173056.0
173240.0
173422.0
173606.0
173790.0
173972.0
174156.0
174333.0
174508.0
174692.0
174874.0
175058.0
175238.0
175422.0
175601.0
175783.0
175965.0
176149.0
176333.0
176513.0
176695.0
176877.0
177054.0
177238.0
177415.0
177587.0
177769.0
177951.0
178135.0
178315.0
178494.0
178676.0
178860.0
179039.0
179223.0
179407.0
179589.0
179768.0
179948.0
180130.0
180309.0
180483.0
180663.0
180845.0
181029.0
181213.0
181392.0
181574.0
181754.0
181929.0
182111.0
182288.0
182467.0
182649.0
182833.0
183015.0
183199.0
183378.0
183562.0
183746.0
183930.0
184114.0
184291.0
184475.0
184659.0
184841.0
185023.0
185203.0
185387.0
185571.0
185755.0
185934.0
186118.0
186302.0
186480.0
186657.0
186839.0
187017.0
187201.0
187385.0
187562.0
187744.0
187928.0
188110.0
188294.0
188478.0
188657.0
188841.0
189025.0
189200.0
189380.0
189562.0
189741.0
189925.0
190109.0
190293.0
190477.0
190661.0
190845.0
191027.0
191209.0
191388.0
191572.0
191751.0
191935.0
192119.0
192303.0
192487.0
192669.0
192853.0
193033.0
193215.0
193397.0
193581.0
193765.0
193937.0
194121.0
194305.0
194489.0
194671.0
194855.0
195039.0
195221.0
195405.0
195579.0
195758.0
195942.0
196122.0
196306.0
196490.0
196674.0
196858.0
197042.0
197224.0
197402.0
197586.0
197768.0
197942.0
198119.0
198296.0
198478.0
198657.0
198841.0
199013.0
199197.0
199381.0
199558.0
199740.0
199922.0
200101.0
200285.0
200463.0
200640.0
200822.0
201006.0
201190.0
201374.0
201553.0
201737.0
201921.0
202105.0
202289.0
202473.0
202657.0
202836.0
203020.0
203202.0
203386.0
203570.0
203752.0
203929.0
204113.0
204295.0
204475.0
204659.0
204841.0
205025.0
205205.0
205389.0
205571.0
205755.0
205939.0
206119.0
206303.0
206487.0
206669.0
206851.0
207035.0
207219.0
207403.0
207587.0
207769.0
207953.0
208137.0
208321.0
208505.0
208689.0
208866.0
209046.0
209228.0
209408.0
209587.0
209767.0
209937.0
210116.0
210296.0
210478.0
210662.0
210839.0
211023.0
211205.0
211385.0
211565.0
211749.0
211928.0
212100.0
212272.0
212456.0
212638.0
212822.0
213006.0
213190.0
213374.0
213551.0
213729.0
213913.0
214097.0
214281.0
214463.0
214640.0
214824.0
215006.0
215188.0
215365.0
215544.0
215723.0
215902.0
216084.0
216268.0
216450.0
216624.0
216808.0
216990.0
217174.0
217354.0
217531.0
217710.0
217894.0
218078.0
218262.0
218442.0
218622.0
218804.0
218983.0
219155.0
219334.0
219518.0
219700.0
219882.0
220059.0
220241.0
220419.0
220601.0
220785.0
220967.0
221151.0
221324.0
221506.0
221690.0
221874.0
222053.0
222237.0
222421.0
222605.0
222787.0
222969.0
223151.0
223335.0
223519.0
223703.0
223885.0
224069.0
224253.0
224432.0
224609.0
224793.0
224977.0
225150.0
225329.0
225513.0
225697.0
225881.0
226065.0
226249.0
226433.0
226615.0
226797.0
226979.0
227158.0
227340.0
227524.0
227708.0
227888.0
228065.0
228244.0
228428.0
228612.0
228794.0
228976.0
229155.0
229329.0
229513.0
229692.0
229869.0
230053.0
230237.0
230421.0
230605.0
230782.0
230962.0
231146.0
231330.0
231514.0
231691.0
231873.0
232053.0
232237.0
232421.0
232605.0
232789.0
232971.0
233155.0
233339.0
233519.0
233703.0
233887.0
234071.0
234255.0
234437.0
234621.0
234805.0
234989.0
235173.0
235357.0
235534.0
235711.0
235891.0
236073.0
236257.0
236441.0
236621.0
236803.0
236987.0
237166.0
237350.0
237534.0
237718.0
237898.0
238075.0
238259.0
238438.0
238607.0
238791.0
238975.0
239157.0
239339.0
239519.0
239703.0
239887.0
240071.0
240255.0
240439.0
240621.0
240800.0
240984.0
241161.0
241345.0
241529.0
241713.0
241888.0
242063.0
242240.0
242422.0
242604.0
242786.0
242970.0
243154.0
243338.0
243522.0
243700.0
243868.0
244052.0
244231.0
244410.0
244594.0
244771.0
244955.0
245139.0
245321.0
245505.0
245682.0
245866.0
246048.0
246227.0
246411.0
246591.0
246770.0
246949.0
247129.0
247311.0
247482.0
247666.0
247850.0
248032.0
248214.0
