a = 0.5
g = 0.2
e = 0.5
random initial weights = false

-1097.0
-2212.0
-2762.0
-3219.0
-3755.0
-4234.0
-4685.0
-5190.0
-5717.0
-6282.0
-6724.0
-7313.0
-7889.0
-8359.0
-8814.0
-9283.0
-9792.0
-10260.0
-10743.0
-11160.0
-11620.0
-12085.0
-11974.0
-12434.0
-12853.0
-13293.0
-13825.0
-14280.0
-14157.0
-14591.0
-15022.0
-14895.0
-14735.0
-15206.0
-15655.0
-16092.0
-16580.0
-17011.0
-17440.0
-17870.0
-18312.0
-18754.0
-19185.0
-19633.0
-20070.0
-20551.0
-20968.0
-21389.0
-21840.0
-22289.0
-22724.0
-22622.0
-22471.0
-22317.0
-22155.0
-22566.0
-22410.0
-22837.0
-23259.0
-23143.0
-23580.0
-24008.0
-24439.0
-24870.0
-25308.0
-25742.0
-25581.0
-25405.0
-25231.0
-25063.0
-24919.0
-24760.0
-25205.0
-25034.0
-24889.0
-24726.0
-24615.0
-24479.0
-24905.0
-24748.0
-24578.0
-24418.0
-24275.0
-24127.0
-23984.0
-23824.0
-23662.0
-23518.0
-23354.0
-23221.0
-23061.0
-22893.0
-22717.0
-22558.0
-22410.0
-22300.0
-22132.0
-21976.0
-21820.0
-21660.0
-21502.0
-21332.0
-21167.0
-21007.0
-20866.0
-20699.0
-20536.0
-20369.0
-20212.0
-20059.0
-19895.0
-19726.0
-19575.0
-19399.0
-19253.0
-19083.0
-18935.0
-18789.0
-18632.0
-18467.0
-18321.0
-18155.0
-17995.0
-17852.0
-17691.0
-17536.0
-17397.0
-17246.0
-17087.0
-16940.0
-16775.0
-16621.0
-16464.0
-16298.0
-16151.0
-15981.0
-15822.0
-15646.0
-15508.0
-15353.0
-15199.0
-15034.0
-14863.0
-14709.0
-14541.0
-14380.0
-14216.0
-14053.0
-13917.0
-13795.0
-13652.0
-13503.0
-13370.0
-13226.0
-13058.0
-12886.0
-12729.0
-12582.0
-12438.0
-12269.0
-12103.0
-11947.0
-11786.0
-11633.0
-11457.0
-11285.0
-11145.0
-11002.0
-10863.0
-10710.0
-10536.0
-10372.0
-10196.0
-10033.0
-9869.0
-9726.0
-9550.0
-9401.0
-9248.0
-9078.0
-8908.0
-8773.0
-8617.0
-8449.0
-8281.0
-8121.0
-7972.0
-7840.0
-7664.0
-7539.0
-7379.0
-7209.0
-7040.0
-6868.0
-6734.0
-6608.0
-6440.0
-6299.0
-6151.0
-6001.0
-5844.0
-5700.0
-5558.0
-5402.0
-5234.0
-5076.0
-4909.0
-4733.0
-4583.0
-4424.0
-4266.0
-4138.0
-3980.0
-3839.0
-3684.0
-3521.0
-3372.0
-3208.0
-3043.0
-2892.0
-2737.0
-2564.0
-2388.0
-2214.0
-2063.0
-1896.0
-1763.0
-1603.0
-1435.0
-1282.0
-1116.0
-987.0
-826.0
-688.0
-531.0
-383.0
-209.0
-41.0
100.0
247.0
398.0
532.0
685.0
849.0
1000.0
1163.0
1308.0
1466.0
1624.0
1759.0
1933.0
2102.0
2247.0
2377.0
2514.0
2660.0
2812.0
2950.0
3083.0
3209.0
3363.0
3531.0
3682.0
3844.0
3994.0
4138.0
4239.0
4385.0
4526.0
4659.0
4809.0
4979.0
5145.0
5306.0
5429.0
5582.0
5738.0
5896.0
6054.0
6210.0
6378.0
6547.0
6709.0
6868.0
7029.0
7182.0
7356.0
7511.0
7674.0
7843.0
8008.0
8159.0
8321.0
8495.0
8649.0
8800.0
8962.0
9134.0
9304.0
9471.0
9636.0
9791.0
9942.0
10104.0
10254.0
10401.0
10564.0
10731.0
10871.0
11004.0
11172.0
11333.0
11498.0
11620.0
11779.0
11923.0
12086.0
12211.0
12375.0
12515.0
12678.0
12832.0
13010.0
13177.0
13351.0
13510.0
13670.0
13836.0
13977.0
14138.0
14301.0
14474.0
14639.0
14806.0
14975.0
15131.0
15302.0
15433.0
15593.0
15759.0
15914.0
16083.0
16255.0
16410.0
16576.0
16754.0
16922.0
17073.0
17240.0
17393.0
17527.0
17678.0
17839.0
17967.0
18068.0
18232.0
18399.0
18547.0
18712.0
18882.0
19035.0
19207.0
19348.0
19519.0
19669.0
19819.0
19995.0
20143.0
20317.0
20486.0
20654.0
20823.0
20999.0
21161.0
21335.0
21502.0
21665.0
21835.0
21997.0
22153.0
22322.0
22481.0
22647.0
22807.0
22956.0
23111.0
23262.0
23411.0
23554.0
23713.0
23880.0
24056.0
24212.0
24382.0
24551.0
24725.0
24866.0
25017.0
25183.0
25344.0
25472.0
25644.0
25808.0
25966.0
26132.0
26297.0
26460.0
26628.0
26792.0
26946.0
27108.0
27249.0
27425.0
27585.0
27757.0
27925.0
28096.0
28237.0
28400.0
28533.0
28689.0
28854.0
29017.0
29174.0
29342.0
29509.0
29679.0
29841.0
29995.0
30155.0
30316.0
30472.0
30641.0
30801.0
30953.0
31131.0
31291.0
31461.0
31633.0
31795.0
31950.0
32108.0
32250.0
32412.0
32574.0
32738.0
32908.0
33068.0
33237.0
33413.0
33587.0
33750.0
33913.0
34045.0
34218.0
34386.0
34547.0
34712.0
34884.0
35043.0
35193.0
35360.0
35525.0
35693.0
35849.0
35999.0
36154.0
36322.0
36473.0
36607.0
36762.0
36921.0
37089.0
37263.0
37430.0
37575.0
37737.0
37915.0
38082.0
38236.0
38376.0
38547.0
38701.0
38869.0
39045.0
39216.0
39377.0
39504.0
39649.0
39823.0
39985.0
40138.0
40251.0
40411.0
40576.0
40717.0
40853.0
41025.0
41170.0
41335.0
41497.0
41658.0
41814.0
41980.0
42133.0
42271.0
42413.0
42557.0
42719.0
42890.0
43061.0
43199.0
43353.0
43518.0
43686.0
43837.0
43989.0
44153.0
44307.0
44468.0
44644.0
44812.0
44976.0
45121.0
45268.0
45442.0
45595.0
45758.0
45928.0
46072.0
46207.0
46374.0
46537.0
46693.0
46830.0
47006.0
47169.0
47322.0
47492.0
47632.0
47791.0
47962.0
48127.0
48279.0
48441.0
48586.0
48747.0
48907.0
49067.0
49221.0
49376.0
49548.0
49715.0
49847.0
50012.0
50167.0
50339.0
50490.0
50663.0
50831.0
50969.0
51087.0
51258.0
51418.0
51552.0
51709.0
51876.0
52035.0
52207.0
52377.0
52545.0
52696.0
52856.0
53027.0
53201.0
53354.0
53508.0
53664.0
53838.0
54016.0
54175.0
54324.0
54490.0
54638.0
54809.0
54985.0
55154.0
55292.0
55436.0
55610.0
55771.0
55904.0
56064.0
56231.0
56394.0
56562.0
56740.0
56912.0
57079.0
57255.0
57416.0
57579.0
57732.0
57910.0
58081.0
58243.0
58361.0
58517.0
58666.0
58831.0
58992.0
59162.0
59333.0
59492.0
59638.0
59812.0
59951.0
60122.0
60281.0
60428.0
60562.0
60712.0
60879.0
61051.0
61209.0
61379.0
61542.0
61696.0
61856.0
61996.0
62140.0
62305.0
62464.0
62628.0
62789.0
62959.0
63100.0
63264.0
63412.0
63548.0
63711.0
63862.0
64028.0
64191.0
64362.0
64526.0
64687.0
64849.0
65022.0
65185.0
65353.0
65504.0
65653.0
65799.0
65944.0
66113.0
66252.0
66416.0
66581.0
66751.0
66910.0
67070.0
67235.0
67409.0
67545.0
67703.0
67855.0
68003.0
68170.0
68334.0
68481.0
68631.0
68799.0
68951.0
69106.0
69274.0
69425.0
69580.0
69730.0
69892.0
70060.0
70222.0
70398.0
70570.0
70736.0
70889.0
71041.0
71182.0
71343.0
71521.0
71681.0
71847.0
72011.0
72166.0
72320.0
72487.0
72663.0
72828.0
72986.0
73127.0
73301.0
73454.0
73620.0
73793.0
73962.0
74138.0
74300.0
74456.0
74609.0
74743.0
74911.0
75079.0
75229.0
75353.0
75512.0
75660.0
75813.0
75956.0
76114.0
76288.0
76452.0
76596.0
76759.0
76919.0
77060.0
77228.0
77372.0
77548.0
77720.0
77866.0
78006.0
78165.0
78331.0
78495.0
78657.0
78806.0
78952.0
79116.0
79288.0
79446.0
79605.0
79754.0
79887.0
80057.0
80221.0
80374.0
80513.0
80667.0
80828.0
80979.0
81143.0
81271.0
81399.0
81569.0
81743.0
81911.0
82082.0
82232.0
82398.0
82560.0
82661.0
82814.0
82988.0
83146.0
83314.0
83472.0
83650.0
83811.0
83967.0
84125.0
84286.0
84445.0
84617.0
84786.0
84948.0
85108.0
85284.0
85449.0
85606.0
85766.0
85917.0
86072.0
86234.0
86389.0
86547.0
86698.0
86874.0
87035.0
87201.0
87351.0
87511.0
87682.0
87852.0
88024.0
88177.0
88350.0
88484.0
88635.0
88777.0
88955.0
89100.0
89248.0
89415.0
89553.0
89702.0
89843.0
89989.0
90156.0
90322.0
90494.0
90661.0
90817.0
90966.0
91120.0
91270.0
91410.0
91583.0
91724.0
91859.0
91995.0
92167.0
92337.0
92497.0
92660.0
92820.0
92966.0
93082.0
93258.0
93418.0
93577.0
93743.0
93899.0
94060.0
94216.0
94375.0
94528.0
94702.0
94861.0
95019.0
95173.0
95342.0
95509.0
95611.0
95740.0
95905.0
96067.0
96233.0
96399.0
96541.0
96692.0
96855.0
97033.0
97201.0
97366.0
97538.0
97714.0
97840.0
98011.0
98185.0
98321.0
98475.0
98646.0
98769.0
98916.0
99085.0
99248.0
99403.0
99558.0
99732.0
99901.0
100048.0
100224.0
100389.0
100551.0
100716.0
100878.0
101027.0
101196.0
101361.0
101514.0
101665.0
101819.0
101995.0
102155.0
102310.0
102482.0
102647.0
102800.0
102968.0
103109.0
103287.0
103429.0
103575.0
103735.0
103887.0
104048.0
104216.0
104390.0
104546.0
104697.0
104861.0
105031.0
105164.0
105317.0
105463.0
105639.0
105812.0
105974.0
106145.0
106306.0
106474.0
106617.0
106781.0
106937.0
107111.0
107273.0
107445.0
107610.0
107776.0
107938.0
108114.0
108270.0
108432.0
108602.0
108758.0
108922.0
109077.0
109239.0
109413.0
109582.0
109751.0
109880.0
110037.0
110200.0
110366.0
110531.0
110686.0
110842.0
111011.0
111173.0
111327.0
111505.0
111666.0
111834.0
112005.0
112179.0
112328.0
112496.0
112624.0
112770.0
112932.0
113100.0
113266.0
113411.0
113554.0
113719.0
113881.0
114047.0
114195.0
114355.0
114486.0
114660.0
114820.0
114962.0
115131.0
115295.0
115447.0
115601.0
115747.0
115915.0
116061.0
116229.0
116352.0
116495.0
116633.0
116807.0
116981.0
117145.0
117315.0
117447.0
117621.0
117769.0
117940.0
118102.0
118271.0
118447.0
118594.0
118755.0
118922.0
119092.0
119243.0
119394.0
119559.0
119729.0
119903.0
120050.0
120192.0
120362.0
120520.0
120691.0
120853.0
121014.0
121178.0
121346.0
121507.0
121674.0
121836.0
121952.0
122115.0
122269.0
122419.0
122574.0
122723.0
122889.0
123038.0
123172.0
123341.0
123502.0
123665.0
123833.0
123988.0
124139.0
124284.0
124437.0
124597.0
124763.0
124934.0
125067.0
125223.0
125401.0
125556.0
125701.0
125875.0
126045.0
126215.0
126391.0
126558.0
126720.0
126876.0
127018.0
127194.0
127358.0
127509.0
127663.0
127810.0
127979.0
128139.0
128289.0
128465.0
128633.0
128781.0
128940.0
129075.0
129233.0
129407.0
129575.0
129730.0
129901.0
130058.0
130236.0
130404.0
130553.0
130717.0
130882.0
131049.0
131188.0
131336.0
131501.0
131668.0
131811.0
131975.0
132145.0
132302.0
132470.0
132587.0
132756.0
132923.0
133099.0
133260.0
133408.0
133569.0
133722.0
133889.0
134028.0
134175.0
134340.0
134488.0
134632.0
134806.0
134970.0
135131.0
135293.0
135452.0
135616.0
135773.0
135931.0
136091.0
136265.0
136433.0
136589.0
136731.0
136885.0
137047.0
137223.0
137394.0
137517.0
137661.0
137833.0
137990.0
138154.0
138318.0
138487.0
138634.0
138792.0
138958.0
139113.0
139248.0
139415.0
139574.0
139741.0
139900.0
140049.0
140211.0
140363.0
140533.0
140698.0
140863.0
141018.0
141189.0
141348.0
141516.0
141690.0
141846.0
142008.0
142177.0
142349.0
142514.0
142669.0
142822.0
142971.0
143122.0
143291.0
143447.0
143588.0
143758.0
143921.0
144092.0
144228.0
144382.0
144532.0
144678.0
144837.0
144954.0
145117.0
145280.0
145395.0
145555.0
145727.0
145887.0
146022.0
146189.0
146360.0
146520.0
146656.0
146807.0
146962.0
147111.0
147284.0
147448.0
147615.0
147779.0
147931.0
148093.0
148261.0
148427.0
148592.0
148751.0
148901.0
149052.0
149192.0
149351.0
149517.0
149654.0
149781.0
149953.0
150073.0
150229.0
150393.0
150563.0
150701.0
150840.0
150960.0
151131.0
151298.0
151468.0
151627.0
151800.0
151973.0
152132.0
152306.0
152443.0
152609.0
152763.0
152930.0
153088.0
153245.0
153370.0
153540.0
153709.0
153874.0
154010.0
154154.0
154309.0
154467.0
154619.0
154790.0
154950.0
155078.0
155243.0
155411.0
155582.0
155735.0
155868.0
156032.0
156187.0
156349.0
156508.0
156672.0
156839.0
156986.0
157122.0
157281.0
157428.0
157587.0
157734.0
157895.0
158073.0
158226.0
158385.0
158542.0
158690.0
158861.0
159031.0
159166.0
159319.0
159472.0
159629.0
159766.0
159940.0
160096.0
160260.0
160424.0
160576.0
160747.0
160894.0
161047.0
161218.0
161382.0
161553.0
161700.0
161832.0
162003.0
162138.0
162316.0
162483.0
162650.0
162811.0
162976.0
163137.0
163284.0
163421.0
163593.0
163767.0
163892.0
164068.0
164211.0
164387.0
164563.0
164729.0
164897.0
165063.0
165203.0
165379.0
165551.0
165695.0
165859.0
166024.0
166202.0
166367.0
166529.0
166687.0
166829.0
166997.0
167163.0
167322.0
167488.0
167650.0
167810.0
167970.0
168128.0
168294.0
168448.0
168611.0
168761.0
168924.0
169073.0
169245.0
169404.0
169564.0
169721.0
169886.0
170048.0
170216.0
170387.0
170531.0
170705.0
170874.0
171032.0
171187.0
171355.0
171499.0
171662.0
171830.0
171996.0
172154.0
172308.0
172473.0
172615.0
172767.0
172927.0
173094.0
173265.0
173415.0
173582.0
173740.0
173846.0
173991.0
174127.0
174258.0
174420.0
174572.0
174729.0
174892.0
175019.0
175185.0
175344.0
175503.0
175660.0
175834.0
176000.0
176147.0
176312.0
176480.0
176636.0
176773.0
176937.0
177102.0
177245.0
177421.0
177565.0
177719.0
177871.0
178039.0
178191.0
178356.0
178525.0
178669.0
178817.0
178991.0
179165.0
179316.0
179464.0
179609.0
179744.0
179900.0
180053.0
180210.0
180357.0
180515.0
180670.0
180818.0
180975.0
181146.0
181309.0
181468.0
181633.0
181803.0
181969.0
182129.0
182298.0
182471.0
182644.0
182812.0
182979.0
183110.0
183251.0
183410.0
183538.0
183689.0
183852.0
183991.0
184145.0
184310.0
184464.0
184638.0
184795.0
184947.0
185107.0
185280.0
185421.0
185595.0
185768.0
185933.0
186074.0
186238.0
186403.0
186573.0
186737.0
186898.0
187055.0
187189.0
187341.0
187476.0
187641.0
187803.0
187971.0
188139.0
188290.0
188426.0
188543.0
188717.0
188871.0
189039.0
189191.0
189350.0
189516.0
189645.0
189788.0
189952.0
190119.0
190297.0
190464.0
190602.0
190771.0
190926.0
191076.0
191222.0
191383.0
191540.0
191705.0
191874.0
192017.0
192179.0
192338.0
192497.0
192647.0
192772.0
192935.0
193109.0
193259.0
193426.0
193592.0
193746.0
193913.0
194054.0
194187.0
194349.0
194499.0
194670.0
194819.0
194985.0
195106.0
195266.0
195422.0
195564.0
195697.0
195851.0
196003.0
196162.0
196301.0
196452.0
196597.0
196763.0
196933.0
197091.0
197228.0
197383.0
197559.0
197733.0
197861.0
198027.0
198195.0
198345.0
198515.0
198657.0
198801.0
198972.0
199144.0
199312.0
199468.0
