a = 0.5
g = 0.8
e = 0.3
random initial weights = true

-608.0
-1275.0
-3870.0
-4462.0
-5036.0
-5551.0
-5447.0
-5874.0
-6340.0
-6835.0
-7294.0
-7784.0
-10220.0
-10675.0
-11165.0
-11643.0
-12078.0
-14490.0
-14943.0
-15380.0
-15804.0
-16228.0
-16667.0
-17098.0
-17527.0
-17949.0
-18375.0
-18790.0
-19218.0
-19046.0
-19461.0
-19294.0
-19707.0
-19539.0
-19383.0
-19205.0
-19041.0
-18870.0
-18706.0
-18544.0
-18368.0
-18201.0
-18023.0
-17859.0
-17685.0
-17513.0
-17339.0
-17188.0
-17016.0
-16844.0
-16668.0
-16492.0
-16318.0
-16149.0
-15998.0
-15822.0
-15656.0
-15490.0
-15317.0
-15148.0
-14980.0
-14809.0
-14635.0
-14463.0
-14285.0
-14117.0
-13955.0
-13781.0
-13624.0
-13453.0
-13277.0
-13112.0
-12938.0
-12765.0
-12598.0
-12428.0
-12254.0
-12095.0
-11923.0
-11747.0
-11583.0
-11409.0
-11235.0
-11057.0
-10915.0
-10741.0
-10567.0
-10391.0
-10213.0
-10044.0
-9868.0
-9697.0
-9523.0
-9351.0
-9177.0
-9004.0
-8843.0
-8688.0
-8512.0
-8334.0
-8166.0
-7993.0
-7819.0
-7645.0
-7477.0
-7308.0
-7136.0
-6958.0
-6791.0
-6630.0
-6454.0
-6278.0
-6107.0
-5935.0
-5765.0
-5607.0
-5431.0
-5260.0
-5086.0
-4910.0
-4738.0
-4568.0
-4399.0
-4231.0
-4069.0
-3902.0
-3729.0
-3561.0
-3385.0
-3213.0
-3035.0
-2861.0
-2687.0
-2522.0
-2346.0
-2170.0
-2005.0
-1845.0
-1676.0
-1520.0
-1360.0
-1184.0
-1018.0
-840.0
-670.0
-494.0
-323.0
-147.0
24.0
190.0
364.0
538.0
714.0
880.0
1056.0
1226.0
1400.0
1574.0
1745.0
1919.0
2097.0
2264.0
2442.0
2620.0
2794.0
2972.0
3146.0
3316.0
3487.0
3660.0
3828.0
4004.0
4173.0
4332.0
4498.0
4646.0
4812.0
4986.0
5150.0
5326.0
5504.0
5669.0
5843.0
6021.0
6193.0
6364.0
6538.0
6714.0
6888.0
7062.0
7223.0
7397.0
7573.0
7747.0
7923.0
8096.0
8268.0
8431.0
8605.0
8769.0
8947.0
9113.0
9269.0
9424.0
9602.0
9771.0
9937.0
10098.0
10263.0
10435.0
10607.0
10774.0
10950.0
11124.0
11291.0
11459.0
11635.0
11807.0
11977.0
12155.0
12315.0
12484.0
12648.0
12816.0
12978.0
13152.0
13303.0
13473.0
13649.0
13817.0
13985.0
14161.0
14327.0
14486.0
14649.0
14813.0
14974.0
15136.0
15307.0
15473.0
15627.0
15797.0
15973.0
16147.0
16315.0
16487.0
16657.0
16831.0
16990.0
17160.0
17329.0
17499.0
17675.0
17845.0
18009.0
18181.0
18352.0
18509.0
18678.0
18856.0
19026.0
19202.0
19380.0
19553.0
19714.0
19864.0
20034.0
20177.0
20353.0
20529.0
20705.0
20877.0
21049.0
21221.0
21388.0
21566.0
21734.0
21910.0
22083.0
22252.0
22430.0
22598.0
22766.0
22935.0
23109.0
23270.0
23444.0
23611.0
23782.0
23952.0
24126.0
24292.0
24460.0
24630.0
24786.0
24957.0
25127.0
25299.0
25475.0
25646.0
25822.0
25996.0
26172.0
26340.0
26514.0
26690.0
26857.0
27030.0
27200.0
27372.0
27539.0
27704.0
27870.0
28044.0
28196.0
28363.0
28532.0
28706.0
28872.0
29016.0
29180.0
29351.0
29520.0
29693.0
29869.0
30035.0
30205.0
30381.0
30552.0
30718.0
30896.0
31070.0
31246.0
31422.0
31600.0
31758.0
31926.0
32085.0
32250.0
32428.0
32604.0
32782.0
32948.0
33120.0
33277.0
33453.0
33629.0
33802.0
33975.0
34148.0
34326.0
34500.0
34670.0
34846.0
35019.0
35175.0
35349.0
35525.0
35701.0
35877.0
36053.0
36227.0
36403.0
36579.0
36749.0
36892.0
37068.0
37246.0
37409.0
37580.0
37749.0
37927.0
38090.0
38261.0
38427.0
38596.0
38767.0
38939.0
39102.0
39275.0
39441.0
39594.0
39766.0
39939.0
40099.0
40275.0
40449.0
40601.0
40768.0
40940.0
41118.0
41294.0
41463.0
41641.0
41812.0
41982.0
42158.0
42329.0
42503.0
42677.0
42853.0
43021.0
43186.0
43358.0
43536.0
43705.0
43883.0
44052.0
44219.0
44382.0
44556.0
44730.0
44908.0
45077.0
45255.0
45426.0
45596.0
45744.0
45920.0
46088.0
46260.0
46434.0
46601.0
46777.0
46953.0
47125.0
47303.0
47477.0
47655.0
47827.0
47998.0
48169.0
48335.0
48503.0
48675.0
48839.0
49017.0
49184.0
49349.0
49512.0
49677.0
49846.0
50009.0
50178.0
50354.0
50530.0
50699.0
50877.0
51051.0
51227.0
51394.0
51563.0
51733.0
51907.0
52078.0
52250.0
52428.0
52602.0
52780.0
52954.0
53127.0
53303.0
53469.0
53647.0
53814.0
53992.0
54168.0
54328.0
54499.0
54673.0
54834.0
55010.0
55188.0
55360.0
55522.0
55698.0
55864.0
56035.0
56203.0
56367.0
56517.0
56680.0
56856.0
57028.0
57206.0
57368.0
57530.0
57706.0
57876.0
58054.0
58223.0
58401.0
58577.0
58737.0
58913.0
59091.0
59260.0
59420.0
59593.0
59762.0
59936.0
60102.0
60278.0
60456.0
60630.0
60794.0
60957.0
61129.0
61295.0
61463.0
61625.0
61799.0
61975.0
62147.0
62323.0
62491.0
62642.0
62812.0
62988.0
63161.0
63331.0
63499.0
63675.0
63840.0
64016.0
64187.0
64354.0
64526.0
64698.0
64862.0
65035.0
65209.0
65387.0
65563.0
65735.0
65897.0
66063.0
66237.0
66407.0
66583.0
66750.0
66922.0
67092.0
67263.0
67435.0
67604.0
67782.0
67949.0
68100.0
68274.0
68442.0
68611.0
68780.0
68944.0
69117.0
69279.0
69457.0
69630.0
69798.0
69946.0
70122.0
70285.0
70447.0
70614.0
70788.0
70957.0
71129.0
71302.0
71465.0
71634.0
71808.0
71986.0
72136.0
72307.0
72473.0
72645.0
72804.0
72980.0
73152.0
73328.0
73499.0
73677.0
73847.0
74020.0
74194.0
74364.0
74524.0
74698.0
74870.0
75042.0
75211.0
75385.0
75534.0
75703.0
75879.0
76038.0
76198.0
76372.0
76544.0
76718.0
76890.0
77068.0
77237.0
77406.0
77576.0
77744.0
77912.0
78086.0
78260.0
78436.0
78607.0
78781.0
78952.0
79123.0
79301.0
79477.0
79653.0
79831.0
79999.0
80161.0
80332.0
80506.0
80682.0
80845.0
81018.0
81180.0
81346.0
81520.0
81689.0
81845.0
82010.0
82174.0
82342.0
82500.0
82670.0
82837.0
83013.0
83187.0
83357.0
83533.0
83696.0
83872.0
84043.0
84207.0
84383.0
84559.0
84735.0
84891.0
85067.0
85230.0
85388.0
85556.0
85734.0
85910.0
86088.0
86266.0
86440.0
86605.0
86762.0
86930.0
87101.0
87268.0
87431.0
87589.0
87767.0
87919.0
88097.0
88273.0
88449.0
88611.0
88780.0
88956.0
89128.0
89294.0
89463.0
89635.0
89811.0
89982.0
90123.0
90297.0
90447.0
90625.0
90796.0
90966.0
91135.0
91309.0
91481.0
91647.0
91823.0
91997.0
92154.0
92325.0
92489.0
92662.0
92836.0
93009.0
93177.0
93349.0
93527.0
93699.0
93875.0
94041.0
94205.0
94377.0
94551.0
94711.0
94870.0
95044.0
95222.0
95380.0
95549.0
95727.0
95905.0
96079.0
96242.0
96410.0
96584.0
96752.0
96926.0
97091.0
97265.0
97439.0
97605.0
97779.0
97957.0
98129.0
98300.0
98471.0
98629.0
98807.0
98962.0
99138.0
99301.0
99475.0
99642.0
99796.0
99961.0
100129.0
100303.0
100477.0
100643.0
100817.0
100993.0
101165.0
101334.0
101501.0
101673.0
101833.0
101983.0
102150.0
102326.0
102495.0
102669.0
102828.0
103002.0
103163.0
103327.0
103505.0
103661.0
103839.0
104004.0
104178.0
104341.0
104512.0
104688.0
104858.0
105034.0
105210.0
105371.0
105545.0
105721.0
105882.0
106058.0
106232.0
106379.0
106555.0
106729.0
106903.0
107065.0
107224.0
107395.0
107566.0
107729.0
107903.0
108071.0
108229.0
108405.0
108560.0
108717.0
108891.0
109060.0
109228.0
109397.0
109569.0
109745.0
109913.0
110089.0
110261.0
110429.0
110598.0
110776.0
110949.0
111125.0
111299.0
111473.0
111639.0
111815.0
111986.0
112164.0
112337.0
112511.0
112681.0
112850.0
113026.0
113186.0
113358.0
113530.0
113694.0
113862.0
114032.0
114206.0
114380.0
114558.0
114732.0
114903.0
115069.0
115227.0
115399.0
115573.0
115744.0
115915.0
116083.0
116248.0
116419.0
116593.0
116767.0
116943.0
117115.0
117271.0
117438.0
117610.0
117782.0
117956.0
118123.0
118299.0
118467.0
118639.0
118804.0
118982.0
119151.0
119323.0
119496.0
119668.0
119844.0
119984.0
120160.0
120333.0
120504.0
120663.0
120827.0
120999.0
121155.0
121320.0
121489.0
121656.0
121822.0
121990.0
122157.0
122322.0
122493.0
122664.0
122842.0
123018.0
123190.0
123353.0
123516.0
123692.0
123856.0
124029.0
124205.0
124370.0
124548.0
124720.0
124884.0
125053.0
125229.0
125399.0
125571.0
125747.0
125913.0
126089.0
126259.0
126435.0
126598.0
126767.0
126945.0
127121.0
127297.0
127467.0
127629.0
127800.0
127968.0
128133.0
128295.0
128447.0
128616.0
128784.0
128938.0
129116.0
129284.0
129448.0
129620.0
129791.0
129950.0
130128.0
130304.0
130477.0
130650.0
130822.0
130993.0
131161.0
131333.0
131505.0
131668.0
131844.0
132018.0
132189.0
132357.0
132531.0
132704.0
132880.0
133048.0
133208.0
133359.0
133535.0
133698.0
133876.0
134050.0
134213.0
134385.0
134561.0
134733.0
134897.0
135069.0
135233.0
135403.0
135573.0
135733.0
135886.0
136060.0
136218.0
136392.0
136568.0
136731.0
136905.0
137063.0
137233.0
137406.0
137572.0
137745.0
137917.0
138081.0
138259.0
138430.0
138596.0
138770.0
138942.0
139113.0
139278.0
139442.0
139606.0
139780.0
139946.0
140115.0
140284.0
140449.0
140612.0
140779.0
140950.0
141110.0
141274.0
141450.0
141612.0
141783.0
141952.0
142124.0
142295.0
142471.0
142638.0
142799.0
142971.0
143136.0
143312.0
143488.0
143657.0
143831.0
144009.0
144180.0
144348.0
144512.0
144690.0
144854.0
145026.0
145204.0
145367.0
145543.0
145709.0
145861.0
146024.0
146198.0
146360.0
146501.0
146671.0
146836.0
147014.0
147184.0
147360.0
147531.0
147699.0
147868.0
148037.0
148203.0
148381.0
148551.0
148722.0
148894.0
149037.0
149209.0
149372.0
149550.0
149709.0
149881.0
150059.0
150227.0
150405.0
150583.0
150761.0
150934.0
151108.0
151261.0
151435.0
151607.0
151755.0
151931.0
152097.0
152269.0
152435.0
152603.0
152771.0
152941.0
153119.0
153278.0
153437.0
153606.0
153771.0
153937.0
154096.0
154272.0
154446.0
154617.0
154788.0
154964.0
155125.0
155299.0
155464.0
155615.0
155788.0
155964.0
156131.0
156286.0
156456.0
156626.0
156798.0
156954.0
157124.0
157276.0
157440.0
157599.0
157766.0
157937.0
158072.0
158248.0
158420.0
158596.0
158764.0
158931.0
159107.0
159283.0
159438.0
159609.0
159783.0
159961.0
160128.0
160299.0
160473.0
160642.0
160810.0
160975.0
161140.0
161316.0
161487.0
161651.0
161825.0
161997.0
162168.0
162346.0
162509.0
162677.0
162840.0
163011.0
163182.0
163336.0
163510.0
163666.0
163844.0
164017.0
164190.0
164356.0
164528.0
164699.0
164873.0
165037.0
165203.0
165374.0
165548.0
165709.0
165882.0
166038.0
166209.0
166385.0
166557.0
166724.0
166902.0
167064.0
167242.0
167401.0
167579.0
167755.0
167931.0
168097.0
168270.0
168446.0
168610.0
168786.0
168955.0
169133.0
169303.0
169452.0
169610.0
169782.0
169949.0
170120.0
170283.0
170456.0
170630.0
170802.0
170958.0
171132.0
171304.0
171469.0
171643.0
171815.0
171976.0
172147.0
172315.0
172488.0
172661.0
172825.0
172998.0
173166.0
173342.0
173514.0
173651.0
173814.0
173992.0
174156.0
174326.0
174487.0
174653.0
174826.0
175004.0
175176.0
175345.0
175523.0
175690.0
175858.0
176022.0
176196.0
176360.0
176538.0
176709.0
176874.0
177052.0
177230.0
177393.0
177571.0
177742.0
177913.0
178079.0
178247.0
178421.0
178581.0
178752.0
178905.0
179079.0
179248.0
179408.0
179582.0
179746.0
179890.0
180055.0
180231.0
180407.0
180579.0
180753.0
180931.0
181100.0
181278.0
181434.0
181591.0
181764.0
181935.0
182111.0
182281.0
182443.0
182613.0
182785.0
182954.0
183119.0
183288.0
183466.0
183642.0
183816.0
183989.0
184146.0
184322.0
184498.0
184658.0
184827.0
184965.0
185143.0
185316.0
185494.0
185666.0
185838.0
186016.0
186192.0
186348.0
186518.0
186686.0
186851.0
187025.0
187176.0
187350.0
187526.0
187697.0
187873.0
188004.0
188177.0
188343.0
188492.0
188668.0
188831.0
188988.0
189157.0
189327.0
189503.0
189677.0
189840.0
190016.0
190188.0
190359.0
190529.0
190695.0
190857.0
191021.0
191193.0
191361.0
191537.0
191708.0
191886.0
192043.0
192216.0
192392.0
192568.0
192744.0
192918.0
193083.0
193261.0
193437.0
193613.0
193785.0
193952.0
194124.0
194287.0
194459.0
194627.0
194805.0
194979.0
195149.0
195317.0
195487.0
195657.0
195831.0
196007.0
196185.0
196352.0
196511.0
196685.0
196863.0
197031.0
197202.0
197378.0
197551.0
197700.0
197871.0
198019.0
198191.0
198361.0
198533.0
198705.0
198881.0
199045.0
199217.0
199389.0
199561.0
199737.0
199907.0
200085.0
200258.0
200415.0
200589.0
200761.0
200937.0
201088.0
201258.0
201430.0
201593.0
201752.0
201928.0
202102.0
202274.0
202452.0
202613.0
202791.0
202967.0
203129.0
203305.0
203471.0
203645.0
203821.0
203980.0
204153.0
204316.0
204487.0
204658.0
204820.0
204987.0
205155.0
205329.0
205500.0
205666.0
205842.0
206013.0
206169.0
206318.0
206492.0
206657.0
206835.0
207008.0
207174.0
207348.0
207508.0
207662.0
207840.0
208013.0
208191.0
208353.0
208527.0
208696.0
208874.0
209052.0
209228.0
209393.0
209566.0
209740.0
209906.0
210075.0
210241.0
210407.0
210579.0
210748.0
210916.0
211085.0
211263.0
211425.0
211599.0
211775.0
211942.0
212106.0
212277.0
212449.0
212610.0
212784.0
212951.0
213118.0
213280.0
213454.0
213617.0
213782.0
213960.0
214131.0
214305.0
214476.0
214650.0
214824.0
214994.0
215163.0
215334.0
215512.0
215674.0
215846.0
216018.0
216182.0
216358.0
216532.0
216688.0
216859.0
217031.0
217205.0
217374.0
217546.0
217720.0
217890.0
218066.0
218238.0
218412.0
218590.0
218750.0
218921.0
219085.0
219251.0
219429.0
219605.0
219774.0
219944.0
220120.0
220294.0
220468.0
220646.0
220822.0
220996.0
221170.0
221337.0
221507.0
221681.0
221855.0
222024.0
222195.0
222366.0
222535.0
222700.0
222868.0
223034.0
223206.0
223378.0
223548.0
223712.0
223882.0
224053.0
224225.0
224398.0
224567.0
224741.0
224910.0
225086.0
225256.0
225427.0
225603.0
225775.0
225941.0
226110.0
226284.0
226457.0
226626.0
226798.0
226976.0
227150.0
227321.0
227499.0
227658.0
227830.0
228001.0
228175.0
228351.0
228529.0
228697.0
228873.0
229044.0
229210.0
