a = 0.5
g = 0.5
e = 0.3
random initial weights = false

-1200.0
-1674.0
-2327.0
-2784.0
-3352.0
-4008.0
-4458.0
-4985.0
-5444.0
-6077.0
-6542.0
-7029.0
-7511.0
-7932.0
-8448.0
-8926.0
-9427.0
-9854.0
-10307.0
-10745.0
-11163.0
-11664.0
-12088.0
-12540.0
-13035.0
-13479.0
-13919.0
-14425.0
-14839.0
-15321.0
-15786.0
-16223.0
-16646.0
-17095.0
-17542.0
-18024.0
-18471.0
-18301.0
-18713.0
-19129.0
-19551.0
-19971.0
-20432.0
-20272.0
-20698.0
-20535.0
-20368.0
-20203.0
-20029.0
-19903.0
-19743.0
-19569.0
-19415.0
-19248.0
-19094.0
-18932.0
-18760.0
-18586.0
-18420.0
-18246.0
-18119.0
-17969.0
-17800.0
-17639.0
-17473.0
-17304.0
-17142.0
-16977.0
-16803.0
-16670.0
-16503.0
-16334.0
-16166.0
-16003.0
-15834.0
-15678.0
-15511.0
-15362.0
-15193.0
-15035.0
-14870.0
-14696.0
-14531.0
-14359.0
-14198.0
-14035.0
-13863.0
-13710.0
-13550.0
-13379.0
-13223.0
-13065.0
-12903.0
-12729.0
-12563.0
-12394.0
-12222.0
-12073.0
-11906.0
-11736.0
-11576.0
-11414.0
-11238.0
-11083.0
-10907.0
-10731.0
-10575.0
-10406.0
-10241.0
-10078.0
-9904.0
-9747.0
-9577.0
-9415.0
-9248.0
-9079.0
-8913.0
-8754.0
-8596.0
-8422.0
-8246.0
-8079.0
-7914.0
-7743.0
-7582.0
-7410.0
-7238.0
-7073.0
-6917.0
-6741.0
-6571.0
-6416.0
-6253.0
-6084.0
-5915.0
-5750.0
-5583.0
-5437.0
-5274.0
-5102.0
-4926.0
-4757.0
-4583.0
-4411.0
-4252.0
-4078.0
-3911.0
-3748.0
-3590.0
-3434.0
-3270.0
-3103.0
-2939.0
-2783.0
-2625.0
-2464.0
-2288.0
-2114.0
-1944.0
-1775.0
-1610.0
-1436.0
-1267.0
-1098.0
-951.0
-788.0
-618.0
-465.0
-295.0
-144.0
13.0
177.0
337.0
497.0
667.0
835.0
1011.0
1178.0
1350.0
1509.0
1670.0
1840.0
2009.0
2156.0
2315.0
2475.0
2630.0
2804.0
2973.0
3142.0
3312.0
3477.0
3649.0
3804.0
3978.0
4143.0
4310.0
4477.0
4644.0
4815.0
4973.0
5141.0
5302.0
5467.0
5614.0
5781.0
5953.0
6117.0
6275.0
6451.0
6619.0
6786.0
6955.0
7121.0
7272.0
7418.0
7592.0
7755.0
7927.0
8084.0
8239.0
8406.0
8576.0
8748.0
8914.0
9084.0
9258.0
9423.0
9591.0
9758.0
9934.0
10104.0
10261.0
10431.0
10598.0
10770.0
10942.0
11112.0
11286.0
11446.0
11611.0
11783.0
11948.0
12113.0
12277.0
12445.0
12608.0
12767.0
12927.0
13087.0
13259.0
13428.0
13600.0
13766.0
13937.0
14083.0
14247.0
14421.0
14593.0
14765.0
14927.0
15092.0
15268.0
15440.0
15586.0
15750.0
15911.0
16081.0
16250.0
16415.0
16582.0
16749.0
16919.0
17084.0
17246.0
17415.0
17585.0
17759.0
17928.0
18096.0
18266.0
18429.0
18590.0
18757.0
18931.0
19105.0
19273.0
19445.0
19607.0
19751.0
19890.0
20056.0
20230.0
20401.0
20571.0
20745.0
20921.0
21097.0
21271.0
21441.0
21597.0
21757.0
21922.0
22077.0
22251.0
22413.0
22563.0
22733.0
22900.0
23072.0
23244.0
23414.0
23586.0
23748.0
23924.0
24084.0
24260.0
24434.0
24608.0
24782.0
24946.0
25100.0
25271.0
25441.0
25617.0
25787.0
25949.0
26117.0
26291.0
26461.0
26613.0
26773.0
26943.0
27103.0
27270.0
27442.0
27618.0
27789.0
27957.0
28114.0
28280.0
28450.0
28611.0
28782.0
28950.0
29120.0
29292.0
29454.0
29628.0
29802.0
29978.0
30140.0
30307.0
30481.0
30651.0
30823.0
30991.0
31162.0
31332.0
31491.0
31659.0
31827.0
32001.0
32175.0
32345.0
32515.0
32678.0
32847.0
33019.0
33189.0
33360.0
33527.0
33697.0
33869.0
34032.0
34199.0
34357.0
34531.0
34697.0
34858.0
35017.0
35186.0
35360.0
35526.0
35692.0
35850.0
36013.0
36172.0
36330.0
36485.0
36649.0
36823.0
36993.0
37162.0
37330.0
37500.0
37676.0
37843.0
38015.0
38178.0
38320.0
38487.0
38639.0
38803.0
38958.0
39118.0
39281.0
39450.0
39622.0
39775.0
39951.0
40116.0
40279.0
40434.0
40604.0
40774.0
40940.0
41110.0
41286.0
41450.0
41622.0
41773.0
41926.0
42093.0
42241.0
42415.0
42585.0
42757.0
42916.0
43085.0
43252.0
43422.0
43594.0
43770.0
43926.0
44095.0
44269.0
44443.0
44603.0
44775.0
44932.0
45104.0
45272.0
45438.0
45602.0
45774.0
45944.0
46116.0
46290.0
46457.0
46619.0
46791.0
46962.0
47119.0
47275.0
47445.0
47617.0
47782.0
47943.0
48117.0
48291.0
48455.0
48613.0
48767.0
48939.0
49090.0
49242.0
49416.0
49563.0
49735.0
49911.0
50078.0
50250.0
50421.0
50587.0
50761.0
50927.0
51099.0
51275.0
51446.0
51597.0
51752.0
51914.0
52086.0
52251.0
52422.0
52590.0
52764.0
52933.0
53107.0
53279.0
53441.0
53595.0
53769.0
53924.0
54098.0
54267.0
54429.0
54599.0
54773.0
54938.0
55112.0
55278.0
55439.0
55602.0
55776.0
55950.0
56107.0
56279.0
56439.0
56605.0
56768.0
56933.0
57103.0
57271.0
57441.0
57608.0
57773.0
57945.0
58117.0
58279.0
58444.0
58613.0
58767.0
58932.0
59099.0
59260.0
59429.0
59582.0
59738.0
59912.0
60084.0
60246.0
60411.0
60574.0
60743.0
60915.0
61087.0
61261.0
61433.0
61594.0
61763.0
61933.0
62099.0
62269.0
62417.0
62589.0
62756.0
62912.0
63084.0
63260.0
63428.0
63600.0
63776.0
63945.0
64117.0
64282.0
64452.0
64623.0
64783.0
64953.0
65123.0
65284.0
65441.0
65608.0
65769.0
65932.0
66103.0
66266.0
66426.0
66598.0
66769.0
66936.0
67091.0
67267.0
67430.0
67600.0
67754.0
67921.0
68090.0
68259.0
68431.0
68601.0
68773.0
68945.0
69117.0
69280.0
69450.0
69615.0
69780.0
69944.0
70109.0
70277.0
70434.0
70606.0
70768.0
70934.0
71106.0
71278.0
71439.0
71589.0
71747.0
71919.0
72090.0
72253.0
72418.0
72583.0
72743.0
72919.0
73090.0
73255.0
73425.0
73595.0
73769.0
73927.0
74082.0
74252.0
74420.0
74590.0
74761.0
74922.0
75088.0
75259.0
75414.0
75567.0
75732.0
75892.0
76064.0
76232.0
76408.0
76580.0
76756.0
76916.0
77082.0
77243.0
77415.0
77589.0
77758.0
77932.0
78087.0
78263.0
78435.0
78601.0
78773.0
78945.0
79106.0
79280.0
79451.0
79627.0
79803.0
79973.0
80143.0
80307.0
80483.0
80655.0
80824.0
81000.0
81166.0
81328.0
81490.0
81659.0
81821.0
81985.0
82154.0
82326.0
82485.0
82650.0
82809.0
82983.0
83150.0
83324.0
83466.0
83640.0
83812.0
83988.0
84162.0
84328.0
84491.0
84665.0
84835.0
85003.0
85156.0
85325.0
85473.0
85644.0
85805.0
85979.0
86149.0
86320.0
86477.0
86646.0
86815.0
86976.0
87140.0
87281.0
87453.0
87629.0
87793.0
87965.0
88108.0
88280.0
88454.0
88610.0
88786.0
88946.0
89120.0
89290.0
89460.0
89621.0
89795.0
89969.0
90141.0
90313.0
90479.0
90650.0
90803.0
90962.0
91138.0
91304.0
91471.0
91635.0
91797.0
91964.0
92133.0
92296.0
92462.0
92629.0
92790.0
92953.0
93125.0
93289.0
93447.0
93600.0
93761.0
93918.0
94090.0
94264.0
94436.0
94608.0
94782.0
94956.0
95130.0
95304.0
95454.0
95605.0
95781.0
95937.0
96096.0
96264.0
96438.0
96610.0
96786.0
96960.0
97124.0
97295.0
97461.0
97621.0
97779.0
97953.0
98114.0
98276.0
98434.0
98604.0
98755.0
98925.0
99096.0
99263.0
99418.0
99588.0
99764.0
99934.0
100108.0
100275.0
100440.0
100605.0
100779.0
100942.0
101112.0
101284.0
101445.0
101621.0
101782.0
101954.0
102124.0
102293.0
102461.0
102626.0
102800.0
102963.0
103135.0
103300.0
103466.0
103642.0
103809.0
103979.0
104139.0
104300.0
104466.0
104642.0
104818.0
104988.0
105140.0
105284.0
105442.0
105614.0
105788.0
105958.0
106111.0
106277.0
106451.0
106617.0
106791.0
106959.0
107133.0
107300.0
107472.0
107637.0
107807.0
107973.0
108145.0
108317.0
108486.0
108660.0
108834.0
108995.0
109169.0
109332.0
109504.0
109673.0
109839.0
110008.0
110175.0
110344.0
110520.0
110672.0
110835.0
110997.0
111162.0
111331.0
111503.0
111656.0
111823.0
111980.0
112154.0
112321.0
112493.0
112656.0
112820.0
112996.0
113167.0
113323.0
113486.0
113643.0
113810.0
113978.0
114132.0
114293.0
114465.0
114628.0
114792.0
114960.0
115132.0
115294.0
115468.0
115642.0
115798.0
115964.0
116138.0
116312.0
116484.0
116637.0
116807.0
116970.0
117141.0
117306.0
117477.0
117635.0
117807.0
117976.0
118144.0
118305.0
118456.0
118617.0
118781.0
118947.0
119114.0
119282.0
119452.0
119618.0
119788.0
119964.0
120112.0
120278.0
120447.0
120604.0
120768.0
120936.0
121108.0
121282.0
121448.0
121613.0
121779.0
121953.0
122129.0
122305.0
122468.0
122640.0
122814.0
122986.0
123160.0
123324.0
123494.0
123654.0
123810.0
123974.0
124134.0
124306.0
124475.0
124649.0
124818.0
124976.0
125136.0
125295.0
125456.0
125628.0
125798.0
125963.0
126139.0
126309.0
126463.0
126639.0
126805.0
126971.0
127137.0
127311.0
127481.0
127655.0
127827.0
128003.0
128162.0
128336.0
128502.0
128667.0
128831.0
128996.0
129161.0
129320.0
129494.0
129662.0
129825.0
129997.0
130169.0
130320.0
130492.0
130668.0
130842.0
131002.0
131163.0
131326.0
131502.0
131652.0
131819.0
131988.0
132160.0
132317.0
132485.0
132650.0
132820.0
132994.0
133162.0
133330.0
133484.0
133644.0
133818.0
133979.0
134151.0
134322.0
134494.0
134653.0
134816.0
134987.0
135163.0
135339.0
135507.0
135677.0
135845.0
136019.0
136185.0
136355.0
136520.0
136696.0
136867.0
137039.0
137210.0
137381.0
137546.0
137701.0
137866.0
138038.0
138207.0
138376.0
138539.0
138702.0
138871.0
139033.0
139205.0
139379.0
139543.0
139709.0
139859.0
140025.0
140190.0
140356.0
140525.0
140699.0
140869.0
141035.0
141201.0
141362.0
141527.0
141697.0
141858.0
142028.0
142186.0
142358.0
142530.0
142691.0
142860.0
143004.0
143174.0
143334.0
143503.0
143667.0
143830.0
144002.0
144170.0
144344.0
144503.0
144675.0
144833.0
145004.0
145165.0
145333.0
145495.0
145663.0
145809.0
145983.0
146157.0
146316.0
146480.0
146648.0
146809.0
146985.0
147150.0
147315.0
147489.0
147648.0
147815.0
147980.0
148150.0
148319.0
148448.0
148615.0
148789.0
148958.0
149126.0
149295.0
149467.0
149635.0
149806.0
149982.0
150148.0
150315.0
150484.0
150653.0
150817.0
150988.0
151158.0
151328.0
151489.0
151659.0
151835.0
152011.0
152183.0
152359.0
152535.0
152698.0
152863.0
153028.0
153188.0
153343.0
153509.0
153681.0
153843.0
154017.0
154188.0
154350.0
154512.0
154686.0
154855.0
155025.0
155189.0
155365.0
155541.0
155707.0
155872.0
156044.0
156216.0
156388.0
156557.0
156722.0
156892.0
157066.0
157240.0
157410.0
157578.0
157750.0
157922.0
158081.0
158245.0
158415.0
158578.0
158747.0
158912.0
159084.0
159255.0
159425.0
159589.0
159765.0
159941.0
160112.0
160282.0
160456.0
160623.0
160795.0
160950.0
161120.0
161296.0
161451.0
161603.0
161762.0
161920.0
162091.0
162261.0
162435.0
162596.0
162768.0
162942.0
163114.0
163288.0
163464.0
163638.0
163807.0
163969.0
164137.0
164299.0
164467.0
164636.0
164806.0
164982.0
165146.0
165316.0
165488.0
165662.0
165828.0
166002.0
166163.0
166321.0
166483.0
166647.0
166810.0
166968.0
167140.0
167316.0
167490.0
167649.0
167821.0
167985.0
168156.0
168303.0
168461.0
168624.0
168773.0
168912.0
169082.0
169243.0
169408.0
169575.0
169747.0
169906.0
170065.0
170209.0
170370.0
170534.0
170699.0
170873.0
171036.0
171200.0
171357.0
171519.0
171684.0
171860.0
172023.0
172190.0
172354.0
172524.0
172675.0
172843.0
173012.0
173175.0
173336.0
173503.0
173672.0
173843.0
174015.0
174181.0
174336.0
174504.0
174661.0
174830.0
175004.0
175169.0
175335.0
175497.0
175668.0
175832.0
175996.0
176157.0
176305.0
176472.0
176640.0
176811.0
176981.0
177151.0
177325.0
177482.0
177638.0
177800.0
177952.0
178117.0
178289.0
178457.0
178621.0
178781.0
178957.0
179125.0
179292.0
179463.0
179626.0
179800.0
179953.0
180118.0
180288.0
180441.0
180610.0
180786.0
180950.0
181122.0
181296.0
181450.0
181616.0
181788.0
181953.0
182106.0
182256.0
182408.0
182575.0
182736.0
182903.0
183065.0
183237.0
183394.0
183551.0
183712.0
183880.0
184041.0
184213.0
184380.0
184552.0
184726.0
184882.0
185051.0
185220.0
185388.0
185544.0
185707.0
185859.0
186035.0
186209.0
186383.0
186549.0
186720.0
186883.0
187059.0
187222.0
187380.0
187552.0
187706.0
187878.0
188038.0
188207.0
188378.0
188545.0
188715.0
188876.0
189052.0
189219.0
189389.0
189560.0
189731.0
189902.0
190062.0
190230.0
190394.0
190559.0
190725.0
190899.0
191062.0
191222.0
191396.0
191559.0
191733.0
191900.0
192070.0
192226.0
192391.0
192563.0
192730.0
192902.0
193076.0
193243.0
193414.0
193583.0
193734.0
193902.0
194076.0
194248.0
194410.0
194572.0
194730.0
194894.0
195052.0
195219.0
195355.0
195512.0
195679.0
195849.0
196009.0
196181.0
196353.0
196512.0
196682.0
196850.0
197022.0
197191.0
197365.0
197537.0
197711.0
197881.0
198057.0
198215.0
198389.0
198561.0
198720.0
198896.0
199052.0
199214.0
199386.0
199560.0
199725.0
199889.0
200061.0
200224.0
200391.0
200565.0
200736.0
200896.0
201066.0
201238.0
201410.0
201568.0
201729.0
201883.0
202054.0
202223.0
202397.0
202562.0
202729.0
202899.0
203063.0
203237.0
203409.0
203577.0
203740.0
203895.0
204047.0
204204.0
204370.0
204540.0
204708.0
204876.0
205048.0
205216.0
205388.0
205535.0
205677.0
205846.0
206018.0
206185.0
206352.0
206522.0
206692.0
206862.0
207027.0
207199.0
207359.0
207523.0
207695.0
207863.0
208027.0
208189.0
208349.0
208523.0
208688.0
208856.0
209020.0
209180.0
209356.0
209519.0
209688.0
209862.0
210038.0
210195.0
210369.0
210543.0
210708.0
210877.0
211043.0
211214.0
211377.0
211541.0
211699.0
211868.0
212044.0
212218.0
212378.0
212552.0
212726.0
212890.0
213050.0
213220.0
213388.0
213557.0
213733.0
213909.0
214073.0
214243.0
214410.0
214586.0
214754.0
214921.0
215097.0
215271.0
215436.0
215593.0
215758.0
215927.0
216099.0
216261.0
216414.0
216584.0
216746.0
216906.0
217073.0
217239.0
217395.0
217553.0
217721.0
217893.0
218067.0
218239.0
218406.0
218537.0
218706.0
218876.0
219043.0
219205.0
219361.0
219526.0
219690.0
219855.0
220006.0
220169.0
220345.0
220508.0
220677.0
220849.0
221012.0
221186.0
221348.0
