a = 0.2
g = 0.5
e = 0.3
random initial weights = true

-2577.0
-3386.0
-4005.0
-4441.0
-5050.0
-5569.0
-6094.0
-6533.0
-6984.0
-7490.0
-7929.0
-8376.0
-8834.0
-9274.0
-9690.0
-10188.0
-10616.0
-11037.0
-10891.0
-11315.0
-11135.0
-10977.0
-11387.0
-11228.0
-11640.0
-11464.0
-11900.0
-11752.0
-11611.0
-11427.0
-11252.0
-11077.0
-10907.0
-10728.0
-10544.0
-10372.0
-10195.0
-10047.0
-9889.0
-9741.0
-9576.0
-9399.0
-9221.0
-9049.0
-8872.0
-8695.0
-8522.0
-8350.0
-8187.0
-8027.0
-7860.0
-7676.0
-7496.0
-7326.0
-7142.0
-6964.0
-6780.0
-6612.0
-6435.0
-6257.0
-6104.0
-5933.0
-5749.0
-5565.0
-5383.0
-5210.0
-5036.0
-4858.0
-4681.0
-4497.0
-4320.0
-4152.0
-3997.0
-3838.0
-3666.0
-3491.0
-3307.0
-3132.0
-2950.0
-2771.0
-2596.0
-2414.0
-2246.0
-2068.0
-1886.0
-1704.0
-1525.0
-1343.0
-1164.0
-987.0
-810.0
-631.0
-454.0
-274.0
-108.0
66.0
248.0
414.0
588.0
772.0
947.0
1124.0
1308.0
1490.0
1653.0
1832.0
2006.0
2158.0
2332.0
2486.0
2666.0
2848.0
3027.0
3204.0
3384.0
3537.0
3719.0
3889.0
4068.0
4248.0
4430.0
4604.0
4772.0
4954.0
5138.0
5290.0
5463.0
5645.0
5823.0
6007.0
6189.0
6368.0
6546.0
6718.0
6886.0
7062.0
7234.0
7416.0
7581.0
7755.0
7932.0
8107.0
8277.0
8448.0
8625.0
8795.0
8979.0
9157.0
9333.0
9508.0
9688.0
9865.0
10049.0
10213.0
10393.0
10532.0
10706.0
10886.0
11059.0
11236.0
11420.0
11582.0
11766.0
11935.0
12109.0
12293.0
12472.0
12651.0
12828.0
13012.0
13194.0
13378.0
13560.0
13735.0
13917.0
14091.0
14259.0
14431.0
14601.0
14785.0
14967.0
15132.0
15306.0
15440.0
15620.0
15783.0
15965.0
16119.0
16303.0
16473.0
16652.0
16827.0
16997.0
17177.0
17357.0
17518.0
17691.0
17851.0
18026.0
18205.0
18383.0
18562.0
18730.0
18907.0
19084.0
19253.0
19431.0
19608.0
19782.0
19962.0
20119.0
20303.0
20469.0
20635.0
20804.0
20972.0
21134.0
21314.0
21490.0
21647.0
21831.0
22007.0
22184.0
22366.0
22537.0
22697.0
22870.0
23048.0
23223.0
23405.0
23573.0
23747.0
23929.0
24113.0
24275.0
24453.0
24637.0
24817.0
24997.0
25167.0
25342.0
25520.0
25700.0
25867.0
26040.0
26200.0
26384.0
26562.0
26736.0
26904.0
27080.0
27247.0
27421.0
27596.0
27772.0
27947.0
28123.0
28300.0
28484.0
28648.0
28819.0
28990.0
29167.0
29347.0
29520.0
29692.0
29863.0
30035.0
30194.0
30373.0
30553.0
30713.0
30883.0
31041.0
31219.0
31396.0
31571.0
31728.0
31901.0
32085.0
32269.0
32445.0
32612.0
32789.0
32941.0
33125.0
33298.0
33474.0
33652.0
33827.0
34011.0
34186.0
34359.0
34532.0
34709.0
34888.0
35066.0
35250.0
35427.0
35606.0
35786.0
35963.0
36138.0
36320.0
36502.0
36670.0
36848.0
37028.0
37202.0
37386.0
37568.0
37746.0
37930.0
38102.0
38282.0
38455.0
38631.0
38815.0
38991.0
39169.0
39329.0
39507.0
39657.0
39829.0
40011.0
40187.0
40367.0
40542.0
40721.0
40901.0
41076.0
41243.0
41425.0
41605.0
41787.0
41953.0
42133.0
42308.0
42484.0
42658.0
42833.0
42998.0
43164.0
43339.0
43521.0
43691.0
43866.0
44038.0
44220.0
44387.0
44560.0
44742.0
44915.0
45085.0
45264.0
45446.0
45624.0
45788.0
45951.0
46133.0
46312.0
46494.0
46676.0
46858.0
47042.0
47219.0
47396.0
47569.0
47743.0
47917.0
48087.0
48264.0
48441.0
48603.0
48778.0
48957.0
49130.0
49308.0
49492.0
49672.0
49852.0
50031.0
50195.0
50364.0
50543.0
50718.0
50888.0
51067.0
51246.0
51430.0
51603.0
51787.0
51948.0
52112.0
52292.0
52471.0
52641.0
52821.0
53001.0
53181.0
53363.0
53540.0
53722.0
53889.0
54071.0
54238.0
54410.0
54577.0
54752.0
54931.0
55106.0
55277.0
55449.0
55633.0
55810.0
55992.0
56171.0
56346.0
56528.0
56700.0
56875.0
57050.0
57220.0
57399.0
57572.0
57748.0
57918.0
58087.0
58262.0
58429.0
58606.0
58775.0
58947.0
59127.0
59311.0
59495.0
59672.0
59849.0
60028.0
60204.0
60367.0
60551.0
60721.0
60896.0
61080.0
61240.0
61402.0
61575.0
61757.0
61939.0
62117.0
62283.0
62452.0
62626.0
62795.0
62974.0
63151.0
63333.0
63504.0
63686.0
63854.0
64010.0
64171.0
64353.0
64535.0
64710.0
64892.0
65072.0
65256.0
65438.0
65615.0
65792.0
65967.0
66134.0
66316.0
66485.0
66657.0
66830.0
66997.0
67179.0
67354.0
67536.0
67718.0
67866.0
68046.0
68210.0
68383.0
68556.0
68731.0
68915.0
69094.0
69274.0
69456.0
69634.0
69813.0
69995.0
70177.0
70361.0
70545.0
70717.0
70894.0
71071.0
71243.0
71425.0
71598.0
71778.0
71938.0
72103.0
72268.0
72437.0
72612.0
72778.0
72946.0
73109.0
73277.0
73432.0
73596.0
73771.0
73953.0
74133.0
74313.0
74480.0
74659.0
74841.0
75013.0
75181.0
75358.0
75538.0
75710.0
75882.0
76056.0
76228.0
76399.0
76557.0
76723.0
76905.0
77087.0
77265.0
77438.0
77615.0
77794.0
77976.0
78151.0
78328.0
78496.0
78675.0
78844.0
79024.0
79208.0
79387.0
79569.0
79753.0
79935.0
80105.0
80289.0
80461.0
80643.0
80820.0
80991.0
81175.0
81352.0
81529.0
81707.0
81880.0
82040.0
82214.0
82380.0
82564.0
82730.0
82914.0
83091.0
83273.0
83452.0
83632.0
83816.0
83986.0
84165.0
84338.0
84516.0
84690.0
84861.0
85024.0
85192.0
85370.0
85542.0
85717.0
85899.0
86083.0
86255.0
86435.0
86619.0
86796.0
86973.0
87140.0
87310.0
87487.0
87662.0
87841.0
88023.0
88200.0
88384.0
88554.0
88736.0
88904.0
89083.0
89253.0
89429.0
89603.0
89781.0
89965.0
90147.0
90322.0
90502.0
90675.0
90851.0
91031.0
91213.0
91381.0
91565.0
91749.0
91912.0
92091.0
92264.0
92433.0
92610.0
92770.0
92945.0
93123.0
93305.0
93482.0
93659.0
93841.0
94018.0
94200.0
94375.0
94552.0
94715.0
94890.0
95070.0
95254.0
95429.0
95592.0
95770.0
95954.0
96120.0
96294.0
96464.0
96636.0
96802.0
96984.0
97155.0
97335.0
97509.0
97693.0
97872.0
98047.0
98218.0
98379.0
98563.0
98738.0
98920.0
99077.0
99259.0
99443.0
99614.0
99782.0
99954.0
100138.0
100310.0
100481.0
100660.0
100844.0
101017.0
101196.0
101374.0
101547.0
101731.0
101908.0
102088.0
102263.0
102441.0
102616.0
102798.0
102972.0
103154.0
103329.0
103509.0
103679.0
103859.0
104039.0
104197.0
104356.0
104538.0
104722.0
104897.0
105081.0
105258.0
105435.0
105606.0
105782.0
105964.0
106142.0
106326.0
106490.0
106659.0
106843.0
106998.0
107169.0
107346.0
107521.0
107690.0
107867.0
108051.0
108231.0
108413.0
108591.0
108755.0
108935.0
109117.0
109299.0
109483.0
109667.0
109847.0
110029.0
110200.0
110371.0
110548.0
110726.0
110908.0
111075.0
111247.0
111425.0
111609.0
111789.0
111963.0
112142.0
112326.0
112497.0
112663.0
112826.0
113003.0
113176.0
113353.0
113535.0
113707.0
113872.0
114050.0
114228.0
114389.0
114573.0
114743.0
114922.0
115106.0
115280.0
115432.0
115607.0
115787.0
115954.0
116133.0
116313.0
116495.0
116665.0
116849.0
117024.0
117203.0
117371.0
117534.0
117712.0
117878.0
118046.0
118218.0
118382.0
118552.0
118731.0
118911.0
119093.0
119275.0
119446.0
119616.0
119788.0
119970.0
120143.0
120320.0
120498.0
120678.0
120853.0
121035.0
121215.0
121397.0
121579.0
121756.0
121907.0
122071.0
122241.0
122423.0
122605.0
122780.0
122935.0
123103.0
123281.0
123454.0
123624.0
123795.0
123961.0
124137.0
124311.0
124488.0
124648.0
124808.0
124973.0
125146.0
125324.0
125508.0
125677.0
125861.0
126038.0
126209.0
126369.0
126534.0
126716.0
126896.0
127065.0
127247.0
127417.0
127588.0
127767.0
127935.0
128113.0
128293.0
128472.0
128639.0
128818.0
128988.0
129161.0
129340.0
129519.0
129691.0
129873.0
130050.0
130225.0
130379.0
130563.0
130720.0
130896.0
131071.0
131248.0
131419.0
131601.0
131773.0
131957.0
132119.0
132286.0
132462.0
132635.0
132812.0
132985.0
133169.0
133342.0
133512.0
133696.0
133856.0
134021.0
134205.0
134387.0
134564.0
134741.0
134915.0
135097.0
135270.0
135444.0
135614.0
135798.0
135972.0
136149.0
136323.0
136500.0
136674.0
136852.0
137023.0
137191.0
137359.0
137527.0
137706.0
137879.0
138058.0
138227.0
138399.0
138569.0
138743.0
138919.0
139103.0
139278.0
139453.0
139632.0
139811.0
139990.0
140163.0
140340.0
140507.0
140691.0
140875.0
141045.0
141222.0
141393.0
141559.0
141743.0
141925.0
142100.0
142270.0
142448.0
142621.0
142803.0
142981.0
143154.0
143338.0
143516.0
143654.0
143836.0
144009.0
144193.0
144377.0
144551.0
144724.0
144874.0
145025.0
145198.0
145374.0
145545.0
145721.0
145901.0
146085.0
146267.0
146451.0
146627.0
146809.0
146989.0
147159.0
147338.0
147510.0
147682.0
147855.0
148032.0
148210.0
148382.0
148548.0
148726.0
148906.0
149061.0
149238.0
149420.0
149604.0
149783.0
149967.0
150151.0
150328.0
150496.0
150676.0
150835.0
151006.0
151165.0
151342.0
151526.0
151686.0
151845.0
152020.0
152202.0
152364.0
152511.0
152678.0
152847.0
153024.0
153194.0
153372.0
153552.0
153736.0
153908.0
154085.0
154262.0
154427.0
154605.0
154787.0
154957.0
155139.0
155309.0
155482.0
155655.0
155820.0
155997.0
156174.0
156338.0
156503.0
156682.0
156845.0
157018.0
157193.0
157372.0
157552.0
157727.0
157909.0
158063.0
158236.0
158418.0
158597.0
158747.0
158927.0
159109.0
159293.0
159452.0
159636.0
159808.0
159988.0
160159.0
160338.0
160509.0
160691.0
160862.0
161037.0
161206.0
161386.0
161558.0
161740.0
161922.0
162101.0
162274.0
162458.0
162642.0
162824.0
162999.0
163173.0
163317.0
163494.0
163678.0
163862.0
164042.0
164222.0
164394.0
164578.0
164755.0
164932.0
165099.0
165283.0
165467.0
165643.0
165825.0
165987.0
166167.0
166335.0
166510.0
166678.0
166856.0
167031.0
167204.0
167388.0
167554.0
167726.0
167908.0
168090.0
168263.0
168423.0
168602.0
168784.0
168963.0
169130.0
169310.0
169472.0
169649.0
169829.0
170013.0
170195.0
170370.0
170554.0
170724.0
170894.0
171071.0
171242.0
171413.0
171583.0
171758.0
171926.0
172108.0
172273.0
172441.0
172625.0
172802.0
172981.0
173158.0
173328.0
173497.0
173675.0
173840.0
174007.0
174187.0
174364.0
174548.0
174717.0
174901.0
175077.0
175250.0
175427.0
175604.0
175784.0
175935.0
176103.0
176282.0
176460.0
176632.0
176798.0
176968.0
177150.0
177309.0
177482.0
177654.0
177824.0
178002.0
178186.0
178350.0
178534.0
178713.0
178893.0
179072.0
179241.0
179407.0
179577.0
179754.0
179933.0
180111.0
180281.0
180465.0
180619.0
180779.0
180938.0
181108.0
181275.0
181442.0
181620.0
181799.0
181977.0
182155.0
182326.0
182487.0
182660.0
182834.0
183013.0
183197.0
183375.0
183550.0
183727.0
183906.0
184090.0
184265.0
184442.0
184619.0
184798.0
184977.0
185159.0
185339.0
185521.0
185690.0
185869.0
186048.0
186210.0
186394.0
186574.0
186751.0
186904.0
187086.0
187258.0
187433.0
187610.0
187785.0
187964.0
188143.0
188322.0
188483.0
188660.0
188832.0
189016.0
189200.0
189375.0
189527.0
189697.0
189865.0
190040.0
190224.0
190403.0
190587.0
190767.0
190940.0
191111.0
191286.0
191468.0
191619.0
191788.0
191965.0
192144.0
192317.0
192499.0
192664.0
192844.0
193016.0
193178.0
193362.0
193533.0
193708.0
193883.0
194053.0
194229.0
194413.0
194592.0
194754.0
194929.0
195101.0
195283.0
195462.0
195636.0
195820.0
196004.0
196188.0
196365.0
196549.0
196729.0
196903.0
197073.0
197223.0
197381.0
197554.0
197736.0
197909.0
198089.0
198266.0
198446.0
198620.0
198799.0
198976.0
199158.0
199318.0
199493.0
199677.0
199859.0
200030.0
200209.0
200393.0
200556.0
200736.0
200918.0
201097.0
201260.0
201428.0
201606.0
201790.0
201965.0
202145.0
202310.0
202482.0
202656.0
202830.0
203007.0
203181.0
203358.0
203542.0
203724.0
203908.0
204086.0
204270.0
204444.0
204618.0
204800.0
204965.0
205135.0
205284.0
205460.0
205626.0
205789.0
205967.0
206149.0
206324.0
206493.0
206665.0
206838.0
207010.0
207185.0
207367.0
207547.0
207722.0
207883.0
208062.0
208242.0
208426.0
208604.0
208786.0
208963.0
209142.0
209320.0
209499.0
209678.0
209848.0
210026.0
210210.0
210371.0
210537.0
210719.0
210898.0
211077.0
211261.0
211423.0
211597.0
211779.0
211963.0
212136.0
212315.0
212497.0
212681.0
212863.0
213022.0
213199.0
213374.0
213549.0
213722.0
213901.0
214078.0
214260.0
214434.0
214592.0
214774.0
214951.0
215135.0
215304.0
215470.0
215642.0
215826.0
216006.0
216190.0
216374.0
216548.0
216709.0
216888.0
217068.0
217241.0
217415.0
217594.0
217767.0
217943.0
218121.0
218305.0
218471.0
218636.0
218808.0
218978.0
219139.0
219306.0
219471.0
219655.0
219831.0
220011.0
220164.0
220337.0
220512.0
220691.0
220870.0
221049.0
221222.0
221404.0
221571.0
221755.0
221937.0
222112.0
222276.0
222453.0
222633.0
222801.0
222981.0
223165.0
223345.0
223498.0
223668.0
223845.0
224027.0
224209.0
224377.0
224559.0
224741.0
224912.0
225096.0
225268.0
225438.0
225615.0
225769.0
225945.0
226122.0
226284.0
226455.0
226627.0
226799.0
226977.0
227152.0
227331.0
227501.0
227683.0
227850.0
228016.0
228200.0
228371.0
228522.0
228697.0
228875.0
229055.0
229237.0
229412.0
229588.0
229772.0
229956.0
230138.0
230315.0
230489.0
230671.0
230835.0
231005.0
231189.0
231364.0
231534.0
231716.0
231894.0
232059.0
232231.0
232402.0
232581.0
232759.0
232934.0
233108.0
233288.0
233451.0
233622.0
233797.0
233979.0
234152.0
234332.0
234507.0
234675.0
234859.0
235043.0
235227.0
235400.0
235553.0
235727.0
235907.0
236091.0
236263.0
236443.0
236600.0
236784.0
236954.0
237129.0
237294.0
237466.0
237639.0
237816.0
237991.0
238171.0
238344.0
238528.0
238705.0
238887.0
239040.0
239219.0
239398.0
239564.0
239744.0
239922.0
240092.0
240271.0
240440.0
240617.0
240797.0
240972.0
241144.0
241320.0
241485.0
241669.0
241841.0
242025.0
242205.0
242382.0
242549.0
242712.0
242896.0
243076.0
243236.0
243404.0
243586.0
243758.0
243933.0
244107.0
244282.0
244460.0
244638.0
244818.0
244998.0
245180.0
245358.0
245522.0
