a = 0.5
g = 0.5
e = 0.5
random initial weights = true

-567.0
-3251.0
-5808.0
-6260.0
-7116.0
-7644.0
-8112.0
-8598.0
-9036.0
-9583.0
-10008.0
-10431.0
-10941.0
-11404.0
-11848.0
-12293.0
-12723.0
-12605.0
-12609.0
-12476.0
-12330.0
-12207.0
-12661.0
-13082.0
-12922.0
-12810.0
-12636.0
-12475.0
-12888.0
-12729.0
-12551.0
-12419.0
-12855.0
-12692.0
-12531.0
-12364.0
-12194.0
-12048.0
-11906.0
-11739.0
-11575.0
-11420.0
-11306.0
-11183.0
-11033.0
-10886.0
-10713.0
-10546.0
-10379.0
-10240.0
-10081.0
-9907.0
-9773.0
-9622.0
-9481.0
-9342.0
-9196.0
-9063.0
-8889.0
-8734.0
-8580.0
-8463.0
-8321.0
-8148.0
-7976.0
-7811.0
-7647.0
-7502.0
-7351.0
-7250.0
-7111.0
-6939.0
-6783.0
-6612.0
-6479.0
-6323.0
-6165.0
-6004.0
-5867.0
-5691.0
-5521.0
-5372.0
-5212.0
-5074.0
-4935.0
-4791.0
-4641.0
-4488.0
-4312.0
-4136.0
-3977.0
-3805.0
-3691.0
-3536.0
-3375.0
-3213.0
-3047.0
-2897.0
-2736.0
-2558.0
-2400.0
-2231.0
-2066.0
-1924.0
-1820.0
-1661.0
-1517.0
-1377.0
-1229.0
-1057.0
-900.0
-724.0
-552.0
-418.0
-265.0
-116.0
38.0
197.0
356.0
514.0
682.0
834.0
1005.0
1163.0
1325.0
1489.0
1654.0
1786.0
1934.0
2110.0
2276.0
2448.0
2591.0
2747.0
2912.0
3071.0
3228.0
3376.0
3530.0
3685.0
3842.0
4004.0
4182.0
4354.0
4499.0
4670.0
4839.0
5011.0
5156.0
5296.0
5472.0
5646.0
5818.0
5983.0
6136.0
6294.0
6458.0
6611.0
6779.0
6932.0
7056.0
7221.0
7361.0
7519.0
7652.0
7802.0
7971.0
8106.0
8270.0
8424.0
8586.0
8752.0
8917.0
9072.0
9239.0
9400.0
9566.0
9727.0
9893.0
10049.0
10217.0
10341.0
10499.0
10671.0
10834.0
10956.0
11130.0
11299.0
11462.0
11613.0
11774.0
11945.0
12112.0
12280.0
12442.0
12611.0
12778.0
12909.0
13043.0
13213.0
13354.0
13516.0
13676.0
13847.0
14020.0
14178.0
14324.0
14471.0
14630.0
14804.0
14949.0
15120.0
15275.0
15437.0
15605.0
15776.0
15919.0
16078.0
16243.0
16396.0
16541.0
16693.0
16860.0
17012.0
17176.0
17332.0
17504.0
17676.0
17836.0
17999.0
18163.0
18318.0
18479.0
18625.0
18791.0
18955.0
19104.0
19264.0
19433.0
19603.0
19773.0
19932.0
20092.0
20250.0
20421.0
20575.0
20727.0
20901.0
21066.0
21228.0
21390.0
21533.0
21695.0
21860.0
21988.0
22138.0
22290.0
22457.0
22595.0
22764.0
22942.0
23083.0
23235.0
23388.0
23558.0
23700.0
23871.0
24023.0
24152.0
24317.0
24461.0
24634.0
24798.0
24938.0
25112.0
25280.0
25440.0
25595.0
25761.0
25919.0
26083.0
26243.0
26404.0
26560.0
26727.0
26876.0
27048.0
27222.0
27390.0
27563.0
27727.0
27869.0
28031.0
28188.0
28354.0
28499.0
28654.0
28804.0
28974.0
29119.0
29291.0
29450.0
29597.0
29761.0
29925.0
30096.0
30270.0
30436.0
30574.0
30735.0
30887.0
31056.0
31209.0
31374.0
31531.0
31696.0
31850.0
31959.0
32121.0
32264.0
32397.0
32569.0
32722.0
32892.0
33029.0
33177.0
33337.0
33458.0
33612.0
33778.0
33937.0
34086.0
34259.0
34422.0
34595.0
34766.0
34926.0
35096.0
35274.0
35433.0
35574.0
35745.0
35917.0
36083.0
36233.0
36401.0
36566.0
36730.0
36885.0
37040.0
37216.0
37374.0
37526.0
37689.0
37846.0
37994.0
38156.0
38302.0
38462.0
38619.0
38780.0
38934.0
39084.0
39242.0
39396.0
39568.0
39691.0
39864.0
40010.0
40176.0
40334.0
40474.0
40633.0
40802.0
40944.0
41115.0
41274.0
41430.0
41596.0
41759.0
41917.0
42081.0
42231.0
42383.0
42538.0
42702.0
42876.0
43040.0
43203.0
43310.0
43466.0
43627.0
43788.0
43950.0
44114.0
44269.0
44419.0
44586.0
44760.0
44903.0
45079.0
45243.0
45384.0
45536.0
45678.0
45844.0
45997.0
46136.0
46284.0
46421.0
46599.0
46735.0
46899.0
47034.0
47187.0
47352.0
47465.0
47618.0
47762.0
47918.0
48075.0
48234.0
48402.0
48558.0
48736.0
48910.0
48999.0
49164.0
49312.0
49473.0
49625.0
49797.0
49966.0
50136.0
50276.0
50439.0
50609.0
50777.0
50937.0
51103.0
51256.0
51418.0
51583.0
51747.0
51912.0
52082.0
52202.0
52360.0
52532.0
52706.0
52852.0
53018.0
53190.0
53342.0
53503.0
53655.0
53829.0
53990.0
54134.0
54287.0
54430.0
54602.0
54759.0
54924.0
55070.0
55234.0
55380.0
55548.0
55702.0
55865.0
56019.0
56175.0
56330.0
56486.0
56655.0
56817.0
56962.0
57120.0
57281.0
57446.0
57593.0
57750.0
57899.0
58070.0
58246.0
58403.0
58574.0
58676.0
58844.0
59007.0
59181.0
59333.0
59487.0
59660.0
59825.0
59985.0
60121.0
60280.0
60452.0
60607.0
60773.0
60926.0
61081.0
61218.0
61383.0
61541.0
61656.0
61823.0
61974.0
62130.0
62299.0
62420.0
62561.0
62729.0
62891.0
63063.0
63226.0
63398.0
63541.0
63706.0
63864.0
64002.0
64156.0
64320.0
64464.0
64630.0
64785.0
64959.0
65101.0
65266.0
65411.0
65575.0
65713.0
65856.0
66008.0
66176.0
66333.0
66503.0
66667.0
66825.0
66989.0
67158.0
67315.0
67467.0
67598.0
67750.0
67887.0
68037.0
68185.0
68340.0
68513.0
68667.0
68824.0
68978.0
69122.0
69283.0
69432.0
69597.0
69755.0
69927.0
70044.0
70196.0
70341.0
70485.0
70627.0
70769.0
70928.0
71095.0
71262.0
71423.0
71571.0
71703.0
71870.0
72048.0
72209.0
72334.0
72494.0
72666.0
72829.0
73001.0
73164.0
73322.0
73465.0
73637.0
73791.0
73933.0
74107.0
74271.0
74445.0
74616.0
74781.0
74944.0
75076.0
75218.0
75385.0
75561.0
75719.0
75873.0
76033.0
76183.0
76321.0
76488.0
76651.0
76811.0
76987.0
77152.0
77316.0
77466.0
77625.0
77773.0
77908.0
78068.0
78232.0
78356.0
78522.0
78687.0
78841.0
79013.0
79165.0
79327.0
79490.0
79664.0
79817.0
79990.0
80139.0
80300.0
80463.0
80605.0
80762.0
80930.0
81076.0
81194.0
81339.0
81497.0
81659.0
81820.0
81980.0
82154.0
82323.0
82475.0
82622.0
82743.0
82897.0
83071.0
83215.0
83372.0
83529.0
83699.0
83845.0
83998.0
84174.0
84343.0
84468.0
84610.0
84764.0
84936.0
85092.0
85235.0
85400.0
85550.0
85705.0
85838.0
86002.0
86164.0
86308.0
86474.0
86648.0
86806.0
86958.0
87114.0
87280.0
87439.0
87606.0
87784.0
87928.0
88102.0
88263.0
88421.0
88572.0
88746.0
88914.0
89062.0
89211.0
89365.0
89534.0
89692.0
89868.0
90021.0
90177.0
90320.0
90481.0
90657.0
90819.0
90983.0
91131.0
91307.0
91463.0
91614.0
91781.0
91954.0
92102.0
92258.0
92410.0
92557.0
92727.0
92874.0
93032.0
93184.0
93330.0
93492.0
93645.0
93817.0
93968.0
94119.0
94289.0
94457.0
94620.0
94785.0
94946.0
95120.0
95282.0
95413.0
95575.0
95725.0
95889.0
96060.0
96228.0
96396.0
96549.0
96715.0
96886.0
97032.0
97204.0
97367.0
97534.0
97665.0
97795.0
97949.0
98121.0
98291.0
98444.0
98600.0
98724.0
98890.0
99062.0
99223.0
99390.0
99549.0
99710.0
99854.0
100013.0
100187.0
100348.0
100497.0
100671.0
100839.0
100991.0
101147.0
101323.0
101471.0
101631.0
101790.0
101946.0
102088.0
102247.0
102419.0
102524.0
102667.0
102820.0
102979.0
103136.0
103297.0
103459.0
103618.0
103771.0
103934.0
104089.0
104259.0
104435.0
104587.0
104724.0
104876.0
105046.0
105167.0
105333.0
105499.0
105658.0
105787.0
105961.0
106119.0
106295.0
106464.0
106634.0
106791.0
106956.0
107107.0
107275.0
107437.0
107603.0
107769.0
107914.0
108070.0
108232.0
108396.0
108539.0
108700.0
108868.0
108998.0
109155.0
109322.0
109496.0
109639.0
109767.0
109945.0
110101.0
110261.0
110423.0
110586.0
110753.0
110912.0
111059.0
111213.0
111386.0
111564.0
111717.0
111835.0
111998.0
112128.0
112297.0
112441.0
112589.0
112733.0
112890.0
113037.0
113186.0
113344.0
113501.0
113657.0
113806.0
113972.0
114138.0
114316.0
114466.0
114642.0
114818.0
114990.0
115156.0
115309.0
115477.0
115640.0
115790.0
115915.0
116069.0
116243.0
116392.0
116558.0
116710.0
116862.0
117040.0
117209.0
117377.0
117522.0
117685.0
117854.0
118028.0
118169.0
118337.0
118511.0
118685.0
118820.0
118992.0
119140.0
119265.0
119395.0
119559.0
119730.0
119884.0
120038.0
120185.0
120354.0
120494.0
120651.0
120815.0
120973.0
121141.0
121295.0
121455.0
121590.0
121759.0
121892.0
122061.0
122233.0
122370.0
122535.0
122702.0
122863.0
123023.0
123181.0
123345.0
123503.0
123613.0
123775.0
123922.0
124063.0
124221.0
124388.0
124559.0
124726.0
124867.0
125037.0
125208.0
125369.0
125520.0
125690.0
125861.0
126030.0
126193.0
126344.0
126490.0
126650.0
126824.0
126953.0
127112.0
127286.0
127414.0
127578.0
127738.0
127906.0
128049.0
128213.0
128373.0
128535.0
128673.0
128841.0
129009.0
129129.0
129285.0
129446.0
129574.0
129734.0
129901.0
130052.0
130192.0
130370.0
130530.0
130685.0
130857.0
131020.0
131185.0
131357.0
131513.0
131677.0
131826.0
131990.0
132142.0
132280.0
132422.0
132585.0
132746.0
132892.0
133046.0
133210.0
133356.0
133512.0
133677.0
133846.0
134013.0
134146.0
134314.0
134440.0
134610.0
134753.0
134908.0
135066.0
135207.0
135378.0
135541.0
135688.0
135845.0
135974.0
136141.0
136294.0
136459.0
136608.0
136774.0
136942.0
137114.0
137281.0
137441.0
137609.0
137760.0
137932.0
138093.0
138242.0
138413.0
138584.0
138751.0
138921.0
139087.0
139237.0
139385.0
139548.0
139715.0
139850.0
140009.0
140168.0
140333.0
140506.0
140664.0
140831.0
140995.0
141171.0
141336.0
141481.0
141634.0
141795.0
141947.0
142119.0
142276.0
142446.0
142616.0
142774.0
142931.0
143101.0
143248.0
143417.0
143575.0
143733.0
143898.0
144058.0
144200.0
144364.0
144506.0
144675.0
144845.0
144971.0
145129.0
145295.0
145440.0
145614.0
145778.0
145942.0
146107.0
146281.0
146441.0
146608.0
146776.0
146935.0
147109.0
147285.0
147450.0
147607.0
147771.0
147906.0
148076.0
148177.0
148347.0
148510.0
148676.0
148850.0
149012.0
149174.0
149343.0
149489.0
149651.0
149816.0
149983.0
150136.0
150299.0
150459.0
150585.0
150725.0
150874.0
151038.0
151207.0
151354.0
151511.0
151687.0
151860.0
151970.0
152143.0
152315.0
152479.0
152615.0
152782.0
152945.0
153109.0
153279.0
153455.0
153618.0
153775.0
153941.0
154113.0
154257.0
154419.0
154587.0
154756.0
154924.0
155091.0
155248.0
155383.0
155555.0
155717.0
155873.0
156032.0
156204.0
156364.0
156530.0
156694.0
156802.0
156964.0
157126.0
157292.0
157454.0
157630.0
157778.0
157926.0
158096.0
158265.0
158399.0
158556.0
158716.0
158875.0
159028.0
159192.0
159353.0
159525.0
159669.0
159832.0
159985.0
160135.0
160296.0
160447.0
160604.0
160771.0
160938.0
161048.0
161199.0
161366.0
161513.0
161667.0
161819.0
161967.0
162139.0
162296.0
162463.0
162612.0
162772.0
162927.0
163105.0
163263.0
163418.0
163577.0
163731.0
163869.0
164027.0
164183.0
164341.0
164486.0
164634.0
164796.0
164932.0
165095.0
165257.0
165419.0
165574.0
165740.0
165908.0
166076.0
166228.0
166389.0
166547.0
166706.0
166859.0
167019.0
167186.0
167331.0
167497.0
167642.0
167787.0
167959.0
168103.0
168267.0
168443.0
168614.0
168777.0
168928.0
169075.0
169224.0
169383.0
169550.0
169712.0
169878.0
170017.0
170178.0
170328.0
170497.0
170649.0
170816.0
170972.0
171143.0
171304.0
171480.0
171650.0
171784.0
171950.0
172088.0
172256.0
172408.0
172582.0
172734.0
172888.0
173012.0
173167.0
173330.0
173499.0
173659.0
173822.0
173994.0
174168.0
174317.0
174467.0
174614.0
174788.0
174930.0
175091.0
175220.0
175376.0
175535.0
175698.0
175876.0
176035.0
176206.0
176377.0
176539.0
176697.0
176850.0
176981.0
177151.0
177274.0
177441.0
177602.0
177744.0
177885.0
178040.0
178206.0
178350.0
178486.0
178581.0
178753.0
178922.0
179085.0
179242.0
179399.0
179575.0
179718.0
179871.0
180028.0
180192.0
180332.0
180471.0
180631.0
180804.0
180968.0
181137.0
181294.0
181443.0
181615.0
181763.0
181933.0
182074.0
182246.0
182394.0
182544.0
182671.0
182831.0
182969.0
183126.0
183293.0
183454.0
183620.0
183775.0
183937.0
184109.0
184258.0
184398.0
184534.0
184708.0
184878.0
185035.0
185199.0
185363.0
185523.0
185690.0
185854.0
186030.0
186191.0
186351.0
186515.0
186666.0
186836.0
186988.0
187155.0
187328.0
187502.0
187665.0
187826.0
187978.0
188148.0
188253.0
188423.0
188582.0
188743.0
188875.0
189038.0
189212.0
189350.0
189517.0
189685.0
189838.0
189969.0
190111.0
190262.0
190391.0
190536.0
190708.0
190874.0
191040.0
191180.0
191350.0
191524.0
191647.0
191819.0
191964.0
192128.0
192292.0
192454.0
192622.0
192778.0
192951.0
193120.0
193285.0
193421.0
193574.0
193734.0
193881.0
194026.0
194190.0
194317.0
194489.0
194648.0
194803.0
194959.0
195128.0
195304.0
195469.0
195634.0
195804.0
195940.0
196096.0
196254.0
196397.0
196565.0
196714.0
196864.0
197030.0
197196.0
197354.0
197501.0
197643.0
197800.0
197958.0
198121.0
198281.0
198433.0
198597.0
198743.0
198901.0
199066.0
199219.0
199369.0
199532.0
199634.0
199804.0
199928.0
200092.0
200249.0
200417.0
200568.0
200725.0
200880.0
201034.0
201208.0
201346.0
201501.0
201670.0
201824.0
201987.0
202147.0
202319.0
202473.0
202616.0
202787.0
202909.0
203074.0
203221.0
203378.0
203529.0
203693.0
203847.0
203977.0
204116.0
204272.0
204423.0
204597.0
204757.0
204899.0
205055.0
205226.0
205378.0
205516.0
205680.0
205844.0
206003.0
206179.0
206355.0
206495.0
206654.0
206824.0
206995.0
207158.0
207322.0
207481.0
207610.0
207769.0
207934.0
208082.0
208227.0
208397.0
208573.0
208745.0
208892.0
209064.0
209217.0
209373.0
209524.0
209678.0
209850.0
209998.0
210164.0
210324.0
210491.0
210641.0
210808.0
210936.0
211101.0
211266.0
211422.0
211572.0
211726.0
211887.0
212032.0
212159.0
212315.0
212444.0
212622.0
212788.0
212933.0
213089.0
213249.0
213409.0
213564.0
213728.0
213898.0
214044.0
214210.0
214379.0
214539.0
214657.0
214789.0
214947.0
215119.0
215245.0
215396.0
215557.0
215697.0
215867.0
216016.0
216171.0
216336.0
216499.0
216635.0
216797.0
216952.0
217116.0
217260.0
217407.0
217564.0
217733.0
217885.0
