a = 0.5
g = 0.2
e = 0.3
random initial weights = false

-1033.0
-2688.0
-3272.0
-3893.0
-4387.0
-4965.0
-5579.0
-6139.0
-6768.0
-7279.0
-7854.0
-8303.0
-8845.0
-9418.0
-9932.0
-10448.0
-10950.0
-11476.0
-11901.0
-12411.0
-12267.0
-12679.0
-13123.0
-13601.0
-14087.0
-14591.0
-15017.0
-15470.0
-15917.0
-16384.0
-16821.0
-17291.0
-17806.0
-18295.0
-18767.0
-19197.0
-19677.0
-20134.0
-20595.0
-21041.0
-21462.0
-21881.0
-22317.0
-22770.0
-22657.0
-23082.0
-23525.0
-23470.0
-23914.0
-24337.0
-24764.0
-24636.0
-25112.0
-25548.0
-26014.0
-25866.0
-26317.0
-26153.0
-25989.0
-25819.0
-26233.0
-26675.0
-26508.0
-26332.0
-26781.0
-27208.0
-27628.0
-27506.0
-27918.0
-27759.0
-28189.0
-28026.0
-28463.0
-28891.0
-29303.0
-29167.0
-28997.0
-28829.0
-28692.0
-28575.0
-28993.0
-29429.0
-29892.0
-30306.0
-30755.0
-30618.0
-30448.0
-30280.0
-30698.0
-30542.0
-30385.0
-30226.0
-30056.0
-29884.0
-29730.0
-29573.0
-29985.0
-29857.0
-29689.0
-29521.0
-29352.0
-29180.0
-29006.0
-28852.0
-28676.0
-28508.0
-28342.0
-28171.0
-28001.0
-27832.0
-27665.0
-27489.0
-27333.0
-27161.0
-26996.0
-26822.0
-26657.0
-26496.0
-26324.0
-26157.0
-25981.0
-25807.0
-25658.0
-25512.0
-25351.0
-25188.0
-25027.0
-24859.0
-24693.0
-24532.0
-24370.0
-24200.0
-24026.0
-23856.0
-23691.0
-23517.0
-23345.0
-23183.0
-23018.0
-22856.0
-22694.0
-22528.0
-22363.0
-22202.0
-22030.0
-21856.0
-21684.0
-21512.0
-21348.0
-21174.0
-21005.0
-20852.0
-20686.0
-20524.0
-20378.0
-20210.0
-20059.0
-19885.0
-19719.0
-19554.0
-19383.0
-19211.0
-19037.0
-18867.0
-18706.0
-18541.0
-18372.0
-18209.0
-18070.0
-17898.0
-17731.0
-17573.0
-17411.0
-17247.0
-17079.0
-16915.0
-16743.0
-16575.0
-16401.0
-16229.0
-16058.0
-15888.0
-15719.0
-15575.0
-15418.0
-15294.0
-15138.0
-14964.0
-14797.0
-14625.0
-14449.0
-14277.0
-14105.0
-13934.0
-13771.0
-13597.0
-13430.0
-13263.0
-13096.0
-12939.0
-12768.0
-12603.0
-12429.0
-12255.0
-12087.0
-11926.0
-11761.0
-11605.0
-11435.0
-11265.0
-11099.0
-10937.0
-10765.0
-10600.0
-10424.0
-10259.0
-10087.0
-9913.0
-9762.0
-9609.0
-9454.0
-9282.0
-9110.0
-8938.0
-8770.0
-8600.0
-8439.0
-8282.0
-8125.0
-7955.0
-7788.0
-7616.0
-7446.0
-7287.0
-7127.0
-6955.0
-6813.0
-6639.0
-6475.0
-6306.0
-6141.0
-5977.0
-5821.0
-5645.0
-5473.0
-5302.0
-5128.0
-4954.0
-4786.0
-4612.0
-4450.0
-4282.0
-4115.0
-3949.0
-3784.0
-3615.0
-3445.0
-3276.0
-3104.0
-2936.0
-2768.0
-2596.0
-2425.0
-2271.0
-2118.0
-1948.0
-1776.0
-1602.0
-1437.0
-1270.0
-1098.0
-928.0
-754.0
-582.0
-414.0
-242.0
-108.0
59.0
233.0
402.0
574.0
733.0
902.0
1070.0
1228.0
1400.0
1571.0
1736.0
1906.0
2076.0
2240.0
2410.0
2577.0
2746.0
2907.0
3079.0
3251.0
3427.0
3601.0
3775.0
3942.0
4118.0
4280.0
4450.0
4618.0
4790.0
4956.0
5110.0
5278.0
5450.0
5622.0
5789.0
5957.0
6119.0
6278.0
6450.0
6626.0
6796.0
6944.0
7115.0
7280.0
7454.0
7613.0
7787.0
7948.0
8116.0
8288.0
8410.0
8573.0
8740.0
8911.0
9080.0
9243.0
9412.0
9574.0
9748.0
9914.0
10075.0
10251.0
10411.0
10577.0
10741.0
10910.0
11063.0
11221.0
11391.0
11559.0
11733.0
11898.0
12074.0
12246.0
12416.0
12583.0
12750.0
12918.0
13084.0
13251.0
13425.0
13574.0
13735.0
13909.0
14079.0
14253.0
14408.0
14575.0
14745.0
14915.0
15070.0
15246.0
15422.0
15594.0
15755.0
15922.0
16091.0
16260.0
16434.0
16610.0
16784.0
16947.0
17116.0
17283.0
17455.0
17631.0
17801.0
17970.0
18121.0
18284.0
18433.0
18603.0
18764.0
18924.0
19096.0
19270.0
19442.0
19609.0
19781.0
19952.0
20128.0
20299.0
20471.0
20641.0
20810.0
20984.0
21158.0
21315.0
21476.0
21650.0
21822.0
21986.0
22158.0
22328.0
22496.0
22665.0
22832.0
23001.0
23177.0
23351.0
23527.0
23688.0
23855.0
24027.0
24201.0
24375.0
24531.0
24699.0
24867.0
25029.0
25193.0
25355.0
25517.0
25682.0
25838.0
26012.0
26171.0
26339.0
26505.0
26671.0
26845.0
27001.0
27161.0
27315.0
27482.0
27640.0
27812.0
27980.0
28145.0
28312.0
28462.0
28624.0
28784.0
28954.0
29119.0
29287.0
29459.0
29633.0
29809.0
29981.0
30142.0
30295.0
30467.0
30641.0
30805.0
30977.0
31135.0
31302.0
31440.0
31612.0
31774.0
31932.0
32102.0
32278.0
32452.0
32613.0
32783.0
32948.0
33112.0
33255.0
33429.0
33593.0
33747.0
33921.0
34080.0
34244.0
34413.0
34580.0
34743.0
34911.0
35070.0
35232.0
35402.0
35576.0
35742.0
35909.0
36083.0
36237.0
36409.0
36564.0
36727.0
36889.0
37063.0
37233.0
37407.0
37572.0
37732.0
37888.0
38055.0
38221.0
38390.0
38547.0
38717.0
38889.0
39045.0
39221.0
39393.0
39560.0
39732.0
39906.0
40076.0
40240.0
40412.0
40573.0
40737.0
40903.0
41070.0
41233.0
41404.0
41570.0
41742.0
41910.0
42084.0
42253.0
42418.0
42590.0
42757.0
42920.0
43094.0
43268.0
43430.0
43589.0
43741.0
43904.0
44075.0
44235.0
44401.0
44555.0
44726.0
44886.0
45058.0
45230.0
45390.0
45559.0
45730.0
45897.0
46068.0
46230.0
46372.0
46540.0
46701.0
46860.0
47031.0
47191.0
47363.0
47535.0
47705.0
47864.0
48040.0
48200.0
48376.0
48544.0
48713.0
48870.0
49029.0
49199.0
49369.0
49536.0
49712.0
49882.0
50054.0
50178.0
50345.0
50507.0
50683.0
50857.0
51019.0
51191.0
51367.0
51536.0
51686.0
51856.0
52020.0
52184.0
52352.0
52523.0
52689.0
52859.0
53027.0
53195.0
53358.0
53530.0
53700.0
53876.0
54050.0
54214.0
54388.0
54564.0
54738.0
54895.0
55054.0
55202.0
55346.0
55518.0
55686.0
55860.0
56029.0
56203.0
56364.0
56533.0
56698.0
56868.0
57026.0
57197.0
57371.0
57543.0
57710.0
57876.0
58041.0
58197.0
58366.0
58540.0
58706.0
58880.0
59052.0
59215.0
59385.0
59559.0
59733.0
59900.0
60067.0
60219.0
60380.0
60552.0
60726.0
60900.0
61059.0
61229.0
61401.0
61572.0
61742.0
61891.0
62057.0
62227.0
62395.0
62564.0
62731.0
62896.0
63057.0
63215.0
63382.0
63554.0
63724.0
63896.0
64052.0
64213.0
64381.0
64553.0
64723.0
64884.0
65037.0
65206.0
65365.0
65535.0
65699.0
65873.0
66022.0
66182.0
66342.0
66516.0
66684.0
66844.0
67016.0
67183.0
67357.0
67519.0
67670.0
67837.0
68002.0
68172.0
68341.0
68509.0
68678.0
68843.0
69017.0
69188.0
69357.0
69529.0
69701.0
69870.0
70041.0
70211.0
70381.0
70539.0
70702.0
70862.0
71029.0
71193.0
71357.0
71510.0
71684.0
71845.0
72012.0
72180.0
72352.0
72499.0
72668.0
72838.0
72994.0
73163.0
73330.0
73502.0
73661.0
73835.0
74007.0
74174.0
74342.0
74507.0
74674.0
74850.0
75007.0
75166.0
75342.0
75514.0
75671.0
75827.0
75994.0
76165.0
76332.0
76498.0
76665.0
76824.0
76992.0
77156.0
77323.0
77494.0
77659.0
77835.0
77984.0
78151.0
78315.0
78487.0
78648.0
78808.0
78980.0
79150.0
79298.0
79461.0
79627.0
79796.0
79970.0
80137.0
80302.0
80474.0
80636.0
80808.0
80977.0
81135.0
81301.0
81473.0
81649.0
81823.0
81992.0
82164.0
82331.0
82493.0
82660.0
82826.0
82994.0
83168.0
83319.0
83495.0
83655.0
83813.0
83979.0
84144.0
84320.0
84491.0
84657.0
84831.0
84996.0
85157.0
85322.0
85489.0
85653.0
85827.0
85996.0
86172.0
86342.0
86507.0
86674.0
86850.0
87020.0
87184.0
87342.0
87518.0
87688.0
87853.0
88025.0
88187.0
88363.0
88537.0
88704.0
88874.0
89040.0
89204.0
89376.0
89529.0
89698.0
89866.0
90027.0
90175.0
90320.0
90489.0
90648.0
90819.0
90987.0
91154.0
91317.0
91493.0
91663.0
91813.0
91982.0
92145.0
92313.0
92482.0
92649.0
92814.0
92990.0
93160.0
93329.0
93503.0
93664.0
93836.0
94010.0
94184.0
94351.0
94527.0
94687.0
94846.0
95005.0
95167.0
95336.0
95505.0
95677.0
95853.0
96022.0
96196.0
96356.0
96525.0
96701.0
96864.0
97030.0
97200.0
97374.0
97540.0
97704.0
97874.0
98038.0
98210.0
98369.0
98541.0
98711.0
98881.0
99047.0
99212.0
99371.0
99539.0
99708.0
99871.0
100038.0
100178.0
100350.0
100519.0
100693.0
100864.0
101021.0
101197.0
101366.0
101532.0
101704.0
101866.0
102042.0
102197.0
102369.0
102512.0
102679.0
102851.0
103016.0
103187.0
103352.0
103517.0
103674.0
103840.0
103996.0
104168.0
104337.0
104506.0
104669.0
104808.0
104968.0
105136.0
105292.0
105443.0
105598.0
105766.0
105930.0
106095.0
106258.0
106428.0
106596.0
106770.0
106933.0
107098.0
107244.0
107420.0
107589.0
107763.0
107908.0
108073.0
108245.0
108413.0
108578.0
108747.0
108906.0
109082.0
109258.0
109430.0
109594.0
109764.0
109932.0
110102.0
110269.0
110434.0
110606.0
110767.0
110939.0
111090.0
111260.0
111412.0
111572.0
111727.0
111886.0
112050.0
112224.0
112386.0
112560.0
112736.0
112904.0
113075.0
113245.0
113419.0
113586.0
113751.0
113908.0
114074.0
114248.0
114408.0
114570.0
114742.0
114918.0
115083.0
115257.0
115411.0
115578.0
115752.0
115926.0
116097.0
116252.0
116426.0
116594.0
116768.0
116944.0
117114.0
117284.0
117453.0
117603.0
117773.0
117938.0
118098.0
118265.0
118433.0
118605.0
118779.0
118951.0
119121.0
119273.0
119429.0
119598.0
119768.0
119935.0
120103.0
120275.0
120442.0
120608.0
120778.0
120952.0
121121.0
121285.0
121447.0
121619.0
121787.0
121961.0
122126.0
122302.0
122462.0
122634.0
122808.0
122984.0
123160.0
123329.0
123501.0
123666.0
123836.0
124010.0
124168.0
124344.0
124515.0
124674.0
124840.0
124995.0
125161.0
125317.0
125476.0
125638.0
125801.0
125961.0
126137.0
126305.0
126479.0
126647.0
126801.0
126975.0
127141.0
127302.0
127454.0
127620.0
127784.0
127956.0
128116.0
128281.0
128450.0
128615.0
128789.0
128963.0
129130.0
129306.0
129474.0
129642.0
129804.0
129975.0
130143.0
130317.0
130487.0
130653.0
130812.0
130976.0
131148.0
131318.0
131487.0
131655.0
131822.0
131990.0
132155.0
132324.0
132496.0
132672.0
132832.0
132998.0
133162.0
133307.0
133465.0
133635.0
133801.0
133961.0
134119.0
134281.0
134453.0
134616.0
134788.0
134960.0
135128.0
135300.0
135457.0
135628.0
135804.0
135971.0
136136.0
136308.0
136477.0
136641.0
136808.0
136972.0
137142.0
137314.0
137486.0
137660.0
137824.0
137989.0
138163.0
138325.0
138497.0
138652.0
138820.0
138981.0
139153.0
139316.0
139483.0
139635.0
139779.0
139942.0
140114.0
140288.0
140450.0
140618.0
140790.0
140961.0
141119.0
141291.0
141457.0
141621.0
141795.0
141959.0
142123.0
142293.0
142465.0
142633.0
142809.0
142976.0
143150.0
143320.0
143491.0
143665.0
143841.0
144013.0
144175.0
144349.0
144523.0
144697.0
144869.0
145031.0
145205.0
145379.0
145551.0
145720.0
145894.0
146066.0
146242.0
146407.0
146578.0
146738.0
146906.0
147066.0
147231.0
147399.0
147571.0
147737.0
147901.0
148065.0
148237.0
148411.0
148587.0
148759.0
148924.0
149100.0
149270.0
149442.0
149604.0
149763.0
149935.0
150111.0
150281.0
150440.0
150608.0
150768.0
150933.0
151109.0
151285.0
151453.0
151629.0
151801.0
151966.0
152136.0
152305.0
152471.0
152624.0
152784.0
152953.0
153114.0
153280.0
153448.0
153620.0
153784.0
153953.0
154119.0
154293.0
154459.0
154620.0
154794.0
154959.0
155129.0
155301.0
155464.0
155636.0
155807.0
155983.0
156138.0
156309.0
156477.0
156653.0
156801.0
156977.0
157136.0
157286.0
157451.0
157621.0
157795.0
157951.0
158113.0
158287.0
158461.0
158625.0
158797.0
158969.0
159134.0
159295.0
159445.0
159613.0
159780.0
159949.0
160118.0
160288.0
160455.0
160631.0
160801.0
160965.0
161134.0
161304.0
161459.0
161624.0
161798.0
161963.0
162130.0
162295.0
162471.0
162636.0
162806.0
162966.0
163137.0
163297.0
163464.0
163631.0
163791.0
163963.0
164122.0
164285.0
164454.0
164630.0
164800.0
164971.0
165122.0
165288.0
165462.0
165638.0
165806.0
165961.0
166128.0
166291.0
166455.0
166603.0
166779.0
166930.0
167089.0
167259.0
167435.0
167599.0
167769.0
167945.0
168102.0
168273.0
168433.0
168587.0
168759.0
168919.0
169072.0
169237.0
169411.0
169569.0
169743.0
169913.0
170062.0
170228.0
170395.0
170560.0
170723.0
170882.0
171056.0
171230.0
171388.0
171559.0
171713.0
171868.0
172032.0
172167.0
172341.0
172508.0
172671.0
172840.0
173014.0
173175.0
173326.0
173493.0
173662.0
173820.0
173988.0
174164.0
174335.0
174505.0
174668.0
174839.0
175009.0
175170.0
175334.0
175489.0
175660.0
175834.0
176001.0
176160.0
176325.0
176488.0
176651.0
176825.0
176981.0
177142.0
177309.0
177481.0
177650.0
177820.0
177987.0
178161.0
178326.0
178495.0
178667.0
178837.0
179008.0
179182.0
179341.0
179513.0
179665.0
179837.0
179990.0
180142.0
180316.0
180490.0
180647.0
180817.0
180988.0
181158.0
181326.0
181498.0
181656.0
181832.0
181993.0
182169.0
182323.0
182491.0
182660.0
182825.0
182992.0
183161.0
183331.0
183498.0
183672.0
183844.0
184016.0
184183.0
184359.0
184526.0
184691.0
184853.0
185016.0
185169.0
185336.0
185503.0
185664.0
185824.0
185982.0
186126.0
186298.0
186468.0
186638.0
186799.0
186973.0
187147.0
187321.0
187483.0
187635.0
187807.0
187983.0
188154.0
188325.0
188489.0
188660.0
188836.0
189000.0
189170.0
189329.0
189496.0
189662.0
189818.0
189994.0
190168.0
190334.0
190503.0
190667.0
190815.0
190986.0
191158.0
191332.0
191504.0
191670.0
191832.0
191994.0
192168.0
192333.0
192503.0
192675.0
192839.0
193002.0
193178.0
193341.0
193515.0
193683.0
193842.0
194018.0
194180.0
194349.0
194525.0
194701.0
194865.0
195039.0
195209.0
195378.0
195544.0
195716.0
195885.0
196045.0
196209.0
196383.0
196549.0
196723.0
196885.0
197059.0
197233.0
197399.0
197570.0
197738.0
197912.0
198069.0
198227.0
198401.0
198573.0
198742.0
198902.0
199067.0
199227.0
199403.0
199573.0
199740.0
199916.0
200078.0
200237.0
200413.0
200576.0
200740.0
200884.0
201054.0
201228.0
201402.0
201574.0
201731.0
201889.0
202050.0
202199.0
202371.0
202539.0
202702.0
202874.0
203046.0
203214.0
203365.0
203526.0
203685.0
