a = 0.8
g = 0.5
e = 0.5
random initial weights = false

-1618.0
-4419.0
-4948.0
-5556.0
-6035.0
-6522.0
-6958.0
-7575.0
-8121.0
-8572.0
-8418.0
-8256.0
-8100.0
-7966.0
-7807.0
-7636.0
-7474.0
-7299.0
-7130.0
-6976.0
-6801.0
-6635.0
-6486.0
-6304.0
-6132.0
-5969.0
-5797.0
-5632.0
-5480.0
-5309.0
-5138.0
-4974.0
-4812.0
-4646.0
-4504.0
-4356.0
-4181.0
-4012.0
-3835.0
-3683.0
-3515.0
-3369.0
-3216.0
-3049.0
-2880.0
-2719.0
-2547.0
-2393.0
-2216.0
-2053.0
-1886.0
-1718.0
-1584.0
-1420.0
-1241.0
-1064.0
-884.0
-707.0
-537.0
-370.0
-231.0
-84.0
93.0
237.0
403.0
556.0
735.0
899.0
1061.0
1221.0
1403.0
1559.0
1711.0
1863.0
2014.0
2187.0
2338.0
2511.0
2676.0
2834.0
2985.0
3140.0
3312.0
3476.0
3647.0
3810.0
3961.0
4129.0
4301.0
4481.0
4656.0
4820.0
4973.0
5109.0
5228.0
5395.0
5546.0
5690.0
5858.0
5984.0
6164.0
6325.0
6466.0
6638.0
6782.0
6912.0
7084.0
7264.0
7426.0
7596.0
7761.0
7933.0
8109.0
8253.0
8426.0
8608.0
8769.0
8900.0
9067.0
9247.0
9426.0
9583.0
9747.0
9898.0
10060.0
10226.0
10368.0
10547.0
10704.0
10875.0
11004.0
11172.0
11318.0
11484.0
11656.0
11822.0
11976.0
12147.0
12314.0
12464.0
12636.0
12794.0
12965.0
13137.0
13304.0
13449.0
13629.0
13809.0
13976.0
14143.0
14293.0
14468.0
14626.0
14750.0
14924.0
15061.0
15224.0
15378.0
15552.0
15667.0
15808.0
15983.0
16138.0
16301.0
16467.0
16618.0
16786.0
16953.0
17120.0
17286.0
17390.0
17562.0
17690.0
17862.0
18041.0
18215.0
18368.0
18520.0
18685.0
18854.0
19004.0
19147.0
19313.0
19484.0
19657.0
19821.0
19996.0
20143.0
20320.0
20502.0
20675.0
20844.0
21028.0
21190.0
21357.0
21513.0
21690.0
21827.0
21992.0
22150.0
22307.0
22466.0
22620.0
22779.0
22940.0
23114.0
23260.0
23442.0
23569.0
23746.0
23919.0
24067.0
24234.0
24403.0
24570.0
24722.0
24873.0
25035.0
25198.0
25361.0
25531.0
25660.0
25825.0
26005.0
26172.0
26273.0
26440.0
26613.0
26774.0
26919.0
27066.0
27206.0
27364.0
27518.0
27679.0
27847.0
28000.0
28177.0
28338.0
28496.0
28668.0
28833.0
29001.0
29176.0
29355.0
29526.0
29691.0
29834.0
29995.0
30148.0
30311.0
30480.0
30649.0
30814.0
30982.0
31140.0
31305.0
31482.0
31634.0
31797.0
31958.0
32122.0
32293.0
32436.0
32620.0
32749.0
32924.0
33076.0
33220.0
33395.0
33568.0
33738.0
33893.0
34047.0
34226.0
34346.0
34508.0
34668.0
34808.0
34979.0
35152.0
35295.0
35451.0
35618.0
35778.0
35944.0
36107.0
36264.0
36430.0
36600.0
36743.0
36885.0
37065.0
37230.0
37379.0
37503.0
37638.0
37799.0
37979.0
38147.0
38295.0
38463.0
38642.0
38808.0
38974.0
39147.0
39313.0
39483.0
39655.0
39822.0
39994.0
40174.0
40358.0
40533.0
40674.0
40806.0
40977.0
41159.0
41311.0
41462.0
41630.0
41787.0
41959.0
42119.0
42297.0
42451.0
42598.0
42773.0
42924.0
43104.0
43248.0
43413.0
43571.0
43739.0
43895.0
44049.0
44219.0
44391.0
44566.0
44708.0
44859.0
45022.0
45171.0
45327.0
45455.0
45619.0
45801.0
45945.0
46112.0
46283.0
46440.0
46569.0
46734.0
46893.0
47042.0
47192.0
47322.0
47493.0
47641.0
47792.0
47954.0
48107.0
48267.0
48416.0
48578.0
48756.0
48912.0
49077.0
49211.0
49353.0
49515.0
49683.0
49829.0
49994.0
50171.0
50338.0
50478.0
50651.0
50830.0
51006.0
51179.0
51346.0
51499.0
51677.0
51841.0
52019.0
52194.0
52364.0
52480.0
52636.0
52811.0
52981.0
53145.0
53301.0
53450.0
53628.0
53776.0
53895.0
54032.0
54216.0
54377.0
54555.0
54726.0
54873.0
55045.0
55204.0
55369.0
55519.0
55679.0
55832.0
55997.0
56162.0
56342.0
56480.0
56659.0
56809.0
56957.0
57114.0
57268.0
57388.0
57542.0
57698.0
57870.0
58036.0
58201.0
58368.0
58548.0
58711.0
58861.0
59016.0
59190.0
59339.0
59503.0
59664.0
59796.0
59927.0
60083.0
60229.0
60405.0
60566.0
60707.0
60884.0
61038.0
61209.0
61379.0
61527.0
61701.0
61865.0
62017.0
62186.0
62339.0
62516.0
62676.0
62856.0
63005.0
63163.0
63336.0
63493.0
63660.0
63816.0
63976.0
64118.0
64291.0
64459.0
64636.0
64805.0
64970.0
65128.0
65302.0
65461.0
65607.0
65720.0
65882.0
66059.0
66229.0
66393.0
66562.0
66734.0
66876.0
67046.0
67226.0
67406.0
67567.0
67736.0
67884.0
68057.0
68208.0
68385.0
68564.0
68731.0
68894.0
69033.0
69208.0
69381.0
69537.0
69701.0
69841.0
70009.0
70185.0
70347.0
70447.0
70629.0
70797.0
70967.0
71140.0
71284.0
71463.0
71617.0
71790.0
71949.0
72118.0
72300.0
72484.0
72643.0
72815.0
72971.0
73140.0
73295.0
73458.0
73632.0
73790.0
73951.0
74106.0
74269.0
74392.0
74569.0
74740.0
74912.0
75065.0
75243.0
75400.0
75547.0
75700.0
75849.0
76001.0
76145.0
76310.0
76488.0
76663.0
76832.0
76991.0
77156.0
77327.0
77505.0
77651.0
77812.0
77968.0
78076.0
78250.0
78383.0
78565.0
78703.0
78870.0
79041.0
79214.0
79383.0
79528.0
79694.0
79853.0
80032.0
80191.0
80371.0
80549.0
80716.0
80873.0
81043.0
81206.0
81361.0
81543.0
81725.0
81869.0
82024.0
82188.0
82351.0
82514.0
82687.0
82837.0
83004.0
83141.0
83309.0
83468.0
83645.0
83796.0
83967.0
84134.0
84263.0
84434.0
84612.0
84783.0
84951.0
85109.0
85271.0
85421.0
85571.0
85730.0
85866.0
86048.0
86200.0
86359.0
86526.0
86678.0
86841.0
86978.0
87135.0
87278.0
87445.0
87615.0
87747.0
87925.0
88101.0
88233.0
88403.0
88557.0
88699.0
88855.0
89030.0
89168.0
89307.0
89450.0
89601.0
89774.0
89927.0
90081.0
90209.0
90362.0
90542.0
90655.0
90822.0
90999.0
91166.0
91339.0
91517.0
91676.0
91838.0
91996.0
92167.0
92306.0
92456.0
92621.0
92805.0
92981.0
93143.0
93268.0
93450.0
93607.0
93777.0
93948.0
94098.0
94270.0
94433.0
94597.0
94757.0
94918.0
95096.0
95251.0
95403.0
95570.0
95684.0
95837.0
95988.0
96163.0
96338.0
96497.0
96656.0
96824.0
96985.0
97161.0
97328.0
97468.0
97627.0
97774.0
97942.0
98122.0
98290.0
98449.0
98622.0
98791.0
98932.0
99093.0
99250.0
99428.0
99584.0
99753.0
99896.0
100045.0
100198.0
100365.0
100536.0
100702.0
100858.0
101013.0
101185.0
101336.0
101506.0
101630.0
101800.0
101925.0
102095.0
102272.0
102445.0
102606.0
102732.0
102914.0
103062.0
103237.0
103389.0
103553.0
103733.0
103906.0
104036.0
104184.0
104358.0
104484.0
104653.0
104821.0
104987.0
105112.0
105278.0
105451.0
105633.0
105803.0
105964.0
106135.0
106286.0
106431.0
106601.0
106741.0
106910.0
107092.0
107269.0
107445.0
107619.0
107750.0
107897.0
108051.0
108211.0
108385.0
108564.0
108735.0
108912.0
109085.0
109246.0
109385.0
109507.0
109659.0
109841.0
110009.0
110180.0
110328.0
110500.0
110673.0
110821.0
110966.0
111114.0
111278.0
111450.0
111617.0
111782.0
111952.0
112126.0
112296.0
112475.0
112640.0
112810.0
112960.0
113060.0
113228.0
113399.0
113562.0
113742.0
113906.0
114062.0
114189.0
114344.0
114466.0
114627.0
114787.0
114946.0
115096.0
115248.0
115334.0
115516.0
115682.0
115848.0
115989.0
116153.0
116302.0
116478.0
116648.0
116802.0
116974.0
117142.0
117298.0
117467.0
117625.0
117788.0
117941.0
118087.0
118267.0
118418.0
118581.0
118750.0
118876.0
119022.0
119181.0
119326.0
119485.0
119649.0
119789.0
119942.0
120099.0
120265.0
120400.0
120574.0
120748.0
120898.0
121057.0
121208.0
121361.0
121530.0
121673.0
121853.0
122031.0
122202.0
122369.0
122546.0
122702.0
122845.0
122962.0
123128.0
123270.0
123442.0
123578.0
123743.0
123902.0
124072.0
124228.0
124376.0
124544.0
124704.0
124859.0
125024.0
125192.0
125374.0
125517.0
125684.0
125834.0
126014.0
126148.0
126289.0
126438.0
126599.0
126764.0
126935.0
127103.0
127249.0
127412.0
127559.0
127737.0
127865.0
128018.0
128178.0
128350.0
128484.0
128640.0
128802.0
128953.0
129119.0
129293.0
129454.0
129592.0
129756.0
129925.0
130098.0
130260.0
130437.0
130608.0
130772.0
130946.0
131119.0
131285.0
131457.0
131631.0
131782.0
131930.0
132094.0
132264.0
132441.0
132615.0
132799.0
132976.0
133103.0
133287.0
133461.0
133624.0
133781.0
133932.0
134092.0
134263.0
134423.0
134586.0
134723.0
134870.0
135030.0
135208.0
135386.0
135541.0
135699.0
135857.0
136003.0
136168.0
136341.0
136494.0
136639.0
136810.0
136969.0
137144.0
137312.0
137447.0
137595.0
137759.0
137908.0
138087.0
138243.0
138392.0
138559.0
138738.0
138916.0
139077.0
139230.0
139376.0
139536.0
139671.0
139844.0
140006.0
140185.0
140328.0
140498.0
140634.0
140796.0
140955.0
141126.0
141290.0
141459.0
141578.0
141749.0
141928.0
142102.0
142269.0
142447.0
142590.0
142765.0
142928.0
143098.0
143270.0
143402.0
143541.0
143705.0
143884.0
144025.0
144207.0
144365.0
144517.0
144691.0
144870.0
145045.0
145219.0
145376.0
145534.0
145699.0
145843.0
146019.0
146199.0
146369.0
146524.0
146690.0
146864.0
147020.0
147166.0
147334.0
147502.0
147652.0
147799.0
147941.0
148058.0
148219.0
148396.0
148563.0
148710.0
148873.0
149050.0
149217.0
149391.0
149542.0
149697.0
149870.0
150030.0
150177.0
150342.0
150513.0
150686.0
150868.0
151020.0
151194.0
151376.0
151538.0
151684.0
151847.0
151982.0
152143.0
152323.0
152435.0
152578.0
152758.0
152876.0
153053.0
153235.0
153408.0
153590.0
153762.0
153910.0
154088.0
154260.0
154426.0
154610.0
154764.0
154943.0
155109.0
155289.0
155453.0
155612.0
155783.0
155949.0
156121.0
156284.0
156452.0
156628.0
156792.0
156960.0
157100.0
157266.0
157416.0
157555.0
157696.0
157878.0
158043.0
158202.0
158361.0
158529.0
158711.0
158869.0
159042.0
159203.0
159360.0
159505.0
159650.0
159804.0
159959.0
160122.0
160287.0
160441.0
160585.0
160729.0
160904.0
161088.0
161249.0
161416.0
161578.0
161706.0
161855.0
161998.0
162164.0
162348.0
162489.0
162651.0
162813.0
162992.0
163144.0
163314.0
163480.0
163660.0
163836.0
164009.0
164167.0
164313.0
164480.0
164648.0
164817.0
164978.0
165158.0
165338.0
165516.0
165681.0
165858.0
166029.0
166180.0
166359.0
166510.0
166677.0
166839.0
166993.0
167154.0
167313.0
167497.0
167663.0
167828.0
167993.0
168141.0
168284.0
168449.0
168622.0
168794.0
168939.0
169105.0
169283.0
169431.0
169584.0
169742.0
169891.0
170047.0
170197.0
170373.0
170498.0
170654.0
170809.0
170986.0
171163.0
171297.0
171458.0
171629.0
171806.0
171971.0
172139.0
172311.0
172493.0
172656.0
172817.0
172933.0
173042.0
173202.0
173364.0
173537.0
173708.0
173872.0
174050.0
174216.0
174388.0
174537.0
174694.0
174852.0
175021.0
175186.0
175342.0
175490.0
175655.0
175779.0
175959.0
176108.0
176255.0
176401.0
176567.0
176724.0
176877.0
177057.0
177203.0
177371.0
177549.0
177707.0
177858.0
178027.0
178207.0
178347.0
178496.0
178656.0
178797.0
178955.0
179110.0
179283.0
179450.0
179587.0
179755.0
179916.0
180091.0
180254.0
180424.0
180583.0
180744.0
180902.0
181052.0
181234.0
181398.0
181572.0
181744.0
181916.0
182091.0
182243.0
182417.0
182561.0
182735.0
182880.0
183030.0
183197.0
183379.0
183556.0
183683.0
183854.0
184003.0
184166.0
184317.0
184484.0
184662.0
184825.0
184997.0
185167.0
185347.0
185494.0
185653.0
185828.0
185979.0
186156.0
186323.0
186494.0
186657.0
186839.0
186984.0
187125.0
187290.0
187470.0
187648.0
187797.0
187974.0
188137.0
188292.0
188455.0
188632.0
188737.0
188898.0
189049.0
189198.0
189362.0
189531.0
189700.0
189867.0
190035.0
190198.0
190365.0
190528.0
190701.0
190839.0
191019.0
191154.0
191327.0
191496.0
191663.0
191822.0
191997.0
192163.0
192341.0
192503.0
192641.0
192809.0
192979.0
193161.0
193317.0
193481.0
193597.0
193746.0
193906.0
194076.0
194234.0
194394.0
194539.0
194715.0
194878.0
195056.0
195225.0
195356.0
195535.0
195715.0
195883.0
196060.0
196236.0
196401.0
196541.0
196683.0
196856.0
197024.0
197196.0
197375.0
197552.0
197699.0
197847.0
198011.0
198191.0
198366.0
198537.0
198700.0
198872.0
199050.0
199212.0
199372.0
199534.0
199686.0
199855.0
200006.0
200162.0
200282.0
200431.0
200585.0
200751.0
200910.0
201075.0
201236.0
201416.0
201600.0
201778.0
201960.0
202096.0
202262.0
202399.0
202569.0
202749.0
202926.0
203097.0
203257.0
203421.0
203605.0
203772.0
203930.0
204100.0
204263.0
204420.0
204580.0
204756.0
204933.0
205083.0
205253.0
205360.0
205489.0
205658.0
205821.0
205973.0
206148.0
206320.0
206480.0
206622.0
206788.0
206963.0
207121.0
207278.0
207413.0
207571.0
207738.0
207874.0
208058.0
208208.0
208352.0
208507.0
208670.0
208830.0
208982.0
209149.0
209304.0
209442.0
209600.0
209762.0
209901.0
210067.0
210224.0
210373.0
210525.0
210672.0
210820.0
210957.0
211118.0
211273.0
211444.0
211607.0
211753.0
211917.0
212080.0
212246.0
212421.0
212578.0
212724.0
212858.0
213021.0
213183.0
213343.0
213486.0
213632.0
213770.0
213948.0
214102.0
214241.0
214390.0
214546.0
214713.0
214862.0
215029.0
215198.0
215335.0
215514.0
215662.0
215821.0
215968.0
216139.0
216316.0
216476.0
216620.0
216769.0
216913.0
217086.0
217246.0
217418.0
217576.0
217741.0
217912.0
218091.0
218248.0
218426.0
218593.0
218741.0
218895.0
219077.0
219240.0
219411.0
219541.0
219699.0
219874.0
220050.0
220209.0
220340.0
220497.0
220655.0
220834.0
221012.0
221192.0
221352.0
221501.0
221678.0
221838.0
222013.0
222128.0
222293.0
222426.0
222608.0
222769.0
222892.0
223059.0
223223.0
223386.0
223511.0
223672.0
223826.0
224004.0
224160.0
224329.0
224488.0
224666.0
224838.0
224998.0
225138.0
225310.0
225460.0
225640.0
225809.0
225972.0
226108.0
226268.0
226404.0
226550.0
226698.0
226866.0
227043.0
227214.0
227369.0
227523.0
227665.0
227827.0
228004.0
228151.0
228331.0
228487.0
228637.0
228798.0
228946.0
229100.0
229263.0
229405.0
229571.0
229743.0
229897.0
230055.0
230225.0
230404.0
230577.0
230754.0
230925.0
231087.0
