a = 0.8
g = 0.2
e = 0.3
random initial weights = false

-2531.0
-3592.0
-4183.0
-4734.0
-5324.0
-5852.0
-6322.0
-6848.0
-7303.0
-7805.0
-8234.0
-8668.0
-9171.0
-9611.0
-10068.0
-10522.0
-10986.0
-11467.0
-11889.0
-12311.0
-12762.0
-13215.0
-13703.0
-14148.0
-14562.0
-14434.0
-14848.0
-15274.0
-15713.0
-16178.0
-16604.0
-17059.0
-17493.0
-17923.0
-18390.0
-18816.0
-19248.0
-19670.0
-20128.0
-20557.0
-20393.0
-20807.0
-21223.0
-21070.0
-21482.0
-21322.0
-21741.0
-21585.0
-22008.0
-22442.0
-22280.0
-22696.0
-23118.0
-22969.0
-22800.0
-22638.0
-23123.0
-22967.0
-22820.0
-22644.0
-22474.0
-22314.0
-22138.0
-21964.0
-21826.0
-21654.0
-21487.0
-21315.0
-21147.0
-20973.0
-20799.0
-20636.0
-20462.0
-20300.0
-20128.0
-19952.0
-19790.0
-19616.0
-19440.0
-19269.0
-19098.0
-18924.0
-18748.0
-18578.0
-18404.0
-18244.0
-18068.0
-17892.0
-17720.0
-17546.0
-17386.0
-17212.0
-17064.0
-16894.0
-16720.0
-16557.0
-16392.0
-16245.0
-16078.0
-15907.0
-15757.0
-15596.0
-15439.0
-15267.0
-15095.0
-14941.0
-14781.0
-14611.0
-14446.0
-14281.0
-14111.0
-13937.0
-13771.0
-13603.0
-13429.0
-13267.0
-13100.0
-12928.0
-12788.0
-12624.0
-12454.0
-12292.0
-12116.0
-11967.0
-11791.0
-11615.0
-11445.0
-11275.0
-11107.0
-10933.0
-10765.0
-10600.0
-10433.0
-10257.0
-10085.0
-9913.0
-9747.0
-9573.0
-9413.0
-9279.0
-9105.0
-8958.0
-8786.0
-8636.0
-8474.0
-8300.0
-8135.0
-7959.0
-7783.0
-7617.0
-7441.0
-7275.0
-7101.0
-6929.0
-6757.0
-6590.0
-6423.0
-6254.0
-6082.0
-5920.0
-5751.0
-5581.0
-5409.0
-5239.0
-5074.0
-4902.0
-4749.0
-4575.0
-4401.0
-4233.0
-4067.0
-3891.0
-3728.0
-3552.0
-3389.0
-3219.0
-3052.0
-2881.0
-2705.0
-2536.0
-2371.0
-2206.0
-2058.0
-1888.0
-1717.0
-1550.0
-1381.0
-1218.0
-1063.0
-893.0
-717.0
-552.0
-405.0
-240.0
-72.0
81.0
240.0
411.0
585.0
747.0
900.0
1062.0
1223.0
1395.0
1564.0
1738.0
1902.0
2074.0
2236.0
2408.0
2578.0
2741.0
2873.0
3033.0
3201.0
3373.0
3543.0
3711.0
3875.0
4046.0
4211.0
4385.0
4544.0
4714.0
4870.0
5039.0
5211.0
5381.0
5540.0
5707.0
5881.0
6051.0
6193.0
6362.0
6530.0
6697.0
6869.0
7039.0
7205.0
7379.0
7555.0
7716.0
7866.0
8042.0
8218.0
8382.0
8542.0
8718.0
8873.0
9040.0
9205.0
9372.0
9539.0
9715.0
9873.0
10033.0
10205.0
10373.0
10530.0
10691.0
10863.0
11021.0
11191.0
11359.0
11530.0
11691.0
11838.0
12014.0
12170.0
12329.0
12489.0
12646.0
12815.0
12985.0
13155.0
13325.0
13485.0
13636.0
13810.0
13977.0
14125.0
14293.0
14460.0
14624.0
14800.0
14963.0
15133.0
15307.0
15477.0
15645.0
15812.0
15973.0
16138.0
16306.0
16480.0
16650.0
16815.0
16984.0
17158.0
17321.0
17483.0
17648.0
17805.0
17971.0
18145.0
18314.0
18484.0
18650.0
18822.0
18996.0
19170.0
19342.0
19506.0
19672.0
19848.0
20022.0
20196.0
20370.0
20539.0
20709.0
20878.0
21037.0
21211.0
21377.0
21540.0
21698.0
21868.0
22042.0
22209.0
22369.0
22543.0
22700.0
22874.0
23037.0
23209.0
23385.0
23557.0
23716.0
23892.0
24055.0
24231.0
24385.0
24555.0
24725.0
24896.0
25070.0
25231.0
25405.0
25576.0
25725.0
25895.0
26051.0
26225.0
26380.0
26549.0
26714.0
26871.0
27045.0
27191.0
27355.0
27523.0
27697.0
27856.0
28023.0
28192.0
28356.0
28523.0
28679.0
28849.0
29020.0
29183.0
29355.0
29529.0
29683.0
29838.0
30006.0
30180.0
30354.0
30526.0
30692.0
30859.0
31031.0
31184.0
31351.0
31523.0
31690.0
31858.0
32032.0
32190.0
32360.0
32536.0
32708.0
32873.0
33049.0
33218.0
33390.0
33561.0
33730.0
33893.0
34063.0
34226.0
34372.0
34533.0
34701.0
34870.0
35042.0
35211.0
35380.0
35550.0
35726.0
35902.0
36046.0
36220.0
36383.0
36549.0
36721.0
36881.0
37039.0
37200.0
37369.0
37541.0
37705.0
37872.0
38040.0
38190.0
38356.0
38532.0
38698.0
38861.0
39029.0
39195.0
39361.0
39535.0
39702.0
39871.0
40045.0
40213.0
40387.0
40558.0
40726.0
40900.0
41056.0
41225.0
41395.0
41562.0
41736.0
41888.0
42025.0
42199.0
42364.0
42540.0
42710.0
42879.0
43048.0
43215.0
43384.0
43547.0
43719.0
43886.0
44054.0
44210.0
44380.0
44545.0
44719.0
44888.0
45058.0
45230.0
45404.0
45551.0
45725.0
45901.0
46066.0
46238.0
46404.0
46564.0
46725.0
46887.0
47058.0
47223.0
47382.0
47552.0
47718.0
47894.0
48065.0
48237.0
48399.0
48573.0
48744.0
48916.0
49075.0
49237.0
49413.0
49579.0
49753.0
49922.0
50094.0
50256.0
50426.0
50600.0
50760.0
50923.0
51097.0
51237.0
51402.0
51576.0
51739.0
51903.0
52075.0
52249.0
52413.0
52578.0
52749.0
52923.0
53090.0
53262.0
53430.0
53599.0
53753.0
53922.0
54086.0
54260.0
54434.0
54601.0
54760.0
54934.0
55102.0
55270.0
55428.0
55602.0
55776.0
55952.0
56128.0
56297.0
56466.0
56642.0
56793.0
56962.0
57132.0
57304.0
57478.0
57649.0
57819.0
57991.0
58158.0
58321.0
58497.0
58656.0
58830.0
58994.0
59160.0
59332.0
59499.0
59669.0
59837.0
60006.0
60176.0
60348.0
60524.0
60698.0
60857.0
61031.0
61192.0
61366.0
61534.0
61704.0
61874.0
62040.0
62216.0
62361.0
62527.0
62699.0
62875.0
63017.0
63185.0
63352.0
63512.0
63688.0
63847.0
64019.0
64189.0
64363.0
64531.0
64705.0
64881.0
65053.0
65216.0
65386.0
65554.0
65722.0
65881.0
66051.0
66220.0
66361.0
66533.0
66702.0
66855.0
67031.0
67183.0
67343.0
67519.0
67683.0
67855.0
68012.0
68186.0
68357.0
68519.0
68685.0
68844.0
69009.0
69172.0
69337.0
69503.0
69677.0
69853.0
70013.0
70185.0
70348.0
70522.0
70694.0
70866.0
71038.0
71209.0
71369.0
71543.0
71710.0
71884.0
72054.0
72216.0
72382.0
72551.0
72711.0
72881.0
73035.0
73205.0
73372.0
73524.0
73684.0
73850.0
74017.0
74184.0
74345.0
74514.0
74678.0
74852.0
75024.0
75176.0
75348.0
75524.0
75693.0
75869.0
76039.0
76213.0
76381.0
76541.0
76712.0
76882.0
77058.0
77214.0
77383.0
77559.0
77731.0
77897.0
78071.0
78240.0
78407.0
78569.0
78731.0
78896.0
79055.0
79224.0
79398.0
79565.0
79739.0
79903.0
80056.0
80230.0
80401.0
80556.0
80725.0
80892.0
81056.0
81224.0
81398.0
81570.0
81738.0
81904.0
82067.0
82239.0
82406.0
82578.0
82746.0
82897.0
83069.0
83230.0
83402.0
83569.0
83741.0
83915.0
84087.0
84254.0
84420.0
84592.0
84766.0
84936.0
85094.0
85266.0
85433.0
85595.0
85765.0
85935.0
86109.0
86273.0
86445.0
86603.0
86775.0
86951.0
87121.0
87291.0
87445.0
87617.0
87779.0
87953.0
88119.0
88275.0
88445.0
88621.0
88795.0
88961.0
89122.0
89292.0
89445.0
89608.0
89782.0
89946.0
90100.0
90263.0
90432.0
90598.0
90770.0
90937.0
91103.0
91268.0
91423.0
91582.0
91746.0
91920.0
92075.0
92234.0
92406.0
92573.0
92723.0
92880.0
93037.0
93209.0
93374.0
93548.0
93705.0
93879.0
94055.0
94225.0
94385.0
94546.0
94722.0
94883.0
95040.0
95205.0
95365.0
95535.0
95691.0
95857.0
96031.0
96203.0
96379.0
96547.0
96721.0
96878.0
97043.0
97210.0
97382.0
97550.0
97701.0
97867.0
98016.0
98184.0
98350.0
98513.0
98679.0
98841.0
99015.0
99174.0
99346.0
99511.0
99672.0
99843.0
100014.0
100186.0
100340.0
100507.0
100676.0
100845.0
101013.0
101185.0
101355.0
101484.0
101652.0
101809.0
101981.0
102147.0
102315.0
102484.0
102649.0
102818.0
102987.0
103163.0
103312.0
103488.0
103658.0
103822.0
103989.0
104163.0
104329.0
104505.0
104662.0
104838.0
104994.0
105168.0
105324.0
105493.0
105664.0
105834.0
106002.0
106170.0
106341.0
106513.0
106687.0
106850.0
107024.0
107190.0
107341.0
107506.0
107658.0
107825.0
107986.0
108143.0
108299.0
108467.0
108629.0
108803.0
108973.0
109136.0
109308.0
109482.0
109646.0
109814.0
109988.0
110160.0
110306.0
110469.0
110638.0
110807.0
110967.0
111135.0
111280.0
111446.0
111616.0
111792.0
111964.0
112131.0
112297.0
112461.0
112637.0
112803.0
112968.0
113142.0
113314.0
113483.0
113642.0
113811.0
113970.0
114146.0
114302.0
114459.0
114633.0
114801.0
114967.0
115139.0
115306.0
115466.0
115631.0
115803.0
115963.0
116123.0
116297.0
116464.0
116628.0
116788.0
116960.0
117130.0
117295.0
117463.0
117625.0
117792.0
117964.0
118136.0
118305.0
118470.0
118635.0
118785.0
118939.0
119108.0
119278.0
119428.0
119600.0
119776.0
119950.0
120124.0
120290.0
120432.0
120599.0
120773.0
120945.0
121117.0
121289.0
121463.0
121637.0
121809.0
121956.0
122121.0
122282.0
122456.0
122619.0
122785.0
122938.0
123091.0
123253.0
123415.0
123585.0
123735.0
123907.0
124081.0
124249.0
124421.0
124590.0
124755.0
124925.0
125089.0
125254.0
125402.0
125578.0
125750.0
125908.0
126077.0
126244.0
126416.0
126577.0
126742.0
126914.0
127074.0
127246.0
127420.0
127587.0
127763.0
127923.0
128093.0
128257.0
128428.0
128602.0
128759.0
128914.0
129078.0
129242.0
129409.0
129583.0
129740.0
129910.0
130080.0
130252.0
130416.0
130588.0
130755.0
130910.0
131082.0
131245.0
131412.0
131575.0
131740.0
131895.0
132069.0
132236.0
132394.0
132562.0
132724.0
132898.0
133062.0
133234.0
133397.0
133564.0
133732.0
133879.0
134053.0
134213.0
134377.0
134553.0
134720.0
134892.0
135062.0
135226.0
135387.0
135552.0
135716.0
135882.0
136056.0
136220.0
136386.0
136556.0
136713.0
136885.0
137054.0
137198.0
137374.0
137531.0
137681.0
137828.0
138000.0
138163.0
138329.0
138497.0
138669.0
138832.0
139002.0
139167.0
139329.0
139490.0
139664.0
139824.0
139996.0
140164.0
140331.0
140501.0
140671.0
140840.0
140995.0
141157.0
141327.0
141496.0
141659.0
141833.0
142007.0
142156.0
142323.0
142491.0
142653.0
142812.0
142968.0
143144.0
143316.0
143487.0
143648.0
143792.0
143962.0
144119.0
144276.0
144450.0
144617.0
144770.0
144936.0
145103.0
145265.0
145441.0
145605.0
145762.0
145932.0
146103.0
146274.0
146434.0
146597.0
146758.0
146918.0
147087.0
147259.0
147426.0
147594.0
147761.0
147899.0
148071.0
148235.0
148402.0
148576.0
148752.0
148924.0
149089.0
149256.0
149424.0
149579.0
149746.0
149918.0
150083.0
150257.0
150408.0
150582.0
150754.0
150919.0
151091.0
151263.0
151435.0
151605.0
151761.0
151931.0
152099.0
152273.0
152440.0
152614.0
152778.0
152936.0
153108.0
153275.0
153447.0
153612.0
153780.0
153941.0
154111.0
154287.0
154461.0
154633.0
154783.0
154953.0
155118.0
155292.0
155462.0
155634.0
155797.0
155964.0
156124.0
156292.0
156468.0
156630.0
156802.0
156951.0
157116.0
157288.0
157448.0
157620.0
157784.0
157958.0
158125.0
158299.0
158458.0
158634.0
158801.0
158965.0
159133.0
159296.0
159466.0
159632.0
159806.0
159973.0
160149.0
160290.0
160462.0
160633.0
160800.0
160969.0
161145.0
161315.0
161489.0
161665.0
161833.0
161997.0
162168.0
162330.0
162502.0
162662.0
162820.0
162990.0
163153.0
163316.0
163490.0
163664.0
163836.0
164003.0
164173.0
164343.0
164512.0
164688.0
164843.0
165005.0
165179.0
165353.0
165527.0
165695.0
165869.0
166041.0
166212.0
166373.0
166541.0
166713.0
166878.0
167026.0
167186.0
167353.0
167523.0
167697.0
167867.0
168031.0
168203.0
168366.0
168540.0
168709.0
168870.0
169031.0
169207.0
169363.0
169537.0
169701.0
169864.0
170040.0
170214.0
170370.0
170534.0
170706.0
170870.0
171035.0
171200.0
171369.0
171543.0
171712.0
171872.0
172041.0
172195.0
172363.0
172533.0
172679.0
172842.0
172991.0
173139.0
173304.0
173472.0
173646.0
173808.0
173958.0
174123.0
174284.0
174458.0
174619.0
174784.0
174953.0
175127.0
175292.0
175458.0
175622.0
175790.0
175940.0
176105.0
176274.0
176450.0
176622.0
176794.0
176951.0
177100.0
177276.0
177416.0
177574.0
177748.0
177914.0
178080.0
178234.0
178395.0
178560.0
178724.0
178896.0
179051.0
179218.0
179384.0
179558.0
179716.0
179888.0
180059.0
180220.0
180385.0
180542.0
180699.0
180871.0
181032.0
181208.0
181384.0
181556.0
181726.0
181893.0
182065.0
182232.0
182401.0
182558.0
182718.0
182890.0
183059.0
183231.0
183399.0
183575.0
183729.0
183901.0
184077.0
184251.0
184408.0
184571.0
184743.0
184915.0
185081.0
185249.0
185418.0
185588.0
185748.0
185918.0
186087.0
186252.0
186403.0
186577.0
186747.0
186906.0
187080.0
187248.0
187422.0
187578.0
187738.0
187909.0
188083.0
188252.0
188421.0
188590.0
188755.0
188929.0
189097.0
189271.0
189436.0
189598.0
189766.0
189930.0
190099.0
190268.0
190436.0
190608.0
190780.0
190949.0
191125.0
191283.0
191453.0
191624.0
191784.0
191950.0
192120.0
192286.0
192462.0
192634.0
192796.0
192955.0
193112.0
193276.0
193445.0
193606.0
193771.0
193945.0
194115.0
194284.0
194456.0
194625.0
194792.0
194954.0
195123.0
195280.0
195451.0
195620.0
195767.0
195943.0
196107.0
196270.0
196434.0
196594.0
196761.0
196933.0
197094.0
197252.0
197426.0
197593.0
197761.0
197927.0
198098.0
198262.0
198429.0
198601.0
198764.0
198935.0
199107.0
199283.0
199442.0
199606.0
199780.0
199951.0
200120.0
200284.0
200454.0
200616.0
200788.0
200955.0
201123.0
201297.0
201464.0
201629.0
201803.0
201971.0
202145.0
202313.0
202482.0
202649.0
202819.0
202995.0
203171.0
203339.0
203515.0
203680.0
203852.0
204024.0
204190.0
204364.0
204538.0
204710.0
204878.0
205037.0
205203.0
205359.0
205520.0
205692.0
205866.0
206024.0
206192.0
206362.0
206530.0
206695.0
206864.0
207034.0
207201.0
207366.0
207536.0
207699.0
207863.0
208030.0
208206.0
208368.0
208530.0
208691.0
208867.0
209043.0
209212.0
209386.0
209556.0
209721.0
209895.0
210071.0
210237.0
210408.0
210580.0
210749.0
210909.0
211076.0
211243.0
211419.0
211579.0
211745.0
211913.0
212077.0
212245.0
212401.0
212569.0
212741.0
212911.0
213078.0
213248.0
213416.0
213590.0
213752.0
213903.0
214068.0
214236.0
214406.0
214569.0
214738.0
214906.0
215076.0
215223.0
215387.0
215559.0
215720.0
215882.0
216053.0
216229.0
216391.0
216562.0
216725.0
216890.0
217060.0
217223.0
217399.0
