a = 0.8
g = 0.2
e = 0.3
random initial weights = true

-2619.0
-3163.0
-3865.0
-4350.0
-4864.0
-5311.0
-5162.0
-5581.0
-6012.0
-6445.0
-6327.0
-6162.0
-5995.0
-5936.0
-5765.0
-5593.0
-5600.0
-5423.0
-5243.0
-5072.0
-4899.0
-4742.0
-4567.0
-4610.0
-4433.0
-4260.0
-4096.0
-3930.0
-3759.0
-3575.0
-3396.0
-3240.0
-3067.0
-2883.0
-2723.0
-2544.0
-2362.0
-2217.0
-2041.0
-1864.0
-1729.0
-1545.0
-1366.0
-1195.0
-1020.0
-854.0
-674.0
-492.0
-308.0
-126.0
41.0
214.0
393.0
573.0
747.0
920.0
1102.0
1284.0
1453.0
1612.0
1792.0
1974.0
2156.0
2329.0
2506.0
2672.0
2850.0
3030.0
3204.0
3381.0
3545.0
3724.0
3906.0
4081.0
4260.0
4437.0
4602.0
4784.0
4960.0
5130.0
5309.0
5476.0
5653.0
5808.0
5981.0
6163.0
6342.0
6522.0
6706.0
6869.0
7053.0
7226.0
7408.0
7588.0
7770.0
7945.0
8121.0
8294.0
8468.0
8647.0
8827.0
9009.0
9193.0
9356.0
9536.0
9711.0
9880.0
10053.0
10229.0
10407.0
10580.0
10759.0
10927.0
11093.0
11275.0
11450.0
11629.0
11804.0
11981.0
12155.0
12329.0
12507.0
12680.0
12860.0
13028.0
13194.0
13367.0
13545.0
13724.0
13884.0
14063.0
14232.0
14411.0
14586.0
14762.0
14936.0
15111.0
15293.0
15472.0
15641.0
15818.0
15981.0
16150.0
16314.0
16463.0
16647.0
16826.0
17005.0
17179.0
17356.0
17514.0
17689.0
17847.0
18005.0
18185.0
18345.0
18523.0
18690.0
18872.0
19054.0
19200.0
19375.0
19553.0
19732.0
19916.0
20100.0
20265.0
20443.0
20611.0
20788.0
20967.0
21149.0
21328.0
21503.0
21658.0
21829.0
22001.0
22146.0
22325.0
22494.0
22666.0
22834.0
23018.0
23195.0
23362.0
23544.0
23720.0
23902.0
24071.0
24248.0
24417.0
24595.0
24761.0
24924.0
25108.0
25275.0
25447.0
25622.0
25802.0
25981.0
26156.0
26340.0
26506.0
26684.0
26839.0
27017.0
27194.0
27358.0
27524.0
27706.0
27879.0
28061.0
28219.0
28383.0
28560.0
28694.0
28874.0
29058.0
29207.0
29376.0
29560.0
29744.0
29890.0
30068.0
30250.0
30430.0
30596.0
30775.0
30943.0
31125.0
31297.0
31469.0
31653.0
31832.0
32011.0
32190.0
32364.0
32521.0
32700.0
32874.0
33052.0
33227.0
33405.0
33579.0
33751.0
33928.0
34097.0
34281.0
34459.0
34637.0
34814.0
34981.0
35149.0
35322.0
35497.0
35668.0
35843.0
36010.0
36182.0
36358.0
36528.0
36705.0
36881.0
37057.0
37241.0
37411.0
37577.0
37750.0
37923.0
38091.0
38275.0
38450.0
38626.0
38805.0
38968.0
39152.0
39329.0
39509.0
39691.0
39865.0
40031.0
40215.0
40382.0
40556.0
40738.0
40917.0
41090.0
41263.0
41441.0
41623.0
41800.0
41980.0
42148.0
42324.0
42504.0
42668.0
42852.0
43027.0
43199.0
43368.0
43543.0
43710.0
43880.0
44053.0
44233.0
44398.0
44577.0
44756.0
44926.0
45097.0
45269.0
45451.0
45623.0
45793.0
45975.0
46128.0
46312.0
46496.0
46655.0
46831.0
47015.0
47182.0
47366.0
47527.0
47709.0
47886.0
48044.0
48226.0
48400.0
48576.0
48756.0
48929.0
49106.0
49290.0
49470.0
49625.0
49794.0
49967.0
50149.0
50314.0
50493.0
50673.0
50850.0
51034.0
51201.0
51371.0
51540.0
51711.0
51891.0
52071.0
52251.0
52430.0
52605.0
52774.0
52958.0
53124.0
53303.0
53485.0
53650.0
53825.0
54000.0
54164.0
54326.0
54498.0
54682.0
54849.0
55031.0
55213.0
55395.0
55570.0
55717.0
55897.0
56079.0
56263.0
56447.0
56631.0
56804.0
56976.0
57144.0
57324.0
57497.0
57677.0
57844.0
58028.0
58176.0
58344.0
58504.0
58684.0
58856.0
59036.0
59215.0
59388.0
59568.0
59739.0
59914.0
60088.0
60261.0
60431.0
60594.0
60771.0
60947.0
61131.0
61308.0
61485.0
61640.0
61824.0
61998.0
62176.0
62354.0
62529.0
62706.0
62886.0
63052.0
63236.0
63408.0
63585.0
63760.0
63931.0
64105.0
64287.0
64464.0
64622.0
64783.0
64957.0
65127.0
65306.0
65475.0
65645.0
65829.0
66006.0
66183.0
66360.0
66542.0
66703.0
66885.0
67065.0
67240.0
67414.0
67570.0
67745.0
67919.0
68103.0
68272.0
68447.0
68629.0
68803.0
68981.0
69159.0
69341.0
69523.0
69699.0
69879.0
70059.0
70228.0
70401.0
70581.0
70763.0
70943.0
71115.0
71297.0
71467.0
71647.0
71823.0
71992.0
72174.0
72351.0
72529.0
72713.0
72897.0
73067.0
73240.0
73422.0
73595.0
73765.0
73933.0
74115.0
74280.0
74462.0
74618.0
74787.0
74969.0
75143.0
75318.0
75502.0
75684.0
75847.0
76020.0
76200.0
76372.0
76543.0
76707.0
76872.0
77051.0
77233.0
77410.0
77590.0
77767.0
77939.0
78123.0
78279.0
78459.0
78638.0
78803.0
78960.0
79116.0
79298.0
79478.0
79662.0
79837.0
80014.0
80194.0
80378.0
80546.0
80715.0
80888.0
81065.0
81247.0
81420.0
81602.0
81780.0
81964.0
82114.0
82291.0
82473.0
82652.0
82831.0
83015.0
83181.0
83360.0
83540.0
83720.0
83891.0
84067.0
84246.0
84421.0
84600.0
84763.0
84945.0
85125.0
85309.0
85484.0
85664.0
85830.0
85991.0
86157.0
86339.0
86523.0
86703.0
86874.0
87045.0
87218.0
87393.0
87562.0
87727.0
87890.0
88074.0
88256.0
88430.0
88607.0
88789.0
88965.0
89149.0
89323.0
89507.0
89691.0
89860.0
90040.0
90215.0
90399.0
90581.0
90741.0
90903.0
91071.0
91249.0
91431.0
91605.0
91785.0
91962.0
92139.0
92316.0
92491.0
92657.0
92830.0
92986.0
93159.0
93303.0
93483.0
93657.0
93823.0
93988.0
94158.0
94337.0
94503.0
94674.0
94858.0
95033.0
95213.0
95387.0
95562.0
95730.0
95907.0
96082.0
96264.0
96442.0
96624.0
96803.0
96985.0
97164.0
97337.0
97517.0
97695.0
97879.0
98052.0
98212.0
98377.0
98556.0
98738.0
98895.0
99071.0
99253.0
99425.0
99600.0
99779.0
99963.0
100138.0
100315.0
100495.0
100669.0
100851.0
101030.0
101205.0
101375.0
101543.0
101716.0
101881.0
102056.0
102234.0
102418.0
102593.0
102764.0
102940.0
103119.0
103303.0
103481.0
103661.0
103841.0
104010.0
104172.0
104347.0
104514.0
104681.0
104854.0
105024.0
105201.0
105367.0
105547.0
105725.0
105907.0
106074.0
106254.0
106430.0
106612.0
106796.0
106964.0
107144.0
107320.0
107504.0
107679.0
107850.0
108017.0
108199.0
108381.0
108555.0
108734.0
108893.0
109061.0
109243.0
109419.0
109601.0
109783.0
109960.0
110144.0
110319.0
110496.0
110650.0
110829.0
110998.0
111176.0
111358.0
111537.0
111708.0
111885.0
112057.0
112233.0
112411.0
112589.0
112759.0
112930.0
113110.0
113292.0
113465.0
113623.0
113783.0
113958.0
114123.0
114300.0
114471.0
114636.0
114813.0
114995.0
115171.0
115346.0
115507.0
115691.0
115868.0
116031.0
116198.0
116373.0
116552.0
116715.0
116880.0
117046.0
117226.0
117391.0
117557.0
117737.0
117912.0
118084.0
118266.0
118438.0
118596.0
118775.0
118943.0
119109.0
119291.0
119461.0
119634.0
119807.0
119966.0
120133.0
120312.0
120494.0
120671.0
120851.0
121033.0
121208.0
121392.0
121569.0
121747.0
121926.0
122104.0
122278.0
122455.0
122639.0
122795.0
122953.0
123127.0
123309.0
123480.0
123664.0
123835.0
124019.0
124193.0
124370.0
124549.0
124733.0
124911.0
125090.0
125274.0
125454.0
125633.0
125810.0
125985.0
126167.0
126347.0
126524.0
126699.0
126879.0
127049.0
127224.0
127391.0
127573.0
127750.0
127926.0
128110.0
128268.0
128443.0
128622.0
128806.0
128986.0
129166.0
129348.0
129525.0
129702.0
129879.0
130051.0
130220.0
130394.0
130568.0
130745.0
130925.0
131096.0
131268.0
131446.0
131626.0
131805.0
131975.0
132155.0
132332.0
132501.0
132678.0
132860.0
133035.0
133170.0
133344.0
133519.0
133685.0
133867.0
134035.0
134207.0
134387.0
134562.0
134744.0
134919.0
135087.0
135257.0
135422.0
135596.0
135762.0
135944.0
136114.0
136290.0
136441.0
136610.0
136792.0
136960.0
137139.0
137319.0
137492.0
137665.0
137818.0
137978.0
138155.0
138339.0
138497.0
138672.0
138834.0
138997.0
139154.0
139331.0
139505.0
139687.0
139859.0
140036.0
140211.0
140384.0
140554.0
140734.0
140901.0
141076.0
141237.0
141414.0
141596.0
141774.0
141956.0
142121.0
142305.0
142485.0
142662.0
142837.0
143011.0
143179.0
143350.0
143521.0
143696.0
143880.0
144064.0
144238.0
144409.0
144586.0
144764.0
144925.0
145101.0
145276.0
145440.0
145616.0
145800.0
145982.0
146150.0
146328.0
146510.0
146685.0
146848.0
147017.0
147195.0
147363.0
147521.0
147680.0
147858.0
148031.0
148208.0
148382.0
148548.0
148732.0
148907.0
149091.0
149263.0
149438.0
149615.0
149785.0
149958.0
150132.0
150311.0
150491.0
150659.0
150841.0
151016.0
151181.0
151358.0
151538.0
151712.0
151890.0
152060.0
152239.0
152404.0
152588.0
152770.0
152946.0
153130.0
153307.0
153489.0
153666.0
153848.0
154032.0
154207.0
154387.0
154564.0
154730.0
154908.0
155092.0
155274.0
155446.0
155620.0
155788.0
155962.0
156140.0
156313.0
156491.0
156671.0
156847.0
157019.0
157203.0
157383.0
157565.0
157744.0
157924.0
158092.0
158276.0
158456.0
158633.0
158803.0
158985.0
159153.0
159314.0
159493.0
159671.0
159849.0
160024.0
160185.0
160369.0
160535.0
160703.0
160883.0
161051.0
161216.0
161398.0
161570.0
161749.0
161924.0
162091.0
162271.0
162436.0
162606.0
162784.0
162929.0
163111.0
163293.0
163459.0
163643.0
163803.0
163979.0
164158.0
164335.0
164519.0
164696.0
164876.0
165055.0
165237.0
165412.0
165596.0
165775.0
165946.0
166121.0
166297.0
166468.0
166642.0
166826.0
166987.0
167171.0
167351.0
167523.0
167700.0
167879.0
168063.0
168240.0
168424.0
168592.0
168769.0
168937.0
169113.0
169273.0
169447.0
169629.0
169801.0
169979.0
170154.0
170324.0
170506.0
170682.0
170855.0
171039.0
171219.0
171393.0
171564.0
171737.0
171921.0
172103.0
172278.0
172442.0
172607.0
172791.0
172960.0
173131.0
173294.0
173460.0
173637.0
173817.0
173986.0
174158.0
174336.0
174502.0
174674.0
174853.0
175026.0
175205.0
175378.0
175550.0
175727.0
175894.0
176066.0
176244.0
176419.0
176599.0
176773.0
176940.0
177122.0
177295.0
177467.0
177617.0
177795.0
177970.0
178148.0
178315.0
178486.0
178660.0
178825.0
178996.0
179171.0
179353.0
179524.0
179703.0
179883.0
180053.0
180228.0
180400.0
180578.0
180760.0
180935.0
181110.0
181289.0
181473.0
181653.0
181823.0
182007.0
182184.0
182362.0
182519.0
182696.0
182880.0
183057.0
183239.0
183414.0
183585.0
183758.0
183936.0
184114.0
184273.0
184447.0
184613.0
184793.0
184971.0
185148.0
185315.0
185491.0
185654.0
185834.0
186002.0
186168.0
186348.0
186523.0
186698.0
186878.0
187048.0
187225.0
187409.0
187589.0
187753.0
187927.0
188109.0
188272.0
188446.0
188624.0
188802.0
188973.0
189140.0
189317.0
189496.0
189676.0
189856.0
190030.0
190210.0
190386.0
190558.0
190740.0
190915.0
191089.0
191264.0
191444.0
191621.0
191786.0
191965.0
192091.0
192259.0
192429.0
192609.0
192782.0
192944.0
193121.0
193294.0
193462.0
193632.0
193797.0
193977.0
194152.0
194336.0
194516.0
194690.0
194874.0
195056.0
195228.0
195410.0
195585.0
195763.0
195929.0
196106.0
196281.0
196448.0
196621.0
196801.0
196974.0
197152.0
197320.0
197483.0
197662.0
197834.0
198001.0
198176.0
198355.0
198518.0
198685.0
198857.0
199032.0
199214.0
199392.0
199574.0
199745.0
199925.0
200107.0
200281.0
200455.0
200621.0
200798.0
200977.0
201154.0
201331.0
201513.0
201672.0
201852.0
202021.0
202201.0
202369.0
202530.0
202709.0
202889.0
203069.0
203246.0
203421.0
203603.0
203767.0
203949.0
204125.0
204300.0
204474.0
204640.0
204812.0
204994.0
205161.0
205338.0
205501.0
205672.0
205848.0
206001.0
206169.0
206353.0
206530.0
206700.0
206871.0
207053.0
207235.0
207403.0
207573.0
207744.0
207917.0
208089.0
208271.0
208453.0
208637.0
208803.0
208977.0
209157.0
209320.0
209499.0
209674.0
209851.0
210025.0
210200.0
210382.0
210559.0
210736.0
210899.0
211083.0
211247.0
211422.0
211589.0
211766.0
211945.0
212116.0
212298.0
212482.0
212660.0
212835.0
213010.0
213188.0
213362.0
213536.0
213714.0
213892.0
214060.0
214240.0
214422.0
214592.0
214769.0
214939.0
215112.0
215292.0
215472.0
215652.0
215832.0
216011.0
216190.0
216368.0
216534.0
216710.0
216887.0
217061.0
217243.0
217420.0
217604.0
217775.0
217957.0
218130.0
218305.0
218480.0
218664.0
218846.0
219024.0
219204.0
219379.0
219556.0
219734.0
219897.0
220077.0
220249.0
220420.0
220604.0
220786.0
220955.0
221111.0
221295.0
221479.0
221656.0
221840.0
222018.0
222181.0
222360.0
222544.0
222728.0
222912.0
223094.0
223271.0
223443.0
223610.0
223790.0
223974.0
224152.0
224302.0
224479.0
224663.0
224845.0
225010.0
225190.0
225364.0
225540.0
225720.0
225883.0
226061.0
226227.0
226400.0
226570.0
226746.0
226928.0
227112.0
227291.0
227475.0
227651.0
227823.0
227983.0
228154.0
228332.0
228505.0
228676.0
228860.0
229026.0
229208.0
229390.0
229550.0
229723.0
229905.0
230075.0
230250.0
230428.0
230608.0
230778.0
230960.0
231134.0
231313.0
231495.0
231671.0
231849.0
232028.0
232212.0
232387.0
232564.0
232738.0
232920.0
233092.0
233264.0
233441.0
233623.0
233807.0
233991.0
234171.0
234339.0
234507.0
234678.0
234848.0
235030.0
235214.0
235390.0
235574.0
235728.0
235912.0
236085.0
236269.0
236451.0
236624.0
236791.0
236962.0
237144.0
237323.0
237498.0
237671.0
237849.0
238012.0
238187.0
238363.0
238531.0
238695.0
238877.0
239052.0
239225.0
239409.0
239593.0
239767.0
239933.0
240117.0
240291.0
240446.0
240621.0
240791.0
240966.0
241136.0
241302.0
241476.0
241654.0
241827.0
242004.0
242167.0
242346.0
242521.0
242703.0
242876.0
243052.0
243236.0
243408.0
243573.0
243753.0
243916.0
244094.0
244278.0
244428.0
244606.0
244781.0
244955.0
245126.0
245294.0
245471.0
245649.0
245829.0
246009.0
246160.0
246340.0
246510.0
246671.0
246851.0
247024.0
247192.0
247376.0
247553.0
247723.0
247907.0
248081.0
248263.0
248438.0
248612.0
248770.0
248954.0
249132.0
249309.0
249474.0
249649.0
249826.0
250002.0
250164.0
250346.0
250523.0
250705.0
250887.0
251071.0
251246.0
251420.0
251594.0
251762.0
251926.0
252097.0
252281.0
252451.0
252621.0
252792.0
252969.0
