a = 0.8
g = 0.8
e = 0.1
random initial weights = false

-1572.0
-2574.0
-3074.0
-3644.0
-4144.0
-4818.0
-5287.0
-5745.0
-6211.0
-6654.0
-7141.0
-7624.0
-8063.0
-8561.0
-8416.0
-8835.0
-9270.0
-9699.0
-10115.0
-10025.0
-10437.0
-10862.0
-11321.0
-11741.0
-12171.0
-12003.0
-12417.0
-12336.0
-12160.0
-11984.0
-11810.0
-11634.0
-11458.0
-11324.0
-11148.0
-10978.0
-10804.0
-10630.0
-10454.0
-10278.0
-10102.0
-9935.0
-9767.0
-9593.0
-9419.0
-9245.0
-9073.0
-8902.0
-8728.0
-8552.0
-8380.0
-8204.0
-8032.0
-7863.0
-7689.0
-7513.0
-7337.0
-7161.0
-6990.0
-6819.0
-6643.0
-6472.0
-6301.0
-6127.0
-5955.0
-5781.0
-5610.0
-5436.0
-5269.0
-5099.0
-4925.0
-4749.0
-4575.0
-4404.0
-4230.0
-4059.0
-3885.0
-3709.0
-3533.0
-3357.0
-3181.0
-3012.0
-2841.0
-2667.0
-2493.0
-2317.0
-2141.0
-1965.0
-1789.0
-1615.0
-1439.0
-1263.0
-1087.0
-915.0
-739.0
-570.0
-394.0
-218.0
-46.0
125.0
296.0
472.0
648.0
819.0
995.0
1158.0
1334.0
1510.0
1686.0
1862.0
2038.0
2214.0
2388.0
2562.0
2738.0
2914.0
3088.0
3264.0
3438.0
3610.0
3784.0
3960.0
4129.0
4303.0
4479.0
4655.0
4831.0
5003.0
5179.0
5355.0
5531.0
5702.0
5876.0
6052.0
6228.0
6402.0
6576.0
6750.0
6924.0
7098.0
7274.0
7448.0
7617.0
7793.0
7969.0
8145.0
8321.0
8495.0
8664.0
8838.0
9010.0
9184.0
9351.0
9525.0
9701.0
9873.0
10023.0
10197.0
10371.0
10542.0
10718.0
10892.0
11064.0
11240.0
11416.0
11592.0
11761.0
11937.0
12113.0
12289.0
12465.0
12641.0
12798.0
12974.0
13146.0
13313.0
13485.0
13661.0
13832.0
14006.0
14182.0
14353.0
14527.0
14696.0
14872.0
15048.0
15224.0
15400.0
15574.0
15743.0
15919.0
16093.0
16267.0
16441.0
16613.0
16787.0
16961.0
17130.0
17306.0
17480.0
17651.0
17823.0
17992.0
18166.0
18340.0
18516.0
18690.0
18866.0
19038.0
19212.0
19388.0
19562.0
19732.0
19904.0
20080.0
20254.0
20430.0
20606.0
20782.0
20956.0
21130.0
21306.0
21482.0
21658.0
21834.0
22010.0
22184.0
22358.0
22534.0
22710.0
22879.0
23053.0
23229.0
23403.0
23577.0
23753.0
23927.0
24098.0
24274.0
24450.0
24605.0
24779.0
24953.0
25129.0
25303.0
25479.0
25655.0
25831.0
26005.0
26181.0
26357.0
26531.0
26707.0
26877.0
27053.0
27229.0
27403.0
27575.0
27746.0
27922.0
28098.0
28274.0
28446.0
28622.0
28798.0
28967.0
29134.0
29308.0
29477.0
29651.0
29827.0
30003.0
30177.0
30348.0
30519.0
30695.0
30869.0
31038.0
31209.0
31378.0
31554.0
31728.0
31904.0
32078.0
32252.0
32428.0
32602.0
32778.0
32949.0
33125.0
33301.0
33477.0
33653.0
33827.0
34003.0
34177.0
34353.0
34527.0
34703.0
34879.0
35055.0
35229.0
35405.0
35579.0
35753.0
35924.0
36094.0
36268.0
36444.0
36620.0
36794.0
36968.0
37144.0
37316.0
37490.0
37654.0
37830.0
38004.0
38180.0
38354.0
38530.0
38700.0
38874.0
39048.0
39222.0
39398.0
39574.0
39750.0
39926.0
40100.0
40276.0
40452.0
40628.0
40804.0
40980.0
41156.0
41332.0
41508.0
41684.0
41856.0
42020.0
42192.0
42368.0
42540.0
42716.0
42892.0
43068.0
43244.0
43415.0
43586.0
43757.0
43933.0
44109.0
44279.0
44455.0
44629.0
44805.0
44979.0
45150.0
45326.0
45502.0
45676.0
45823.0
45999.0
46173.0
46344.0
46520.0
46694.0
46868.0
47039.0
47215.0
47389.0
47557.0
47731.0
47901.0
48075.0
48246.0
48422.0
48593.0
48769.0
48945.0
49121.0
49297.0
49473.0
49649.0
49825.0
49999.0
50169.0
50341.0
50517.0
50691.0
50860.0
51034.0
51210.0
51386.0
51562.0
51736.0
51912.0
52083.0
52252.0
52426.0
52600.0
52774.0
52950.0
53121.0
53295.0
53471.0
53647.0
53823.0
53994.0
54170.0
54346.0
54515.0
54691.0
54865.0
55041.0
55207.0
55383.0
55554.0
55730.0
55904.0
56080.0
56254.0
56428.0
56604.0
56778.0
56954.0
57130.0
57306.0
57480.0
57644.0
57813.0
57989.0
58158.0
58334.0
58510.0
58684.0
58860.0
59036.0
59212.0
59388.0
59564.0
59740.0
59914.0
60090.0
60266.0
60442.0
60616.0
60792.0
60968.0
61144.0
61320.0
61496.0
61670.0
61842.0
62016.0
62188.0
62364.0
62536.0
62710.0
62886.0
63049.0
63223.0
63399.0
63573.0
63745.0
63914.0
64090.0
64266.0
64440.0
64611.0
64782.0
64956.0
65128.0
65300.0
65474.0
65648.0
65824.0
65998.0
66172.0
66343.0
66519.0
66691.0
66867.0
67043.0
67215.0
67391.0
67565.0
67731.0
67905.0
68081.0
68253.0
68429.0
68605.0
68781.0
68957.0
69131.0
69307.0
69481.0
69652.0
69828.0
69998.0
70174.0
70348.0
70517.0
70691.0
70855.0
71031.0
71207.0
71383.0
71559.0
71735.0
71909.0
72081.0
72252.0
72418.0
72592.0
72768.0
72942.0
73116.0
73290.0
73466.0
73631.0
73807.0
73978.0
74154.0
74330.0
74506.0
74680.0
74849.0
75023.0
75192.0
75368.0
75544.0
75720.0
75894.0
76070.0
76246.0
76414.0
76583.0
76759.0
76935.0
77111.0
77287.0
77457.0
77626.0
77802.0
77978.0
78150.0
78326.0
78502.0
78676.0
78852.0
79026.0
79197.0
79373.0
79549.0
79725.0
79901.0
80077.0
80253.0
80427.0
80599.0
80775.0
80949.0
81121.0
81293.0
81469.0
81645.0
81816.0
81990.0
82159.0
82335.0
82509.0
82683.0
82854.0
83028.0
83204.0
83376.0
83552.0
83726.0
83900.0
84074.0
84250.0
84426.0
84597.0
84773.0
84947.0
85121.0
85293.0
85469.0
85643.0
85819.0
85991.0
86162.0
86338.0
86514.0
86690.0
86866.0
87042.0
87218.0
87394.0
87568.0
87740.0
87916.0
88090.0
88266.0
88435.0
88611.0
88787.0
88959.0
89131.0
89307.0
89483.0
89655.0
89831.0
90000.0
90174.0
90348.0
90524.0
90700.0
90876.0
91046.0
91222.0
91393.0
91567.0
91743.0
91917.0
92091.0
92261.0
92437.0
92613.0
92785.0
92959.0
93135.0
93305.0
93479.0
93650.0
93826.0
94000.0
94174.0
94346.0
94522.0
94698.0
94872.0
95046.0
95222.0
95398.0
95574.0
95750.0
95926.0
96102.0
96278.0
96452.0
96628.0
96804.0
96980.0
97156.0
97332.0
97508.0
97684.0
97860.0
98036.0
98212.0
98388.0
98564.0
98734.0
98908.0
99082.0
99258.0
99432.0
99606.0
99780.0
99956.0
100132.0
100304.0
100480.0
100656.0
100832.0
101006.0
101173.0
101340.0
101511.0
101683.0
101859.0
102033.0
102209.0
102383.0
102545.0
102716.0
102892.0
103068.0
103242.0
103418.0
103592.0
103768.0
103944.0
104116.0
104290.0
104466.0
104638.0
104814.0
104988.0
105162.0
105333.0
105509.0
105683.0
105857.0
106024.0
106193.0
106359.0
106535.0
106711.0
106885.0
107061.0
107237.0
107413.0
107589.0
107765.0
107939.0
108115.0
108291.0
108467.0
108641.0
108808.0
108975.0
109143.0
109319.0
109493.0
109662.0
109838.0
110014.0
110188.0
110364.0
110536.0
110712.0
110888.0
111060.0
111234.0
111408.0
111582.0
111754.0
111930.0
112100.0
112270.0
112446.0
112622.0
112796.0
112972.0
113148.0
113324.0
113500.0
113676.0
113845.0
114019.0
114195.0
114366.0
114540.0
114714.0
114883.0
115057.0
115233.0
115407.0
115576.0
115752.0
115926.0
116102.0
116276.0
116452.0
116624.0
116800.0
116976.0
117150.0
117326.0
117500.0
117676.0
117846.0
118022.0
118198.0
118367.0
118537.0
118713.0
118889.0
119065.0
119237.0
119409.0
119583.0
119759.0
119935.0
120107.0
120283.0
120455.0
120631.0
120807.0
120976.0
121152.0
121328.0
121504.0
121680.0
121849.0
122025.0
122197.0
122369.0
122541.0
122717.0
122883.0
123055.0
123231.0
123407.0
123579.0
123751.0
123927.0
124099.0
124275.0
124451.0
124625.0
124796.0
124963.0
125134.0
125306.0
125478.0
125647.0
125823.0
125994.0
126163.0
126339.0
126515.0
126691.0
126865.0
127035.0
127203.0
127379.0
127555.0
127724.0
127898.0
128067.0
128241.0
128415.0
128589.0
128763.0
128939.0
129115.0
129291.0
129459.0
129630.0
129806.0
129982.0
130158.0
130334.0
130510.0
130686.0
130862.0
131038.0
131207.0
131381.0
131553.0
131722.0
131898.0
132072.0
132248.0
132424.0
132600.0
132776.0
132952.0
133128.0
133302.0
133473.0
133643.0
133819.0
133993.0
134165.0
134341.0
134517.0
134689.0
134855.0
135019.0
135193.0
135369.0
135539.0
135713.0
135887.0
136063.0
136239.0
136413.0
136589.0
136761.0
136928.0
137102.0
137278.0
137454.0
137624.0
137796.0
137972.0
138148.0
138324.0
138493.0
138662.0
138829.0
139005.0
139181.0
139352.0
139528.0
139704.0
139873.0
140049.0
140218.0
140394.0
140570.0
140734.0
140910.0
141076.0
141252.0
141428.0
141604.0
141778.0
141954.0
142130.0
142306.0
142482.0
142650.0
142826.0
143000.0
143176.0
143345.0
143521.0
143697.0
143871.0
144047.0
144216.0
144392.0
144564.0
144738.0
144907.0
145083.0
145259.0
145431.0
145607.0
145783.0
145959.0
146125.0
146301.0
146477.0
146646.0
146822.0
146998.0
147174.0
147341.0
147515.0
147686.0
147858.0
148034.0
148210.0
148379.0
148553.0
148729.0
148903.0
149077.0
149247.0
149421.0
149595.0
149769.0
149945.0
150121.0
150297.0
150471.0
150645.0
150815.0
150987.0
151163.0
151339.0
151510.0
151686.0
151860.0
152034.0
152208.0
152384.0
152555.0
152729.0
152903.0
153077.0
153246.0
153422.0
153598.0
153767.0
153943.0
154119.0
154291.0
154467.0
154641.0
154817.0
154991.0
155165.0
155341.0
155515.0
155687.0
155861.0
156028.0
156204.0
156380.0
156552.0
156728.0
156902.0
157074.0
157250.0
157422.0
157596.0
157772.0
157948.0
158124.0
158300.0
158469.0
158645.0
158817.0
158993.0
159167.0
159341.0
159517.0
159693.0
159869.0
160045.0
160221.0
160397.0
160573.0
160745.0
160919.0
161088.0
161259.0
161435.0
161609.0
161785.0
161959.0
162135.0
162309.0
162483.0
162659.0
162828.0
163004.0
163180.0
163356.0
163532.0
163706.0
163882.0
164054.0
164230.0
164398.0
164574.0
164750.0
164924.0
165100.0
165276.0
165452.0
165624.0
165790.0
165966.0
166142.0
166309.0
166480.0
166651.0
166821.0
166995.0
167171.0
167347.0
167523.0
167694.0
167866.0
168042.0
168216.0
168388.0
168564.0
168735.0
168911.0
169085.0
169259.0
169435.0
169609.0
169783.0
169955.0
170126.0
170296.0
170462.0
170638.0
170812.0
170988.0
171164.0
171340.0
171516.0
171690.0
171866.0
172035.0
172209.0
172385.0
172561.0
172737.0
172908.0
173080.0
173256.0
173432.0
173606.0
173782.0
173954.0
174130.0
174302.0
174478.0
174650.0
174826.0
175002.0
175176.0
175352.0
175526.0
175700.0
175874.0
176050.0
176221.0
176395.0
176566.0
176740.0
176914.0
177090.0
177261.0
177437.0
177611.0
177781.0
177952.0
178126.0
178298.0
178468.0
178640.0
178814.0
178990.0
179164.0
179336.0
179505.0
179676.0
179848.0
180022.0
180196.0
180368.0
180544.0
180718.0
180894.0
181054.0
181230.0
181406.0
181582.0
181756.0
181932.0
182108.0
182282.0
182458.0
182632.0
182806.0
182982.0
183150.0
183322.0
183496.0
183662.0
183838.0
184010.0
184186.0
184360.0
184534.0
184710.0
184886.0
185060.0
185228.0
185404.0
185580.0
185756.0
185923.0
186097.0
186268.0
186444.0
186613.0
186789.0
186965.0
187141.0
187317.0
187491.0
187665.0
187841.0
188017.0
188193.0
188369.0
188540.0
188716.0
188892.0
189068.0
189244.0
189418.0
189594.0
189770.0
189946.0
190120.0
190289.0
190465.0
190641.0
190817.0
190988.0
191159.0
191333.0
191507.0
191681.0
191850.0
192024.0
192200.0
192374.0
192548.0
192724.0
192900.0
193076.0
193252.0
193428.0
193602.0
193778.0
193954.0
194128.0
194300.0
194467.0
194643.0
194819.0
194995.0
195169.0
195343.0
195515.0
195682.0
195856.0
196030.0
196204.0
196380.0
196552.0
196722.0
196894.0
197065.0
197237.0
197411.0
197582.0
197758.0
197928.0
198104.0
198267.0
198443.0
198617.0
198793.0
198969.0
199145.0
199319.0
199493.0
199664.0
199835.0
200009.0
200183.0
200357.0
200533.0
200709.0
200883.0
201059.0
201235.0
201409.0
201585.0
201759.0
201928.0
202104.0
202267.0
202439.0
202613.0
202787.0
202956.0
203126.0
203300.0
203474.0
203650.0
203822.0
203998.0
204174.0
204350.0
204524.0
204698.0
204874.0
205050.0
205226.0
205398.0
205574.0
205750.0
205921.0
206097.0
206273.0
206449.0
206618.0
206794.0
206968.0
207144.0
207318.0
207492.0
207668.0
207844.0
208018.0
208194.0
208370.0
208546.0
208722.0
208896.0
209070.0
209244.0
209418.0
209594.0
209770.0
209944.0
210113.0
210283.0
210452.0
210626.0
210800.0
210976.0
211150.0
211326.0
211500.0
211676.0
211850.0
212026.0
212202.0
212376.0
212552.0
212728.0
212899.0
213073.0
213247.0
213423.0
213597.0
213769.0
213945.0
214117.0
214291.0
214467.0
214643.0
214812.0
214983.0
215157.0
215331.0
215505.0
215681.0
215857.0
216026.0
216200.0
216376.0
216552.0
216722.0
216898.0
217074.0
217246.0
217422.0
217594.0
217770.0
217946.0
218116.0
218292.0
218468.0
218639.0
218815.0
218991.0
219165.0
219339.0
219515.0
219691.0
219860.0
220034.0
220208.0
220380.0
220554.0
220730.0
220906.0
221082.0
221258.0
221434.0
221608.0
221779.0
221953.0
222129.0
222301.0
222475.0
222651.0
222825.0
223001.0
223177.0
223347.0
223519.0
223688.0
223864.0
224040.0
224216.0
224392.0
224566.0
224730.0
224904.0
225074.0
225250.0
225421.0
225586.0
225762.0
225938.0
226109.0
226285.0
226457.0
226633.0
226809.0
226978.0
227150.0
227322.0
227496.0
227670.0
227844.0
228018.0
228192.0
228361.0
228537.0
228711.0
228887.0
229061.0
229235.0
229411.0
229587.0
229763.0
229937.0
230113.0
230289.0
230463.0
230637.0
230813.0
230985.0
231161.0
231328.0
231504.0
231676.0
231852.0
232026.0
232202.0
232376.0
232552.0
232719.0
232895.0
233071.0
233241.0
233413.0
233589.0
233765.0
233936.0
234112.0
234288.0
234462.0
234638.0
234807.0
234979.0
235151.0
235317.0
235483.0
235657.0
235833.0
236009.0
236181.0
236353.0
236527.0
236701.0
236877.0
237051.0
237227.0
237403.0
237579.0
237753.0
237927.0
238101.0
238275.0
238447.0
238616.0
238792.0
238966.0
239142.0
239318.0
239494.0
239670.0
239846.0
240016.0
240186.0
240362.0
240538.0
240705.0
240874.0
241050.0
241226.0
241400.0
241571.0
241747.0
241923.0
242097.0
242271.0
242447.0
242623.0
242799.0
242973.0
243145.0
243317.0
243493.0
