a = 0.8
g = 0.2
e = 0.1
random initial weights = false

-1504.0
-2446.0
-2916.0
-3413.0
-3867.0
-4290.0
-4780.0
-5284.0
-5749.0
-6192.0
-6633.0
-7069.0
-6953.0
-7382.0
-7816.0
-8253.0
-8670.0
-9091.0
-9522.0
-9964.0
-10379.0
-10801.0
-11228.0
-11645.0
-11490.0
-11316.0
-11731.0
-11575.0
-11403.0
-11246.0
-11073.0
-11484.0
-11899.0
-11727.0
-12138.0
-12564.0
-12394.0
-12812.0
-12636.0
-12462.0
-12873.0
-13288.0
-13718.0
-14131.0
-13959.0
-13783.0
-13609.0
-13431.0
-13253.0
-13075.0
-12899.0
-12721.0
-12545.0
-12367.0
-12193.0
-12015.0
-11837.0
-11661.0
-11485.0
-11309.0
-11131.0
-10955.0
-10777.0
-10599.0
-10421.0
-10243.0
-10070.0
-9897.0
-9719.0
-9543.0
-9365.0
-9189.0
-9011.0
-8833.0
-8655.0
-8477.0
-8301.0
-8125.0
-7949.0
-7777.0
-7599.0
-7426.0
-7253.0
-7075.0
-6897.0
-6719.0
-6541.0
-6371.0
-6197.0
-6021.0
-5845.0
-5674.0
-5501.0
-5325.0
-5149.0
-4971.0
-4798.0
-4625.0
-4447.0
-4269.0
-4091.0
-3915.0
-3737.0
-3561.0
-3388.0
-3222.0
-3044.0
-2870.0
-2694.0
-2516.0
-2338.0
-2160.0
-1987.0
-1813.0
-1635.0
-1459.0
-1283.0
-1105.0
-927.0
-751.0
-573.0
-395.0
-217.0
-41.0
137.0
313.0
489.0
657.0
833.0
1011.0
1187.0
1365.0
1543.0
1721.0
1899.0
2072.0
2250.0
2428.0
2604.0
2780.0
2958.0
3134.0
3306.0
3482.0
3658.0
3827.0
4005.0
4181.0
4359.0
4537.0
4715.0
4893.0
5067.0
5239.0
5417.0
5595.0
5773.0
5949.0
6127.0
6305.0
6474.0
6652.0
6830.0
7004.0
7178.0
7356.0
7529.0
7705.0
7883.0
8057.0
8228.0
8402.0
8580.0
8747.0
8923.0
9099.0
9277.0
9455.0
9633.0
9809.0
9987.0
10160.0
10338.0
10516.0
10685.0
10863.0
11041.0
11219.0
11395.0
11573.0
11749.0
11927.0
12105.0
12278.0
12452.0
12630.0
12801.0
12977.0
13155.0
13328.0
13496.0
13672.0
13850.0
14028.0
14204.0
14382.0
14558.0
14726.0
14902.0
15074.0
15252.0
15430.0
15602.0
15776.0
15954.0
16132.0
16306.0
16484.0
16662.0
16835.0
17013.0
17184.0
17362.0
17540.0
17716.0
17883.0
18059.0
18237.0
18408.0
18586.0
18764.0
18942.0
19116.0
19294.0
19472.0
19645.0
19823.0
19994.0
20170.0
20344.0
20522.0
20690.0
20866.0
21042.0
21215.0
21389.0
21567.0
21743.0
21921.0
22094.0
22270.0
22443.0
22621.0
22799.0
22977.0
23153.0
23327.0
23505.0
23681.0
23859.0
24035.0
24213.0
24382.0
24558.0
24734.0
24900.0
25071.0
25244.0
25422.0
25598.0
25771.0
25949.0
26125.0
26303.0
26481.0
26659.0
26835.0
27013.0
27191.0
27369.0
27547.0
27723.0
27901.0
28077.0
28251.0
28429.0
28600.0
28776.0
28954.0
29132.0
29310.0
29488.0
29666.0
29844.0
30020.0
30196.0
30368.0
30546.0
30714.0
30892.0
31068.0
31246.0
31424.0
31602.0
31778.0
31956.0
32132.0
32310.0
32486.0
32664.0
32842.0
33018.0
33194.0
33372.0
33548.0
33724.0
33902.0
34078.0
34256.0
34434.0
34610.0
34788.0
34964.0
35138.0
35316.0
35492.0
35670.0
35846.0
36024.0
36202.0
36380.0
36556.0
36734.0
36912.0
37088.0
37262.0
37440.0
37618.0
37796.0
37974.0
38152.0
38325.0
38503.0
38681.0
38857.0
39035.0
39211.0
39389.0
39562.0
39735.0
39913.0
40089.0
40267.0
40438.0
40616.0
40792.0
40968.0
41146.0
41319.0
41497.0
41675.0
41848.0
42026.0
42204.0
42382.0
42560.0
42738.0
42907.0
43083.0
43261.0
43437.0
43613.0
43785.0
43963.0
44139.0
44317.0
44495.0
44673.0
44851.0
45024.0
45200.0
45376.0
45550.0
45726.0
45893.0
46071.0
46242.0
46416.0
46594.0
46772.0
46941.0
47119.0
47292.0
47470.0
47636.0
47809.0
47987.0
48152.0
48325.0
48501.0
48677.0
48855.0
49031.0
49207.0
49385.0
49563.0
49741.0
49919.0
50092.0
50270.0
50448.0
50626.0
50804.0
50980.0
51146.0
51317.0
51495.0
51673.0
51851.0
52029.0
52205.0
52379.0
52557.0
52728.0
52906.0
53084.0
53258.0
53436.0
53612.0
53790.0
53957.0
54133.0
54311.0
54489.0
54667.0
54843.0
55021.0
55197.0
55375.0
55553.0
55731.0
55907.0
56085.0
56261.0
56434.0
56612.0
56786.0
56964.0
57140.0
57318.0
57496.0
57674.0
57852.0
58028.0
58204.0
58373.0
58544.0
58722.0
58900.0
59076.0
59254.0
59425.0
59603.0
59772.0
59946.0
60124.0
60300.0
60476.0
60654.0
60830.0
61008.0
61186.0
61362.0
61540.0
61716.0
61888.0
62066.0
62244.0
62422.0
62595.0
62771.0
62949.0
63127.0
63305.0
63481.0
63659.0
63835.0
64006.0
64180.0
64358.0
64536.0
64709.0
64887.0
65065.0
65243.0
65414.0
65590.0
65761.0
65939.0
66117.0
66290.0
66468.0
66646.0
66824.0
67000.0
67178.0
67356.0
67530.0
67706.0
67884.0
68057.0
68235.0
68408.0
68586.0
68764.0
68942.0
69120.0
69298.0
69474.0
69652.0
69826.0
70004.0
70182.0
70358.0
70536.0
70707.0
70885.0
71063.0
71241.0
71417.0
71595.0
71766.0
71939.0
72115.0
72291.0
72469.0
72647.0
72823.0
72999.0
73172.0
73348.0
73526.0
73700.0
73876.0
74054.0
74230.0
74408.0
74586.0
74762.0
74935.0
75111.0
75287.0
75465.0
75641.0
75819.0
75997.0
76173.0
76339.0
76515.0
76691.0
76869.0
77047.0
77225.0
77403.0
77579.0
77757.0
77933.0
78111.0
78283.0
78459.0
78637.0
78810.0
78986.0
79162.0
79340.0
79514.0
79692.0
79870.0
80043.0
80219.0
80397.0
80571.0
80743.0
80921.0
81097.0
81273.0
81451.0
81622.0
81793.0
81967.0
82143.0
82312.0
82483.0
82659.0
82837.0
82995.0
83171.0
83349.0
83520.0
83694.0
83872.0
84048.0
84226.0
84397.0
84573.0
84749.0
84925.0
85103.0
85279.0
85457.0
85633.0
85811.0
85989.0
86165.0
86343.0
86521.0
86699.0
86877.0
87053.0
87231.0
87405.0
87581.0
87759.0
87930.0
88108.0
88280.0
88451.0
88620.0
88796.0
88972.0
89150.0
89326.0
89504.0
89682.0
89856.0
90034.0
90208.0
90386.0
90564.0
90742.0
90918.0
91096.0
91274.0
91452.0
91628.0
91804.0
91982.0
92160.0
92336.0
92514.0
92692.0
92865.0
93041.0
93217.0
93393.0
93569.0
93745.0
93921.0
94099.0
94277.0
94453.0
94629.0
94807.0
94985.0
95163.0
95336.0
95514.0
95692.0
95868.0
96046.0
96212.0
96390.0
96566.0
96742.0
96918.0
97096.0
97270.0
97448.0
97624.0
97802.0
97976.0
98152.0
98330.0
98508.0
98671.0
98847.0
99025.0
99201.0
99377.0
99553.0
99720.0
99894.0
100064.0
100240.0
100418.0
100596.0
100774.0
100952.0
101128.0
101299.0
101475.0
101653.0
101829.0
102007.0
102185.0
102363.0
102539.0
102717.0
102895.0
103073.0
103249.0
103427.0
103603.0
103781.0
103959.0
104122.0
104298.0
104476.0
104647.0
104821.0
104997.0
105175.0
105351.0
105529.0
105705.0
105883.0
106061.0
106239.0
106410.0
106588.0
106766.0
106939.0
107115.0
107293.0
107471.0
107647.0
107825.0
107996.0
108172.0
108350.0
108528.0
108706.0
108884.0
109062.0
109240.0
109418.0
109596.0
109774.0
109950.0
110128.0
110306.0
110482.0
110654.0
110828.0
111004.0
111173.0
111351.0
111529.0
111707.0
111885.0
112061.0
112235.0
112409.0
112585.0
112763.0
112939.0
113115.0
113293.0
113471.0
113649.0
113825.0
114003.0
114179.0
114357.0
114531.0
114709.0
114887.0
115063.0
115241.0
115413.0
115591.0
115765.0
115939.0
116112.0
116290.0
116458.0
116636.0
116814.0
116990.0
117162.0
117340.0
117516.0
117694.0
117872.0
118045.0
118216.0
118394.0
118572.0
118748.0
118924.0
119102.0
119280.0
119454.0
119632.0
119808.0
119986.0
120162.0
120340.0
120516.0
120694.0
120870.0
121046.0
121224.0
121395.0
121573.0
121751.0
121927.0
122105.0
122276.0
122454.0
122632.0
122806.0
122980.0
123158.0
123336.0
123514.0
123690.0
123868.0
124046.0
124222.0
124400.0
124574.0
124752.0
124926.0
125104.0
125278.0
125456.0
125632.0
125806.0
125984.0
126155.0
126331.0
126509.0
126685.0
126861.0
127039.0
127217.0
127395.0
127569.0
127747.0
127925.0
128103.0
128277.0
128448.0
128626.0
128796.0
128969.0
129145.0
129321.0
129492.0
129668.0
129846.0
130020.0
130196.0
130368.0
130542.0
130718.0
130892.0
131070.0
131248.0
131426.0
131604.0
131772.0
131944.0
132122.0
132300.0
132476.0
132652.0
132828.0
133004.0
133182.0
133360.0
133433.0
133611.0
133789.0
133967.0
134145.0
134310.0
134486.0
134664.0
134837.0
135015.0
135188.0
135366.0
135544.0
135709.0
135882.0
136058.0
136229.0
136403.0
136581.0
136759.0
136935.0
137107.0
137280.0
137456.0
137629.0
137807.0
137985.0
138163.0
138339.0
138512.0
138685.0
138863.0
139037.0
139213.0
139387.0
139565.0
139743.0
139921.0
140099.0
140275.0
140453.0
140629.0
140798.0
140976.0
141146.0
141322.0
141496.0
141674.0
141842.0
142020.0
142194.0
142367.0
142536.0
142712.0
142890.0
143066.0
143237.0
143413.0
143589.0
143765.0
143936.0
144106.0
144282.0
144460.0
144638.0
144816.0
144994.0
145172.0
145341.0
145512.0
145690.0
145868.0
146044.0
146217.0
146393.0
146569.0
146745.0
146923.0
147094.0
147272.0
147445.0
147623.0
147799.0
147972.0
148150.0
148326.0
148504.0
148680.0
148856.0
149027.0
149203.0
149377.0
149555.0
149731.0
149907.0
150085.0
150256.0
150430.0
150603.0
150781.0
150959.0
151135.0
151311.0
151489.0
151663.0
151839.0
152008.0
152186.0
152362.0
152532.0
152710.0
152888.0
153066.0
153244.0
153422.0
153598.0
153772.0
153950.0
154126.0
154294.0
154463.0
154641.0
154819.0
154997.0
155175.0
155348.0
155522.0
155700.0
155876.0
156054.0
156228.0
156404.0
156580.0
156758.0
156930.0
157108.0
157284.0
157462.0
157638.0
157811.0
157987.0
158165.0
158336.0
158514.0
158688.0
158866.0
159040.0
159213.0
159389.0
159567.0
159745.0
159917.0
160095.0
160269.0
160447.0
160620.0
160798.0
160974.0
161152.0
161328.0
161506.0
161678.0
161856.0
162032.0
162208.0
162384.0
162562.0
162733.0
162911.0
163089.0
163263.0
163439.0
163610.0
163786.0
163964.0
164142.0
164320.0
164496.0
164674.0
164850.0
165026.0
165200.0
165374.0
165550.0
165724.0
165902.0
166080.0
166258.0
166431.0
166609.0
166785.0
166963.0
167139.0
167317.0
167495.0
167671.0
167847.0
168023.0
168201.0
168379.0
168557.0
168735.0
168913.0
169089.0
169267.0
169431.0
169607.0
169785.0
169961.0
170139.0
170315.0
170493.0
170669.0
170847.0
171025.0
171203.0
171370.0
171541.0
171717.0
171895.0
172073.0
172249.0
172422.0
172595.0
172773.0
172947.0
173125.0
173296.0
173470.0
173646.0
173824.0
174000.0
174162.0
174338.0
174511.0
174689.0
174865.0
175041.0
175219.0
175397.0
175570.0
175748.0
175921.0
176092.0
176268.0
176437.0
176610.0
176788.0
176956.0
177134.0
177310.0
177488.0
177666.0
177844.0
178020.0
178198.0
178376.0
178554.0
178732.0
178910.0
179083.0
179255.0
179431.0
179607.0
179783.0
179961.0
180139.0
180315.0
180493.0
180669.0
180847.0
181025.0
181201.0
181379.0
181555.0
181733.0
181909.0
182087.0
182260.0
182436.0
182614.0
182792.0
182970.0
183146.0
183320.0
183496.0
183674.0
183852.0
184019.0
184195.0
184373.0
184551.0
184724.0
184902.0
185080.0
185258.0
185434.0
185607.0
185785.0
185958.0
186136.0
186314.0
186487.0
186658.0
186832.0
187005.0
187183.0
187361.0
187530.0
187708.0
187884.0
188058.0
188234.0
188412.0
188585.0
188763.0
188941.0
189119.0
189297.0
189470.0
189646.0
189824.0
190000.0
190173.0
190351.0
190529.0
190707.0
190885.0
191058.0
191234.0
191410.0
191586.0
191748.0
191920.0
192098.0
192272.0
192450.0
192628.0
192802.0
192978.0
193156.0
193327.0
193503.0
193681.0
193859.0
194037.0
194210.0
194388.0
194562.0
194735.0
194906.0
195084.0
195262.0
195440.0
195618.0
195796.0
195962.0
196140.0
196313.0
196484.0
196662.0
196838.0
197012.0
197190.0
197368.0
197544.0
197720.0
197898.0
198076.0
198254.0
198430.0
198608.0
198786.0
198962.0
199140.0
199318.0
199489.0
199665.0
199841.0
200019.0
200190.0
200366.0
200537.0
200713.0
200891.0
201067.0
201245.0
201423.0
201599.0
201777.0
201953.0
202131.0
202307.0
202485.0
202663.0
202841.0
203019.0
203197.0
203373.0
203551.0
203727.0
203900.0
204076.0
204249.0
204425.0
204601.0
204779.0
204957.0
205135.0
205309.0
205487.0
205661.0
205839.0
206017.0
206193.0
206364.0
206537.0
206711.0
206883.0
207056.0
207234.0
207410.0
207588.0
207766.0
207944.0
208122.0
208293.0
208471.0
208649.0
208827.0
208999.0
209172.0
209340.0
209518.0
209696.0
209874.0
210047.0
210225.0
210401.0
210577.0
210749.0
210923.0
211099.0
211277.0
211449.0
211625.0
211801.0
211979.0
212155.0
212331.0
212507.0
212680.0
212856.0
213034.0
213212.0
213390.0
213568.0
213738.0
213916.0
214094.0
214270.0
214446.0
214622.0
214800.0
214976.0
215154.0
215332.0
215508.0
215686.0
215864.0
216042.0
216218.0
216396.0
216570.0
216748.0
216926.0
217104.0
217282.0
217456.0
217630.0
217808.0
217986.0
218164.0
218342.0
218518.0
218696.0
218874.0
219052.0
219228.0
219406.0
219584.0
219762.0
219931.0
220105.0
220279.0
220457.0
220633.0
220807.0
220985.0
221155.0
221333.0
221511.0
221689.0
221867.0
222045.0
222221.0
222394.0
222572.0
222750.0
222923.0
223090.0
223264.0
223433.0
223611.0
223789.0
223967.0
224145.0
224321.0
224499.0
224671.0
224842.0
225015.0
225193.0
225369.0
225545.0
225721.0
225892.0
226070.0
226246.0
226419.0
226595.0
226773.0
226951.0
227125.0
227299.0
227477.0
227650.0
227826.0
228004.0
228182.0
228360.0
228533.0
228711.0
228889.0
229060.0
229233.0
229409.0
229585.0
229763.0
229941.0
230119.0
230293.0
230471.0
230649.0
230815.0
230975.0
231151.0
231325.0
231503.0
231676.0
231854.0
232028.0
232206.0
232380.0
232556.0
232734.0
232912.0
233085.0
233263.0
233441.0
233617.0
233791.0
233967.0
234143.0
234321.0
234499.0
234677.0
234855.0
235027.0
235205.0
235381.0
235555.0
235731.0
235909.0
236087.0
236263.0
236441.0
236619.0
236795.0
236973.0
237145.0
237316.0
237492.0
237670.0
237836.0
238007.0
238183.0
238361.0
238539.0
238717.0
238895.0
239073.0
239244.0
239420.0
239598.0
239771.0
239947.0
240123.0
240301.0
240472.0
240648.0
240826.0
241002.0
241173.0
241349.0
241517.0
241695.0
241871.0
