a = 0.8
g = 0.8
e = 0.5
random initial weights = false

-2538.0
-3490.0
-6534.0
-7196.0
-7688.0
-8164.0
-8660.0
-9313.0
-9918.0
-10347.0
-10822.0
-11280.0
-11803.0
-12279.0
-12770.0
-12649.0
-13077.0
-13517.0
-13944.0
-14386.0
-14856.0
-15306.0
-15736.0
-16202.0
-16650.0
-17119.0
-17556.0
-18021.0
-18484.0
-18322.0
-18152.0
-17998.0
-17881.0
-18305.0
-18750.0
-19208.0
-19702.0
-19572.0
-19435.0
-19277.0
-19130.0
-18977.0
-18808.0
-18652.0
-18518.0
-18386.0
-18231.0
-18085.0
-17919.0
-17756.0
-17628.0
-17464.0
-17301.0
-17137.0
-16970.0
-16806.0
-16638.0
-16487.0
-16333.0
-16193.0
-16042.0
-15877.0
-15710.0
-15548.0
-15404.0
-15250.0
-15101.0
-14934.0
-14781.0
-14611.0
-14449.0
-14299.0
-14129.0
-13959.0
-13811.0
-13643.0
-13518.0
-13353.0
-13196.0
-13064.0
-12948.0
-12802.0
-12638.0
-12470.0
-12294.0
-12133.0
-11985.0
-11846.0
-11691.0
-11551.0
-11379.0
-11235.0
-11059.0
-10900.0
-10786.0
-10620.0
-10471.0
-10318.0
-10158.0
-10001.0
-9830.0
-9666.0
-9503.0
-9327.0
-9178.0
-9027.0
-8851.0
-8687.0
-8537.0
-8379.0
-8231.0
-8078.0
-7911.0
-7747.0
-7593.0
-7429.0
-7273.0
-7111.0
-6976.0
-6802.0
-6642.0
-6479.0
-6309.0
-6154.0
-6000.0
-5852.0
-5688.0
-5522.0
-5358.0
-5201.0
-5050.0
-4898.0
-4770.0
-4605.0
-4437.0
-4298.0
-4153.0
-3981.0
-3818.0
-3672.0
-3513.0
-3341.0
-3185.0
-3039.0
-2891.0
-2758.0
-2592.0
-2427.0
-2271.0
-2112.0
-1959.0
-1803.0
-1641.0
-1475.0
-1321.0
-1173.0
-1001.0
-851.0
-690.0
-520.0
-360.0
-200.0
-52.0
97.0
242.0
404.0
543.0
709.0
879.0
1024.0
1175.0
1342.0
1503.0
1666.0
1803.0
1956.0
2125.0
2278.0
2454.0
2618.0
2780.0
2935.0
3072.0
3229.0
3381.0
3541.0
3662.0
3808.0
3960.0
4126.0
4295.0
4444.0
4578.0
4738.0
4903.0
5068.0
5206.0
5359.0
5520.0
5654.0
5797.0
5959.0
6119.0
6273.0
6433.0
6599.0
6756.0
6924.0
7083.0
7232.0
7391.0
7550.0
7717.0
7876.0
8040.0
8184.0
8330.0
8491.0
8661.0
8815.0
8924.0
9064.0
9222.0
9389.0
9531.0
9667.0
9818.0
9963.0
10107.0
10275.0
10431.0
10601.0
10766.0
10884.0
11008.0
11159.0
11311.0
11451.0
11609.0
11728.0
11895.0
12056.0
12205.0
12337.0
12480.0
12635.0
12789.0
12961.0
13114.0
13256.0
13405.0
13539.0
13704.0
13856.0
14010.0
14159.0
14299.0
14461.0
14610.0
14761.0
14863.0
15008.0
15171.0
15339.0
15498.0
15642.0
15792.0
15964.0
16098.0
16249.0
16418.0
16570.0
16728.0
16869.0
17039.0
17163.0
17298.0
17466.0
17616.0
17786.0
17931.0
18094.0
18264.0
18434.0
18602.0
18745.0
18908.0
19052.0
19205.0
19348.0
19503.0
19662.0
19820.0
19990.0
20140.0
20292.0
20462.0
20612.0
20782.0
20932.0
21076.0
21227.0
21391.0
21554.0
21719.0
21868.0
22040.0
22188.0
22353.0
22516.0
22682.0
22831.0
22990.0
23106.0
23280.0
23456.0
23599.0
23767.0
23931.0
24088.0
24256.0
24414.0
24547.0
24691.0
24852.0
24956.0
25117.0
25274.0
25429.0
25593.0
25756.0
25909.0
26052.0
26217.0
26361.0
26524.0
26653.0
26817.0
26977.0
27120.0
27283.0
27453.0
27617.0
27746.0
27883.0
28033.0
28172.0
28320.0
28469.0
28623.0
28778.0
28942.0
29114.0
29253.0
29415.0
29555.0
29719.0
29858.0
30025.0
30186.0
30333.0
30495.0
30655.0
30822.0
30994.0
31128.0
31288.0
31453.0
31603.0
31765.0
31922.0
32054.0
32220.0
32355.0
32520.0
32665.0
32841.0
33009.0
33114.0
33281.0
33446.0
33614.0
33781.0
33930.0
34070.0
34202.0
34349.0
34485.0
34629.0
34790.0
34921.0
35097.0
35261.0
35419.0
35573.0
35739.0
35882.0
36043.0
36207.0
36371.0
36499.0
36621.0
36788.0
36953.0
37068.0
37232.0
37379.0
37541.0
37698.0
37859.0
38027.0
38176.0
38329.0
38478.0
38634.0
38802.0
38963.0
39121.0
39283.0
39405.0
39570.0
39711.0
39879.0
40053.0
40176.0
40333.0
40459.0
40633.0
40747.0
40903.0
41061.0
41230.0
41402.0
41536.0
41697.0
41861.0
42021.0
42183.0
42333.0
42460.0
42613.0
42767.0
42926.0
43073.0
43235.0
43372.0
43527.0
43666.0
43823.0
43982.0
44128.0
44269.0
44387.0
44533.0
44681.0
44851.0
45004.0
45168.0
45319.0
45471.0
45638.0
45778.0
45910.0
46078.0
46230.0
46398.0
46560.0
46725.0
46895.0
47057.0
47203.0
47346.0
47492.0
47648.0
47804.0
47961.0
48127.0
48271.0
48435.0
48563.0
48713.0
48875.0
49009.0
49150.0
49316.0
49474.0
49625.0
49766.0
49919.0
50063.0
50235.0
50407.0
50577.0
50721.0
50885.0
51053.0
51225.0
51389.0
51540.0
51709.0
51865.0
52029.0
52170.0
52321.0
52495.0
52655.0
52816.0
52977.0
53124.0
53285.0
53440.0
53587.0
53737.0
53898.0
54062.0
54230.0
54366.0
54529.0
54678.0
54793.0
54969.0
55123.0
55283.0
55448.0
55589.0
55765.0
55910.0
56072.0
56237.0
56388.0
56537.0
56699.0
56818.0
56978.0
57124.0
57291.0
57449.0
57619.0
57773.0
57938.0
58086.0
58252.0
58404.0
58564.0
58732.0
58875.0
59007.0
59162.0
59318.0
59463.0
59604.0
59768.0
59920.0
60090.0
60211.0
60369.0
60528.0
60670.0
60835.0
60977.0
61137.0
61270.0
61420.0
61580.0
61722.0
61885.0
62028.0
62198.0
62323.0
62475.0
62644.0
62810.0
62984.0
63148.0
63282.0
63424.0
63529.0
63657.0
63813.0
63971.0
64107.0
64231.0
64354.0
64513.0
64676.0
64844.0
64984.0
65142.0
65293.0
65410.0
65568.0
65731.0
65899.0
66033.0
66190.0
66339.0
66476.0
66636.0
66801.0
66950.0
67084.0
67234.0
67396.0
67552.0
67699.0
67869.0
68028.0
68193.0
68341.0
68496.0
68656.0
68825.0
68969.0
69111.0
69273.0
69432.0
69592.0
69738.0
69884.0
70052.0
70198.0
70362.0
70522.0
70694.0
70865.0
71039.0
71181.0
71327.0
71459.0
71581.0
71751.0
71921.0
72085.0
72198.0
72356.0
72518.0
72666.0
72827.0
72988.0
73162.0
73334.0
73475.0
73641.0
73793.0
73942.0
74068.0
74240.0
74405.0
74538.0
74701.0
74852.0
75014.0
75166.0
75335.0
75496.0
75654.0
75797.0
75953.0
76114.0
76278.0
76407.0
76575.0
76730.0
76888.0
77021.0
77167.0
77318.0
77461.0
77608.0
77759.0
77901.0
78073.0
78232.0
78380.0
78539.0
78687.0
78842.0
78999.0
79165.0
79317.0
79484.0
79645.0
79802.0
79944.0
80105.0
80246.0
80409.0
80545.0
80679.0
80797.0
80961.0
81073.0
81225.0
81366.0
81538.0
81663.0
81835.0
82001.0
82169.0
82324.0
82487.0
82645.0
82807.0
82944.0
83080.0
83230.0
83383.0
83547.0
83716.0
83875.0
84035.0
84205.0
84364.0
84531.0
84656.0
84808.0
84969.0
85117.0
85289.0
85461.0
85633.0
85773.0
85916.0
86064.0
86218.0
86385.0
86546.0
86683.0
86835.0
87005.0
87142.0
87306.0
87464.0
87597.0
87747.0
87908.0
88030.0
88175.0
88335.0
88492.0
88666.0
88823.0
88994.0
89152.0
89265.0
89428.0
89570.0
89728.0
89899.0
90051.0
90201.0
90333.0
90482.0
90631.0
90773.0
90923.0
91047.0
91192.0
91343.0
91485.0
91640.0
91804.0
91962.0
92121.0
92268.0
92422.0
92560.0
92730.0
92839.0
92999.0
93155.0
93323.0
93481.0
93638.0
93803.0
93931.0
94066.0
94211.0
94377.0
94530.0
94695.0
94811.0
94974.0
95109.0
95248.0
95398.0
95570.0
95727.0
95867.0
96008.0
96124.0
96289.0
96447.0
96589.0
96740.0
96916.0
97029.0
97193.0
97335.0
97472.0
97630.0
97804.0
97966.0
98109.0
98275.0
98417.0
98591.0
98741.0
98903.0
99060.0
99221.0
99339.0
99501.0
99654.0
99794.0
99950.0
100075.0
100234.0
100401.0
100560.0
100725.0
100893.0
101011.0
101183.0
101329.0
101472.0
101610.0
101761.0
101910.0
102068.0
102227.0
102386.0
102534.0
102700.0
102859.0
103016.0
103166.0
103315.0
103485.0
103648.0
103802.0
103914.0
104070.0
104221.0
104374.0
104536.0
104705.0
104869.0
105030.0
105172.0
105325.0
105493.0
105641.0
105794.0
105964.0
106104.0
106256.0
106403.0
106553.0
106704.0
106814.0
106965.0
107127.0
107291.0
107445.0
107575.0
107708.0
107852.0
108022.0
108171.0
108323.0
108474.0
108636.0
108778.0
108908.0
109075.0
109237.0
109401.0
109560.0
109724.0
109840.0
110008.0
110178.0
110320.0
110455.0
110621.0
110797.0
110959.0
111129.0
111245.0
111404.0
111566.0
111728.0
111868.0
112038.0
112186.0
112352.0
112517.0
112656.0
112810.0
112958.0
113113.0
113255.0
113418.0
113575.0
113725.0
113893.0
114061.0
114226.0
114394.0
114561.0
114716.0
114857.0
115024.0
115176.0
115313.0
115470.0
115638.0
115809.0
115969.0
116113.0
116260.0
116415.0
116569.0
116736.0
116895.0
117051.0
117182.0
117339.0
117481.0
117640.0
117765.0
117934.0
118101.0
118262.0
118418.0
118572.0
118713.0
118875.0
119031.0
119155.0
119312.0
119438.0
119592.0
119748.0
119889.0
120038.0
120193.0
120352.0
120507.0
120670.0
120794.0
120943.0
121099.0
121243.0
121407.0
121563.0
121730.0
121864.0
122006.0
122166.0
122334.0
122499.0
122622.0
122760.0
122870.0
123021.0
123181.0
123325.0
123465.0
123637.0
123765.0
123933.0
124091.0
124242.0
124412.0
124549.0
124702.0
124821.0
124978.0
125140.0
125304.0
125460.0
125628.0
125783.0
125947.0
126112.0
126279.0
126451.0
126596.0
126757.0
126916.0
127073.0
127235.0
127387.0
127535.0
127665.0
127822.0
127971.0
128132.0
128289.0
128449.0
128599.0
128739.0
128900.0
129051.0
129192.0
129357.0
129508.0
129665.0
129813.0
129977.0
130141.0
130273.0
130412.0
130582.0
130726.0
130865.0
131009.0
131176.0
131348.0
131460.0
131622.0
131794.0
131963.0
132122.0
132275.0
132425.0
132578.0
132727.0
132871.0
133024.0
133182.0
133342.0
133486.0
133642.0
133798.0
133952.0
134104.0
134248.0
134389.0
134541.0
134702.0
134840.0
135009.0
135177.0
135340.0
135446.0
135618.0
135783.0
135946.0
136094.0
136246.0
136382.0
136513.0
136647.0
136795.0
136947.0
137119.0
137280.0
137426.0
137562.0
137692.0
137837.0
137981.0
138142.0
138303.0
138455.0
138613.0
138771.0
138935.0
139095.0
139257.0
139413.0
139576.0
139739.0
139898.0
140064.0
140205.0
140371.0
140528.0
140689.0
140834.0
140979.0
141130.0
141300.0
141459.0
141628.0
141779.0
141894.0
142055.0
142213.0
142376.0
142532.0
142664.0
142826.0
142989.0
143148.0
143300.0
143456.0
143588.0
143757.0
143910.0
144071.0
144245.0
144415.0
144580.0
144723.0
144880.0
145029.0
145168.0
145324.0
145489.0
145655.0
145827.0
145972.0
146136.0
146304.0
146452.0
146612.0
146760.0
146883.0
147028.0
147184.0
147352.0
147513.0
147643.0
147811.0
147961.0
148111.0
148271.0
148422.0
148559.0
148694.0
148846.0
149014.0
149175.0
149318.0
149480.0
149634.0
149794.0
149959.0
150112.0
150286.0
150430.0
150575.0
150730.0
150890.0
151055.0
151189.0
151339.0
151498.0
151661.0
151808.0
151967.0
152129.0
152296.0
152436.0
152610.0
152769.0
152926.0
153084.0
153238.0
153396.0
153547.0
153716.0
153879.0
154046.0
154181.0
154332.0
154506.0
154673.0
154830.0
154993.0
155148.0
155303.0
155451.0
155598.0
155747.0
155913.0
156077.0
156220.0
156390.0
156534.0
156689.0
156848.0
157008.0
157160.0
157328.0
157463.0
157612.0
157778.0
157934.0
158099.0
158263.0
158385.0
158522.0
158692.0
158835.0
158981.0
159132.0
159298.0
159463.0
159604.0
159778.0
159924.0
160065.0
160229.0
160352.0
160496.0
160658.0
160830.0
160971.0
161129.0
161272.0
161418.0
161576.0
161719.0
161864.0
162016.0
162177.0
162345.0
162506.0
162675.0
162830.0
163000.0
163151.0
163312.0
163457.0
163612.0
163773.0
163919.0
164054.0
164209.0
164361.0
164526.0
164689.0
164836.0
165005.0
165170.0
165331.0
165479.0
165633.0
165796.0
165940.0
166084.0
166231.0
166379.0
166537.0
166673.0
166800.0
166952.0
167095.0
167263.0
167422.0
167576.0
167730.0
167892.0
168055.0
168209.0
168367.0
168525.0
168678.0
168844.0
169016.0
169171.0
169314.0
169453.0
169591.0
169734.0
169877.0
170035.0
170198.0
170332.0
170496.0
170656.0
170798.0
170926.0
171092.0
171241.0
171405.0
171533.0
171699.0
171859.0
172016.0
172130.0
172291.0
172457.0
172623.0
172773.0
172909.0
173044.0
173214.0
173372.0
173519.0
173682.0
173839.0
173992.0
174145.0
174315.0
174466.0
174636.0
174801.0
174910.0
175071.0
175233.0
175400.0
175542.0
175704.0
175858.0
176018.0
176155.0
176321.0
176490.0
176642.0
176807.0
176968.0
177128.0
177256.0
177381.0
177535.0
177663.0
177814.0
177961.0
178110.0
178261.0
178426.0
178572.0
178742.0
178889.0
178999.0
179161.0
179325.0
179487.0
179657.0
179815.0
179969.0
180117.0
180251.0
180406.0
180521.0
180682.0
180830.0
180984.0
181152.0
181294.0
181449.0
181590.0
181743.0
181892.0
182048.0
182219.0
182360.0
182462.0
182624.0
182766.0
182934.0
183089.0
183233.0
183398.0
183553.0
183723.0
183874.0
184039.0
184193.0
184361.0
184529.0
184653.0
184811.0
184955.0
185117.0
185276.0
185441.0
185597.0
185756.0
185904.0
186034.0
186137.0
186282.0
186405.0
186559.0
186715.0
186867.0
187028.0
187168.0
187316.0
187459.0
187628.0
187788.0
187915.0
188083.0
188237.0
188381.0
188543.0
188693.0
188865.0
189019.0
189169.0
189313.0
189460.0
189598.0
189759.0
189931.0
190100.0
190250.0
190399.0
190564.0
190719.0
190874.0
191025.0
191170.0
191328.0
191504.0
191645.0
191763.0
191914.0
192074.0
192227.0
192382.0
192554.0
192662.0
192832.0
193001.0
193173.0
193345.0
193516.0
193636.0
193744.0
193883.0
194040.0
194214.0
194375.0
194539.0
194688.0
194844.0
194996.0
195142.0
195318.0
195488.0
195632.0
195800.0
195935.0
196061.0
196230.0
196404.0
196567.0
196703.0
196853.0
197004.0
197168.0
197311.0
197462.0
197598.0
197768.0
197926.0
198044.0
198199.0
198349.0
198504.0
198649.0
198807.0
198938.0
199081.0
199229.0
199393.0
199558.0
199728.0
199877.0
200047.0
200216.0
200381.0
200555.0
200707.0
200868.0
201004.0
201161.0
201318.0
201481.0
201625.0
201801.0
201962.0
202118.0
202286.0
202456.0
202599.0
202742.0
202900.0
203040.0
203141.0
203306.0
203460.0
203594.0
203728.0
203863.0
204021.0
204158.0
204308.0
204482.0
204620.0
204785.0
