a = 0.5
g = 0.2
e = 0.3
random initial weights = false

-2568.0
-2473.0
-2991.0
-3617.0
-4216.0
-4721.0
-5232.0
-5820.0
-6532.0
-7034.0
-7537.0
-7404.0
-7828.0
-8269.0
-8721.0
-9161.0
-9682.0
-10163.0
-10610.0
-11086.0
-11514.0
-11927.0
-12371.0
-12841.0
-13287.0
-13784.0
-14225.0
-14660.0
-15099.0
-15554.0
-16022.0
-16519.0
-16983.0
-17421.0
-17913.0
-17750.0
-17582.0
-17424.0
-17267.0
-17096.0
-17519.0
-17961.0
-18401.0
-18838.0
-19299.0
-19723.0
-19562.0
-19397.0
-19258.0
-19676.0
-20105.0
-20006.0
-20443.0
-20274.0
-20110.0
-19962.0
-20377.0
-20799.0
-21220.0
-21651.0
-21503.0
-21331.0
-21161.0
-21008.0
-21419.0
-21863.0
-22276.0
-22100.0
-22528.0
-22354.0
-22193.0
-22030.0
-21854.0
-21684.0
-21518.0
-21944.0
-22365.0
-22195.0
-22033.0
-22468.0
-22890.0
-22729.0
-22563.0
-22389.0
-22228.0
-22072.0
-21899.0
-21744.0
-21568.0
-21392.0
-21218.0
-21057.0
-20892.0
-20718.0
-20555.0
-20389.0
-20213.0
-20073.0
-19957.0
-19790.0
-19633.0
-19457.0
-19286.0
-19126.0
-18948.0
-18783.0
-18615.0
-18465.0
-18291.0
-18118.0
-17940.0
-17785.0
-17613.0
-17437.0
-17265.0
-17087.0
-16915.0
-16741.0
-16567.0
-16393.0
-16234.0
-16058.0
-15889.0
-15713.0
-15541.0
-15375.0
-15211.0
-15037.0
-14884.0
-14713.0
-14535.0
-14361.0
-14185.0
-14007.0
-13833.0
-13662.0
-13497.0
-13330.0
-13165.0
-12995.0
-12819.0
-12643.0
-12479.0
-12305.0
-12131.0
-11955.0
-11777.0
-11607.0
-11440.0
-11267.0
-11093.0
-10923.0
-10749.0
-10571.0
-10399.0
-10221.0
-10045.0
-9881.0
-9705.0
-9550.0
-9392.0
-9214.0
-9036.0
-8867.0
-8696.0
-8533.0
-8362.0
-8192.0
-8016.0
-7846.0
-7668.0
-7497.0
-7325.0
-7171.0
-7012.0
-6838.0
-6679.0
-6511.0
-6352.0
-6184.0
-6014.0
-5844.0
-5673.0
-5512.0
-5349.0
-5175.0
-4997.0
-4835.0
-4664.0
-4486.0
-4308.0
-4137.0
-3967.0
-3793.0
-3623.0
-3451.0
-3281.0
-3111.0
-2937.0
-2769.0
-2591.0
-2413.0
-2245.0
-2106.0
-1932.0
-1758.0
-1582.0
-1411.0
-1233.0
-1062.0
-888.0
-714.0
-538.0
-362.0
-194.0
-24.0
150.0
326.0
496.0
668.0
838.0
1016.0
1192.0
1363.0
1539.0
1704.0
1877.0
2049.0
2227.0
2401.0
2573.0
2740.0
2896.0
3067.0
3221.0
3383.0
3554.0
3721.0
3890.0
4063.0
4239.0
4417.0
4588.0
4755.0
4923.0
5099.0
5271.0
5438.0
5612.0
5788.0
5966.0
6138.0
6306.0
6482.0
6658.0
6832.0
7003.0
7166.0
7344.0
7518.0
7688.0
7853.0
8018.0
8176.0
8347.0
8523.0
8690.0
8862.0
9034.0
9199.0
9373.0
9549.0
9727.0
9901.0
10077.0
10253.0
10429.0
10591.0
10765.0
10930.0
11104.0
11274.0
11445.0
11621.0
11791.0
11969.0
12145.0
12323.0
12501.0
12672.0
12848.0
13024.0
13184.0
13343.0
13503.0
13663.0
13825.0
13996.0
14167.0
14338.0
14509.0
14687.0
14847.0
15015.0
15186.0
15360.0
15530.0
15706.0
15875.0
16049.0
16225.0
16403.0
16581.0
16753.0
16910.0
17082.0
17254.0
17425.0
17596.0
17774.0
17946.0
18113.0
18284.0
18455.0
18617.0
18789.0
18958.0
19129.0
19293.0
19461.0
19635.0
19790.0
19955.0
20123.0
20297.0
20469.0
20639.0
20811.0
20980.0
21154.0
21332.0
21510.0
21651.0
21827.0
21995.0
22153.0
22311.0
22481.0
22643.0
22812.0
22976.0
23147.0
23311.0
23459.0
23631.0
23807.0
23978.0
24142.0
24314.0
24486.0
24662.0
24828.0
25006.0
25180.0
25351.0
25527.0
25700.0
25878.0
26054.0
26232.0
26367.0
26536.0
26695.0
26869.0
27034.0
27204.0
27375.0
27551.0
27727.0
27903.0
28077.0
28248.0
28414.0
28592.0
28766.0
28936.0
29101.0
29279.0
29457.0
29631.0
29807.0
29979.0
30155.0
30320.0
30480.0
30656.0
30820.0
30990.0
31160.0
31330.0
31496.0
31655.0
31831.0
32007.0
32183.0
32338.0
32507.0
32672.0
32840.0
33018.0
33179.0
33348.0
33526.0
33702.0
33864.0
34038.0
34205.0
34375.0
34546.0
34719.0
34895.0
35066.0
35240.0
35398.0
35564.0
35736.0
35905.0
36081.0
36257.0
36427.0
36593.0
36767.0
36934.0
37112.0
37285.0
37463.0
37625.0
37792.0
37962.0
38134.0
38310.0
38486.0
38644.0
38822.0
38990.0
39162.0
39334.0
39512.0
39688.0
39864.0
40035.0
40196.0
40367.0
40527.0
40703.0
40872.0
41042.0
41215.0
41370.0
41548.0
41724.0
41896.0
42070.0
42246.0
42412.0
42579.0
42744.0
42911.0
43079.0
43257.0
43426.0
43600.0
43774.0
43945.0
44109.0
44279.0
44457.0
44635.0
44800.0
44974.0
45150.0
45316.0
45485.0
45657.0
45824.0
45970.0
46148.0
46322.0
46487.0
46658.0
46829.0
46992.0
47165.0
47335.0
47508.0
47680.0
47851.0
48003.0
48171.0
48335.0
48499.0
48670.0
48843.0
49019.0
49189.0
49363.0
49536.0
49709.0
49881.0
50059.0
50220.0
50386.0
50551.0
50725.0
50891.0
51065.0
51230.0
51399.0
51575.0
51729.0
51900.0
52078.0
52251.0
52417.0
52587.0
52765.0
52936.0
53105.0
53269.0
53445.0
53610.0
53751.0
53925.0
54096.0
54265.0
54428.0
54585.0
54755.0
54920.0
55098.0
55269.0
55436.0
55605.0
55762.0
55916.0
56090.0
56249.0
56409.0
56573.0
56747.0
56921.0
57095.0
57263.0
57436.0
57602.0
57773.0
57949.0
58125.0
58298.0
58468.0
58634.0
58805.0
58977.0
59150.0
59320.0
59491.0
59660.0
59826.0
59999.0
60170.0
60346.0
60524.0
60685.0
60853.0
61026.0
61198.0
61370.0
61548.0
61719.0
61891.0
62056.0
62225.0
62401.0
62570.0
62722.0
62882.0
63058.0
63225.0
63390.0
63562.0
63726.0
63886.0
64055.0
64210.0
64384.0
64562.0
64728.0
64904.0
65075.0
65244.0
65411.0
65589.0
65760.0
65928.0
66092.0
66257.0
66426.0
66604.0
66776.0
66947.0
67114.0
67292.0
67463.0
67639.0
67815.0
67982.0
68140.0
68298.0
68432.0
68589.0
68765.0
68939.0
69111.0
69282.0
69452.0
69630.0
69795.0
69969.0
70143.0
70310.0
70488.0
70660.0
70821.0
70975.0
71138.0
71316.0
71483.0
71649.0
71818.0
71992.0
72157.0
72333.0
72507.0
72683.0
72851.0
73027.0
73205.0
73372.0
73550.0
73717.0
73885.0
74055.0
74229.0
74403.0
74566.0
74731.0
74905.0
75068.0
75212.0
75386.0
75557.0
75728.0
75897.0
76061.0
76222.0
76388.0
76562.0
76730.0
76892.0
77062.0
77238.0
77400.0
77578.0
77743.0
77917.0
78085.0
78254.0
78424.0
78595.0
78761.0
78939.0
79115.0
79286.0
79464.0
79611.0
79789.0
79950.0
80126.0
80298.0
80462.0
80634.0
80786.0
80960.0
81134.0
81304.0
81480.0
81656.0
81822.0
81988.0
82155.0
82329.0
82501.0
82671.0
82841.0
83007.0
83172.0
83341.0
83503.0
83681.0
83859.0
84027.0
84205.0
84379.0
84553.0
84727.0
84896.0
85065.0
85238.0
85402.0
85564.0
85728.0
85898.0
86072.0
86237.0
86413.0
86589.0
86765.0
86941.0
87119.0
87295.0
87464.0
87638.0
87814.0
87985.0
88153.0
88327.0
88501.0
88675.0
88847.0
89025.0
89191.0
89359.0
89535.0
89687.0
89856.0
90032.0
90194.0
90370.0
90529.0
90695.0
90864.0
91033.0
91206.0
91377.0
91549.0
91721.0
91899.0
92073.0
92240.0
92396.0
92570.0
92748.0
92914.0
93072.0
93250.0
93416.0
93581.0
93751.0
93929.0
94105.0
94266.0
94429.0
94593.0
94769.0
94943.0
95117.0
95286.0
95460.0
95636.0
95799.0
95977.0
96153.0
96316.0
96490.0
96668.0
96837.0
97009.0
97171.0
97342.0
97518.0
97687.0
97860.0
98020.0
98187.0
98360.0
98530.0
98689.0
98863.0
99039.0
99202.0
99367.0
99536.0
99705.0
99879.0
100047.0
100223.0
100389.0
100553.0
100706.0
100871.0
101045.0
101210.0
101388.0
101555.0
101723.0
101884.0
102047.0
102209.0
102377.0
102543.0
102713.0
102878.0
103047.0
103219.0
103395.0
103569.0
103740.0
103906.0
104078.0
104252.0
104424.0
104598.0
104770.0
104939.0
105111.0
105287.0
105459.0
105627.0
105790.0
105951.0
106125.0
106291.0
106469.0
106643.0
106819.0
106993.0
107157.0
107335.0
107507.0
107679.0
107846.0
108010.0
108183.0
108350.0
108511.0
108680.0
108853.0
109031.0
109201.0
109370.0
109534.0
109698.0
109876.0
110047.0
110223.0
110395.0
110559.0
110735.0
110899.0
111064.0
111234.0
111406.0
111582.0
111754.0
111910.0
112083.0
112250.0
112418.0
112596.0
112772.0
112944.0
113110.0
113280.0
113456.0
113630.0
113808.0
113982.0
114158.0
114307.0
114479.0
114657.0
114833.0
115004.0
115176.0
115350.0
115526.0
115700.0
115876.0
116038.0
116212.0
116381.0
116539.0
116713.0
116884.0
117062.0
117234.0
117397.0
117571.0
117736.0
117902.0
118076.0
118248.0
118424.0
118590.0
118768.0
118935.0
119102.0
119263.0
119441.0
119615.0
119784.0
119952.0
120124.0
120294.0
120461.0
120634.0
120796.0
120974.0
121147.0
121325.0
121489.0
121663.0
121841.0
122015.0
122188.0
122359.0
122528.0
122698.0
122872.0
123048.0
123222.0
123396.0
123574.0
123743.0
123908.0
124068.0
124240.0
124402.0
124572.0
124748.0
124926.0
125076.0
125252.0
125416.0
125584.0
125758.0
125932.0
126106.0
126277.0
126443.0
126612.0
126778.0
126952.0
127120.0
127296.0
127461.0
127622.0
127785.0
127954.0
128126.0
128282.0
128452.0
128624.0
128792.0
128970.0
129141.0
129315.0
129465.0
129621.0
129785.0
129954.0
130108.0
130284.0
130458.0
130628.0
130788.0
130962.0
131136.0
131304.0
131478.0
131648.0
131821.0
131990.0
132140.0
132309.0
132485.0
132659.0
132835.0
132987.0
133160.0
133336.0
133500.0
133667.0
133837.0
134011.0
134177.0
134347.0
134498.0
134664.0
134840.0
135012.0
135190.0
135368.0
135541.0
135711.0
135887.0
136063.0
136236.0
136407.0
136565.0
136741.0
136917.0
137093.0
137260.0
137432.0
137601.0
137779.0
137950.0
138121.0
138290.0
138464.0
138626.0
138796.0
138958.0
139128.0
139288.0
139449.0
139619.0
139797.0
139954.0
140123.0
140287.0
140463.0
140626.0
140783.0
140950.0
141114.0
141280.0
141452.0
141624.0
141791.0
141963.0
142141.0
142302.0
142473.0
142645.0
142816.0
142990.0
143136.0
143301.0
143473.0
143638.0
143814.0
143982.0
144149.0
144316.0
144490.0
144664.0
144823.0
144987.0
145159.0
145327.0
145505.0
145683.0
145854.0
146025.0
146198.0
146357.0
146519.0
146693.0
146862.0
147027.0
147189.0
147365.0
147543.0
147715.0
147882.0
148050.0
148210.0
148379.0
148543.0
148714.0
148880.0
149044.0
149215.0
149388.0
149564.0
149738.0
149908.0
150081.0
150240.0
150408.0
150582.0
150751.0
150927.0
151089.0
151257.0
151425.0
151597.0
151771.0
151939.0
152090.0
152254.0
152425.0
152583.0
152739.0
152900.0
153074.0
153234.0
153402.0
153569.0
153743.0
153919.0
154091.0
154269.0
154442.0
154614.0
154786.0
154957.0
155129.0
155279.0
155455.0
155627.0
155796.0
155974.0
156150.0
156310.0
156483.0
156651.0
156823.0
156991.0
157162.0
157338.0
157516.0
157683.0
157857.0
158015.0
158187.0
158358.0
158520.0
158694.0
158857.0
159031.0
159203.0
159377.0
159544.0
159720.0
159890.0
160063.0
160237.0
160411.0
160583.0
160753.0
160923.0
161087.0
161263.0
161439.0
161617.0
161782.0
161950.0
162116.0
162290.0
162459.0
162630.0
162788.0
162961.0
163125.0
163298.0
163465.0
163643.0
163821.0
163969.0
164126.0
164289.0
164443.0
164606.0
164770.0
164937.0
165109.0
165282.0
165456.0
165632.0
165805.0
165964.0
166135.0
166313.0
166479.0
166657.0
166833.0
167006.0
167172.0
167334.0
167510.0
167684.0
167843.0
168004.0
168168.0
168346.0
168520.0
168696.0
168870.0
169046.0
169217.0
169391.0
169547.0
169723.0
169883.0
170057.0
170220.0
170385.0
170561.0
170739.0
170917.0
171088.0
171257.0
171426.0
171599.0
171773.0
171942.0
172109.0
172270.0
172448.0
172626.0
172802.0
172971.0
173140.0
173314.0
173492.0
173668.0
173844.0
174011.0
174170.0
174346.0
174522.0
174694.0
174867.0
175037.0
175209.0
175385.0
175551.0
175717.0
175893.0
176051.0
176216.0
176394.0
176572.0
176732.0
176895.0
177061.0
177230.0
177401.0
177554.0
177721.0
177884.0
178054.0
178215.0
178386.0
178551.0
178727.0
178905.0
179073.0
179249.0
179416.0
179588.0
179756.0
179930.0
180088.0
180266.0
180433.0
180603.0
180757.0
180933.0
181111.0
181276.0
181445.0
181619.0
181784.0
181949.0
182125.0
182293.0
182462.0
182640.0
182811.0
182984.0
183154.0
183321.0
183497.0
183673.0
183839.0
184008.0
184182.0
184356.0
184532.0
184704.0
184868.0
185037.0
185208.0
185364.0
185528.0
185681.0
185842.0
186020.0
186190.0
186366.0
186525.0
186695.0
186869.0
187041.0
187212.0
187383.0
187559.0
187722.0
187898.0
188065.0
188236.0
188402.0
188571.0
188744.0
188920.0
189090.0
189266.0
189437.0
189603.0
189777.0
189943.0
190115.0
190289.0
190467.0
190633.0
190798.0
190966.0
191140.0
191314.0
191478.0
191654.0
191825.0
191999.0
192173.0
192340.0
192512.0
192677.0
192855.0
193024.0
193187.0
193359.0
193530.0
193708.0
193875.0
194047.0
194221.0
194395.0
194564.0
194735.0
194907.0
195079.0
195245.0
195414.0
195579.0
195755.0
195925.0
196103.0
196279.0
196449.0
196622.0
196771.0
196943.0
197111.0
197259.0
197422.0
197593.0
197759.0
197919.0
198095.0
198266.0
198433.0
198611.0
198787.0
198950.0
199123.0
199295.0
199471.0
199647.0
199818.0
199983.0
200152.0
200330.0
200500.0
200669.0
200842.0
201018.0
201190.0
201343.0
201510.0
201679.0
201853.0
202027.0
202188.0
202356.0
202519.0
202697.0
202863.0
203028.0
203202.0
203371.0
203541.0
203696.0
203870.0
204032.0
204206.0
204379.0
204539.0
204715.0
204885.0
205055.0
205219.0
205381.0
205557.0
205728.0
205896.0
206072.0
206245.0
206423.0
206601.0
206777.0
206937.0
207115.0
207293.0
207469.0
207634.0
207812.0
207988.0
208152.0
208313.0
208489.0
208662.0
208834.0
209008.0
209178.0
209334.0
209505.0
209662.0
209832.0
210002.0
210176.0
210348.0
210517.0
210679.0
210845.0
211021.0
211190.0
211358.0
211526.0
211681.0
211859.0
212032.0
212208.0
212345.0
212523.0
212694.0
212867.0
213038.0
213214.0
213390.0
213566.0
213738.0
213904.0
214080.0
214249.0
214415.0
214587.0
214754.0
214930.0
215106.0
215280.0
215452.0
215622.0
215798.0
215967.0
216139.0
216308.0
216479.0
216655.0
216816.0
216992.0
217158.0
217336.0
217514.0
217674.0
217835.0
218009.0
