a = 0.8
g = 0.5
e = 0.1
random initial weights = false

-910.0
-3451.0
-3945.0
-4388.0
-4835.0
-5258.0
-5704.0
-6123.0
-6598.0
-7017.0
-7517.0
-7962.0
-8413.0
-8882.0
-9305.0
-9734.0
-10155.0
-10007.0
-10423.0
-10848.0
-10685.0
-11098.0
-11513.0
-11957.0
-12381.0
-12211.0
-12039.0
-11863.0
-12274.0
-12104.0
-12520.0
-12946.0
-12770.0
-12594.0
-12416.0
-12238.0
-12060.0
-11889.0
-11717.0
-11546.0
-11370.0
-11198.0
-11022.0
-10844.0
-10666.0
-10490.0
-10321.0
-10145.0
-9967.0
-9791.0
-9613.0
-9435.0
-9259.0
-9085.0
-8907.0
-8736.0
-8560.0
-8382.0
-8209.0
-8031.0
-7855.0
-7679.0
-7501.0
-7330.0
-7154.0
-6978.0
-6802.0
-6624.0
-6450.0
-6277.0
-6099.0
-5923.0
-5745.0
-5567.0
-5394.0
-5228.0
-5050.0
-4872.0
-4696.0
-4518.0
-4342.0
-4166.0
-3988.0
-3812.0
-3640.0
-3467.0
-3289.0
-3115.0
-2944.0
-2766.0
-2590.0
-2412.0
-2236.0
-2058.0
-1882.0
-1704.0
-1538.0
-1369.0
-1191.0
-1015.0
-837.0
-659.0
-481.0
-303.0
-129.0
47.0
225.0
401.0
579.0
755.0
933.0
1111.0
1282.0
1460.0
1636.0
1810.0
1986.0
2164.0
2335.0
2513.0
2691.0
2869.0
3047.0
3225.0
3399.0
3577.0
3755.0
3933.0
4105.0
4281.0
4459.0
4637.0
4813.0
4991.0
5167.0
5343.0
5516.0
5694.0
5872.0
6046.0
6218.0
6394.0
6570.0
6748.0
6926.0
7099.0
7275.0
7451.0
7629.0
7803.0
7976.0
8149.0
8327.0
8503.0
8667.0
8834.0
9012.0
9190.0
9364.0
9537.0
9715.0
9893.0
10071.0
10247.0
10420.0
10598.0
10776.0
10948.0
11122.0
11298.0
11476.0
11654.0
11832.0
12010.0
12188.0
12364.0
12537.0
12713.0
12885.0
13063.0
13231.0
13407.0
13583.0
13756.0
13934.0
14110.0
14286.0
14464.0
14637.0
14811.0
14987.0
15165.0
15341.0
15517.0
15695.0
15871.0
16044.0
16222.0
16393.0
16569.0
16745.0
16923.0
17101.0
17277.0
17450.0
17628.0
17794.0
17968.0
18144.0
18322.0
18500.0
18668.0
18846.0
19022.0
19200.0
19373.0
19544.0
19722.0
19895.0
20073.0
20251.0
20429.0
20602.0
20780.0
20958.0
21136.0
21312.0
21490.0
21666.0
21838.0
22011.0
22189.0
22363.0
22536.0
22708.0
22884.0
23062.0
23238.0
23416.0
23590.0
23768.0
23946.0
24122.0
24298.0
24470.0
24644.0
24812.0
24990.0
25161.0
25337.0
25508.0
25684.0
25857.0
26029.0
26207.0
26383.0
26557.0
26735.0
26911.0
27089.0
27267.0
27441.0
27619.0
27797.0
27964.0
28142.0
28320.0
28493.0
28671.0
28849.0
29027.0
29201.0
29372.0
29545.0
29719.0
29895.0
30063.0
30241.0
30419.0
30588.0
30760.0
30936.0
31114.0
31292.0
31470.0
31641.0
31815.0
31993.0
32171.0
32347.0
32521.0
32699.0
32864.0
33038.0
33212.0
33383.0
33554.0
33732.0
33910.0
34086.0
34264.0
34436.0
34602.0
34780.0
34958.0
35136.0
35310.0
35486.0
35652.0
35830.0
36003.0
36181.0
36359.0
36532.0
36708.0
36886.0
37060.0
37236.0
37414.0
37590.0
37760.0
37936.0
38110.0
38286.0
38464.0
38642.0
38820.0
38996.0
39172.0
39350.0
39524.0
39700.0
39876.0
40054.0
40225.0
40403.0
40581.0
40759.0
40937.0
41115.0
41282.0
41458.0
41636.0
41814.0
41990.0
42166.0
42342.0
42520.0
42696.0
42868.0
43035.0
43209.0
43385.0
43561.0
43737.0
43910.0
44086.0
44264.0
44435.0
44613.0
44787.0
44965.0
45143.0
45315.0
45493.0
45671.0
45849.0
46025.0
46203.0
46374.0
46552.0
46730.0
46908.0
47086.0
47257.0
47424.0
47600.0
47778.0
47954.0
48130.0
48304.0
48482.0
48658.0
48822.0
49000.0
49178.0
49351.0
49520.0
49698.0
49870.0
50048.0
50226.0
50404.0
50580.0
50758.0
50936.0
51109.0
51287.0
51459.0
51637.0
51815.0
51993.0
52169.0
52345.0
52523.0
52701.0
52877.0
53045.0
53223.0
53401.0
53579.0
53743.0
53919.0
54097.0
54275.0
54451.0
54629.0
54805.0
54983.0
55156.0
55332.0
55510.0
55688.0
55864.0
56040.0
56213.0
56386.0
56564.0
56740.0
56909.0
57087.0
57254.0
57432.0
57610.0
57782.0
57958.0
58127.0
58293.0
58467.0
58645.0
58823.0
59001.0
59177.0
59351.0
59529.0
59707.0
59885.0
60063.0
60241.0
60417.0
60590.0
60766.0
60944.0
61122.0
61291.0
61462.0
61640.0
61816.0
61990.0
62168.0
62342.0
62520.0
62694.0
62872.0
63045.0
63223.0
63401.0
63577.0
63755.0
63931.0
64109.0
64287.0
64458.0
64636.0
64814.0
64992.0
65168.0
65346.0
65524.0
65702.0
65880.0
66058.0
66236.0
66414.0
66588.0
66761.0
66939.0
67112.0
67290.0
67468.0
67641.0
67814.0
67992.0
68170.0
68348.0
68526.0
68699.0
68872.0
69050.0
69228.0
69404.0
69582.0
69760.0
69936.0
70114.0
70290.0
70468.0
70644.0
70822.0
71000.0
71178.0
71354.0
71532.0
71710.0
71888.0
72066.0
72244.0
72422.0
72600.0
72772.0
72950.0
73128.0
73306.0
73484.0
73655.0
73829.0
74002.0
74180.0
74354.0
74528.0
74706.0
74884.0
75062.0
75235.0
75413.0
75591.0
75769.0
75945.0
76121.0
76299.0
76477.0
76651.0
76829.0
77005.0
77183.0
77357.0
77527.0
77705.0
77883.0
78059.0
78233.0
78411.0
78584.0
78758.0
78936.0
79114.0
79292.0
79468.0
79644.0
79815.0
79991.0
80169.0
80347.0
80525.0
80701.0
80874.0
81052.0
81230.0
81404.0
81575.0
81751.0
81927.0
82103.0
82281.0
82454.0
82630.0
82808.0
82986.0
83164.0
83342.0
83520.0
83698.0
83874.0
84050.0
84226.0
84394.0
84570.0
84744.0
84920.0
85098.0
85271.0
85447.0
85623.0
85796.0
85974.0
86152.0
86326.0
86504.0
86680.0
86848.0
87024.0
87202.0
87378.0
87551.0
87729.0
87907.0
88080.0
88252.0
88430.0
88604.0
88780.0
88958.0
89136.0
89314.0
89492.0
89670.0
89846.0
90022.0
90198.0
90371.0
90549.0
90727.0
90900.0
91072.0
91250.0
91424.0
91586.0
91760.0
91938.0
92116.0
92289.0
92467.0
92645.0
92823.0
92994.0
93170.0
93348.0
93526.0
93702.0
93878.0
94054.0
94232.0
94408.0
94581.0
94755.0
94931.0
95105.0
95281.0
95455.0
95631.0
95807.0
95985.0
96161.0
96339.0
96507.0
96673.0
96846.0
97024.0
97202.0
97376.0
97554.0
97730.0
97908.0
98079.0
98257.0
98431.0
98607.0
98785.0
98961.0
99134.0
99310.0
99488.0
99664.0
99837.0
100015.0
100193.0
100369.0
100547.0
100723.0
100892.0
101070.0
101236.0
101414.0
101592.0
101770.0
101942.0
102120.0
102298.0
102476.0
102654.0
102830.0
103008.0
103186.0
103362.0
103540.0
103714.0
103892.0
104060.0
104238.0
104412.0
104584.0
104762.0
104934.0
105112.0
105290.0
105468.0
105644.0
105822.0
106000.0
106178.0
106354.0
106532.0
106710.0
106888.0
107059.0
107237.0
107415.0
107591.0
107769.0
107942.0
108120.0
108292.0
108470.0
108648.0
108826.0
109002.0
109180.0
109358.0
109531.0
109709.0
109887.0
110065.0
110232.0
110408.0
110586.0
110764.0
110942.0
111114.0
111292.0
111470.0
111644.0
111820.0
111998.0
112174.0
112352.0
112522.0
112700.0
112878.0
113056.0
113227.0
113405.0
113583.0
113757.0
113933.0
114111.0
114289.0
114463.0
114641.0
114819.0
114997.0
115175.0
115353.0
115529.0
115707.0
115875.0
116053.0
116226.0
116404.0
116580.0
116754.0
116932.0
117106.0
117284.0
117462.0
117640.0
117818.0
117994.0
118172.0
118348.0
118524.0
118702.0
118880.0
119052.0
119228.0
119398.0
119576.0
119750.0
119924.0
120102.0
120278.0
120447.0
120625.0
120794.0
120965.0
121143.0
121312.0
121486.0
121662.0
121840.0
122018.0
122196.0
122372.0
122548.0
122724.0
122902.0
123080.0
123258.0
123436.0
123607.0
123785.0
123963.0
124136.0
124314.0
124483.0
124657.0
124835.0
125011.0
125187.0
125363.0
125534.0
125710.0
125886.0
126064.0
126242.0
126420.0
126598.0
126776.0
126952.0
127128.0
127301.0
127477.0
127655.0
127822.0
128000.0
128178.0
128354.0
128532.0
128710.0
128881.0
129054.0
129232.0
129408.0
129586.0
129760.0
129938.0
130116.0
130294.0
130465.0
130643.0
130821.0
130994.0
131172.0
131348.0
131524.0
131702.0
131875.0
132053.0
132229.0
132407.0
132585.0
132758.0
132936.0
133110.0
133288.0
133461.0
133633.0
133811.0
133989.0
134167.0
134345.0
134523.0
134699.0
134873.0
135042.0
135215.0
135391.0
135567.0
135740.0
135914.0
136090.0
136268.0
136441.0
136619.0
136797.0
136975.0
137153.0
137329.0
137507.0
137685.0
137863.0
138035.0
138211.0
138384.0
138562.0
138735.0
138913.0
139089.0
139265.0
139443.0
139621.0
139797.0
139973.0
140151.0
140327.0
140503.0
140676.0
140850.0
141028.0
141206.0
141384.0
141547.0
141725.0
141903.0
142072.0
142248.0
142426.0
142604.0
142782.0
142960.0
143138.0
143314.0
143492.0
143670.0
143848.0
144022.0
144198.0
144374.0
144552.0
144730.0
144906.0
145084.0
145262.0
145440.0
145616.0
145794.0
145972.0
146146.0
146318.0
146496.0
146674.0
146852.0
147030.0
147206.0
147382.0
147558.0
147736.0
147914.0
148092.0
148268.0
148431.0
148609.0
148787.0
148965.0
149143.0
149321.0
149495.0
149673.0
149847.0
150025.0
150203.0
150381.0
150559.0
150737.0
150915.0
151088.0
151266.0
151433.0
151604.0
151782.0
151951.0
152129.0
152307.0
152478.0
152649.0
152825.0
152996.0
153174.0
153352.0
153530.0
153706.0
153880.0
154058.0
154236.0
154403.0
154576.0
154754.0
154927.0
155103.0
155281.0
155459.0
155635.0
155803.0
155981.0
156159.0
156330.0
156508.0
156684.0
156862.0
157040.0
157212.0
157390.0
157568.0
157739.0
157910.0
158088.0
158266.0
158442.0
158618.0
158794.0
158972.0
159150.0
159328.0
159504.0
159680.0
159858.0
160034.0
160212.0
160390.0
160568.0
160744.0
160915.0
161093.0
161271.0
161449.0
161625.0
161803.0
161979.0
162155.0
162331.0
162509.0
162675.0
162841.0
163013.0
163189.0
163367.0
163540.0
163711.0
163889.0
164065.0
164243.0
164421.0
164599.0
164770.0
164942.0
165118.0
165291.0
165465.0
165641.0
165819.0
165997.0
166170.0
166348.0
166520.0
166696.0
166870.0
167048.0
167226.0
167396.0
167569.0
167740.0
167918.0
168092.0
168268.0
168446.0
168622.0
168798.0
168972.0
169146.0
169315.0
169483.0
169659.0
169837.0
170015.0
170193.0
170362.0
170540.0
170718.0
170888.0
171066.0
171242.0
171416.0
171592.0
171770.0
171948.0
172122.0
172298.0
172476.0
172654.0
172830.0
173006.0
173180.0
173358.0
173536.0
173704.0
173882.0
174060.0
174238.0
174416.0
174582.0
174758.0
174936.0
175112.0
175290.0
175466.0
175644.0
175803.0
175981.0
176147.0
176325.0
176503.0
176677.0
176855.0
177029.0
177207.0
177383.0
177561.0
177737.0
177913.0
178091.0
178264.0
178428.0
178606.0
178784.0
178962.0
179138.0
179316.0
179494.0
179670.0
179848.0
180022.0
180198.0
180374.0
180550.0
180717.0
180891.0
181063.0
181237.0
181409.0
181585.0
181754.0
181930.0
182108.0
182286.0
182459.0
182633.0
182811.0
182989.0
183162.0
183334.0
183512.0
183690.0
183868.0
184046.0
184224.0
184402.0
184578.0
184743.0
184917.0
185095.0
185271.0
185445.0
185619.0
185795.0
185969.0
186147.0
186325.0
186501.0
186677.0
186855.0
187033.0
187201.0
187377.0
187553.0
187729.0
187907.0
188085.0
188261.0
188434.0
188612.0
188790.0
188968.0
189144.0
189320.0
189498.0
189674.0
189850.0
190028.0
190197.0
190375.0
190551.0
190727.0
190903.0
191081.0
191257.0
191435.0
191613.0
191789.0
191967.0
192145.0
192323.0
192499.0
192677.0
192851.0
193029.0
193207.0
193385.0
193563.0
193741.0
193919.0
194088.0
194266.0
194444.0
194620.0
194793.0
194966.0
195142.0
195318.0
195496.0
195665.0
195843.0
196021.0
196199.0
196375.0
196553.0
196731.0
196896.0
197070.0
197248.0
197424.0
197600.0
197774.0
197952.0
198130.0
198308.0
198486.0
198657.0
198835.0
199011.0
199189.0
199363.0
199533.0
199711.0
199889.0
200065.0
200243.0
200421.0
200599.0
200777.0
200955.0
201131.0
201309.0
201487.0
201665.0
201843.0
202021.0
202197.0
202371.0
202541.0
202719.0
202890.0
203063.0
203241.0
203419.0
203595.0
203773.0
203945.0
204116.0
204294.0
204472.0
204650.0
204826.0
204998.0
205174.0
205352.0
205530.0
205704.0
205880.0
206058.0
206236.0
206412.0
206590.0
206766.0
206942.0
207120.0
207298.0
207476.0
207642.0
207820.0
207994.0
208167.0
208343.0
208512.0
208690.0
208868.0
209046.0
209224.0
209402.0
209580.0
209758.0
209934.0
210105.0
210283.0
210461.0
210639.0
210815.0
210993.0
211169.0
211347.0
211525.0
211694.0
211872.0
212050.0
212228.0
212404.0
212580.0
212758.0
212936.0
213112.0
213286.0
213464.0
213642.0
213820.0
213993.0
214171.0
214349.0
214527.0
214705.0
214881.0
215059.0
215237.0
215415.0
215591.0
215769.0
215943.0
216121.0
216299.0
216475.0
216653.0
216831.0
217009.0
217182.0
217360.0
217536.0
217714.0
217890.0
218068.0
218244.0
218417.0
218593.0
218771.0
218945.0
219123.0
219296.0
219472.0
219643.0
219819.0
219995.0
220171.0
220344.0
220517.0
220691.0
220865.0
221039.0
221217.0
221393.0
221571.0
221747.0
221925.0
222103.0
222281.0
222457.0
222633.0
222811.0
222987.0
223165.0
223338.0
223514.0
223687.0
223865.0
224043.0
224221.0
224395.0
224571.0
224749.0
224917.0
225091.0
225269.0
225447.0
225625.0
225801.0
225979.0
226153.0
226331.0
226509.0
226682.0
226858.0
227034.0
227210.0
227379.0
227557.0
227735.0
227913.0
228091.0
228267.0
228440.0
228614.0
228790.0
228964.0
229133.0
229311.0
229482.0
229658.0
229827.0
230005.0
230183.0
230361.0
230539.0
230717.0
230886.0
231062.0
231238.0
231414.0
231590.0
231762.0
231934.0
232105.0
232278.0
232456.0
232628.0
232806.0
232984.0
233162.0
233340.0
233516.0
233692.0
233863.0
234031.0
234202.0
234378.0
234556.0
234732.0
234908.0
235080.0
235258.0
235436.0
235600.0
235776.0
235950.0
236126.0
236304.0
236482.0
236660.0
236836.0
237012.0
237190.0
237366.0
237537.0
237715.0
237889.0
238060.0
238236.0
238407.0
238585.0
238758.0
238936.0
239112.0
239283.0
239457.0
239631.0
239801.0
239975.0
240153.0
240331.0
240509.0
240685.0
240858.0
241036.0
241209.0
241382.0
241556.0
241732.0
241910.0
242088.0
242266.0
242444.0
242622.0
242800.0
242976.0
243145.0
243321.0
243499.0
243677.0
243855.0
244022.0
244198.0
244372.0
244545.0
244723.0
244901.0
245067.0
