a = 0.8
g = 0.5
e = 0.5
random initial weights = true

-2520.0
-5504.0
-6226.0
-6714.0
-7208.0
-7662.0
-8126.0
-8634.0
-9162.0
-9708.0
-10267.0
-10727.0
-11161.0
-11580.0
-12192.0
-12643.0
-13080.0
-13503.0
-13963.0
-14387.0
-14863.0
-14797.0
-14648.0
-14517.0
-14339.0
-14166.0
-14000.0
-13842.0
-13676.0
-13512.0
-13392.0
-13236.0
-13087.0
-12942.0
-12800.0
-12648.0
-12488.0
-12324.0
-12159.0
-12012.0
-11848.0
-11684.0
-11520.0
-11357.0
-11184.0
-11013.0
-10868.0
-10717.0
-10578.0
-10416.0
-10311.0
-10157.0
-9994.0
-9823.0
-9682.0
-9514.0
-9361.0
-9183.0
-9012.0
-8868.0
-8700.0
-8531.0
-8387.0
-8214.0
-8062.0
-7895.0
-7753.0
-7594.0
-7430.0
-7266.0
-7093.0
-6930.0
-6760.0
-6592.0
-6427.0
-6284.0
-6118.0
-5995.0
-5825.0
-5653.0
-5512.0
-5355.0
-5194.0
-5022.0
-4850.0
-4681.0
-4517.0
-4350.0
-4189.0
-4015.0
-3864.0
-3691.0
-3520.0
-3372.0
-3196.0
-3083.0
-2913.0
-2761.0
-2599.0
-2444.0
-2278.0
-2114.0
-1954.0
-1790.0
-1627.0
-1483.0
-1322.0
-1156.0
-993.0
-863.0
-717.0
-555.0
-387.0
-222.0
-97.0
72.0
194.0
354.0
513.0
673.0
794.0
949.0
1110.0
1260.0
1420.0
1585.0
1755.0
1911.0
2063.0
2227.0
2375.0
2540.0
2708.0
2870.0
3027.0
3199.0
3363.0
3520.0
3665.0
3843.0
3990.0
4132.0
4283.0
4449.0
4620.0
4794.0
4958.0
5115.0
5291.0
5455.0
5588.0
5734.0
5899.0
6042.0
6210.0
6369.0
6541.0
6699.0
6868.0
7037.0
7196.0
7361.0
7521.0
7667.0
7826.0
8002.0
8174.0
8323.0
8475.0
8584.0
8751.0
8914.0
9068.0
9212.0
9384.0
9541.0
9709.0
9879.0
10024.0
10172.0
10317.0
10461.0
10631.0
10792.0
10963.0
11075.0
11227.0
11375.0
11539.0
11708.0
11868.0
12039.0
12182.0
12342.0
12516.0
12687.0
12858.0
13027.0
13182.0
13339.0
13509.0
13678.0
13838.0
14004.0
14141.0
14288.0
14456.0
14557.0
14698.0
14866.0
15040.0
15128.0
15293.0
15455.0
15621.0
15789.0
15940.0
16081.0
16238.0
16399.0
16570.0
16709.0
16852.0
17019.0
17193.0
17340.0
17494.0
17663.0
17818.0
17958.0
18106.0
18275.0
18407.0
18554.0
18730.0
18886.0
19035.0
19193.0
19369.0
19545.0
19697.0
19861.0
20010.0
20155.0
20309.0
20470.0
20631.0
20807.0
20937.0
21083.0
21244.0
21406.0
21569.0
21737.0
21903.0
22059.0
22208.0
22374.0
22515.0
22668.0
22840.0
22993.0
23138.0
23305.0
23473.0
23621.0
23779.0
23949.0
24110.0
24276.0
24440.0
24602.0
24750.0
24921.0
25089.0
25258.0
25401.0
25571.0
25742.0
25894.0
26068.0
26237.0
26400.0
26561.0
26733.0
26880.0
27041.0
27188.0
27347.0
27512.0
27672.0
27838.0
27985.0
28149.0
28316.0
28488.0
28651.0
28805.0
28979.0
29117.0
29286.0
29444.0
29610.0
29754.0
29907.0
30068.0
30235.0
30387.0
30557.0
30721.0
30881.0
31043.0
31192.0
31344.0
31492.0
31658.0
31829.0
31990.0
32152.0
32292.0
32462.0
32634.0
32801.0
32971.0
33136.0
33299.0
33469.0
33640.0
33810.0
33984.0
34147.0
34290.0
34448.0
34624.0
34779.0
34943.0
35114.0
35286.0
35437.0
35609.0
35775.0
35940.0
36104.0
36250.0
36397.0
36553.0
36699.0
36861.0
37009.0
37164.0
37334.0
37486.0
37648.0
37807.0
37946.0
38118.0
38257.0
38410.0
38581.0
38722.0
38885.0
39034.0
39206.0
39361.0
39521.0
39692.0
39870.0
40021.0
40181.0
40335.0
40499.0
40668.0
40829.0
41003.0
41163.0
41306.0
41471.0
41636.0
41787.0
41916.0
42087.0
42250.0
42420.0
42592.0
42708.0
42848.0
43016.0
43182.0
43331.0
43486.0
43641.0
43792.0
43961.0
44110.0
44262.0
44412.0
44559.0
44731.0
44884.0
45046.0
45197.0
45358.0
45505.0
45647.0
45778.0
45926.0
46082.0
46219.0
46358.0
46500.0
46632.0
46783.0
46957.0
47111.0
47279.0
47444.0
47600.0
47772.0
47919.0
48048.0
48211.0
48375.0
48540.0
48667.0
48817.0
48973.0
49141.0
49265.0
49428.0
49602.0
49759.0
49896.0
50056.0
50228.0
50386.0
50535.0
50694.0
50866.0
51032.0
51170.0
51320.0
51479.0
51639.0
51803.0
51971.0
52132.0
52295.0
52460.0
52625.0
52798.0
52961.0
53118.0
53292.0
53446.0
53592.0
53760.0
53931.0
54099.0
54262.0
54409.0
54522.0
54693.0
54863.0
55002.0
55178.0
55333.0
55487.0
55625.0
55784.0
55943.0
56113.0
56261.0
56425.0
56588.0
56761.0
56927.0
57085.0
57241.0
57405.0
57551.0
57714.0
57885.0
58061.0
58203.0
58372.0
58538.0
58701.0
58849.0
59008.0
59135.0
59269.0
59424.0
59567.0
59731.0
59893.0
60050.0
60218.0
60380.0
60524.0
60692.0
60858.0
61025.0
61203.0
61344.0
61513.0
61679.0
61832.0
61951.0
62082.0
62250.0
62411.0
62575.0
62746.0
62896.0
63026.0
63189.0
63349.0
63513.0
63672.0
63844.0
64000.0
64154.0
64289.0
64437.0
64607.0
64773.0
64931.0
65090.0
65226.0
65386.0
65547.0
65702.0
65869.0
66025.0
66183.0
66335.0
66489.0
66663.0
66837.0
66984.0
67125.0
67241.0
67406.0
67555.0
67713.0
67863.0
68027.0
68185.0
68345.0
68469.0
68616.0
68786.0
68939.0
69101.0
69258.0
69401.0
69552.0
69720.0
69872.0
70025.0
70187.0
70357.0
70517.0
70669.0
70843.0
71011.0
71183.0
71351.0
71515.0
71668.0
71809.0
71969.0
72145.0
72313.0
72473.0
72646.0
72810.0
72959.0
73120.0
73283.0
73449.0
73605.0
73750.0
73910.0
74056.0
74227.0
74359.0
74526.0
74692.0
74838.0
75003.0
75158.0
75329.0
75498.0
75636.0
75795.0
75954.0
76115.0
76269.0
76432.0
76592.0
76754.0
76904.0
77053.0
77206.0
77347.0
77509.0
77619.0
77792.0
77963.0
78127.0
78292.0
78450.0
78613.0
78752.0
78915.0
79088.0
79235.0
79390.0
79547.0
79721.0
79885.0
80022.0
80192.0
80326.0
80479.0
80657.0
80818.0
80990.0
81146.0
81296.0
81472.0
81629.0
81763.0
81924.0
82076.0
82234.0
82404.0
82555.0
82724.0
82878.0
82995.0
83167.0
83309.0
83461.0
83618.0
83781.0
83949.0
84116.0
84256.0
84408.0
84572.0
84748.0
84909.0
85069.0
85245.0
85353.0
85523.0
85697.0
85860.0
86024.0
86181.0
86350.0
86522.0
86674.0
86807.0
86943.0
87096.0
87260.0
87423.0
87579.0
87721.0
87837.0
87994.0
88167.0
88320.0
88470.0
88639.0
88802.0
88934.0
89079.0
89224.0
89394.0
89555.0
89701.0
89871.0
90031.0
90192.0
90335.0
90488.0
90656.0
90804.0
90960.0
91109.0
91285.0
91447.0
91619.0
91788.0
91948.0
92099.0
92265.0
92427.0
92579.0
92697.0
92853.0
93013.0
93176.0
93338.0
93497.0
93659.0
93772.0
93933.0
94084.0
94248.0
94405.0
94535.0
94705.0
94836.0
94981.0
95146.0
95318.0
95474.0
95640.0
95816.0
95953.0
96105.0
96225.0
96391.0
96538.0
96699.0
96845.0
97003.0
97172.0
97331.0
97492.0
97647.0
97792.0
97962.0
98117.0
98281.0
98426.0
98596.0
98751.0
98927.0
99083.0
99261.0
99435.0
99590.0
99762.0
99919.0
100086.0
100243.0
100413.0
100546.0
100709.0
100879.0
101028.0
101191.0
101359.0
101521.0
101675.0
101791.0
101944.0
102100.0
102264.0
102405.0
102566.0
102712.0
102879.0
103045.0
103207.0
103313.0
103476.0
103610.0
103740.0
103906.0
104070.0
104230.0
104404.0
104566.0
104691.0
104834.0
104998.0
105144.0
105313.0
105484.0
105649.0
105819.0
105987.0
106136.0
106310.0
106465.0
106632.0
106795.0
106959.0
107107.0
107278.0
107431.0
107578.0
107738.0
107900.0
108060.0
108214.0
108354.0
108510.0
108647.0
108792.0
108919.0
109088.0
109243.0
109404.0
109578.0
109743.0
109902.0
110080.0
110231.0
110396.0
110561.0
110728.0
110893.0
111059.0
111229.0
111386.0
111552.0
111703.0
111860.0
111979.0
112134.0
112290.0
112446.0
112613.0
112789.0
112952.0
113111.0
113270.0
113428.0
113600.0
113745.0
113896.0
114055.0
114227.0
114384.0
114554.0
114712.0
114862.0
114983.0
115136.0
115296.0
115463.0
115635.0
115799.0
115936.0
116099.0
116264.0
116429.0
116581.0
116747.0
116921.0
117078.0
117220.0
117390.0
117544.0
117711.0
117846.0
117999.0
118145.0
118313.0
118450.0
118585.0
118758.0
118912.0
119062.0
119234.0
119369.0
119483.0
119642.0
119799.0
119973.0
120149.0
120304.0
120466.0
120601.0
120745.0
120894.0
121057.0
121209.0
121356.0
121530.0
121691.0
121811.0
121969.0
122123.0
122243.0
122417.0
122551.0
122727.0
122883.0
123031.0
123198.0
123338.0
123497.0
123637.0
123767.0
123933.0
124094.0
124264.0
124430.0
124587.0
124754.0
124916.0
125079.0
125232.0
125397.0
125562.0
125714.0
125870.0
126043.0
126188.0
126326.0
126466.0
126622.0
126771.0
126921.0
127055.0
127197.0
127375.0
127533.0
127699.0
127825.0
127985.0
128143.0
128298.0
128456.0
128616.0
128739.0
128844.0
129010.0
129175.0
129339.0
129484.0
129647.0
129808.0
129971.0
130135.0
130292.0
130446.0
130608.0
130770.0
130923.0
131097.0
131261.0
131420.0
131576.0
131746.0
131907.0
132052.0
132203.0
132353.0
132513.0
132664.0
132816.0
132992.0
133151.0
133299.0
133468.0
133633.0
133773.0
133941.0
134090.0
134246.0
134398.0
134567.0
134734.0
134903.0
135063.0
135226.0
135381.0
135534.0
135700.0
135854.0
136020.0
136187.0
136354.0
136505.0
136670.0
136826.0
136988.0
137133.0
137279.0
137447.0
137623.0
137799.0
137955.0
138107.0
138269.0
138406.0
138574.0
138742.0
138897.0
139036.0
139207.0
139353.0
139529.0
139686.0
139849.0
139976.0
140124.0
140281.0
140445.0
140591.0
140759.0
140935.0
141096.0
141255.0
141410.0
141559.0
141698.0
141866.0
142040.0
142188.0
142336.0
142501.0
142666.0
142804.0
142977.0
143151.0
143311.0
143469.0
143639.0
143802.0
143971.0
144121.0
144283.0
144387.0
144542.0
144684.0
144850.0
145007.0
145174.0
145324.0
145496.0
145653.0
145817.0
145982.0
146143.0
146302.0
146456.0
146609.0
146765.0
146928.0
147077.0
147247.0
147413.0
147553.0
147714.0
147886.0
148036.0
148176.0
148339.0
148493.0
148638.0
148808.0
148962.0
149112.0
149259.0
149413.0
149587.0
149753.0
149903.0
150077.0
150248.0
150403.0
150568.0
150714.0
150844.0
151004.0
151168.0
151309.0
151483.0
151645.0
151804.0
151951.0
152105.0
152268.0
152427.0
152582.0
152734.0
152891.0
153052.0
153224.0
153398.0
153549.0
153713.0
153870.0
154021.0
154151.0
154294.0
154454.0
154616.0
154763.0
154931.0
155088.0
155260.0
155418.0
155570.0
155718.0
155892.0
156026.0
156204.0
156315.0
156461.0
156597.0
156767.0
156919.0
157087.0
157208.0
157352.0
157513.0
157634.0
157773.0
157921.0
158086.0
158244.0
158416.0
158579.0
158749.0
158885.0
159054.0
159221.0
159393.0
159560.0
159725.0
159888.0
160044.0
160208.0
160358.0
160507.0
160660.0
160814.0
160969.0
161127.0
161252.0
161416.0
161589.0
161743.0
161913.0
162084.0
162239.0
162367.0
162526.0
162675.0
162818.0
162996.0
163152.0
163320.0
163486.0
163646.0
163812.0
163985.0
164140.0
164303.0
164474.0
164644.0
164790.0
164941.0
165092.0
165246.0
165414.0
165550.0
165690.0
165858.0
166012.0
166186.0
166340.0
166478.0
166629.0
166802.0
166968.0
167133.0
167290.0
167455.0
167587.0
167734.0
167878.0
168013.0
168179.0
168342.0
168510.0
168677.0
168835.0
168998.0
169160.0
169322.0
169480.0
169643.0
169807.0
169977.0
170120.0
170256.0
170424.0
170580.0
170722.0
170891.0
171052.0
171208.0
171355.0
171509.0
171672.0
171844.0
171966.0
172135.0
172293.0
172435.0
172605.0
172769.0
172916.0
173066.0
173244.0
173387.0
173544.0
173689.0
173836.0
173998.0
174162.0
174323.0
174493.0
174644.0
174818.0
174962.0
175109.0
175263.0
175425.0
175577.0
175740.0
175907.0
176035.0
176199.0
176346.0
176492.0
176630.0
176784.0
176937.0
177080.0
177243.0
177387.0
177529.0
177659.0
177811.0
177962.0
178111.0
178277.0
178446.0
178622.0
178798.0
178968.0
179142.0
179320.0
179478.0
179635.0
179797.0
179927.0
180082.0
180250.0
180416.0
180577.0
180745.0
180906.0
181065.0
181207.0
181346.0
181509.0
181670.0
181827.0
181991.0
182126.0
182276.0
182452.0
182623.0
182794.0
182970.0
183120.0
183286.0
183445.0
183602.0
183771.0
183904.0
184055.0
184200.0
184354.0
184494.0
184652.0
184823.0
184994.0
185165.0
185304.0
185445.0
185621.0
185770.0
185930.0
186095.0
186257.0
186419.0
186585.0
186756.0
186930.0
187079.0
187225.0
187396.0
187558.0
187712.0
187870.0
188018.0
188163.0
188331.0
188462.0
188636.0
188802.0
188927.0
189089.0
189253.0
189384.0
189536.0
189694.0
189842.0
190001.0
190166.0
190314.0
190471.0
190642.0
190778.0
190931.0
191083.0
191252.0
191420.0
191563.0
191713.0
191857.0
192012.0
192133.0
192282.0
192450.0
192622.0
192772.0
192939.0
193103.0
193263.0
193432.0
193593.0
193762.0
193926.0
194083.0
194242.0
194386.0
194536.0
194681.0
194854.0
195028.0
195183.0
195350.0
195524.0
195675.0
195838.0
195997.0
196156.0
196312.0
196464.0
196633.0
196804.0
196952.0
197125.0
197277.0
197424.0
197569.0
197736.0
197875.0
198025.0
198187.0
198329.0
198501.0
198644.0
198800.0
198946.0
199110.0
199280.0
199394.0
199538.0
199686.0
199858.0
200036.0
200177.0
200331.0
200478.0
200641.0
200817.0
200991.0
201148.0
201311.0
201472.0
201648.0
201809.0
201978.0
202140.0
202311.0
202449.0
202623.0
202777.0
202937.0
203093.0
203261.0
203401.0
203558.0
203720.0
203894.0
204063.0
204218.0
204383.0
204557.0
204714.0
204888.0
205050.0
205208.0
205361.0
205471.0
205636.0
205782.0
205947.0
206106.0
206260.0
206436.0
206596.0
206753.0
206905.0
207081.0
207246.0
207408.0
207567.0
207701.0
207873.0
208037.0
208191.0
208360.0
208486.0
208604.0
208760.0
208916.0
209073.0
209243.0
209410.0
209570.0
209740.0
209897.0
210067.0
210225.0
210396.0
210557.0
210730.0
210891.0
211056.0
211215.0
211372.0
211550.0
211718.0
211853.0
212029.0
212146.0
212298.0
212471.0
212609.0
212776.0
212935.0
213071.0
213243.0
213404.0
213578.0
213736.0
213900.0
214074.0
214219.0
214385.0
214550.0
214708.0
214869.0
215004.0
215162.0
215336.0
215470.0
215595.0
215746.0
215909.0
216069.0
216247.0
216400.0
216566.0
216715.0
216866.0
217032.0
217182.0
217342.0
217509.0
217679.0
