a = 0.8
g = 0.8
e = 0.1
random initial weights = false

-1159.0
-3736.0
-4292.0
-4809.0
-5232.0
-6643.0
-7251.0
-7703.0
-8122.0
-8591.0
-8447.0
-8860.0
-9312.0
-9727.0
-10148.0
-10639.0
-11056.0
-11526.0
-11941.0
-11796.0
-11620.0
-12036.0
-12459.0
-12988.0
-13403.0
-13818.0
-14245.0
-14696.0
-14526.0
-14348.0
-14175.0
-13997.0
-13819.0
-13647.0
-13469.0
-13298.0
-13125.0
-12947.0
-12769.0
-12598.0
-12422.0
-12246.0
-12068.0
-11892.0
-11716.0
-11538.0
-11360.0
-11191.0
-11018.0
-10840.0
-10664.0
-10486.0
-10308.0
-10130.0
-9954.0
-9778.0
-9600.0
-9426.0
-9250.0
-9074.0
-8898.0
-8720.0
-8542.0
-8364.0
-8188.0
-8012.0
-7834.0
-7660.0
-7482.0
-7304.0
-7126.0
-6948.0
-6772.0
-6594.0
-6423.0
-6247.0
-6078.0
-5902.0
-5724.0
-5546.0
-5368.0
-5190.0
-5016.0
-4838.0
-4660.0
-4482.0
-4308.0
-4130.0
-3957.0
-3779.0
-3601.0
-3428.0
-3260.0
-3082.0
-2909.0
-2731.0
-2553.0
-2379.0
-2201.0
-2028.0
-1856.0
-1680.0
-1504.0
-1333.0
-1157.0
-979.0
-803.0
-625.0
-447.0
-269.0
-91.0
85.0
258.0
436.0
614.0
792.0
970.0
1143.0
1316.0
1489.0
1667.0
1839.0
2015.0
2185.0
2359.0
2537.0
2713.0
2891.0
3069.0
3247.0
3421.0
3599.0
3777.0
3953.0
4126.0
4298.0
4471.0
4649.0
4827.0
4996.0
5174.0
5350.0
5528.0
5706.0
5884.0
6060.0
6238.0
6412.0
6590.0
6758.0
6934.0
7112.0
7285.0
7456.0
7632.0
7810.0
7982.0
8158.0
8336.0
8512.0
8686.0
8859.0
9035.0
9213.0
9391.0
9569.0
9743.0
9914.0
10090.0
10261.0
10437.0
10613.0
10782.0
10958.0
11132.0
11310.0
11488.0
11666.0
11837.0
12010.0
12184.0
12362.0
12536.0
12712.0
12890.0
13068.0
13246.0
13424.0
13600.0
13778.0
13954.0
14130.0
14308.0
14475.0
14653.0
14831.0
15007.0
15185.0
15361.0
15537.0
15715.0
15893.0
16071.0
16244.0
16422.0
16596.0
16774.0
16944.0
17112.0
17288.0
17466.0
17638.0
17808.0
17984.0
18162.0
18332.0
18510.0
18688.0
18864.0
19040.0
19218.0
19396.0
19565.0
19741.0
19917.0
20093.0
20271.0
20447.0
20620.0
20791.0
20969.0
21138.0
21314.0
21490.0
21668.0
21846.0
22013.0
22189.0
22367.0
22540.0
22714.0
22892.0
23065.0
23238.0
23416.0
23588.0
23762.0
23934.0
24110.0
24281.0
24457.0
24635.0
24806.0
24984.0
25162.0
25330.0
25504.0
25680.0
25858.0
26036.0
26214.0
26390.0
26564.0
26742.0
26911.0
27084.0
27262.0
27440.0
27609.0
27785.0
27961.0
28137.0
28313.0
28491.0
28667.0
28839.0
29017.0
29195.0
29373.0
29547.0
29725.0
29899.0
30075.0
30253.0
30431.0
30609.0
30783.0
30957.0
31129.0
31303.0
31474.0
31652.0
31828.0
32004.0
32180.0
32351.0
32522.0
32698.0
32870.0
33048.0
33226.0
33404.0
33582.0
33760.0
33938.0
34107.0
34285.0
34459.0
34633.0
34811.0
34987.0
35165.0
35343.0
35519.0
35697.0
35870.0
36046.0
36224.0
36402.0
36576.0
36752.0
36930.0
37108.0
37286.0
37459.0
37632.0
37810.0
37984.0
38162.0
38340.0
38518.0
38694.0
38859.0
39030.0
39203.0
39381.0
39557.0
39735.0
39911.0
40089.0
40257.0
40433.0
40606.0
40782.0
40955.0
41128.0
41301.0
41475.0
41653.0
41825.0
41999.0
42171.0
42349.0
42527.0
42705.0
42879.0
43055.0
43229.0
43402.0
43571.0
43749.0
43927.0
44105.0
44277.0
44451.0
44627.0
44801.0
44977.0
45153.0
45331.0
45509.0
45681.0
45852.0
46024.0
46202.0
46375.0
46551.0
46727.0
46900.0
47071.0
47249.0
47427.0
47605.0
47783.0
47956.0
48134.0
48312.0
48488.0
48664.0
48842.0
49020.0
49198.0
49374.0
49547.0
49723.0
49901.0
50079.0
50257.0
50433.0
50611.0
50780.0
50956.0
51132.0
51305.0
51483.0
51661.0
51837.0
52013.0
52191.0
52367.0
52543.0
52721.0
52897.0
53070.0
53248.0
53424.0
53602.0
53780.0
53956.0
54127.0
54291.0
54467.0
54645.0
54821.0
54999.0
55177.0
55350.0
55526.0
55698.0
55872.0
56045.0
56214.0
56390.0
56568.0
56746.0
56922.0
57100.0
57278.0
57451.0
57627.0
57803.0
57979.0
58157.0
58333.0
58511.0
58689.0
58862.0
59035.0
59213.0
59391.0
59565.0
59741.0
59919.0
60097.0
60275.0
60451.0
60629.0
60807.0
60985.0
61161.0
61332.0
61510.0
61688.0
61862.0
62040.0
62218.0
62396.0
62574.0
62752.0
62930.0
63103.0
63279.0
63457.0
63633.0
63806.0
63984.0
64158.0
64331.0
64505.0
64683.0
64861.0
65039.0
65215.0
65387.0
65565.0
65741.0
65919.0
66097.0
66271.0
66449.0
66625.0
66803.0
66981.0
67157.0
67333.0
67506.0
67679.0
67857.0
68031.0
68209.0
68387.0
68565.0
68738.0
68912.0
69090.0
69268.0
69446.0
69620.0
69798.0
69974.0
70145.0
70323.0
70501.0
70677.0
70855.0
71033.0
71211.0
71387.0
71565.0
71743.0
71921.0
72097.0
72275.0
72453.0
72629.0
72800.0
72973.0
73151.0
73329.0
73507.0
73685.0
73858.0
74036.0
74214.0
74392.0
74570.0
74748.0
74926.0
75104.0
75280.0
75458.0
75636.0
75810.0
75988.0
76162.0
76335.0
76513.0
76684.0
76862.0
77040.0
77218.0
77396.0
77570.0
77732.0
77910.0
78088.0
78266.0
78438.0
78616.0
78794.0
78972.0
79148.0
79326.0
79504.0
79677.0
79853.0
80023.0
80199.0
80377.0
80555.0
80733.0
80911.0
81080.0
81256.0
81432.0
81605.0
81774.0
81952.0
82126.0
82302.0
82480.0
82656.0
82832.0
83008.0
83186.0
83362.0
83526.0
83702.0
83880.0
84058.0
84234.0
84410.0
84588.0
84764.0
84942.0
85114.0
85288.0
85466.0
85642.0
85820.0
85998.0
86176.0
86354.0
86532.0
86708.0
86886.0
87064.0
87240.0
87413.0
87591.0
87769.0
87947.0
88121.0
88299.0
88477.0
88655.0
88833.0
89007.0
89185.0
89363.0
89541.0
89715.0
89883.0
90061.0
90234.0
90412.0
90590.0
90768.0
90944.0
91120.0
91293.0
91471.0
91649.0
91823.0
91996.0
92172.0
92350.0
92526.0
92704.0
92880.0
93056.0
93234.0
93412.0
93588.0
93766.0
93942.0
94120.0
94294.0
94468.0
94641.0
94819.0
94992.0
95168.0
95346.0
95517.0
95693.0
95871.0
96044.0
96222.0
96400.0
96573.0
96749.0
96927.0
97105.0
97283.0
97461.0
97639.0
97817.0
97991.0
98169.0
98347.0
98525.0
98701.0
98875.0
99051.0
99229.0
99407.0
99579.0
99757.0
99933.0
100111.0
100289.0
100467.0
100641.0
100819.0
100993.0
101164.0
101342.0
101515.0
101693.0
101871.0
102049.0
102227.0
102401.0
102575.0
102753.0
102931.0
103109.0
103287.0
103463.0
103636.0
103814.0
103985.0
104163.0
104341.0
104514.0
104690.0
104866.0
105040.0
105218.0
105394.0
105570.0
105746.0
105924.0
106102.0
106276.0
106454.0
106632.0
106808.0
106976.0
107152.0
107328.0
107506.0
107680.0
107858.0
108036.0
108209.0
108383.0
108561.0
108739.0
108913.0
109083.0
109261.0
109433.0
109611.0
109787.0
109965.0
110143.0
110321.0
110497.0
110671.0
110849.0
111027.0
111203.0
111381.0
111552.0
111730.0
111894.0
112072.0
112250.0
112423.0
112601.0
112779.0
112957.0
113131.0
113304.0
113482.0
113660.0
113838.0
114014.0
114192.0
114368.0
114546.0
114724.0
114900.0
115078.0
115256.0
115434.0
115610.0
115788.0
115966.0
116144.0
116322.0
116495.0
116666.0
116844.0
117012.0
117190.0
117368.0
117544.0
117722.0
117896.0
118072.0
118250.0
118424.0
118602.0
118774.0
118950.0
119126.0
119300.0
119476.0
119654.0
119828.0
120006.0
120182.0
120360.0
120538.0
120712.0
120890.0
121066.0
121244.0
121422.0
121600.0
121778.0
121956.0
122129.0
122307.0
122485.0
122658.0
122831.0
123009.0
123187.0
123363.0
123531.0
123707.0
123885.0
124063.0
124241.0
124419.0
124595.0
124773.0
124944.0
125115.0
125293.0
125469.0
125641.0
125815.0
125993.0
126169.0
126343.0
126521.0
126692.0
126861.0
127039.0
127213.0
127391.0
127563.0
127736.0
127914.0
128092.0
128270.0
128446.0
128622.0
128800.0
128978.0
129154.0
129330.0
129501.0
129675.0
129853.0
130029.0
130205.0
130376.0
130552.0
130728.0
130904.0
131082.0
131260.0
131438.0
131616.0
131794.0
131972.0
132150.0
132323.0
132497.0
132675.0
132851.0
133024.0
133197.0
133375.0
133553.0
133731.0
133907.0
134085.0
134263.0
134441.0
134619.0
134797.0
134975.0
135151.0
135327.0
135505.0
135683.0
135861.0
136039.0
136215.0
136391.0
136569.0
136747.0
136923.0
137101.0
137279.0
137457.0
137635.0
137813.0
137980.0
138156.0
138334.0
138507.0
138685.0
138863.0
139041.0
139208.0
139386.0
139564.0
139742.0
139918.0
140096.0
140274.0
140452.0
140628.0
140798.0
140972.0
141150.0
141328.0
141506.0
141679.0
141852.0
142028.0
142206.0
142380.0
142558.0
142736.0
142907.0
143085.0
143253.0
143423.0
143594.0
143772.0
143948.0
144126.0
144304.0
144482.0
144653.0
144822.0
145000.0
145178.0
145352.0
145526.0
145704.0
145882.0
146060.0
146238.0
146416.0
146587.0
146763.0
146941.0
147117.0
147295.0
147473.0
147651.0
147829.0
148007.0
148183.0
148361.0
148539.0
148712.0
148890.0
149066.0
149244.0
149422.0
149593.0
149767.0
149945.0
150121.0
150299.0
150477.0
150648.0
150826.0
151000.0
151173.0
151351.0
151529.0
151707.0
151880.0
152058.0
152236.0
152412.0
152588.0
152766.0
152937.0
153113.0
153289.0
153460.0
153626.0
153799.0
153966.0
154144.0
154322.0
154498.0
154676.0
154852.0
155028.0
155199.0
155377.0
155555.0
155733.0
155909.0
156083.0
156261.0
156437.0
156610.0
156786.0
156964.0
157140.0
157318.0
157492.0
157670.0
157846.0
158024.0
158202.0
158380.0
158558.0
158729.0
158902.0
159073.0
159251.0
159429.0
159607.0
159785.0
159961.0
160137.0
160315.0
160491.0
160669.0
160847.0
161018.0
161196.0
161369.0
161545.0
161721.0
161899.0
162072.0
162250.0
162423.0
162597.0
162775.0
162953.0
163131.0
163309.0
163487.0
163665.0
163834.0
164010.0
164184.0
164360.0
164538.0
164716.0
164894.0
165072.0
165250.0
165426.0
165604.0
165778.0
165956.0
166128.0
166304.0
166482.0
166658.0
166834.0
167007.0
167183.0
167354.0
167532.0
167710.0
167888.0
168062.0
168240.0
168416.0
168594.0
168772.0
168943.0
169119.0
169297.0
169475.0
169651.0
169825.0
170001.0
170177.0
170351.0
170527.0
170705.0
170881.0
171059.0
171237.0
171415.0
171593.0
171765.0
171941.0
172115.0
172291.0
172467.0
172643.0
172817.0
172995.0
173173.0
173344.0
173518.0
173696.0
173874.0
174052.0
174230.0
174403.0
174579.0
174755.0
174931.0
175102.0
175272.0
175450.0
175628.0
175804.0
175978.0
176151.0
176321.0
176499.0
176675.0
176842.0
177020.0
177198.0
177376.0
177554.0
177723.0
177899.0
178075.0
178251.0
178427.0
178605.0
178783.0
178961.0
179139.0
179317.0
179495.0
179671.0
179839.0
180017.0
180195.0
180373.0
180551.0
180727.0
180905.0
181083.0
181261.0
181434.0
181607.0
181783.0
181961.0
182139.0
182315.0
182491.0
182667.0
182843.0
183021.0
183195.0
183373.0
183551.0
183727.0
183905.0
184081.0
184259.0
184437.0
184610.0
184782.0
184952.0
185128.0
185304.0
185482.0
185658.0
185831.0
186007.0
186185.0
186361.0
186534.0
186710.0
186888.0
187066.0
187244.0
187422.0
187600.0
187778.0
187954.0
188130.0
188296.0
188474.0
188652.0
188830.0
189008.0
189186.0
189356.0
189534.0
189710.0
189888.0
190064.0
190240.0
190418.0
190596.0
190774.0
190947.0
191123.0
191301.0
191479.0
191655.0
191833.0
192011.0
192189.0
192363.0
192541.0
192719.0
192895.0
193073.0
193249.0
193425.0
193592.0
193763.0
193941.0
194114.0
194287.0
194463.0
194639.0
194817.0
194995.0
195171.0
195347.0
195525.0
195696.0
195874.0
196052.0
196225.0
196403.0
196579.0
196757.0
196935.0
197113.0
197291.0
197469.0
197647.0
197825.0
197999.0
198173.0
198351.0
198520.0
198698.0
198876.0
199052.0
199230.0
199408.0
199584.0
199762.0
199932.0
200110.0
200286.0
200464.0
200637.0
200815.0
200991.0
201165.0
201337.0
201513.0
201689.0
201867.0
202045.0
202223.0
202397.0
202575.0
202753.0
202931.0
203097.0
203275.0
203451.0
203627.0
203805.0
203981.0
204152.0
204330.0
204504.0
204682.0
204849.0
205023.0
205197.0
205375.0
205553.0
205729.0
205902.0
206080.0
206258.0
206436.0
206612.0
206790.0
206966.0
207140.0
207316.0
207492.0
207668.0
207844.0
208022.0
208198.0
208376.0
208554.0
208724.0
208895.0
209073.0
209251.0
209427.0
209601.0
209779.0
209955.0
210129.0
210307.0
210483.0
210661.0
210839.0
211015.0
211193.0
211371.0
211544.0
211705.0
211878.0
212056.0
212232.0
212410.0
212588.0
212766.0
212942.0
213118.0
213296.0
213472.0
213643.0
213821.0
213999.0
214175.0
214351.0
214527.0
214698.0
214869.0
215042.0
215220.0
215396.0
215574.0
215752.0
215928.0
216104.0
216274.0
216452.0
216630.0
216804.0
216980.0
217158.0
217332.0
217510.0
217686.0
217864.0
218035.0
218213.0
218384.0
218557.0
218733.0
218909.0
219083.0
219259.0
219437.0
219615.0
219786.0
219964.0
220130.0
220308.0
220484.0
220662.0
220840.0
221016.0
221194.0
221370.0
221544.0
221722.0
221900.0
222078.0
222256.0
222430.0
222603.0
222779.0
222955.0
223131.0
223309.0
223485.0
223663.0
223841.0
224019.0
224197.0
224366.0
224544.0
224720.0
224898.0
225076.0
225254.0
225430.0
225606.0
225779.0
225955.0
226131.0
226309.0
226483.0
226659.0
226835.0
227013.0
227191.0
227362.0
227540.0
227716.0
227887.0
228065.0
228243.0
228421.0
228599.0
228777.0
228948.0
229126.0
229302.0
229475.0
229653.0
229827.0
230003.0
230181.0
230359.0
230537.0
230713.0
230891.0
231065.0
231234.0
231412.0
231590.0
231768.0
231946.0
232124.0
232294.0
232467.0
232645.0
232818.0
232992.0
233170.0
233348.0
233524.0
233702.0
233880.0
234056.0
234234.0
234412.0
234588.0
234766.0
234942.0
235120.0
235298.0
235474.0
235645.0
235823.0
235996.0
236172.0
236350.0
236528.0
236704.0
236882.0
237060.0
237236.0
237407.0
237573.0
237749.0
237925.0
238103.0
238279.0
238457.0
238635.0
238809.0
238983.0
239159.0
239333.0
239511.0
239685.0
239859.0
240033.0
240211.0
240389.0
240567.0
240745.0
240923.0
241097.0
241270.0
241442.0
241604.0
241780.0
241958.0
242136.0
242312.0
242490.0
242664.0
242840.0
243013.0
243189.0
243367.0
243543.0
243721.0
243897.0
244073.0
244251.0
