a = 0.8
g = 0.5
e = 0.5
random initial weights = false

-1103.0
-2541.0
-3477.0
-4272.0
-4807.0
-5491.0
-5368.0
-5227.0
-5097.0
-5511.0
-6038.0
-6489.0
-6924.0
-7388.0
-7819.0
-8295.0
-8763.0
-9193.0
-9740.0
-9571.0
-9416.0
-9837.0
-9669.0
-9493.0
-9341.0
-9175.0
-9035.0
-8872.0
-8751.0
-8581.0
-8407.0
-8249.0
-8089.0
-7938.0
-7788.0
-7629.0
-7483.0
-7371.0
-7223.0
-7064.0
-6898.0
-6782.0
-6633.0
-6502.0
-6334.0
-6158.0
-5990.0
-5822.0
-5662.0
-5523.0
-5360.0
-5196.0
-5043.0
-4884.0
-4736.0
-4568.0
-4432.0
-4271.0
-4117.0
-3964.0
-3799.0
-3637.0
-3470.0
-3304.0
-3158.0
-3007.0
-2842.0
-2679.0
-2514.0
-2346.0
-2193.0
-2037.0
-1892.0
-1767.0
-1593.0
-1437.0
-1284.0
-1143.0
-974.0
-813.0
-652.0
-493.0
-325.0
-177.0
-26.0
136.0
302.0
469.0
638.0
789.0
950.0
1124.0
1290.0
1444.0
1602.0
1747.0
1896.0
2037.0
2172.0
2329.0
2480.0
2619.0
2771.0
2937.0
3084.0
3249.0
3418.0
3556.0
3713.0
3860.0
4003.0
4171.0
4334.0
4495.0
4645.0
4796.0
4955.0
5086.0
5213.0
5369.0
5529.0
5677.0
5808.0
5971.0
6145.0
6285.0
6438.0
6586.0
6731.0
6889.0
7029.0
7163.0
7322.0
7487.0
7641.0
7771.0
7923.0
8048.0
8203.0
8360.0
8525.0
8670.0
8826.0
8988.0
9147.0
9317.0
9471.0
9599.0
9742.0
9894.0
10039.0
10202.0
10353.0
10505.0
10664.0
10812.0
10972.0
11121.0
11286.0
11445.0
11586.0
11755.0
11913.0
12076.0
12225.0
12383.0
12541.0
12692.0
12847.0
12940.0
13092.0
13252.0
13406.0
13556.0
13705.0
13848.0
13972.0
14136.0
14270.0
14438.0
14585.0
14742.0
14909.0
15079.0
15228.0
15386.0
15546.0
15700.0
15866.0
16017.0
16168.0
16339.0
16488.0
16636.0
16801.0
16965.0
17114.0
17278.0
17452.0
17604.0
17749.0
17881.0
18029.0
18187.0
18324.0
18475.0
18603.0
18763.0
18917.0
19076.0
19234.0
19385.0
19553.0
19715.0
19866.0
20006.0
20174.0
20315.0
20466.0
20580.0
20733.0
20892.0
21055.0
21199.0
21354.0
21501.0
21661.0
21815.0
21959.0
22105.0
22279.0
22423.0
22599.0
22761.0
22887.0
23059.0
23229.0
23379.0
23532.0
23706.0
23874.0
24024.0
24179.0
24329.0
24489.0
24656.0
24820.0
24973.0
25144.0
25320.0
25473.0
25601.0
25759.0
25893.0
26051.0
26180.0
26340.0
26508.0
26670.0
26829.0
26985.0
27139.0
27286.0
27451.0
27612.0
27779.0
27953.0
28118.0
28270.0
28433.0
28593.0
28760.0
28914.0
29047.0
29192.0
29359.0
29511.0
29665.0
29809.0
29974.0
30148.0
30305.0
30479.0
30622.0
30774.0
30919.0
31073.0
31224.0
31389.0
31502.0
31678.0
31827.0
31938.0
32094.0
32253.0
32425.0
32592.0
32745.0
32901.0
33035.0
33178.0
33304.0
33455.0
33623.0
33755.0
33910.0
34067.0
34243.0
34405.0
34558.0
34699.0
34849.0
34981.0
35137.0
35301.0
35450.0
35604.0
35743.0
35908.0
36027.0
36196.0
36360.0
36502.0
36655.0
36829.0
36971.0
37129.0
37270.0
37430.0
37580.0
37742.0
37882.0
38040.0
38192.0
38349.0
38497.0
38656.0
38814.0
38979.0
39127.0
39282.0
39450.0
39601.0
39772.0
39901.0
40036.0
40164.0
40340.0
40514.0
40664.0
40831.0
40989.0
41136.0
41290.0
41432.0
41588.0
41735.0
41901.0
42069.0
42234.0
42398.0
42559.0
42727.0
42877.0
43030.0
43193.0
43359.0
43515.0
43651.0
43813.0
43980.0
44146.0
44306.0
44454.0
44604.0
44751.0
44912.0
45057.0
45226.0
45382.0
45511.0
45672.0
45842.0
46008.0
46147.0
46279.0
46425.0
46584.0
46725.0
46880.0
47032.0
47190.0
47347.0
47521.0
47661.0
47829.0
47983.0
48148.0
48301.0
48421.0
48578.0
48718.0
48881.0
49047.0
49190.0
49345.0
49484.0
49610.0
49775.0
49939.0
50081.0
50217.0
50366.0
50538.0
50687.0
50826.0
50989.0
51136.0
51287.0
51454.0
51613.0
51752.0
51915.0
52052.0
52224.0
52394.0
52536.0
52693.0
52842.0
53005.0
53177.0
53351.0
53496.0
53651.0
53799.0
53956.0
54120.0
54282.0
54433.0
54599.0
54769.0
54878.0
55036.0
55197.0
55319.0
55493.0
55649.0
55818.0
55972.0
56119.0
56256.0
56421.0
56568.0
56707.0
56853.0
56967.0
57127.0
57295.0
57431.0
57551.0
57699.0
57833.0
57971.0
58104.0
58256.0
58424.0
58561.0
58713.0
58867.0
59041.0
59199.0
59350.0
59508.0
59674.0
59825.0
59936.0
60099.0
60264.0
60406.0
60570.0
60726.0
60887.0
61045.0
61198.0
61344.0
61502.0
61663.0
61831.0
61974.0
62139.0
62305.0
62467.0
62585.0
62756.0
62879.0
63020.0
63157.0
63321.0
63482.0
63622.0
63796.0
63947.0
64115.0
64266.0
64425.0
64581.0
64743.0
64889.0
65049.0
65212.0
65371.0
65530.0
65688.0
65847.0
65995.0
66133.0
66295.0
66469.0
66617.0
66756.0
66919.0
67056.0
67220.0
67368.0
67516.0
67675.0
67844.0
68001.0
68112.0
68274.0
68391.0
68549.0
68696.0
68860.0
69030.0
69157.0
69320.0
69476.0
69616.0
69775.0
69930.0
70081.0
70235.0
70395.0
70499.0
70669.0
70838.0
71010.0
71144.0
71285.0
71447.0
71603.0
71775.0
71916.0
72081.0
72244.0
72411.0
72571.0
72717.0
72869.0
73045.0
73194.0
73315.0
73453.0
73606.0
73757.0
73897.0
74066.0
74230.0
74385.0
74520.0
74689.0
74824.0
74985.0
75150.0
75295.0
75430.0
75599.0
75763.0
75915.0
76064.0
76228.0
76375.0
76549.0
76705.0
76850.0
77007.0
77155.0
77311.0
77468.0
77601.0
77752.0
77878.0
78033.0
78196.0
78339.0
78461.0
78617.0
78763.0
78897.0
79054.0
79201.0
79358.0
79522.0
79681.0
79832.0
79982.0
80110.0
80279.0
80445.0
80577.0
80739.0
80900.0
81059.0
81226.0
81344.0
81498.0
81637.0
81802.0
81959.0
82124.0
82272.0
82429.0
82578.0
82690.0
82832.0
82972.0
83128.0
83289.0
83449.0
83605.0
83763.0
83876.0
84045.0
84165.0
84322.0
84480.0
84637.0
84775.0
84945.0
85109.0
85264.0
85409.0
85560.0
85723.0
85894.0
86047.0
86210.0
86357.0
86514.0
86688.0
86858.0
87026.0
87173.0
87325.0
87478.0
87626.0
87793.0
87955.0
88099.0
88273.0
88404.0
88566.0
88735.0
88886.0
89030.0
89184.0
89349.0
89503.0
89654.0
89807.0
89947.0
90113.0
90270.0
90386.0
90553.0
90692.0
90864.0
91007.0
91145.0
91293.0
91452.0
91602.0
91748.0
91924.0
92080.0
92252.0
92417.0
92556.0
92720.0
92853.0
93012.0
93132.0
93306.0
93461.0
93590.0
93734.0
93892.0
94027.0
94170.0
94324.0
94491.0
94659.0
94811.0
94973.0
95100.0
95269.0
95400.0
95562.0
95728.0
95873.0
95979.0
96126.0
96261.0
96413.0
96528.0
96669.0
96814.0
96956.0
97123.0
97297.0
97453.0
97595.0
97731.0
97885.0
98050.0
98217.0
98377.0
98514.0
98665.0
98837.0
99003.0
99161.0
99308.0
99453.0
99607.0
99752.0
99910.0
100080.0
100240.0
100375.0
100504.0
100647.0
100730.0
100898.0
101051.0
101191.0
101363.0
101478.0
101650.0
101795.0
101948.0
102111.0
102262.0
102416.0
102563.0
102717.0
102867.0
103035.0
103195.0
103327.0
103489.0
103627.0
103778.0
103927.0
104094.0
104249.0
104408.0
104562.0
104721.0
104869.0
105027.0
105188.0
105347.0
105486.0
105642.0
105810.0
105962.0
106129.0
106267.0
106420.0
106580.0
106658.0
106813.0
106961.0
107125.0
107289.0
107457.0
107593.0
107759.0
107909.0
108074.0
108221.0
108362.0
108485.0
108641.0
108795.0
108950.0
109094.0
109248.0
109413.0
109578.0
109750.0
109886.0
110047.0
110205.0
110351.0
110483.0
110645.0
110785.0
110916.0
111068.0
111222.0
111377.0
111532.0
111669.0
111840.0
111990.0
112124.0
112292.0
112458.0
112606.0
112778.0
112931.0
113103.0
113266.0
113429.0
113595.0
113744.0
113904.0
114065.0
114209.0
114337.0
114485.0
114643.0
114808.0
114964.0
115098.0
115270.0
115440.0
115595.0
115769.0
115911.0
116070.0
116232.0
116381.0
116521.0
116671.0
116826.0
116968.0
117138.0
117310.0
117460.0
117612.0
117775.0
117900.0
118052.0
118215.0
118366.0
118500.0
118672.0
118844.0
118982.0
119146.0
119298.0
119466.0
119613.0
119771.0
119913.0
120052.0
120218.0
120384.0
120524.0
120693.0
120823.0
120973.0
121136.0
121306.0
121451.0
121571.0
121727.0
121890.0
122050.0
122219.0
122338.0
122504.0
122624.0
122793.0
122960.0
123118.0
123273.0
123416.0
123573.0
123733.0
123892.0
124040.0
124207.0
124368.0
124525.0
124691.0
124835.0
124995.0
125149.0
125282.0
125440.0
125591.0
125736.0
125883.0
126031.0
126189.0
126359.0
126515.0
126669.0
126839.0
127000.0
127141.0
127295.0
127454.0
127610.0
127778.0
127922.0
128054.0
128193.0
128367.0
128526.0
128672.0
128831.0
128987.0
129094.0
129247.0
129412.0
129550.0
129692.0
129846.0
129985.0
130159.0
130306.0
130471.0
130627.0
130784.0
130948.0
131103.0
131254.0
131426.0
131576.0
131729.0
131863.0
132019.0
132162.0
132297.0
132467.0
132596.0
132749.0
132911.0
133057.0
133215.0
133378.0
133525.0
133642.0
133793.0
133959.0
134126.0
134293.0
134436.0
134592.0
134725.0
134889.0
135046.0
135213.0
135356.0
135520.0
135662.0
135817.0
135951.0
136089.0
136230.0
136368.0
136507.0
136645.0
136769.0
136934.0
137091.0
137225.0
137389.0
137548.0
137709.0
137881.0
138035.0
138192.0
138355.0
138513.0
138670.0
138834.0
138971.0
139121.0
139268.0
139424.0
139592.0
139744.0
139907.0
140037.0
140203.0
140364.0
140503.0
140647.0
140796.0
140960.0
141123.0
141262.0
141406.0
141548.0
141696.0
141838.0
141973.0
142121.0
142290.0
142407.0
142565.0
142729.0
142896.0
143022.0
143191.0
143351.0
143492.0
143652.0
143819.0
143981.0
144144.0
144316.0
144474.0
144633.0
144803.0
144947.0
145099.0
145243.0
145385.0
145522.0
145682.0
145843.0
145988.0
146141.0
146283.0
146444.0
146600.0
146736.0
146855.0
147019.0
147155.0
147317.0
147446.0
147610.0
147784.0
147956.0
148112.0
148259.0
148427.0
148578.0
148750.0
148913.0
149083.0
149259.0
149418.0
149584.0
149747.0
149907.0
150016.0
150174.0
150346.0
150456.0
150606.0
150753.0
150925.0
151071.0
151223.0
151359.0
151502.0
151657.0
151784.0
151925.0
152081.0
152257.0
152408.0
152578.0
152679.0
152834.0
152990.0
153155.0
153307.0
153471.0
153627.0
153782.0
153914.0
154071.0
154245.0
154408.0
154572.0
154693.0
154839.0
154992.0
155136.0
155276.0
155413.0
155556.0
155682.0
155856.0
156014.0
156175.0
156331.0
156488.0
156644.0
156810.0
156942.0
157092.0
157252.0
157407.0
157576.0
157731.0
157868.0
157973.0
158138.0
158297.0
158467.0
158635.0
158795.0
158929.0
159026.0
159189.0
159353.0
159506.0
159651.0
159799.0
159954.0
160106.0
160250.0
160416.0
160554.0
160698.0
160824.0
160970.0
161125.0
161283.0
161459.0
161622.0
161783.0
161929.0
162090.0
162231.0
162403.0
162556.0
162726.0
162862.0
163030.0
163172.0
163329.0
163473.0
163636.0
163768.0
163934.0
164094.0
164249.0
164393.0
164557.0
164704.0
164842.0
164996.0
165161.0
165308.0
165472.0
165626.0
165789.0
165954.0
166101.0
166267.0
166393.0
166542.0
166700.0
166851.0
167009.0
167149.0
167321.0
167436.0
167599.0
167757.0
167893.0
168058.0
168219.0
168374.0
168519.0
168689.0
168856.0
168974.0
169136.0
169290.0
169430.0
169571.0
169721.0
169870.0
170030.0
170163.0
170301.0
170448.0
170610.0
170758.0
170909.0
171021.0
171182.0
171322.0
171477.0
171619.0
171733.0
171887.0
172041.0
172174.0
172308.0
172472.0
172639.0
172808.0
172939.0
173103.0
173266.0
173434.0
173589.0
173746.0
173911.0
174064.0
174232.0
174372.0
174503.0
174670.0
174828.0
174974.0
175127.0
175252.0
175384.0
175541.0
175671.0
175831.0
175980.0
176137.0
176297.0
176455.0
176617.0
176775.0
176945.0
177113.0
177276.0
177414.0
177581.0
177743.0
177888.0
178031.0
178203.0
178334.0
178488.0
178660.0
178817.0
178936.0
179063.0
179200.0
179374.0
179534.0
179696.0
179850.0
179998.0
180164.0
180314.0
180441.0
180598.0
180759.0
180901.0
181047.0
181197.0
181329.0
181471.0
181615.0
181783.0
181939.0
182076.0
182244.0
182405.0
182565.0
182726.0
182885.0
183050.0
183206.0
183361.0
183516.0
183658.0
183791.0
183960.0
184120.0
184273.0
184436.0
184597.0
184751.0
184918.0
185066.0
185236.0
185394.0
185564.0
185694.0
185848.0
186014.0
186160.0
186328.0
186468.0
186636.0
186780.0
186935.0
187084.0
187252.0
187416.0
187568.0
187720.0
187852.0
187986.0
188152.0
188298.0
188460.0
188617.0
188783.0
188950.0
189118.0
189258.0
189421.0
189552.0
189716.0
189879.0
190049.0
190180.0
190335.0
190481.0
190630.0
190778.0
190941.0
191104.0
191255.0
191415.0
191564.0
191680.0
191842.0
192002.0
192156.0
192303.0
192471.0
192613.0
192782.0
192934.0
193079.0
193243.0
193413.0
193543.0
193666.0
193795.0
193962.0
194091.0
194226.0
194400.0
194568.0
194740.0
194903.0
195024.0
195163.0
195320.0
195483.0
195616.0
195788.0
195926.0
196096.0
196251.0
196415.0
196567.0
196731.0
196875.0
197029.0
197187.0
197351.0
197464.0
197628.0
197759.0
197922.0
198078.0
198234.0
198378.0
198517.0
198675.0
198845.0
199004.0
199164.0
199307.0
199398.0
199552.0
199715.0
199875.0
200018.0
200186.0
200336.0
200503.0
200652.0
200795.0
200949.0
201116.0
201220.0
201389.0
201547.0
201715.0
201869.0
202022.0
202181.0
202344.0
202514.0
202674.0
202805.0
202945.0
203111.0
203220.0
203390.0
203553.0
203706.0
203860.0
204010.0
204186.0
204341.0
204503.0
204658.0
204820.0
204990.0
205157.0
205327.0
205491.0
205651.0
205815.0
205946.0
206115.0
206275.0
206435.0
206584.0
206746.0
206913.0
207032.0
207181.0
207339.0
207498.0
207644.0
207782.0
207924.0
208084.0
208240.0
208398.0
208560.0
208717.0
208887.0
209047.0
209186.0
209356.0
209489.0
209641.0
209801.0
209961.0
210128.0
210302.0
210455.0
210615.0
210791.0
210948.0
211092.0
211234.0
211385.0
211526.0
211679.0
211826.0
211965.0
212118.0
212286.0
212448.0
212550.0
212698.0
212853.0
212977.0
213118.0
213290.0
213452.0
213612.0
213786.0
213941.0
214083.0
214214.0
214374.0
214512.0
214665.0
214799.0
214960.0
215083.0
215246.0
215396.0
215543.0
215711.0
215869.0
216037.0
216197.0
