a = 0.2
g = 0.2
e = 0.5
random initial weights = true

-744.0
-1433.0
-2245.0
-3040.0
-3554.0
-4490.0
-5089.0
-6017.0
-6744.0
-7192.0
-7935.0
-8412.0
-9047.0
-9961.0
-10521.0
-11088.0
-11532.0
-12177.0
-12704.0
-13313.0
-13961.0
-14609.0
-15043.0
-15604.0
-16075.0
-16704.0
-17197.0
-17792.0
-18405.0
-18843.0
-19281.0
-19845.0
-20378.0
-21015.0
-21544.0
-22038.0
-22702.0
-23349.0
-23794.0
-23748.0
-24162.0
-24600.0
-25044.0
-25563.0
-26100.0
-26677.0
-27283.0
-27712.0
-28416.0
-28879.0
-29331.0
-29806.0
-30322.0
-30810.0
-31330.0
-31766.0
-32288.0
-32994.0
-33460.0
-33922.0
-34372.0
-34811.0
-35347.0
-35778.0
-36307.0
-36755.0
-37187.0
-37668.0
-38124.0
-38561.0
-38990.0
-39495.0
-40101.0
-40560.0
-40990.0
-41422.0
-41867.0
-42330.0
-42903.0
-43369.0
-43805.0
-44372.0
-44885.0
-45326.0
-45750.0
-46176.0
-46704.0
-47185.0
-47140.0
-47005.0
-47453.0
-47945.0
-47853.0
-47768.0
-47638.0
-48058.0
-48474.0
-48895.0
-49365.0
-49813.0
-49701.0
-50152.0
-50621.0
-51157.0
-51653.0
-52097.0
-52614.0
-53069.0
-53515.0
-53954.0
-54378.0
-54815.0
-55259.0
-55715.0
-56217.0
-56761.0
-57232.0
-57130.0
-57575.0
-58002.0
-57910.0
-58335.0
-58773.0
-59214.0
-59647.0
-60112.0
-60571.0
-61005.0
-61440.0
-61876.0
-62355.0
-62777.0
-63256.0
-63180.0
-63114.0
-62980.0
-62854.0
-63287.0
-63746.0
-64175.0
-64030.0
-64497.0
-64468.0
-64910.0
-64758.0
-65203.0
-65037.0
-64918.0
-65345.0
-65805.0
-66255.0
-66707.0
-67156.0
-67600.0
-67469.0
-67985.0
-67901.0
-68329.0
-68758.0
-69191.0
-69081.0
-68920.0
-69370.0
-69234.0
-69083.0
-68962.0
-68884.0
-68723.0
-69141.0
-69578.0
-69467.0
-69312.0
-69142.0
-69615.0
-69483.0
-69323.0
-69245.0
-69135.0
-68974.0
-68810.0
-68661.0
-68521.0
-68358.0
-68208.0
-68635.0
-68486.0
-68333.0
-68186.0
-68039.0
-67917.0
-67748.0
-67602.0
-67465.0
-67316.0
-67173.0
-67007.0
-66844.0
-66693.0
-66553.0
-66426.0
-66331.0
-66778.0
-66629.0
-66468.0
-66331.0
-66172.0
-66042.0
-66465.0
-66359.0
-66799.0
-66654.0
-66492.0
-66320.0
-66743.0
-66582.0
-66444.0
-66312.0
-66145.0
-66590.0
-67027.0
-66929.0
-66815.0
-66720.0
-67154.0
-67589.0
-67435.0
-67320.0
-67219.0
-67052.0
-66912.0
-66784.0
-66648.0
-66508.0
-66351.0
-66198.0
-66038.0
-65866.0
-65698.0
-65553.0
-65391.0
-65236.0
-65074.0
-64947.0
-64809.0
-64647.0
-64505.0
-64360.0
-64208.0
-64055.0
-63948.0
-63817.0
-63663.0
-63516.0
-63409.0
-63246.0
-63090.0
-62928.0
-62783.0
-62641.0
-62512.0
-62347.0
-62209.0
-62041.0
-61903.0
-61759.0
-61638.0
-61512.0
-61358.0
-61220.0
-61083.0
-60954.0
-60788.0
-60632.0
-60470.0
-60309.0
-60160.0
-60005.0
-59915.0
-59756.0
-59590.0
-59436.0
-59278.0
-59108.0
-58951.0
-58785.0
-58641.0
-58478.0
-58389.0
-58260.0
-58088.0
-57914.0
-57774.0
-57622.0
-57471.0
-57330.0
-57162.0
-57012.0
-56851.0
-56728.0
-56580.0
-56468.0
-56309.0
-56147.0
-56013.0
-55858.0
-55731.0
-55575.0
-55458.0
-55304.0
-55143.0
-54969.0
-54835.0
-54684.0
-54508.0
-54365.0
-54200.0
-54028.0
-53867.0
-53723.0
-53553.0
-53408.0
-53286.0
-53123.0
-52990.0
-52849.0
-52706.0
-52559.0
-52402.0
-52234.0
-52085.0
-51925.0
-51799.0
-51648.0
-51488.0
-51328.0
-51162.0
-50993.0
-50884.0
-50739.0
-50610.0
-50451.0
-50303.0
-50129.0
-49967.0
-49817.0
-49659.0
-49502.0
-49413.0
-49249.0
-49091.0
-48934.0
-48781.0
-48614.0
-48444.0
-48285.0
-48121.0
-47990.0
-47835.0
-47681.0
-47516.0
-47351.0
-47237.0
-47071.0
-46917.0
-46747.0
-46588.0
-46458.0
-46316.0
-46159.0
-45985.0
-45845.0
-45681.0
-45520.0
-45365.0
-45199.0
-45031.0
-44859.0
-44691.0
-44535.0
-44405.0
-44248.0
-44094.0
-43932.0
-43762.0
-43597.0
-43440.0
-43286.0
-43126.0
-42983.0
-42811.0
-42644.0
-42488.0
-42335.0
-42206.0
-42058.0
-41909.0
-41745.0
-41609.0
-41445.0
-41302.0
-41132.0
-40991.0
-40849.0
-40730.0
-40567.0
-40442.0
-40282.0
-40141.0
-39974.0
-39831.0
-39661.0
-39533.0
-39384.0
-39228.0
-39076.0
-38923.0
-38819.0
-38673.0
-38503.0
-38329.0
-38196.0
-38056.0
-37923.0
-37773.0
-37618.0
-37462.0
-37292.0
-37128.0
-36967.0
-36798.0
-36632.0
-36462.0
-36304.0
-36141.0
-35978.0
-35816.0
-35652.0
-35484.0
-35338.0
-35194.0
-35049.0
-34891.0
-34742.0
-34597.0
-34423.0
-34333.0
-34157.0
-34007.0
-33837.0
-33688.0
-33559.0
-33401.0
-33259.0
-33096.0
-32955.0
-32836.0
-32685.0
-32527.0
-32365.0
-32211.0
-32053.0
-31885.0
-31735.0
-31574.0
-31415.0
-31256.0
-31092.0
-30933.0
-30771.0
-30619.0
-30461.0
-30299.0
-30141.0
-29985.0
-29837.0
-29712.0
-29602.0
-29432.0
-29277.0
-29123.0
-28963.0
-28810.0
-28644.0
-28487.0
-28342.0
-28191.0
-28038.0
-27906.0
-27745.0
-27581.0
-27419.0
-27255.0
-27108.0
-26948.0
-26797.0
-26632.0
-26479.0
-26354.0
-26192.0
-26037.0
-25869.0
-25740.0
-25580.0
-25418.0
-25259.0
-25109.0
-24955.0
-24802.0
-24675.0
-24520.0
-24393.0
-24260.0
-24097.0
-23934.0
-23784.0
-23625.0
-23472.0
-23319.0
-23162.0
-23018.0
-22852.0
-22702.0
-22579.0
-22448.0
-22295.0
-22170.0
-22025.0
-21874.0
-21704.0
-21545.0
-21386.0
-21224.0
-21057.0
-20885.0
-20726.0
-20561.0
-20408.0
-20257.0
-20119.0
-19989.0
-19855.0
-19703.0
-19546.0
-19398.0
-19234.0
-19066.0
-18909.0
-18739.0
-18578.0
-18430.0
-18292.0
-18135.0
-18001.0
-17851.0
-17709.0
-17573.0
-17413.0
-17261.0
-17097.0
-16940.0
-16775.0
-16631.0
-16474.0
-16320.0
-16146.0
-15990.0
-15847.0
-15684.0
-15549.0
-15377.0
-15229.0
-15057.0
-14912.0
-14768.0
-14602.0
-14430.0
-14264.0
-14112.0
-13962.0
-13808.0
-13643.0
-13488.0
-13342.0
-13194.0
-13028.0
-12887.0
-12711.0
-12555.0
-12389.0
-12236.0
-12079.0
-11937.0
-11777.0
-11623.0
-11459.0
-11289.0
-11121.0
-10969.0
-10803.0
-10679.0
-10554.0
-10436.0
-10273.0
-10130.0
-9992.0
-9853.0
-9705.0
-9552.0
-9383.0
-9230.0
-9068.0
-8910.0
-8753.0
-8600.0
-8438.0
-8376.0
-8214.0
-8065.0
-7912.0
-7770.0
-7610.0
-7440.0
-7315.0
-7163.0
-7004.0
-6862.0
-6712.0
-6556.0
-6396.0
-6230.0
-6064.0
-5908.0
-5750.0
-5574.0
-5418.0
-5280.0
-5121.0
-4959.0
-4783.0
-4627.0
-4462.0
-4299.0
-4163.0
-3994.0
-3833.0
-3685.0
-3530.0
-3397.0
-3243.0
-3074.0
-2923.0
-2768.0
-2656.0
-2493.0
-2372.0
-2212.0
-2062.0
-1899.0
-1733.0
-1570.0
-1412.0
-1249.0
-1091.0
-944.0
-775.0
-614.0
-466.0
-303.0
-138.0
-2.0
163.0
320.0
485.0
642.0
795.0
958.0
1117.0
1277.0
1446.0
1563.0
1719.0
1858.0
2010.0
2170.0
2303.0
2473.0
2631.0
2805.0
2968.0
3135.0
3291.0
3453.0
3593.0
3707.0
3848.0
3997.0
4166.0
4315.0
4462.0
4578.0
4716.0
4846.0
5011.0
5140.0
5285.0
5455.0
5619.0
5758.0
5932.0
6092.0
6234.0
6393.0
6552.0
6682.0
6851.0
7006.0
7154.0
7289.0
7429.0
7593.0
7731.0
7893.0
8065.0
8216.0
8357.0
8526.0
8679.0
8849.0
9004.0
9155.0
9309.0
9453.0
9627.0
9795.0
9949.0
10117.0
10278.0
10432.0
10600.0
10754.0
10919.0
11033.0
11189.0
11359.0
11517.0
11674.0
11816.0
11976.0
12131.0
12287.0
12453.0
12617.0
12769.0
12915.0
13052.0
13222.0
13384.0
13545.0
13695.0
13851.0
13998.0
14149.0
14312.0
14445.0
14561.0
14722.0
14889.0
15017.0
15191.0
15356.0
15479.0
15630.0
15751.0
15898.0
16025.0
16176.0
16343.0
16490.0
16627.0
16776.0
16927.0
17072.0
17233.0
17399.0
17567.0
17743.0
17876.0
18050.0
18221.0
18328.0
18482.0
18642.0
18797.0
18962.0
19112.0
19269.0
19403.0
19534.0
19679.0
19826.0
19974.0
20076.0
20246.0
20418.0
20576.0
20716.0
20873.0
21037.0
21163.0
21296.0
21440.0
21616.0
21778.0
21895.0
22065.0
22237.0
22402.0
22549.0
22697.0
22854.0
23008.0
23176.0
23342.0
23485.0
23621.0
23751.0
23884.0
24051.0
24217.0
24374.0
24531.0
24662.0
24815.0
24987.0
25133.0
25298.0
25463.0
25565.0
25683.0
25813.0
25983.0
26147.0
26314.0
26473.0
26604.0
26757.0
26897.0
27059.0
27215.0
27369.0
27514.0
27678.0
27845.0
28002.0
28156.0
28311.0
28472.0
28637.0
28789.0
28927.0
29068.0
29230.0
29400.0
29568.0
29721.0
29878.0
30030.0
30172.0
30331.0
30490.0
30660.0
30816.0
30982.0
31148.0
31317.0
31455.0
31625.0
31738.0
31902.0
32068.0
32240.0
32383.0
32547.0
32702.0
32856.0
33008.0
33168.0
33331.0
33499.0
33637.0
33791.0
33947.0
34098.0
34260.0
34347.0
34519.0
34677.0
34845.0
35002.0
35131.0
35287.0
35449.0
35589.0
35752.0
35911.0
36050.0
36195.0
36357.0
36505.0
36636.0
36794.0
36952.0
37047.0
37212.0
37375.0
37528.0
37698.0
37857.0
38031.0
38170.0
38334.0
38475.0
38634.0
38797.0
38951.0
39114.0
39248.0
39388.0
39558.0
39714.0
39877.0
40046.0
40199.0
40338.0
40472.0
40637.0
40767.0
40924.0
41079.0
41217.0
41347.0
41488.0
41640.0
41780.0
41941.0
42096.0
42255.0
42427.0
42590.0
42722.0
42896.0
43052.0
43193.0
43328.0
43448.0
43612.0
43768.0
43908.0
44057.0
44201.0
44367.0
44516.0
44678.0
44838.0
44998.0
45124.0
45285.0
45418.0
45574.0
45708.0
45884.0
46049.0
46207.0
46346.0
46520.0
46661.0
46802.0
46945.0
47102.0
47228.0
47381.0
47551.0
47712.0
47871.0
48018.0
48179.0
48318.0
48456.0
48580.0
48747.0
48909.0
49060.0
49193.0
49338.0
49489.0
49641.0
49798.0
49961.0
50130.0
50285.0
50448.0
50617.0
50695.0
50850.0
50983.0
51147.0
51292.0
51448.0
51604.0
51765.0
51890.0
52037.0
52211.0
52342.0
52466.0
52626.0
52766.0
52895.0
53044.0
53203.0
53369.0
53528.0
53659.0
53794.0
53959.0
54100.0
54262.0
54429.0
54568.0
54697.0
54839.0
54986.0
55104.0
55252.0
55405.0
55570.0
55727.0
55894.0
56052.0
56218.0
56363.0
56513.0
56671.0
56841.0
57009.0
57175.0
57338.0
57509.0
57668.0
57814.0
57966.0
58136.0
58305.0
58479.0
58629.0
58772.0
58940.0
59108.0
59270.0
59425.0
59590.0
59728.0
59893.0
60036.0
60180.0
60346.0
60511.0
60664.0
60829.0
61003.0
61160.0
61288.0
61431.0
61594.0
61725.0
61884.0
62049.0
62156.0
62294.0
62464.0
62634.0
62793.0
62952.0
63100.0
63241.0
63413.0
63574.0
63746.0
63883.0
64034.0
64206.0
64360.0
64517.0
64685.0
64832.0
64996.0
65126.0
65296.0
65453.0
65606.0
65757.0
65922.0
66092.0
66239.0
66392.0
66560.0
66723.0
66888.0
67042.0
67196.0
67351.0
67491.0
67654.0
67798.0
67959.0
68123.0
68270.0
68408.0
68576.0
68725.0
68887.0
69047.0
69201.0
69355.0
69502.0
69669.0
69841.0
69978.0
70145.0
70313.0
70465.0
70628.0
70773.0
70935.0
71096.0
71253.0
71421.0
71568.0
71737.0
71861.0
72028.0
72195.0
72367.0
72504.0
72650.0
72769.0
72939.0
73092.0
73247.0
73409.0
73529.0
73690.0
73861.0
74011.0
74155.0
74312.0
74471.0
74617.0
74774.0
74941.0
75110.0
75281.0
75404.0
75540.0
75697.0
75856.0
76014.0
76166.0
76328.0
76482.0
76644.0
76811.0
76973.0
77131.0
77282.0
77423.0
77574.0
77727.0
77870.0
78031.0
78182.0
78331.0
78495.0
78647.0
78769.0
78922.0
79064.0
79236.0
79401.0
79549.0
79702.0
79864.0
80034.0
80206.0
80374.0
80514.0
80673.0
80821.0
80976.0
81150.0
81324.0
81492.0
81632.0
81788.0
81952.0
82113.0
82247.0
82411.0
82548.0
82696.0
82847.0
83005.0
83142.0
83306.0
83467.0
83634.0
83779.0
83934.0
84068.0
84217.0
84361.0
84527.0
84697.0
84862.0
85014.0
85151.0
85279.0
85417.0
85575.0
85728.0
85837.0
85980.0
86140.0
86307.0
86457.0
86625.0
86793.0
86963.0
87115.0
87277.0
87440.0
87597.0
87759.0
87935.0
88092.0
88248.0
88415.0
88579.0
88727.0
88895.0
89060.0
89211.0
89365.0
89528.0
89670.0
89817.0
89979.0
90111.0
90264.0
90438.0
90597.0
90761.0
90908.0
91072.0
91232.0
91390.0
91560.0
91722.0
91890.0
92045.0
92198.0
92321.0
92497.0
92649.0
92810.0
92975.0
93135.0
93296.0
93468.0
93618.0
93775.0
93915.0
94049.0
94198.0
94315.0
94470.0
94638.0
94789.0
94942.0
95103.0
95260.0
95423.0
95554.0
95707.0
95851.0
96004.0
96166.0
96299.0
96442.0
96593.0
96738.0
96908.0
97055.0
97213.0
97378.0
97528.0
97685.0
97844.0
97997.0
98150.0
98308.0
98462.0
98612.0
98776.0
98934.0
99097.0
99267.0
99416.0
99568.0
99736.0
99892.0
100052.0
100212.0
100372.0
100535.0
100687.0
100857.0
100988.0
101160.0
101289.0
101441.0
101607.0
101750.0
101901.0
102077.0
102222.0
102389.0
102531.0
102705.0
102864.0
103027.0
103197.0
103359.0
103527.0
103654.0
103772.0
103931.0
104099.0
104263.0
104431.0
104586.0
104760.0
104930.0
105076.0
105226.0
105390.0
105523.0
105687.0
105835.0
105998.0
106138.0
106301.0
106442.0
106590.0
106733.0
106886.0
107034.0
107180.0
107318.0
107469.0
107609.0
107776.0
107941.0
108083.0
108225.0
108387.0
108545.0
108710.0
108864.0
109029.0
109203.0
109365.0
109525.0
109680.0
109823.0
109991.0
110140.0
110312.0
110474.0
110620.0
110777.0
110936.0
111087.0
111238.0
111350.0
111517.0
111681.0
111847.0
112004.0
112160.0
112302.0
112450.0
112594.0
112754.0
112915.0
113052.0
113217.0
113366.0
113517.0
113682.0
113854.0
114001.0
114156.0
114293.0
114444.0
114585.0
114744.0
114882.0
115038.0
115205.0
115330.0
115475.0
115625.0
115783.0
115925.0
116079.0
116239.0
116396.0
116560.0
116728.0
116883.0
117026.0
117159.0
117310.0
117472.0
117600.0
117729.0
117875.0
118027.0
118132.0
118295.0
118447.0
118576.0
118735.0
118909.0
119050.0
119217.0
119386.0
119535.0
119698.0
119852.0
120012.0
120176.0
120341.0
120485.0
120646.0
120802.0
120972.0
121139.0
121313.0
121452.0
121592.0
121736.0
121878.0
122001.0
122148.0
122318.0
122438.0
122570.0
122729.0
122897.0
123043.0
123189.0
123350.0
123518.0
123630.0
123792.0
123938.0
124092.0
124256.0
124406.0
124575.0
124713.0
124830.0
124975.0
125130.0
125289.0
125413.0
125560.0
125708.0
125850.0
125999.0
126111.0
126274.0
126428.0
126598.0
126769.0
126931.0
127074.0
127240.0
