a = 0.5
g = 0.2
e = 0.1
random initial weights = false

-3050.0
-3783.0
-4280.0
-6724.0
-7483.0
-7988.0
-8566.0
-9073.0
-9644.0
-10119.0
-10629.0
-11172.0
-11633.0
-12079.0
-12586.0
-13038.0
-13514.0
-13978.0
-14435.0
-14894.0
-15324.0
-15790.0
-16244.0
-16697.0
-17178.0
-17609.0
-18029.0
-18492.0
-18915.0
-19404.0
-19843.0
-20319.0
-20795.0
-21218.0
-21662.0
-22080.0
-22498.0
-22982.0
-23401.0
-23853.0
-23715.0
-24131.0
-24557.0
-25021.0
-25441.0
-25284.0
-25696.0
-26114.0
-26534.0
-26985.0
-27407.0
-27829.0
-28249.0
-28673.0
-29097.0
-29533.0
-29960.0
-30403.0
-30245.0
-30657.0
-31091.0
-31505.0
-31919.0
-32342.0
-32180.0
-32006.0
-31832.0
-32249.0
-32668.0
-33104.0
-33531.0
-33955.0
-34367.0
-34797.0
-35218.0
-35098.0
-34924.0
-34759.0
-34587.0
-34415.0
-34831.0
-34657.0
-34483.0
-34907.0
-34743.0
-34567.0
-34393.0
-34217.0
-34041.0
-33865.0
-33696.0
-33526.0
-33359.0
-33185.0
-33051.0
-32879.0
-33293.0
-33117.0
-32941.0
-33353.0
-33769.0
-33599.0
-33423.0
-33835.0
-33667.0
-33491.0
-33315.0
-33141.0
-32969.0
-32803.0
-32631.0
-32457.0
-32281.0
-32105.0
-31929.0
-31757.0
-31585.0
-31409.0
-31233.0
-31061.0
-30887.0
-30718.0
-30542.0
-30368.0
-30192.0
-30016.0
-29840.0
-29669.0
-29501.0
-29327.0
-29151.0
-28977.0
-28801.0
-28629.0
-28471.0
-28299.0
-28127.0
-27953.0
-27779.0
-27603.0
-27427.0
-27251.0
-27075.0
-26906.0
-26757.0
-26581.0
-26405.0
-26237.0
-26063.0
-25889.0
-25713.0
-25537.0
-25361.0
-25192.0
-25016.0
-24840.0
-24671.0
-24497.0
-24325.0
-24170.0
-23996.0
-23820.0
-23646.0
-23470.0
-23294.0
-23120.0
-22948.0
-22772.0
-22596.0
-22420.0
-22246.0
-22070.0
-21898.0
-21722.0
-21546.0
-21372.0
-21198.0
-21024.0
-20850.0
-20676.0
-20500.0
-20324.0
-20150.0
-19974.0
-19803.0
-19631.0
-19457.0
-19281.0
-19109.0
-18933.0
-18759.0
-18585.0
-18413.0
-18237.0
-18066.0
-17890.0
-17721.0
-17549.0
-17373.0
-17199.0
-17023.0
-16847.0
-16671.0
-16499.0
-16330.0
-16161.0
-15987.0
-15813.0
-15641.0
-15474.0
-15300.0
-15126.0
-14950.0
-14776.0
-14600.0
-14426.0
-14250.0
-14074.0
-13900.0
-13724.0
-13555.0
-13383.0
-13207.0
-13031.0
-12855.0
-12688.0
-12514.0
-12350.0
-12180.0
-12004.0
-11830.0
-11654.0
-11478.0
-11302.0
-11141.0
-10967.0
-10791.0
-10617.0
-10443.0
-10267.0
-10091.0
-9917.0
-9741.0
-9565.0
-9393.0
-9221.0
-9045.0
-8871.0
-8700.0
-8528.0
-8356.0
-8180.0
-8013.0
-7842.0
-7668.0
-7499.0
-7323.0
-7149.0
-6973.0
-6797.0
-6623.0
-6447.0
-6280.0
-6104.0
-5928.0
-5754.0
-5587.0
-5413.0
-5237.0
-5066.0
-4898.0
-4724.0
-4550.0
-4374.0
-4204.0
-4028.0
-3854.0
-3680.0
-3506.0
-3332.0
-3156.0
-2989.0
-2817.0
-2643.0
-2467.0
-2293.0
-2117.0
-1941.0
-1765.0
-1589.0
-1413.0
-1244.0
-1074.0
-917.0
-749.0
-579.0
-403.0
-227.0
-53.0
123.0
297.0
473.0
647.0
816.0
990.0
1166.0
1342.0
1518.0
1689.0
1865.0
2039.0
2213.0
2383.0
2559.0
2735.0
2902.0
3078.0
3254.0
3430.0
3606.0
3778.0
3950.0
4124.0
4300.0
4474.0
4650.0
4826.0
5002.0
5178.0
5354.0
5525.0
5699.0
5875.0
6044.0
6220.0
6394.0
6566.0
6737.0
6908.0
7084.0
7260.0
7432.0
7603.0
7777.0
7951.0
8125.0
8293.0
8469.0
8645.0
8821.0
8995.0
9169.0
9335.0
9507.0
9677.0
9853.0
10025.0
10199.0
10375.0
10543.0
10717.0
10893.0
11064.0
11235.0
11409.0
11583.0
11754.0
11930.0
12101.0
12277.0
12453.0
12629.0
12803.0
12972.0
13148.0
13320.0
13488.0
13662.0
13836.0
14007.0
14178.0
14352.0
14528.0
14697.0
14868.0
15044.0
15215.0
15385.0
15559.0
15730.0
15902.0
16078.0
16252.0
16424.0
16600.0
16772.0
16946.0
17120.0
17294.0
17465.0
17639.0
17815.0
17989.0
18163.0
18337.0
18513.0
18689.0
18861.0
19035.0
19196.0
19365.0
19541.0
19717.0
19889.0
20065.0
20234.0
20410.0
20584.0
20758.0
20934.0
21103.0
21277.0
21451.0
21627.0
21803.0
21979.0
22153.0
22329.0
22505.0
22675.0
22849.0
23023.0
23199.0
23365.0
23537.0
23713.0
23884.0
24056.0
24232.0
24402.0
24578.0
24754.0
24930.0
25106.0
25282.0
25454.0
25628.0
25802.0
25976.0
26143.0
26319.0
26493.0
26669.0
26845.0
27017.0
27179.0
27355.0
27531.0
27705.0
27874.0
28050.0
28224.0
28400.0
28576.0
28748.0
28908.0
29084.0
29256.0
29430.0
29604.0
29780.0
29947.0
30123.0
30295.0
30467.0
30643.0
30817.0
30993.0
31167.0
31343.0
31519.0
31695.0
31871.0
32045.0
32219.0
32395.0
32564.0
32738.0
32912.0
33086.0
33260.0
33434.0
33608.0
33782.0
33958.0
34128.0
34304.0
34473.0
34642.0
34818.0
34994.0
35168.0
35342.0
35518.0
35692.0
35868.0
36040.0
36214.0
36390.0
36562.0
36738.0
36914.0
37090.0
37258.0
37432.0
37608.0
37784.0
37956.0
38132.0
38304.0
38480.0
38654.0
38830.0
38999.0
39175.0
39351.0
39527.0
39703.0
39879.0
40050.0
40224.0
40400.0
40576.0
40750.0
40903.0
41074.0
41245.0
41419.0
41593.0
41765.0
41931.0
42099.0
42269.0
42443.0
42619.0
42795.0
42969.0
43145.0
43316.0
43492.0
43668.0
43839.0
44015.0
44186.0
44358.0
44529.0
44698.0
44870.0
45046.0
45220.0
45396.0
45570.0
45746.0
45922.0
46094.0
46268.0
46444.0
46618.0
46792.0
46962.0
47138.0
47314.0
47486.0
47662.0
47838.0
48014.0
48188.0
48362.0
48533.0
48709.0
48874.0
49048.0
49224.0
49400.0
49574.0
49748.0
49924.0
50100.0
50276.0
50452.0
50626.0
50800.0
50976.0
51152.0
51326.0
51502.0
51672.0
51848.0
52020.0
52192.0
52363.0
52539.0
52711.0
52885.0
53054.0
53230.0
53406.0
53578.0
53752.0
53926.0
54102.0
54274.0
54450.0
54626.0
54798.0
54974.0
55146.0
55313.0
55484.0
55660.0
55836.0
56012.0
56188.0
56362.0
56538.0
56714.0
56876.0
57050.0
57226.0
57402.0
57578.0
57754.0
57926.0
58098.0
58274.0
58446.0
58622.0
58798.0
58974.0
59150.0
59326.0
59497.0
59673.0
59847.0
60023.0
60199.0
60375.0
60549.0
60723.0
60899.0
61075.0
61249.0
61425.0
61599.0
61766.0
61942.0
62114.0
62285.0
62459.0
62628.0
62799.0
62975.0
63151.0
63327.0
63503.0
63679.0
63855.0
64031.0
64207.0
64379.0
64555.0
64729.0
64905.0
65081.0
65255.0
65431.0
65602.0
65778.0
65954.0
66130.0
66304.0
66475.0
66647.0
66823.0
66994.0
67166.0
67342.0
67518.0
67694.0
67868.0
68039.0
68215.0
68391.0
68563.0
68737.0
68909.0
69085.0
69252.0
69428.0
69599.0
69775.0
69951.0
70125.0
70301.0
70477.0
70648.0
70819.0
70995.0
71167.0
71343.0
71519.0
71695.0
71871.0
72043.0
72217.0
72391.0
72567.0
72743.0
72914.0
73083.0
73259.0
73435.0
73611.0
73785.0
73959.0
74135.0
74306.0
74482.0
74658.0
74832.0
75008.0
75182.0
75356.0
75527.0
75703.0
75877.0
76051.0
76227.0
76403.0
76567.0
76743.0
76919.0
77089.0
77254.0
77428.0
77604.0
77776.0
77952.0
78128.0
78302.0
78474.0
78645.0
78821.0
78960.0
79132.0
79304.0
79478.0
79652.0
79828.0
79999.0
80175.0
80351.0
80527.0
80703.0
80875.0
81049.0
81221.0
81393.0
81569.0
81743.0
81915.0
82091.0
82267.0
82443.0
82617.0
82791.0
82967.0
83143.0
83319.0
83491.0
83659.0
83835.0
84011.0
84187.0
84363.0
84539.0
84713.0
84885.0
85059.0
85235.0
85411.0
85587.0
85763.0
85930.0
86104.0
86276.0
86452.0
86628.0
86802.0
86978.0
87149.0
87318.0
87489.0
87665.0
87839.0
88015.0
88189.0
88365.0
88534.0
88710.0
88880.0
89056.0
89232.0
89404.0
89580.0
89754.0
89930.0
90101.0
90277.0
90451.0
90627.0
90803.0
90975.0
91149.0
91321.0
91497.0
91662.0
91838.0
92012.0
92186.0
92362.0
92536.0
92712.0
92888.0
93064.0
93232.0
93408.0
93584.0
93760.0
93923.0
94097.0
94271.0
94445.0
94621.0
94795.0
94967.0
95141.0
95315.0
95487.0
95663.0
95835.0
96009.0
96185.0
96359.0
96535.0
96711.0
96885.0
97059.0
97233.0
97407.0
97581.0
97742.0
97918.0
98092.0
98266.0
98440.0
98614.0
98788.0
98962.0
99136.0
99312.0
99484.0
99660.0
99832.0
100008.0
100182.0
100349.0
100523.0
100699.0
100875.0
101051.0
101221.0
101386.0
101562.0
101736.0
101907.0
102081.0
102251.0
102427.0
102599.0
102775.0
102951.0
103127.0
103303.0
103479.0
103655.0
103827.0
104003.0
104177.0
104353.0
104527.0
104703.0
104879.0
105053.0
105221.0
105397.0
105573.0
105742.0
105916.0
106090.0
106264.0
106435.0
106609.0
106785.0
106957.0
107127.0
107303.0
107477.0
107647.0
107813.0
107989.0
108161.0
108335.0
108509.0
108685.0
108852.0
109028.0
109204.0
109380.0
109556.0
109727.0
109901.0
110077.0
110239.0
110415.0
110591.0
110767.0
110943.0
111117.0
111289.0
111465.0
111641.0
111817.0
111991.0
112165.0
112341.0
112515.0
112684.0
112856.0
113030.0
113200.0
113368.0
113538.0
113714.0
113888.0
114062.0
114238.0
114412.0
114586.0
114760.0
114934.0
115110.0
115286.0
115460.0
115636.0
115810.0
115979.0
116148.0
116317.0
116489.0
116665.0
116839.0
117015.0
117191.0
117367.0
117541.0
117715.0
117889.0
118058.0
118232.0
118400.0
118576.0
118750.0
118924.0
119098.0
119261.0
119437.0
119609.0
119785.0
119957.0
120133.0
120307.0
120483.0
120655.0
120829.0
121000.0
121176.0
121352.0
121526.0
121683.0
121851.0
122025.0
122201.0
122373.0
122547.0
122723.0
122899.0
123073.0
123242.0
123414.0
123590.0
123766.0
123942.0
124116.0
124288.0
124464.0
124635.0
124809.0
124969.0
125145.0
125319.0
125493.0
125669.0
125845.0
126019.0
126195.0
126371.0
126547.0
126719.0
126895.0
127071.0
127243.0
127412.0
127582.0
127758.0
127922.0
128096.0
128272.0
128446.0
128622.0
128796.0
128970.0
129140.0
129314.0
129490.0
129666.0
129840.0
130016.0
130188.0
130362.0
130536.0
130712.0
130881.0
131057.0
131227.0
131401.0
131575.0
131749.0
131923.0
132099.0
132273.0
132449.0
132614.0
132790.0
132964.0
133140.0
133311.0
133485.0
133661.0
133837.0
134013.0
134189.0
134365.0
134534.0
134710.0
134886.0
135062.0
135238.0
135409.0
135583.0
135759.0
135935.0
136109.0
136283.0
136454.0
136630.0
136806.0
136980.0
137156.0
137330.0
137506.0
137682.0
137852.0
138026.0
138202.0
138372.0
138544.0
138720.0
138894.0
139070.0
139244.0
139418.0
139594.0
139770.0
139946.0
140117.0
140293.0
140467.0
140643.0
140819.0
140990.0
141166.0
141342.0
141518.0
141692.0
141868.0
142044.0
142220.0
142394.0
142570.0
142738.0
142914.0
143086.0
143260.0
143432.0
143606.0
143778.0
143954.0
144126.0
144300.0
144472.0
144648.0
144822.0
144998.0
145174.0
145348.0
145508.0
145679.0
145849.0
146025.0
146201.0
146370.0
146546.0
146711.0
146885.0
147046.0
147213.0
147385.0
147557.0
147733.0
147909.0
148085.0
148256.0
148430.0
148604.0
148780.0
148954.0
149130.0
149306.0
149476.0
149652.0
149828.0
150002.0
150170.0
150344.0
150510.0
150686.0
150862.0
151029.0
151205.0
151381.0
151549.0
151725.0
151901.0
152077.0
152251.0
152427.0
152589.0
152765.0
152941.0
153115.0
153289.0
153465.0
153639.0
153813.0
153989.0
154165.0
154339.0
154515.0
154689.0
154865.0
155036.0
155212.0
155386.0
155543.0
155710.0
155882.0
156056.0
156232.0
156406.0
156580.0
156754.0
156921.0
157097.0
157271.0
157443.0
157615.0
157791.0
157967.0
158143.0
158312.0
158486.0
158662.0
158836.0
159010.0
159186.0
159360.0
159534.0
159710.0
159886.0
160058.0
160234.0
160403.0
160579.0
160755.0
160927.0
161099.0
161275.0
161442.0
161616.0
161788.0
161964.0
162138.0
162314.0
162490.0
162664.0
162840.0
163016.0
163179.0
163353.0
163529.0
163701.0
163875.0
164051.0
164227.0
164396.0
164570.0
164736.0
164912.0
165088.0
165264.0
165440.0
165611.0
165787.0
165956.0
166132.0
166306.0
166478.0
166650.0
166826.0
167002.0
167178.0
167354.0
167530.0
167706.0
167882.0
168058.0
168225.0
168397.0
168571.0
168747.0
168923.0
169095.0
169271.0
169447.0
169619.0
169788.0
169964.0
170140.0
170316.0
170492.0
170666.0
170842.0
171018.0
171192.0
171368.0
171542.0
171713.0
171884.0
172060.0
172234.0
172406.0
172577.0
172751.0
172909.0
173083.0
173255.0
173429.0
173596.0
173770.0
173944.0
174120.0
174296.0
174467.0
174638.0
174812.0
174975.0
175146.0
175318.0
175481.0
175655.0
175829.0
176001.0
176173.0
176349.0
176523.0
176697.0
176865.0
177041.0
177213.0
177385.0
177559.0
177733.0
177905.0
178079.0
178253.0
178427.0
178601.0
178775.0
178949.0
179118.0
179290.0
179466.0
179640.0
179816.0
179983.0
180157.0
180333.0
180509.0
180683.0
180859.0
181033.0
181209.0
181385.0
181561.0
181737.0
181908.0
182084.0
182254.0
182430.0
182604.0
182776.0
182946.0
183113.0
183284.0
183460.0
183636.0
183810.0
183986.0
184155.0
184331.0
184507.0
184681.0
184857.0
185033.0
185204.0
185380.0
185552.0
185726.0
185902.0
186078.0
186252.0
186428.0
186604.0
186778.0
186950.0
187124.0
187300.0
187476.0
187646.0
187822.0
187998.0
188172.0
188348.0
188514.0
188690.0
188866.0
189036.0
189212.0
189381.0
189548.0
189722.0
189898.0
190074.0
190248.0
190424.0
190600.0
190771.0
190945.0
191116.0
191292.0
191466.0
191640.0
191811.0
191985.0
192161.0
192332.0
192508.0
192680.0
192852.0
193024.0
193195.0
193371.0
193547.0
193709.0
193885.0
194059.0
194235.0
194411.0
194583.0
194750.0
194926.0
195102.0
195269.0
195445.0
195621.0
195792.0
195961.0
196137.0
196311.0
196487.0
196663.0
196839.0
197015.0
197186.0
197362.0
197536.0
197712.0
197886.0
198058.0
198227.0
198401.0
198577.0
198753.0
198929.0
199099.0
199275.0
199451.0
199625.0
199801.0
199977.0
200149.0
200321.0
200492.0
200668.0
200838.0
201010.0
201177.0
201348.0
201512.0
201686.0
201862.0
202038.0
202214.0
202390.0
202562.0
202738.0
202914.0
203083.0
203254.0
203430.0
203604.0
203776.0
203952.0
204128.0
204302.0
204472.0
204648.0
204820.0
204986.0
205162.0
205336.0
205508.0
205679.0
205855.0
206031.0
206207.0
206379.0
206555.0
206731.0
206907.0
207081.0
207257.0
207429.0
207605.0
207774.0
207948.0
208115.0
208289.0
208463.0
