a = 0.2
g = 0.5
e = 0.1
random initial weights = true

-2736.0
-5336.0
-5863.0
-6630.0
-7271.0
-8091.0
-8517.0
-9017.0
-9560.0
-10067.0
-10661.0
-11124.0
-11566.0
-12192.0
-12646.0
-13085.0
-13564.0
-14069.0
-14606.0
-15041.0
-15471.0
-15953.0
-16465.0
-16929.0
-17409.0
-17857.0
-18312.0
-18745.0
-19231.0
-19685.0
-20150.0
-20596.0
-21084.0
-21537.0
-21411.0
-21845.0
-22295.0
-22772.0
-23190.0
-23649.0
-24095.0
-24543.0
-24963.0
-25397.0
-25839.0
-26253.0
-26749.0
-27183.0
-27619.0
-28033.0
-28459.0
-28892.0
-29361.0
-29785.0
-30256.0
-30688.0
-31118.0
-30951.0
-31363.0
-31820.0
-32261.0
-32738.0
-33152.0
-33566.0
-33992.0
-34420.0
-34883.0
-35299.0
-35727.0
-35586.0
-35998.0
-36436.0
-36867.0
-37290.0
-37717.0
-37545.0
-37959.0
-38394.0
-38228.0
-38640.0
-39082.0
-39502.0
-39937.0
-40349.0
-40799.0
-40658.0
-40497.0
-40354.0
-40185.0
-40599.0
-40431.0
-40267.0
-40091.0
-40512.0
-40346.0
-40760.0
-40604.0
-42992.0
-42833.0
-43245.0
-43083.0
-42914.0
-42740.0
-42566.0
-42980.0
-42808.0
-42653.0
-42479.0
-42303.0
-42715.0
-42541.0
-42953.0
-42803.0
-42627.0
-42451.0
-42275.0
-42099.0
-42515.0
-42343.0
-42171.0
-41995.0
-41821.0
-41645.0
-41469.0
-41293.0
-41130.0
-40961.0
-40789.0
-40613.0
-40444.0
-40268.0
-40092.0
-39920.0
-39744.0
-39568.0
-39392.0
-39216.0
-39040.0
-38871.0
-38697.0
-38521.0
-38347.0
-38171.0
-37997.0
-37821.0
-37650.0
-37474.0
-37300.0
-37130.0
-36954.0
-36780.0
-36609.0
-36437.0
-36261.0
-36087.0
-35911.0
-35735.0
-35564.0
-35392.0
-35226.0
-35079.0
-34905.0
-34729.0
-34553.0
-34379.0
-34203.0
-34027.0
-33851.0
-33675.0
-33499.0
-33323.0
-33149.0
-32975.0
-32799.0
-32629.0
-32455.0
-32279.0
-32105.0
-31931.0
-31757.0
-31583.0
-31407.0
-31233.0
-31057.0
-30888.0
-30712.0
-30552.0
-30376.0
-30200.0
-30028.0
-29854.0
-29678.0
-29504.0
-29328.0
-29156.0
-28980.0
-28806.0
-28630.0
-28456.0
-28282.0
-28106.0
-27930.0
-27759.0
-27583.0
-27409.0
-27233.0
-27059.0
-26883.0
-26707.0
-26531.0
-26355.0
-26183.0
-26007.0
-25833.0
-25657.0
-25483.0
-25307.0
-25131.0
-24957.0
-24785.0
-24617.0
-24441.0
-24265.0
-24089.0
-23922.0
-23748.0
-23574.0
-23398.0
-23222.0
-23048.0
-22874.0
-22698.0
-22522.0
-22346.0
-22176.0
-22000.0
-21826.0
-21652.0
-21476.0
-21300.0
-21128.0
-20954.0
-20780.0
-20606.0
-20430.0
-20254.0
-20086.0
-19916.0
-19742.0
-19570.0
-19404.0
-19228.0
-19056.0
-18882.0
-18706.0
-18530.0
-18354.0
-18178.0
-18008.0
-17832.0
-17658.0
-17482.0
-17306.0
-17132.0
-16956.0
-16780.0
-16604.0
-16428.0
-16252.0
-16076.0
-15916.0
-15740.0
-15571.0
-15402.0
-15226.0
-15052.0
-14878.0
-14702.0
-14530.0
-14359.0
-14183.0
-14007.0
-13837.0
-13661.0
-13487.0
-13313.0
-13137.0
-12961.0
-12785.0
-12613.0
-12439.0
-12267.0
-12098.0
-11922.0
-11752.0
-11578.0
-11402.0
-11226.0
-11050.0
-10876.0
-10705.0
-10531.0
-10362.0
-10190.0
-10016.0
-9840.0
-9668.0
-9492.0
-9320.0
-9148.0
-8972.0
-8796.0
-8627.0
-8451.0
-8282.0
-8106.0
-7930.0
-7754.0
-7578.0
-7409.0
-7235.0
-7061.0
-6885.0
-6709.0
-6533.0
-6357.0
-6181.0
-6012.0
-5840.0
-5669.0
-5493.0
-5317.0
-5143.0
-4967.0
-4799.0
-4625.0
-4451.0
-4279.0
-4105.0
-3954.0
-3783.0
-3611.0
-3437.0
-3261.0
-3085.0
-2916.0
-2740.0
-2564.0
-2388.0
-2214.0
-2040.0
-1866.0
-1690.0
-1519.0
-1343.0
-1167.0
-991.0
-823.0
-647.0
-473.0
-297.0
-121.0
55.0
231.0
407.0
581.0
757.0
933.0
1109.0
1285.0
1459.0
1635.0
1811.0
1983.0
2154.0
2324.0
2500.0
2672.0
2848.0
3020.0
3196.0
3372.0
3548.0
3724.0
3900.0
4074.0
4234.0
4405.0
4576.0
4750.0
4926.0
5102.0
5278.0
5452.0
5628.0
5804.0
5980.0
6154.0
6328.0
6504.0
6680.0
6856.0
7020.0
7196.0
7372.0
7548.0
7719.0
7893.0
8069.0
8245.0
8414.0
8590.0
8764.0
8940.0
9114.0
9283.0
9459.0
9635.0
9811.0
9983.0
10159.0
10335.0
10511.0
10687.0
10861.0
11037.0
11213.0
11380.0
11552.0
11724.0
11898.0
12070.0
12246.0
12420.0
12582.0
12756.0
12932.0
13106.0
13277.0
13439.0
13608.0
13782.0
13958.0
14134.0
14303.0
14479.0
14648.0
14820.0
14996.0
15172.0
15348.0
15524.0
15700.0
15871.0
16045.0
16221.0
16395.0
16571.0
16745.0
16915.0
17091.0
17265.0
17433.0
17609.0
17783.0
17957.0
18133.0
18309.0
18485.0
18661.0
18837.0
19007.0
19181.0
19355.0
19531.0
19705.0
19881.0
20057.0
20231.0
20407.0
20578.0
20754.0
20928.0
21100.0
21274.0
21450.0
21620.0
21794.0
21970.0
22146.0
22318.0
22494.0
22670.0
22842.0
23016.0
23188.0
23360.0
23536.0
23710.0
23886.0
24062.0
24238.0
24414.0
24590.0
24758.0
24932.0
25104.0
25280.0
25456.0
25630.0
25799.0
25971.0
26138.0
26314.0
26490.0
26666.0
26842.0
27018.0
27194.0
27360.0
27529.0
27705.0
27881.0
28055.0
28227.0
28403.0
28579.0
28755.0
28931.0
29102.0
29276.0
29450.0
29626.0
29798.0
29969.0
30143.0
30317.0
30493.0
30669.0
30845.0
31021.0
31197.0
31373.0
31549.0
31725.0
31901.0
32075.0
32249.0
32425.0
32599.0
32773.0
32945.0
33121.0
33297.0
33467.0
33643.0
33819.0
33995.0
34167.0
34343.0
34519.0
34693.0
34869.0
35038.0
35214.0
35384.0
35558.0
35734.0
35908.0
36084.0
36256.0
36430.0
36606.0
36780.0
36954.0
37128.0
37297.0
37473.0
37649.0
37823.0
37997.0
38168.0
38344.0
38520.0
38691.0
38865.0
39041.0
39217.0
39393.0
39567.0
39741.0
39917.0
40086.0
40262.0
40438.0
40609.0
40776.0
40952.0
41128.0
41304.0
41478.0
41649.0
41820.0
41996.0
42172.0
42341.0
42515.0
42687.0
42861.0
43037.0
43213.0
43389.0
43561.0
43732.0
43906.0
44078.0
44238.0
44405.0
44569.0
44743.0
44919.0
45095.0
45269.0
45445.0
45613.0
45789.0
45963.0
46139.0
46315.0
46483.0
46652.0
46828.0
46997.0
47173.0
47349.0
47525.0
47701.0
47875.0
48051.0
48218.0
48394.0
48570.0
48746.0
48920.0
49090.0
49259.0
49433.0
49607.0
49778.0
49954.0
50128.0
50304.0
50480.0
50656.0
50830.0
51006.0
51182.0
51358.0
51534.0
51708.0
51882.0
52048.0
52219.0
52393.0
52562.0
52738.0
52914.0
53090.0
53264.0
53440.0
53616.0
53790.0
53966.0
54140.0
54316.0
54487.0
54656.0
54832.0
55006.0
55182.0
55354.0
55528.0
55702.0
55878.0
56046.0
56222.0
56398.0
56574.0
56750.0
56926.0
57102.0
57278.0
57454.0
57626.0
57796.0
57968.0
58137.0
58313.0
58489.0
58661.0
58837.0
59009.0
59183.0
59359.0
59535.0
59707.0
59883.0
60059.0
60231.0
60407.0
60583.0
60759.0
60935.0
61109.0
61283.0
61459.0
61635.0
61811.0
61987.0
62163.0
62337.0
62513.0
62685.0
62853.0
63027.0
63196.0
63372.0
63546.0
63722.0
63898.0
64067.0
64243.0
64419.0
64591.0
64760.0
64936.0
65112.0
65288.0
65462.0
65632.0
65806.0
65980.0
66151.0
66327.0
66503.0
66677.0
66849.0
67021.0
67190.0
67364.0
67538.0
67710.0
67886.0
68062.0
68229.0
68400.0
68572.0
68748.0
68924.0
69100.0
69276.0
69450.0
69626.0
69795.0
69969.0
70145.0
70321.0
70495.0
70671.0
70843.0
71017.0
71187.0
71357.0
71533.0
71709.0
71885.0
72061.0
72237.0
72409.0
72585.0
72751.0
72927.0
73099.0
73268.0
73440.0
73616.0
73792.0
73966.0
74142.0
74318.0
74494.0
74666.0
74842.0
75018.0
75194.0
75370.0
75542.0
75716.0
75890.0
76066.0
76240.0
76416.0
76592.0
76768.0
76939.0
77113.0
77283.0
77459.0
77633.0
77809.0
77985.0
78156.0
78325.0
78497.0
78673.0
78847.0
79021.0
79181.0
79357.0
79533.0
79696.0
79872.0
80048.0
80224.0
80400.0
80571.0
80745.0
80921.0
81097.0
81273.0
81444.0
81620.0
81794.0
81968.0
82125.0
82288.0
82464.0
82640.0
82814.0
82988.0
83164.0
83338.0
83514.0
83688.0
83860.0
84036.0
84210.0
84386.0
84562.0
84736.0
84912.0
85088.0
85264.0
85438.0
85614.0
85788.0
85964.0
86140.0
86316.0
86492.0
86666.0
86842.0
87018.0
87192.0
87368.0
87542.0
87718.0
87892.0
88066.0
88242.0
88418.0
88590.0
88766.0
88942.0
89116.0
89292.0
89466.0
89642.0
89813.0
89989.0
90165.0
90339.0
90515.0
90682.0
90858.0
91034.0
91208.0
91384.0
91560.0
91736.0
91910.0
92084.0
92260.0
92436.0
92608.0
92774.0
92946.0
93122.0
93298.0
93472.0
93646.0
93822.0
93993.0
94169.0
94345.0
94521.0
94697.0
94871.0
95041.0
95217.0
95393.0
95562.0
95738.0
95906.0
96080.0
96256.0
96430.0
96606.0
96780.0
96956.0
97132.0
97304.0
97480.0
97656.0
97825.0
97997.0
98166.0
98337.0
98511.0
98687.0
98863.0
99032.0
99199.0
99362.0
99536.0
99710.0
99886.0
100062.0
100238.0
100414.0
100590.0
100766.0
100942.0
101118.0
101294.0
101463.0
101639.0
101813.0
101989.0
102161.0
102333.0
102509.0
102678.0
102849.0
103023.0
103199.0
103375.0
103551.0
103725.0
103899.0
104073.0
104244.0
104416.0
104592.0
104768.0
104940.0
105108.0
105284.0
105458.0
105632.0
105806.0
105982.0
106156.0
106330.0
106499.0
106673.0
106847.0
107023.0
107199.0
107373.0
107549.0
107725.0
107897.0
108071.0
108238.0
108409.0
108580.0
108756.0
108932.0
109108.0
109280.0
109456.0
109624.0
109796.0
109965.0
110139.0
110315.0
110489.0
110660.0
110834.0
111005.0
111181.0
111357.0
111531.0
111707.0
111877.0
112049.0
112219.0
112393.0
112569.0
112743.0
112919.0
113095.0
113261.0
113435.0
113611.0
113787.0
113963.0
114137.0
114313.0
114489.0
114665.0
114841.0
115010.0
115184.0
115358.0
115534.0
115700.0
115876.0
116050.0
116226.0
116398.0
116574.0
116750.0
116926.0
117102.0
117273.0
117449.0
117623.0
117797.0
117971.0
118147.0
118321.0
118493.0
118669.0
118843.0
119019.0
119193.0
119369.0
119543.0
119719.0
119891.0
120065.0
120231.0
120407.0
120581.0
120757.0
120928.0
121100.0
121276.0
121452.0
121621.0
121797.0
121973.0
122145.0
122321.0
122497.0
122671.0
122847.0
123023.0
123195.0
123362.0
123536.0
123712.0
123888.0
124062.0
124233.0
124409.0
124583.0
124759.0
124931.0
125102.0
125278.0
125454.0
125625.0
125796.0
125972.0
126136.0
126307.0
126477.0
126631.0
126805.0
126979.0
127155.0
127331.0
127503.0
127675.0
127851.0
128023.0
128197.0
128373.0
128547.0
128721.0
128897.0
129073.0
129249.0
129425.0
129594.0
129766.0
129942.0
130118.0
130284.0
130458.0
130634.0
130805.0
130974.0
131150.0
131319.0
131495.0
131669.0
131845.0
132021.0
132197.0
132371.0
132547.0
132723.0
132899.0
133068.0
133244.0
133420.0
133592.0
133766.0
133942.0
134114.0
134290.0
134464.0
134638.0
134812.0
134988.0
135164.0
135338.0
135514.0
135688.0
135856.0
136030.0
136206.0
136367.0
136543.0
136719.0
136895.0
137071.0
137247.0
137418.0
137592.0
137768.0
137942.0
138112.0
138288.0
138464.0
138638.0
138812.0
138984.0
139154.0
139330.0
139502.0
139674.0
139850.0
140024.0
140200.0
140376.0
140552.0
140728.0
140904.0
141078.0
141254.0
141430.0
141606.0
141778.0
141954.0
142123.0
142299.0
142475.0
142651.0
142825.0
143001.0
143177.0
143353.0
143524.0
143698.0
143874.0
144041.0
144215.0
144389.0
144563.0
144739.0
144915.0
145089.0
145265.0
145441.0
145617.0
145793.0
145964.0
146138.0
146314.0
146490.0
146666.0
146842.0
147011.0
147182.0
147352.0
147526.0
147697.0
147869.0
148043.0
148215.0
148391.0
148565.0
148741.0
148917.0
149087.0
149261.0
149437.0
149608.0
149768.0
149942.0
150116.0
150292.0
150466.0
150642.0
150818.0
150994.0
151168.0
151338.0
151512.0
151688.0
151860.0
152030.0
152206.0
152382.0
152556.0
152730.0
152902.0
153078.0
153244.0
153416.0
153592.0
153768.0
153940.0
154114.0
154281.0
154455.0
154631.0
154807.0
154983.0
155159.0
155333.0
155509.0
155683.0
155859.0
156035.0
156211.0
156387.0
156561.0
156737.0
156913.0
157082.0
157252.0
157426.0
157602.0
157778.0
157954.0
158130.0
158306.0
158482.0
158658.0
158824.0
159000.0
159169.0
159345.0
159521.0
159693.0
159867.0
160043.0
160219.0
160395.0
160569.0
160743.0
160919.0
161095.0
161269.0
161443.0
161612.0
161786.0
161962.0
162136.0
162298.0
162469.0
162643.0
162819.0
162995.0
163171.0
163347.0
163523.0
163699.0
163875.0
164051.0
164227.0
164403.0
164573.0
164742.0
164918.0
165092.0
165261.0
165437.0
165609.0
165785.0
165959.0
166133.0
166305.0
166481.0
166657.0
166831.0
167005.0
167172.0
167348.0
167524.0
167698.0
167869.0
168045.0
168221.0
168397.0
168573.0
168744.0
168918.0
169094.0
169268.0
169444.0
169620.0
169794.0
169968.0
170144.0
170318.0
170494.0
170670.0
170844.0
171020.0
171196.0
171365.0
171539.0
171713.0
171887.0
172063.0
172237.0
172411.0
172587.0
172763.0
172937.0
173113.0
173280.0
173452.0
173628.0
173796.0
173972.0
174144.0
174318.0
174492.0
174668.0
174844.0
175016.0
175188.0
175360.0
175534.0
175710.0
175879.0
176055.0
176231.0
176403.0
176579.0
176749.0
176925.0
177092.0
177268.0
177444.0
177618.0
177794.0
177968.0
178144.0
178318.0
178494.0
178668.0
178842.0
179016.0
179190.0
179364.0
179540.0
179710.0
179884.0
180060.0
180236.0
180412.0
180588.0
180764.0
180932.0
181106.0
181275.0
181442.0
181618.0
181794.0
181968.0
182142.0
182313.0
182489.0
182665.0
182839.0
183015.0
183191.0
183367.0
183534.0
183710.0
183884.0
184060.0
184236.0
184408.0
184584.0
184756.0
184932.0
185108.0
185279.0
185451.0
185625.0
185799.0
185975.0
186149.0
186325.0
186499.0
186675.0
186849.0
187025.0
187199.0
187370.0
187544.0
187718.0
187890.0
188064.0
188226.0
188395.0
188571.0
188747.0
188923.0
189099.0
189275.0
189449.0
189621.0
189790.0
189962.0
190132.0
190308.0
190484.0
190653.0
190829.0
191003.0
191179.0
191349.0
191525.0
191701.0
191873.0
192049.0
192225.0
192401.0
192572.0
192746.0
192922.0
193094.0
193265.0
193441.0
193617.0
193793.0
193969.0
194143.0
194317.0
194488.0
194664.0
194838.0
195010.0
195182.0
195351.0
195525.0
195699.0
195875.0
196046.0
196218.0
196394.0
196570.0
196744.0
196920.0
197089.0
197263.0
197439.0
197613.0
197787.0
