a = 0.5
g = 0.2
e = 0.3
random initial weights = true

-2670.0
-3272.0
-3841.0
-4364.0
-4910.0
-5359.0
-5797.0
-6268.0
-6698.0
-6538.0
-6356.0
-6766.0
-6596.0
-7017.0
-7508.0
-7338.0
-7170.0
-6988.0
-6804.0
-6622.0
-6447.0
-6263.0
-6093.0
-5915.0
-5745.0
-5573.0
-5399.0
-5224.0
-5047.0
-4879.0
-4695.0
-4525.0
-4355.0
-4175.0
-3999.0
-3828.0
-3671.0
-3498.0
-3322.0
-3145.0
-2971.0
-2806.0
-2628.0
-2444.0
-2268.0
-2102.0
-1929.0
-1752.0
-1572.0
-1390.0
-1206.0
-1055.0
-875.0
-698.0
-519.0
-340.0
-167.0
2.0
181.0
343.0
522.0
696.0
878.0
1060.0
1237.0
1419.0
1594.0
1767.0
1940.0
2120.0
2291.0
2471.0
2630.0
2810.0
2989.0
3149.0
3323.0
3499.0
3634.0
3790.0
3962.0
4141.0
4321.0
4497.0
4671.0
4853.0
5029.0
5200.0
5378.0
5555.0
5739.0
5918.0
6098.0
6263.0
6447.0
6626.0
6800.0
6975.0
7102.0
7284.0
7464.0
7648.0
7819.0
7998.0
8182.0
8345.0
8522.0
8689.0
8867.0
9032.0
9205.0
9387.0
9557.0
9741.0
9898.0
10071.0
10250.0
10420.0
10588.0
10760.0
10940.0
11120.0
11280.0
11446.0
11618.0
11796.0
11971.0
12150.0
12318.0
12498.0
12682.0
12860.0
13020.0
13204.0
13348.0
13518.0
13698.0
13880.0
14064.0
14248.0
14432.0
14575.0
14754.0
14924.0
15102.0
15274.0
15446.0
15626.0
15803.0
15961.0
16139.0
16314.0
16488.0
16653.0
16827.0
17011.0
17178.0
17360.0
17519.0
17701.0
17870.0
18050.0
18232.0
18405.0
18580.0
18749.0
18933.0
19111.0
19261.0
19441.0
19614.0
19788.0
19965.0
20124.0
20308.0
20480.0
20471.0
20653.0
20830.0
21012.0
21187.0
21369.0
21549.0
21726.0
21890.0
22057.0
22229.0
22400.0
22571.0
22746.0
22925.0
23100.0
23271.0
23453.0
23633.0
23810.0
23982.0
24148.0
24323.0
24507.0
24691.0
24871.0
25023.0
25205.0
25389.0
25493.0
25670.0
25834.0
26011.0
26183.0
26357.0
26531.0
26700.0
26882.0
27036.0
27195.0
27374.0
27553.0
27735.0
27909.0
28069.0
28229.0
28402.0
28573.0
28750.0
28928.0
29112.0
29290.0
29470.0
29640.0
29818.0
29993.0
30175.0
30345.0
30523.0
30703.0
30885.0
31052.0
31221.0
31405.0
31589.0
31771.0
31945.0
32123.0
32303.0
32478.0
32657.0
32841.0
33025.0
33204.0
33364.0
33538.0
33715.0
33883.0
34056.0
34233.0
34408.0
34587.0
34771.0
34943.0
35114.0
35292.0
35474.0
35651.0
35831.0
36013.0
36185.0
36360.0
36530.0
36710.0
36890.0
37046.0
37225.0
37371.0
37555.0
37731.0
37915.0
38099.0
38281.0
38446.0
38628.0
38805.0
38985.0
39162.0
39344.0
39522.0
39698.0
39873.0
40048.0
40223.0
40403.0
40585.0
40756.0
40933.0
41106.0
41282.0
41456.0
41638.0
41813.0
41995.0
42171.0
42350.0
42524.0
42697.0
42877.0
43057.0
43227.0
43384.0
43564.0
43737.0
43912.0
44072.0
44254.0
44421.0
44598.0
44775.0
44952.0
45132.0
45312.0
45496.0
45674.0
45847.0
46019.0
46191.0
46368.0
46543.0
46720.0
46892.0
47074.0
47235.0
47403.0
47570.0
47735.0
47912.0
48087.0
48266.0
48443.0
48619.0
48796.0
48973.0
49153.0
49332.0
49514.0
49689.0
49863.0
50033.0
50199.0
50378.0
50560.0
50731.0
50904.0
51076.0
51242.0
51411.0
51591.0
51771.0
51953.0
52124.0
52301.0
52480.0
52648.0
52804.0
52976.0
53144.0
53319.0
53489.0
53673.0
53846.0
54028.0
54161.0
54333.0
54504.0
54684.0
54861.0
55036.0
55205.0
55376.0
55560.0
55734.0
55913.0
56079.0
56251.0
56419.0
56598.0
56782.0
56950.0
57130.0
57299.0
57479.0
57649.0
57833.0
58015.0
58195.0
58368.0
58550.0
58725.0
58905.0
59071.0
59236.0
59416.0
59600.0
59784.0
59968.0
60152.0
60336.0
60511.0
60688.0
60870.0
61034.0
61201.0
61381.0
61556.0
61725.0
61896.0
62064.0
62240.0
62422.0
62599.0
62759.0
62941.0
63116.0
63282.0
63457.0
63639.0
63801.0
63974.0
64151.0
64328.0
64512.0
64694.0
64857.0
65036.0
65215.0
65387.0
65540.0
65724.0
65908.0
66088.0
66264.0
66444.0
66620.0
66792.0
66974.0
67154.0
67338.0
67516.0
67689.0
67861.0
68022.0
68196.0
68375.0
68552.0
68730.0
68894.0
69057.0
69237.0
69411.0
69574.0
69754.0
69938.0
70116.0
70282.0
70454.0
70628.0
70812.0
70980.0
71152.0
71321.0
71485.0
71664.0
71848.0
72021.0
72188.0
72365.0
72542.0
72714.0
72879.0
73048.0
73218.0
73391.0
73562.0
73725.0
73898.0
74065.0
74245.0
74420.0
74592.0
74774.0
74951.0
75124.0
75304.0
75481.0
75663.0
75836.0
76020.0
76199.0
76372.0
76543.0
76720.0
76886.0
77064.0
77244.0
77413.0
77586.0
77764.0
77923.0
78101.0
78276.0
78453.0
78621.0
78793.0
78968.0
79136.0
79308.0
79479.0
79658.0
79819.0
79996.0
80164.0
80344.0
80521.0
80696.0
80871.0
81055.0
81233.0
81412.0
81596.0
81766.0
81936.0
82120.0
82294.0
82478.0
82639.0
82805.0
82984.0
83166.0
83346.0
83518.0
83702.0
83874.0
84051.0
84225.0
84407.0
84576.0
84760.0
84939.0
85117.0
85299.0
85469.0
85651.0
85822.0
85992.0
86176.0
86344.0
86509.0
86677.0
86859.0
87043.0
87225.0
87402.0
87570.0
87740.0
87904.0
88054.0
88227.0
88397.0
88572.0
88756.0
88924.0
89108.0
89283.0
89446.0
89618.0
89797.0
89977.0
90159.0
90341.0
90514.0
90670.0
90848.0
91027.0
91204.0
91376.0
91555.0
91731.0
91902.0
92084.0
92256.0
92435.0
92581.0
92758.0
92916.0
93093.0
93265.0
93431.0
93615.0
93790.0
93956.0
94140.0
94316.0
94473.0
94657.0
94839.0
94997.0
95172.0
95339.0
95523.0
95693.0
95870.0
96054.0
96217.0
96392.0
96564.0
96738.0
96896.0
97078.0
97214.0
97387.0
97551.0
97733.0
97912.0
98086.0
98266.0
98444.0
98628.0
98805.0
98964.0
99136.0
99318.0
99495.0
99668.0
99848.0
100023.0
100192.0
100362.0
100537.0
100706.0
100874.0
101046.0
101214.0
101390.0
101570.0
101749.0
101921.0
102095.0
102261.0
102422.0
102599.0
102776.0
102955.0
103127.0
103301.0
103475.0
103626.0
103799.0
103959.0
104141.0
104325.0
104509.0
104681.0
104865.0
105042.0
105219.0
105398.0
105565.0
105731.0
105901.0
106074.0
106256.0
106424.0
106592.0
106776.0
106939.0
107107.0
107286.0
107460.0
107642.0
107812.0
107986.0
108161.0
108330.0
108507.0
108684.0
108854.0
109018.0
109198.0
109382.0
109551.0
109730.0
109901.0
110059.0
110239.0
110421.0
110592.0
110766.0
110944.0
111110.0
111286.0
111470.0
111649.0
111799.0
111972.0
112134.0
112318.0
112461.0
112625.0
112793.0
112975.0
113133.0
113308.0
113485.0
113643.0
113812.0
113984.0
114156.0
114331.0
114493.0
114675.0
114843.0
115012.0
115196.0
115376.0
115546.0
115725.0
115901.0
116068.0
116247.0
116420.0
116602.0
116784.0
116957.0
117128.0
117307.0
117489.0
117655.0
117835.0
118006.0
118177.0
118356.0
118538.0
118722.0
118897.0
119069.0
119248.0
119415.0
119586.0
119768.0
119944.0
120111.0
120295.0
120461.0
120641.0
120809.0
120978.0
121158.0
121319.0
121494.0
121667.0
121837.0
122014.0
122191.0
122358.0
122542.0
122724.0
122893.0
123071.0
123241.0
123416.0
123592.0
123770.0
123952.0
124132.0
124307.0
124472.0
124649.0
124829.0
125013.0
125195.0
125379.0
125552.0
125721.0
125898.0
126068.0
126252.0
126434.0
126613.0
126790.0
126970.0
127082.0
127243.0
127423.0
127607.0
127782.0
127950.0
128122.0
128289.0
128466.0
128646.0
128823.0
129003.0
129172.0
129354.0
129531.0
129700.0
129872.0
130056.0
130221.0
130394.0
130574.0
130751.0
130928.0
131100.0
131269.0
131446.0
131625.0
131794.0
131978.0
132155.0
132332.0
132512.0
132684.0
132854.0
133036.0
133202.0
133386.0
133550.0
133715.0
133891.0
134055.0
134232.0
134404.0
134586.0
134763.0
134943.0
135123.0
135298.0
135482.0
135664.0
135846.0
136013.0
136182.0
136343.0
136516.0
136698.0
136874.0
137046.0
137230.0
137399.0
137566.0
137744.0
137919.0
138095.0
138266.0
138446.0
138617.0
138794.0
138978.0
139150.0
139332.0
139508.0
139673.0
139851.0
140023.0
140207.0
140380.0
140548.0
140730.0
140914.0
141083.0
141263.0
141423.0
141603.0
141771.0
141953.0
142108.0
142286.0
142442.0
142624.0
142808.0
142977.0
143156.0
143334.0
143513.0
143689.0
143864.0
144031.0
144206.0
144385.0
144567.0
144740.0
144922.0
145104.0
145286.0
145468.0
145652.0
145824.0
146001.0
146183.0
146360.0
146536.0
146706.0
146890.0
147068.0
147243.0
147425.0
147594.0
147773.0
147952.0
148110.0
148281.0
148453.0
148630.0
148812.0
148987.0
149160.0
149344.0
149509.0
149677.0
149855.0
150012.0
150196.0
150371.0
150546.0
150726.0
150898.0
151067.0
151243.0
151427.0
151602.0
151777.0
151948.0
152127.0
152294.0
152474.0
152644.0
152809.0
152968.0
153150.0
153327.0
153499.0
153681.0
153860.0
154030.0
154197.0
154374.0
154549.0
154729.0
154913.0
155083.0
155259.0
155416.0
155592.0
155774.0
155948.0
156120.0
156304.0
156473.0
156647.0
156831.0
157013.0
157192.0
157374.0
157549.0
157712.0
157896.0
158070.0
158252.0
158432.0
158610.0
158792.0
158970.0
159145.0
159307.0
159489.0
159662.0
159836.0
160013.0
160195.0
160379.0
160558.0
160730.0
160893.0
161075.0
161259.0
161416.0
161579.0
161761.0
161933.0
162111.0
162293.0
162471.0
162629.0
162789.0
162971.0
163143.0
163327.0
163506.0
163688.0
163863.0
164031.0
164213.0
164384.0
164566.0
164738.0
164901.0
165081.0
165263.0
165447.0
165631.0
165790.0
165968.0
166145.0
166321.0
166493.0
166668.0
166841.0
167009.0
167179.0
167363.0
167542.0
167708.0
167877.0
168051.0
168231.0
168408.0
168587.0
168749.0
168921.0
169096.0
169257.0
169432.0
169602.0
169777.0
169949.0
170133.0
170307.0
170475.0
170645.0
170822.0
171000.0
171172.0
171344.0
171513.0
171688.0
171863.0
172023.0
172203.0
172381.0
172558.0
172740.0
172915.0
173088.0
173267.0
173418.0
173598.0
173780.0
173949.0
174108.0
174280.0
174453.0
174625.0
174785.0
174950.0
175129.0
175308.0
175468.0
175638.0
175813.0
175995.0
176161.0
176331.0
176509.0
176688.0
176860.0
177038.0
177214.0
177394.0
177567.0
177749.0
177927.0
178105.0
178269.0
178451.0
178625.0
178784.0
178957.0
179131.0
179315.0
179495.0
179674.0
179858.0
180031.0
180209.0
180391.0
180563.0
180728.0
180896.0
181076.0
181252.0
181411.0
181593.0
181769.0
181948.0
182114.0
182270.0
182443.0
182614.0
182796.0
182975.0
183159.0
183336.0
183520.0
183694.0
183873.0
184057.0
184234.0
184401.0
184578.0
184755.0
184934.0
185099.0
185277.0
185449.0
185631.0
185801.0
185968.0
186145.0
186311.0
186493.0
186666.0
186844.0
187023.0
187200.0
187371.0
187553.0
187730.0
187912.0
188085.0
188269.0
188433.0
188612.0
188786.0
188962.0
189137.0
189315.0
189495.0
189649.0
189828.0
190005.0
190167.0
190334.0
190513.0
190686.0
190863.0
191040.0
191222.0
191401.0
191558.0
191733.0
191901.0
192075.0
192229.0
192406.0
192590.0
192772.0
192948.0
193117.0
193282.0
193462.0
193633.0
193817.0
193994.0
194167.0
194345.0
194514.0
194682.0
194864.0
195043.0
195218.0
195391.0
195547.0
195725.0
195904.0
196082.0
196266.0
196442.0
196620.0
196796.0
196966.0
197150.0
197322.0
197497.0
197679.0
197852.0
198036.0
198211.0
198395.0
198552.0
198722.0
198891.0
199056.0
199220.0
199395.0
199575.0
199733.0
199906.0
200083.0
200256.0
200427.0
200602.0
200764.0
200941.0
201118.0
201292.0
201472.0
201648.0
201819.0
201999.0
202164.0
202337.0
202515.0
202661.0
202834.0
203011.0
203195.0
203348.0
203528.0
203705.0
203879.0
204043.0
204225.0
204407.0
204580.0
204722.0
204896.0
205057.0
205232.0
205395.0
205570.0
205743.0
205927.0
206109.0
206281.0
206458.0
206628.0
206798.0
206972.0
207154.0
207333.0
207501.0
207679.0
207863.0
208039.0
208219.0
208392.0
208570.0
208743.0
208907.0
209086.0
209268.0
209448.0
209630.0
209814.0
209994.0
210159.0
210339.0
210511.0
210679.0
210846.0
211006.0
211180.0
211339.0
211518.0
211700.0
211875.0
212040.0
212222.0
212395.0
212577.0
212761.0
212939.0
213119.0
213298.0
213471.0
213608.0
213790.0
213974.0
214139.0
214317.0
214495.0
214663.0
214847.0
215025.0
215202.0
215382.0
215557.0
215719.0
215903.0
216068.0
216247.0
216420.0
216600.0
216770.0
216945.0
217125.0
217309.0
217479.0
217655.0
217820.0
218004.0
218180.0
218354.0
218520.0
218699.0
218878.0
219053.0
219235.0
219415.0
219585.0
219759.0
219934.0
220113.0
220297.0
220466.0
220648.0
220814.0
220987.0
221122.0
221304.0
221469.0
221636.0
221820.0
222004.0
222179.0
222351.0
222530.0
222710.0
222857.0
222999.0
223178.0
223346.0
223526.0
223701.0
223883.0
224065.0
224238.0
224415.0
224588.0
224767.0
224935.0
225104.0
225274.0
225449.0
225633.0
225813.0
225992.0
226165.0
226342.0
226521.0
226684.0
226859.0
227039.0
227210.0
227376.0
227553.0
227726.0
227908.0
228082.0
228252.0
228432.0
228603.0
228780.0
228959.0
229143.0
229317.0
229501.0
229678.0
229853.0
230012.0
230192.0
230364.0
230546.0
230719.0
230889.0
231064.0
231240.0
231418.0
231598.0
231776.0
231942.0
232111.0
232287.0
232460.0
232633.0
232801.0
232983.0
233151.0
233335.0
233495.0
233679.0
233858.0
234033.0
234210.0
234383.0
234559.0
234734.0
234909.0
235083.0
235247.0
235427.0
235602.0
235782.0
235951.0
236128.0
236303.0
236469.0
236646.0
236830.0
236996.0
237173.0
237347.0
237525.0
237700.0
237884.0
238054.0
238224.0
238406.0
238588.0
238758.0
238928.0
239106.0
239275.0
239450.0
239625.0
239792.0
239969.0
240153.0
240326.0
240506.0
240683.0
240862.0
241040.0
241210.0
241394.0
241576.0
241744.0
241928.0
242112.0
242294.0
242476.0
242655.0
242834.0
243011.0
243186.0
243370.0
243547.0
243722.0
243904.0
244074.0
244243.0
244416.0
244583.0
244756.0
244916.0
245093.0
245258.0
245434.0
245616.0
245800.0
245970.0
246148.0
246327.0
246497.0
246681.0
246861.0
247026.0
247199.0
247381.0
247563.0
247737.0
247921.0
248093.0
248272.0
248445.0
248624.0
248804.0
248979.0
249161.0
249329.0
249509.0
249688.0
249865.0
250044.0
250228.0
250393.0
250572.0
250752.0
250932.0
251097.0
251270.0
