a = 0.8
g = 0.5
e = 0.3
random initial weights = true

-2553.0
-3265.0
-5829.0
-6305.0
-6784.0
-7228.0
-7687.0
-8233.0
-8706.0
-9206.0
-9664.0
-10108.0
-10547.0
-11000.0
-11437.0
-11896.0
-12331.0
-12762.0
-13185.0
-13623.0
-13458.0
-13877.0
-13705.0
-14145.0
-14594.0
-14424.0
-14844.0
-14672.0
-14503.0
-14325.0
-14149.0
-13983.0
-13819.0
-13656.0
-13480.0
-13322.0
-13153.0
-12991.0
-12817.0
-12641.0
-12470.0
-12302.0
-12130.0
-11964.0
-11807.0
-11636.0
-11458.0
-11299.0
-11134.0
-10963.0
-10787.0
-10620.0
-10453.0
-10288.0
-10112.0
-9940.0
-9772.0
-9607.0
-9442.0
-9282.0
-9108.0
-8958.0
-8785.0
-8611.0
-8449.0
-8282.0
-8108.0
-7935.0
-7765.0
-7594.0
-7427.0
-7249.0
-7079.0
-6923.0
-6749.0
-6578.0
-6400.0
-6222.0
-6044.0
-5873.0
-5710.0
-5552.0
-5380.0
-5207.0
-5043.0
-4869.0
-4695.0
-4523.0
-4349.0
-4179.0
-4005.0
-3852.0
-3674.0
-3510.0
-3341.0
-3170.0
-3003.0
-2833.0
-2659.0
-2481.0
-2308.0
-2148.0
-1972.0
-1794.0
-1625.0
-1465.0
-1301.0
-1131.0
-961.0
-791.0
-617.0
-469.0
-291.0
-119.0
53.0
231.0
403.0
581.0
748.0
919.0
1093.0
1269.0
1432.0
1604.0
1769.0
1943.0
2121.0
2291.0
2467.0
2633.0
2811.0
2989.0
3162.0
3316.0
3478.0
3644.0
3804.0
3982.0
4154.0
4307.0
4477.0
4651.0
4823.0
5001.0
5179.0
5353.0
5527.0
5697.0
5855.0
6025.0
6201.0
6377.0
6527.0
6705.0
6877.0
7026.0
7202.0
7355.0
7527.0
7697.0
7860.0
8038.0
8209.0
8361.0
8529.0
8705.0
8879.0
9037.0
9207.0
9383.0
9537.0
9703.0
9874.0
10050.0
10215.0
10391.0
10563.0
10732.0
10890.0
11060.0
11223.0
11397.0
11558.0
11729.0
11901.0
12079.0
12255.0
12427.0
12598.0
12768.0
12934.0
13105.0
13281.0
13452.0
13625.0
13793.0
13966.0
14144.0
14300.0
14476.0
14648.0
14815.0
14972.0
15148.0
15309.0
15482.0
15640.0
15805.0
15972.0
16150.0
16328.0
16497.0
16664.0
16829.0
16990.0
17156.0
17327.0
17505.0
17671.0
17849.0
18013.0
18174.0
18350.0
18526.0
18693.0
18863.0
19035.0
19201.0
19373.0
19544.0
19715.0
19883.0
20061.0
20237.0
20408.0
20569.0
20745.0
20914.0
21090.0
21264.0
21438.0
21612.0
21782.0
21954.0
22121.0
22293.0
22461.0
22625.0
22791.0
22963.0
23132.0
23286.0
23453.0
23621.0
23770.0
23937.0
24111.0
24289.0
24452.0
24621.0
24786.0
24947.0
25115.0
25282.0
25449.0
25611.0
25789.0
25962.0
26132.0
26291.0
26444.0
26606.0
26767.0
26936.0
27104.0
27272.0
27439.0
27611.0
27775.0
27939.0
28110.0
28277.0
28448.0
28619.0
28797.0
28969.0
29136.0
29303.0
29465.0
29641.0
29813.0
29986.0
30162.0
30332.0
30506.0
30667.0
30845.0
31018.0
31196.0
31369.0
31517.0
31682.0
31854.0
32032.0
32187.0
32344.0
32506.0
32682.0
32856.0
33017.0
33195.0
33366.0
33535.0
33702.0
33873.0
34044.0
34216.0
34379.0
34552.0
34728.0
34898.0
35071.0
35234.0
35406.0
35571.0
35737.0
35913.0
36087.0
36259.0
36435.0
36611.0
36785.0
36959.0
37135.0
37307.0
37479.0
37650.0
37820.0
37996.0
38170.0
38344.0
38522.0
38681.0
38853.0
39031.0
39195.0
39373.0
39535.0
39706.0
39882.0
40033.0
40202.0
40364.0
40528.0
40700.0
40876.0
41048.0
41222.0
41398.0
41571.0
41740.0
41902.0
42069.0
42238.0
42394.0
42563.0
42737.0
42905.0
43074.0
43242.0
43418.0
43594.0
43765.0
43937.0
44099.0
44271.0
44442.0
44618.0
44792.0
44963.0
45131.0
45307.0
45477.0
45646.0
45822.0
45996.0
46174.0
46348.0
46519.0
46695.0
46866.0
47028.0
47196.0
47362.0
47532.0
47710.0
47872.0
48042.0
48220.0
48385.0
48554.0
48715.0
48882.0
49048.0
49211.0
49385.0
49563.0
49737.0
49908.0
50080.0
50256.0
50415.0
50583.0
50759.0
50928.0
51104.0
51276.0
51444.0
51615.0
51789.0
51967.0
52143.0
52313.0
52479.0
52642.0
52813.0
52989.0
53148.0
53320.0
53486.0
53660.0
53829.0
54002.0
54168.0
54342.0
54504.0
54675.0
54847.0
55025.0
55201.0
55371.0
55545.0
55712.0
55870.0
56041.0
56212.0
56379.0
56553.0
56727.0
56901.0
57068.0
57237.0
57405.0
57572.0
57743.0
57919.0
58095.0
58273.0
58446.0
58620.0
58798.0
58964.0
59136.0
59294.0
59460.0
59629.0
59773.0
59919.0
60091.0
60265.0
60441.0
60617.0
60783.0
60932.0
61105.0
61270.0
61448.0
61626.0
61793.0
61967.0
62141.0
62294.0
62451.0
62623.0
62795.0
62962.0
63136.0
63305.0
63471.0
63635.0
63800.0
63974.0
64152.0
64330.0
64497.0
64668.0
64844.0
65013.0
65191.0
65365.0
65537.0
65701.0
65864.0
66025.0
66199.0
66377.0
66553.0
66705.0
66877.0
67053.0
67214.0
67385.0
67563.0
67734.0
67901.0
68065.0
68239.0
68417.0
68586.0
68757.0
68920.0
69098.0
69268.0
69442.0
69607.0
69772.0
69943.0
70119.0
70283.0
70461.0
70639.0
70813.0
70989.0
71167.0
71343.0
71514.0
71688.0
71861.0
72027.0
72194.0
72362.0
72529.0
72702.0
72874.0
73037.0
73200.0
73376.0
73550.0
73716.0
73885.0
74061.0
74228.0
74393.0
74546.0
74713.0
74889.0
75048.0
75217.0
75373.0
75544.0
75698.0
75876.0
76041.0
76212.0
76384.0
76562.0
76727.0
76901.0
77072.0
77245.0
77413.0
77576.0
77743.0
77916.0
78087.0
78265.0
78427.0
78603.0
78775.0
78951.0
79129.0
79295.0
79471.0
79645.0
79817.0
79986.0
80162.0
80336.0
80505.0
80677.0
80844.0
81009.0
81182.0
81356.0
81520.0
81691.0
81865.0
82039.0
82211.0
82389.0
82552.0
82722.0
82892.0
83042.0
83193.0
83358.0
83528.0
83699.0
83856.0
84024.0
84191.0
84354.0
84530.0
84696.0
84863.0
85034.0
85210.0
85384.0
85557.0
85731.0
85907.0
86074.0
86247.0
86414.0
86576.0
86747.0
86921.0
87097.0
87266.0
87434.0
87610.0
87788.0
87954.0
88125.0
88296.0
88472.0
88643.0
88813.0
88979.0
89155.0
89329.0
89494.0
89672.0
89843.0
90017.0
90189.0
90352.0
90520.0
90696.0
90857.0
91017.0
91189.0
91350.0
91517.0
91686.0
91852.0
92021.0
92193.0
92367.0
92536.0
92702.0
92870.0
93044.0
93216.0
93390.0
93558.0
93734.0
93894.0
94059.0
94233.0
94396.0
94562.0
94726.0
94888.0
95054.0
95230.0
95398.0
95572.0
95739.0
95902.0
96069.0
96231.0
96392.0
96555.0
96728.0
96900.0
97078.0
97254.0
97432.0
97583.0
97755.0
97929.0
98098.0
98272.0
98443.0
98616.0
98786.0
98959.0
99137.0
99309.0
99485.0
99654.0
99818.0
99987.0
100161.0
100328.0
100474.0
100650.0
100822.0
100995.0
101171.0
101341.0
101510.0
101684.0
101852.0
102004.0
102175.0
102340.0
102506.0
102677.0
102847.0
103023.0
103195.0
103371.0
103545.0
103717.0
103887.0
104056.0
104221.0
104380.0
104556.0
104728.0
104896.0
105064.0
105235.0
105395.0
105566.0
105735.0
105889.0
106057.0
106235.0
106403.0
106581.0
106745.0
106917.0
107095.0
107266.0
107444.0
107616.0
107792.0
107968.0
108146.0
108319.0
108480.0
108656.0
108828.0
108987.0
109146.0
109315.0
109489.0
109655.0
109828.0
110004.0
110171.0
110335.0
110506.0
110675.0
110849.0
111016.0
111172.0
111345.0
111514.0
111686.0
111858.0
112034.0
112204.0
112368.0
112527.0
112705.0
112872.0
113032.0
113206.0
113373.0
113545.0
113714.0
113890.0
114062.0
114240.0
114414.0
114581.0
114750.0
114928.0
115099.0
115277.0
115440.0
115607.0
115780.0
115946.0
116116.0
116279.0
116457.0
116608.0
116778.0
116949.0
117117.0
117282.0
117451.0
117627.0
117796.0
117970.0
118148.0
118312.0
118478.0
118630.0
118804.0
118982.0
119155.0
119329.0
119497.0
119673.0
119849.0
120012.0
120186.0
120357.0
120526.0
120695.0
120871.0
121047.0
121225.0
121395.0
121566.0
121736.0
121904.0
122073.0
122244.0
122410.0
122588.0
122756.0
122930.0
123101.0
123268.0
123430.0
123598.0
123772.0
123943.0
124113.0
124291.0
124467.0
124643.0
124811.0
124980.0
125158.0
125307.0
125477.0
125649.0
125823.0
125997.0
126171.0
126341.0
126513.0
126687.0
126854.0
127019.0
127187.0
127365.0
127523.0
127686.0
127864.0
128035.0
128189.0
128351.0
128525.0
128693.0
128854.0
129022.0
129194.0
129362.0
129534.0
129708.0
129884.0
130058.0
130234.0
130405.0
130566.0
130725.0
130901.0
131067.0
131237.0
131406.0
131567.0
131734.0
131912.0
132078.0
132222.0
132394.0
132567.0
132738.0
132910.0
133086.0
133258.0
133432.0
133604.0
133760.0
133932.0
134106.0
134280.0
134447.0
134609.0
134778.0
134948.0
135124.0
135300.0
135476.0
135652.0
135815.0
135987.0
136161.0
136335.0
136499.0
136677.0
136845.0
137016.0
137188.0
137350.0
137518.0
137694.0
137857.0
138033.0
138200.0
138378.0
138546.0
138713.0
138885.0
139061.0
139227.0
139399.0
139575.0
139747.0
139920.0
140089.0
140267.0
140436.0
140596.0
140764.0
140933.0
141109.0
141283.0
141455.0
141629.0
141786.0
141957.0
142133.0
142309.0
142483.0
142661.0
142834.0
142988.0
143160.0
143338.0
143512.0
143684.0
143855.0
144026.0
144189.0
144356.0
144528.0
144697.0
144871.0
145047.0
145223.0
145397.0
145551.0
145725.0
145889.0
146065.0
146241.0
146410.0
146583.0
146756.0
146927.0
147087.0
147261.0
147432.0
147606.0
147780.0
147954.0
148132.0
148296.0
148472.0
148644.0
148810.0
148984.0
149157.0
149322.0
149496.0
149664.0
149831.0
149994.0
150166.0
150331.0
150509.0
150681.0
150849.0
151025.0
151201.0
151372.0
151543.0
151711.0
151880.0
152056.0
152227.0
152401.0
152569.0
152747.0
152912.0
153088.0
153262.0
153438.0
153609.0
153762.0
153928.0
154098.0
154272.0
154448.0
154610.0
154780.0
154936.0
155090.0
155264.0
155440.0
155608.0
155780.0
155951.0
156121.0
156292.0
156461.0
156632.0
156806.0
156977.0
157143.0
157319.0
157495.0
157666.0
157842.0
158014.0
158181.0
158350.0
158518.0
158689.0
158855.0
159033.0
159211.0
159387.0
159554.0
159716.0
159894.0
160060.0
160233.0
160400.0
160576.0
160748.0
160904.0
161063.0
161233.0
161405.0
161572.0
161748.0
161918.0
162096.0
162272.0
162443.0
162604.0
162772.0
162941.0
163114.0
163286.0
163447.0
163614.0
163777.0
163950.0
164118.0
164292.0
164458.0
164629.0
164776.0
164936.0
165112.0
165290.0
165461.0
165632.0
165808.0
165965.0
166137.0
166297.0
166466.0
166637.0
166806.0
166967.0
167134.0
167292.0
167462.0
167638.0
167808.0
167980.0
168149.0
168321.0
168490.0
168654.0
168813.0
168989.0
169152.0
169326.0
169502.0
169676.0
169845.0
170019.0
170190.0
170356.0
170523.0
170687.0
170841.0
171005.0
171175.0
171351.0
171503.0
171675.0
171842.0
172006.0
172180.0
172346.0
172522.0
172691.0
172865.0
173037.0
173199.0
173375.0
173545.0
173723.0
173896.0
174070.0
174241.0
174410.0
174575.0
174738.0
174914.0
175083.0
175261.0
175437.0
175597.0
175765.0
175917.0
176091.0
176267.0
176432.0
176604.0
176778.0
176945.0
177123.0
177281.0
177457.0
177623.0
177794.0
177956.0
178134.0
178300.0
178476.0
178646.0
178796.0
178956.0
179130.0
179301.0
179469.0
179645.0
179814.0
179985.0
180158.0
180325.0
180485.0
180663.0
180834.0
180995.0
181167.0
181333.0
181511.0
181681.0
181848.0
182024.0
182190.0
182359.0
182525.0
182699.0
182871.0
183037.0
183213.0
183391.0
183563.0
183728.0
183900.0
184067.0
184235.0
184404.0
184577.0
184749.0
184925.0
185094.0
185262.0
185436.0
185609.0
185780.0
185952.0
186123.0
186293.0
186447.0
186612.0
186790.0
186959.0
187129.0
187303.0
187479.0
187644.0
187816.0
187982.0
188151.0
188313.0
188489.0
188659.0
188827.0
188996.0
189170.0
189341.0
189513.0
189689.0
189863.0
190023.0
190195.0
190373.0
190538.0
190716.0
190894.0
191066.0
191237.0
191407.0
191583.0
191757.0
191929.0
192090.0
192264.0
192417.0
192595.0
192768.0
192946.0
193117.0
193290.0
193459.0
193630.0
193808.0
193981.0
194146.0
194311.0
194487.0
194650.0
194820.0
194996.0
195168.0
195339.0
195501.0
195675.0
195846.0
196013.0
196177.0
196343.0
196508.0
196671.0
196836.0
197012.0
197181.0
197344.0
197499.0
197669.0
197836.0
197994.0
198170.0
198335.0
198507.0
198674.0
198835.0
199009.0
199187.0
199361.0
199525.0
199699.0
199872.0
200043.0
200221.0
200390.0
200568.0
200742.0
200915.0
201091.0
201261.0
201417.0
201567.0
201741.0
201896.0
202054.0
202221.0
202393.0
202562.0
202722.0
202891.0
203061.0
203235.0
203396.0
203564.0
203729.0
203902.0
204066.0
204235.0
204411.0
204575.0
204749.0
204923.0
205099.0
205275.0
205453.0
205627.0
205792.0
205959.0
206130.0
206300.0
206465.0
206641.0
206814.0
206985.0
207154.0
207328.0
207490.0
207666.0
207828.0
207994.0
208154.0
208325.0
208501.0
208679.0
208851.0
209000.0
209165.0
209343.0
209505.0
209670.0
209839.0
210013.0
210189.0
210360.0
210526.0
210700.0
210871.0
211045.0
211216.0
211383.0
211557.0
211733.0
211903.0
212067.0
212226.0
212390.0
212566.0
212742.0
212914.0
213092.0
213266.0
213425.0
213587.0
213761.0
213926.0
214097.0
214260.0
214425.0
214601.0
214777.0
214940.0
215116.0
215287.0
215454.0
215624.0
215789.0
215955.0
216129.0
216307.0
216481.0
216648.0
216811.0
216989.0
217155.0
217324.0
217472.0
217642.0
217818.0
217986.0
218122.0
218298.0
218454.0
218621.0
218795.0
218967.0
219138.0
219316.0
219490.0
219653.0
219823.0
219995.0
220168.0
220346.0
220518.0
220694.0
220865.0
221043.0
221216.0
221382.0
221554.0
221726.0
221895.0
222069.0
222247.0
222419.0
222593.0
222757.0
222933.0
223104.0
223276.0
223437.0
223611.0
223785.0
223959.0
224135.0
224313.0
224478.0
224650.0
224819.0
224984.0
225160.0
225334.0
225506.0
225680.0
225854.0
226023.0
226195.0
226354.0
226530.0
226704.0
226862.0
227038.0
227206.0
227373.0
227547.0
227721.0
227881.0
228047.0
228208.0
228364.0
228532.0
228705.0
228874.0
229036.0
229200.0
229364.0
229538.0
229712.0
229883.0
230050.0
230218.0
230392.0
230563.0
230741.0
230898.0
231066.0
231240.0
231402.0
231565.0
231714.0
231884.0
232047.0
232216.0
232368.0
232533.0
232709.0
232885.0
233057.0
233231.0
233394.0
233562.0
233728.0
233891.0
234064.0
234242.0
234408.0
234574.0
234748.0
234922.0
235084.0
