a = 0.8
g = 0.5
e = 0.5
random initial weights = false

-1043.0
-1774.0
-4232.0
-4719.0
-5224.0
-5964.0
-6596.0
-7038.0
-7517.0
-7964.0
-8392.0
-8864.0
-9392.0
-9853.0
-9800.0
-10241.0
-10846.0
-11406.0
-11835.0
-12277.0
-12712.0
-12566.0
-12421.0
-12281.0
-12132.0
-11961.0
-12395.0
-12819.0
-12655.0
-12485.0
-12326.0
-12168.0
-12018.0
-11864.0
-11692.0
-11520.0
-11342.0
-11194.0
-11047.0
-10899.0
-10733.0
-10576.0
-10426.0
-10250.0
-10139.0
-9981.0
-9818.0
-9649.0
-9475.0
-9309.0
-9164.0
-9006.0
-8859.0
-8695.0
-8524.0
-8359.0
-8199.0
-8058.0
-7897.0
-7730.0
-7578.0
-7417.0
-7259.0
-7097.0
-6938.0
-6791.0
-6633.0
-6477.0
-6315.0
-6141.0
-5982.0
-5850.0
-5689.0
-5522.0
-5380.0
-5220.0
-5058.0
-4900.0
-4740.0
-4598.0
-4435.0
-4268.0
-4101.0
-3938.0
-3779.0
-3687.0
-3523.0
-3350.0
-3193.0
-3060.0
-2905.0
-2741.0
-2583.0
-2411.0
-2246.0
-2079.0
-1934.0
-1775.0
-1615.0
-1439.0
-1279.0
-1107.0
-939.0
-782.0
-646.0
-488.0
-349.0
-194.0
-27.0
132.0
303.0
464.0
636.0
799.0
956.0
1125.0
1303.0
1462.0
1607.0
1775.0
1949.0
2110.0
2269.0
2434.0
2602.0
2761.0
2899.0
3068.0
3215.0
3382.0
3550.0
3708.0
3875.0
4035.0
4205.0
4356.0
4518.0
4696.0
4861.0
5018.0
5160.0
5330.0
5491.0
5665.0
5839.0
6015.0
6169.0
6339.0
6512.0
6671.0
6833.0
6992.0
7144.0
7292.0
7457.0
7627.0
7794.0
7955.0
8103.0
8201.0
8328.0
8485.0
8644.0
8800.0
8926.0
9063.0
9223.0
9401.0
9577.0
9736.0
9910.0
10066.0
10229.0
10381.0
10536.0
10699.0
10848.0
10997.0
11148.0
11298.0
11467.0
11633.0
11809.0
11969.0
12109.0
12273.0
12445.0
12568.0
12725.0
12880.0
13051.0
13162.0
13323.0
13485.0
13654.0
13798.0
13974.0
14124.0
14245.0
14394.0
14537.0
14704.0
14857.0
15019.0
15181.0
15346.0
15495.0
15660.0
15800.0
15959.0
16117.0
16287.0
16452.0
16619.0
16775.0
16949.0
17123.0
17283.0
17439.0
17559.0
17733.0
17879.0
18044.0
18177.0
18309.0
18452.0
18617.0
18781.0
18945.0
19116.0
19269.0
19427.0
19583.0
19725.0
19880.0
20042.0
20194.0
20350.0
20496.0
20658.0
20828.0
20987.0
21141.0
21300.0
21453.0
21600.0
21764.0
21913.0
22083.0
22252.0
22405.0
22573.0
22735.0
22855.0
23011.0
23176.0
23321.0
23482.0
23621.0
23755.0
23908.0
24077.0
24238.0
24395.0
24552.0
24713.0
24868.0
25031.0
25154.0
25321.0
25475.0
25628.0
25774.0
25927.0
26093.0
26241.0
26417.0
26576.0
26752.0
26901.0
27053.0
27209.0
27378.0
27549.0
27711.0
27852.0
28002.0
28157.0
28333.0
28462.0
28619.0
28787.0
28940.0
29087.0
29246.0
29411.0
29563.0
29733.0
29866.0
30022.0
30185.0
30352.0
30521.0
30684.0
30838.0
31001.0
31125.0
31287.0
31424.0
31574.0
31715.0
31884.0
32021.0
32157.0
32315.0
32471.0
32631.0
32794.0
32946.0
33101.0
33249.0
33420.0
33587.0
33736.0
33901.0
34047.0
34203.0
34362.0
34530.0
34682.0
34826.0
34981.0
35150.0
35310.0
35476.0
35622.0
35786.0
35958.0
36117.0
36288.0
36450.0
36615.0
36781.0
36942.0
37102.0
37272.0
37420.0
37589.0
37741.0
37917.0
38075.0
38230.0
38404.0
38561.0
38727.0
38861.0
39013.0
39148.0
39291.0
39459.0
39633.0
39802.0
39956.0
40129.0
40301.0
40448.0
40615.0
40777.0
40927.0
41097.0
41235.0
41394.0
41560.0
41726.0
41900.0
42076.0
42194.0
42366.0
42539.0
42713.0
42842.0
43006.0
43168.0
43323.0
43499.0
43666.0
43833.0
43990.0
44130.0
44300.0
44474.0
44618.0
44742.0
44887.0
45043.0
45177.0
45340.0
45508.0
45671.0
45833.0
45996.0
46161.0
46296.0
46459.0
46604.0
46770.0
46908.0
47058.0
47231.0
47393.0
47569.0
47732.0
47873.0
48029.0
48205.0
48376.0
48538.0
48705.0
48864.0
49031.0
49180.0
49342.0
49491.0
49651.0
49821.0
49966.0
50142.0
50265.0
50412.0
50586.0
50753.0
50908.0
51061.0
51225.0
51376.0
51527.0
51701.0
51875.0
52032.0
52204.0
52371.0
52534.0
52686.0
52862.0
53024.0
53177.0
53353.0
53513.0
53672.0
53836.0
54006.0
54176.0
54354.0
54522.0
54683.0
54855.0
55017.0
55172.0
55316.0
55480.0
55650.0
55820.0
55965.0
56124.0
56270.0
56437.0
56591.0
56765.0
56925.0
57086.0
57219.0
57364.0
57489.0
57654.0
57798.0
57962.0
58127.0
58272.0
58418.0
58561.0
58734.0
58891.0
59040.0
59199.0
59372.0
59534.0
59710.0
59879.0
60031.0
60161.0
60256.0
60420.0
60583.0
60739.0
60898.0
61065.0
61231.0
61407.0
61546.0
61715.0
61885.0
62043.0
62195.0
62366.0
62540.0
62711.0
62889.0
63043.0
63206.0
63368.0
63520.0
63683.0
63826.0
63967.0
64129.0
64289.0
64439.0
64609.0
64775.0
64951.0
65072.0
65221.0
65376.0
65519.0
65654.0
65778.0
65901.0
66057.0
66184.0
66349.0
66519.0
66673.0
66838.0
67005.0
67179.0
67323.0
67489.0
67648.0
67801.0
67973.0
68122.0
68294.0
68450.0
68573.0
68716.0
68878.0
69024.0
69192.0
69336.0
69505.0
69660.0
69826.0
70002.0
70163.0
70304.0
70457.0
70622.0
70796.0
70947.0
71116.0
71286.0
71445.0
71582.0
71745.0
71916.0
72082.0
72258.0
72414.0
72584.0
72751.0
72911.0
73071.0
73209.0
73383.0
73540.0
73714.0
73882.0
74012.0
74178.0
74334.0
74497.0
74665.0
74826.0
74948.0
75108.0
75266.0
75440.0
75609.0
75778.0
75947.0
76081.0
76249.0
76407.0
76569.0
76743.0
76909.0
77064.0
77231.0
77403.0
77567.0
77734.0
77858.0
77996.0
78167.0
78325.0
78447.0
78621.0
78786.0
78960.0
79112.0
79272.0
79450.0
79589.0
79763.0
79922.0
80096.0
80262.0
80407.0
80581.0
80731.0
80899.0
81053.0
81206.0
81360.0
81526.0
81670.0
81835.0
82007.0
82177.0
82334.0
82497.0
82643.0
82810.0
82965.0
83123.0
83287.0
83443.0
83611.0
83764.0
83934.0
84093.0
84257.0
84421.0
84561.0
84687.0
84861.0
85010.0
85175.0
85333.0
85487.0
85636.0
85803.0
85967.0
86128.0
86275.0
86447.0
86605.0
86755.0
86923.0
87073.0
87235.0
87411.0
87557.0
87709.0
87880.0
88017.0
88178.0
88344.0
88491.0
88648.0
88771.0
88914.0
89085.0
89233.0
89402.0
89522.0
89693.0
89865.0
90007.0
90179.0
90338.0
90508.0
90652.0
90823.0
90989.0
91159.0
91303.0
91466.0
91621.0
91797.0
91955.0
92125.0
92289.0
92423.0
92559.0
92715.0
92871.0
93034.0
93196.0
93338.0
93504.0
93658.0
93830.0
93990.0
94142.0
94283.0
94445.0
94614.0
94763.0
94928.0
95091.0
95245.0
95392.0
95554.0
95706.0
95869.0
96029.0
96191.0
96326.0
96476.0
96628.0
96801.0
96948.0
97060.0
97225.0
97384.0
97552.0
97716.0
97888.0
98040.0
98183.0
98357.0
98510.0
98640.0
98811.0
98976.0
99114.0
99274.0
99445.0
99597.0
99738.0
99905.0
100066.0
100236.0
100376.0
100526.0
100664.0
100836.0
100998.0
101159.0
101335.0
101513.0
101662.0
101829.0
101998.0
102153.0
102318.0
102480.0
102642.0
102792.0
102954.0
103097.0
103252.0
103424.0
103583.0
103729.0
103907.0
104065.0
104208.0
104373.0
104525.0
104650.0
104786.0
104918.0
105082.0
105250.0
105413.0
105544.0
105705.0
105866.0
106034.0
106193.0
106365.0
106491.0
106648.0
106810.0
106988.0
107133.0
107291.0
107453.0
107621.0
107775.0
107953.0
108108.0
108277.0
108421.0
108566.0
108742.0
108911.0
109072.0
109240.0
109388.0
109553.0
109718.0
109873.0
110026.0
110170.0
110301.0
110460.0
110598.0
110770.0
110890.0
111062.0
111205.0
111370.0
111521.0
111684.0
111858.0
112018.0
112155.0
112310.0
112474.0
112648.0
112817.0
112967.0
113131.0
113271.0
113430.0
113580.0
113750.0
113915.0
114089.0
114263.0
114419.0
114590.0
114755.0
114914.0
115072.0
115204.0
115373.0
115525.0
115691.0
115850.0
116022.0
116176.0
116343.0
116515.0
116664.0
116809.0
116967.0
117136.0
117303.0
117456.0
117623.0
117777.0
117931.0
118085.0
118263.0
118427.0
118594.0
118757.0
118927.0
119083.0
119248.0
119419.0
119577.0
119747.0
119884.0
120041.0
120217.0
120372.0
120525.0
120670.0
120815.0
120984.0
121146.0
121314.0
121490.0
121646.0
121776.0
121932.0
122099.0
122239.0
122399.0
122561.0
122705.0
122863.0
123016.0
123161.0
123316.0
123480.0
123614.0
123764.0
123940.0
124093.0
124244.0
124390.0
124560.0
124725.0
124885.0
125049.0
125209.0
125371.0
125508.0
125663.0
125825.0
125993.0
126138.0
126298.0
126450.0
126619.0
126780.0
126936.0
127094.0
127260.0
127424.0
127573.0
127737.0
127909.0
128069.0
128203.0
128363.0
128486.0
128650.0
128799.0
128956.0
129115.0
129255.0
129394.0
129532.0
129695.0
129847.0
129990.0
130137.0
130298.0
130467.0
130603.0
130758.0
130923.0
131069.0
131215.0
131362.0
131496.0
131662.0
131814.0
131963.0
132130.0
132296.0
132451.0
132606.0
132763.0
132932.0
133081.0
133222.0
133369.0
133528.0
133690.0
133855.0
134022.0
134174.0
134332.0
134490.0
134657.0
134829.0
134984.0
135143.0
135312.0
135474.0
135643.0
135799.0
135967.0
136120.0
136272.0
136442.0
136597.0
136764.0
136924.0
137092.0
137258.0
137424.0
137579.0
137722.0
137881.0
138051.0
138211.0
138372.0
138537.0
138700.0
138867.0
139040.0
139209.0
139372.0
139526.0
139681.0
139836.0
139999.0
140147.0
140310.0
140474.0
140613.0
140749.0
140915.0
141071.0
141243.0
141379.0
141527.0
141701.0
141862.0
142015.0
142164.0
142310.0
142468.0
142631.0
142787.0
142941.0
143111.0
143266.0
143440.0
143607.0
143761.0
143899.0
144055.0
144227.0
144379.0
144551.0
144709.0
144862.0
145018.0
145159.0
145315.0
145478.0
145624.0
145773.0
145932.0
146075.0
146247.0
146404.0
146576.0
146700.0
146867.0
147033.0
147199.0
147353.0
147500.0
147668.0
147819.0
147985.0
148152.0
148321.0
148481.0
148616.0
148772.0
148932.0
149072.0
149239.0
149411.0
149567.0
149725.0
149903.0
150052.0
150219.0
150371.0
150518.0
150678.0
150837.0
150990.0
151160.0
151302.0
151462.0
151611.0
151746.0
151914.0
152086.0
152247.0
152423.0
152580.0
152738.0
152877.0
153008.0
153154.0
153298.0
153455.0
153576.0
153727.0
153877.0
154027.0
154175.0
154321.0
154484.0
154647.0
154817.0
154970.0
155137.0
155282.0
155428.0
155579.0
155746.0
155889.0
156040.0
156210.0
156341.0
156487.0
156653.0
156824.0
156972.0
157118.0
157279.0
157417.0
157575.0
157742.0
157882.0
158031.0
158195.0
158340.0
158461.0
158628.0
158785.0
158944.0
159101.0
159268.0
159430.0
159604.0
159738.0
159902.0
160068.0
160229.0
160398.0
160571.0
160741.0
160893.0
161069.0
161199.0
161371.0
161539.0
161691.0
161835.0
161993.0
162158.0
162311.0
162472.0
162640.0
162776.0
162929.0
163075.0
163236.0
163379.0
163531.0
163691.0
163851.0
164016.0
164154.0
164312.0
164486.0
164649.0
164811.0
164975.0
165132.0
165302.0
165471.0
165601.0
165745.0
165902.0
166066.0
166222.0
166400.0
166565.0
166735.0
166909.0
167031.0
167197.0
167364.0
167494.0
167659.0
167812.0
167984.0
168158.0
168317.0
168475.0
168643.0
168801.0
168966.0
169113.0
169243.0
169414.0
169579.0
169741.0
169888.0
170026.0
170191.0
170359.0
170517.0
170686.0
170830.0
170996.0
171160.0
171308.0
171456.0
171624.0
171782.0
171923.0
172067.0
172227.0
172383.0
172559.0
172709.0
172867.0
173005.0
173162.0
173330.0
173476.0
173639.0
173803.0
173959.0
174097.0
174269.0
174429.0
174591.0
174761.0
174925.0
175083.0
175246.0
175404.0
175565.0
175711.0
175856.0
175985.0
176147.0
176306.0
176455.0
176626.0
176786.0
176934.0
177058.0
177228.0
177376.0
177535.0
177674.0
177821.0
177979.0
178127.0
178281.0
178441.0
178599.0
178742.0
178915.0
179066.0
179203.0
179366.0
179532.0
179698.0
179847.0
179997.0
180155.0
180302.0
180472.0
180639.0
180796.0
180931.0
181089.0
181257.0
181403.0
181572.0
181740.0
181877.0
182022.0
182191.0
182360.0
182532.0
182693.0
182816.0
182984.0
183129.0
183288.0
183432.0
183586.0
183751.0
183922.0
184091.0
184250.0
184408.0
184558.0
184719.0
184865.0
185036.0
185200.0
185355.0
185527.0
185693.0
185844.0
185963.0
186079.0
186233.0
186395.0
186550.0
186693.0
186839.0
186998.0
187150.0
187306.0
187465.0
187637.0
187802.0
187974.0
188102.0
188246.0
188397.0
188519.0
188684.0
188841.0
188996.0
189157.0
189331.0
189496.0
189647.0
189777.0
189943.0
190097.0
190259.0
190411.0
190581.0
190717.0
190877.0
191036.0
191196.0
191351.0
191523.0
191677.0
191825.0
191988.0
192145.0
192308.0
192486.0
192662.0
192812.0
192950.0
193111.0
193247.0
193409.0
193568.0
193709.0
193839.0
193972.0
194131.0
194293.0
194456.0
194617.0
194781.0
194946.0
195078.0
195226.0
195400.0
195570.0
195728.0
195891.0
196049.0
196158.0
196293.0
196458.0
196632.0
196804.0
196956.0
197125.0
197260.0
197427.0
197582.0
197734.0
197908.0
198060.0
198227.0
198394.0
198555.0
198719.0
198873.0
199043.0
199205.0
199339.0
199511.0
199673.0
199818.0
199982.0
200108.0
200264.0
200429.0
200594.0
200757.0
200914.0
201073.0
201217.0
201382.0
201520.0
201694.0
201846.0
202001.0
202179.0
202296.0
202459.0
202635.0
202801.0
202959.0
203126.0
203291.0
203445.0
203597.0
203769.0
203918.0
204085.0
204228.0
204391.0
204546.0
204703.0
204856.0
205014.0
205153.0
205315.0
205458.0
205628.0
205802.0
205972.0
206136.0
206308.0
206416.0
206560.0
206728.0
206880.0
207044.0
207208.0
207370.0
207519.0
207667.0
207825.0
207983.0
208131.0
208280.0
208445.0
208614.0
208792.0
208942.0
209102.0
209278.0
209445.0
209614.0
209768.0
209933.0
210097.0
210239.0
210409.0
210576.0
210725.0
210871.0
210988.0
211148.0
211294.0
211457.0
211633.0
211799.0
211940.0
212084.0
212250.0
212422.0
212589.0
212745.0
212902.0
213071.0
213218.0
213382.0
213542.0
213690.0
213825.0
213969.0
214134.0
214287.0
214417.0
214553.0
214722.0
214885.0
215028.0
215175.0
215329.0
215476.0
215619.0
215790.0
215956.0
216118.0
216291.0
216469.0
216606.0
216736.0
216894.0
217058.0
217209.0
217358.0
217526.0
217691.0
217856.0
218024.0
218188.0
218364.0
218515.0
218679.0
218849.0
