a = 0.5
g = 0.5
e = 0.5
random initial weights = true

-2888.0
-5558.0
-6102.0
-6703.0
-7209.0
-7668.0
-8122.0
-8634.0
-9077.0
-9498.0
-9349.0
-9782.0
-10205.0
-10044.0
-9898.0
-9730.0
-9561.0
-9383.0
-9231.0
-9078.0
-8901.0
-8732.0
-8561.0
-8386.0
-8209.0
-8031.0
-7875.0
-7716.0
-7562.0
-7378.0
-7217.0
-7033.0
-6867.0
-6704.0
-6540.0
-6361.0
-6201.0
-6029.0
-5862.0
-5697.0
-5538.0
-5378.0
-5198.0
-5047.0
-4894.0
-4765.0
-4592.0
-4427.0
-4270.0
-4094.0
-3925.0
-3778.0
-3646.0
-3499.0
-3365.0
-3187.0
-3012.0
-2856.0
-2705.0
-2527.0
-2384.0
-2218.0
-2051.0
-1888.0
-1734.0
-1569.0
-1427.0
-1260.0
-1090.0
-921.0
-781.0
-617.0
-467.0
-327.0
-193.0
-51.0
111.0
288.0
444.0
588.0
754.0
902.0
1056.0
1238.0
1401.0
1566.0
1746.0
1899.0
2069.0
2231.0
2407.0
2556.0
2706.0
2872.0
3045.0
3223.0
3405.0
3585.0
3758.0
3901.0
4073.0
4257.0
4427.0
4591.0
4771.0
4943.0
5107.0
5249.0
5413.0
5584.0
5724.0
5873.0
6039.0
6194.0
6356.0
6499.0
6626.0
6757.0
6903.0
7051.0
7207.0
7389.0
7541.0
7718.0
7888.0
8055.0
8233.0
8394.0
8549.0
8711.0
8877.0
9036.0
9182.0
9349.0
9502.0
9656.0
9832.0
9998.0
10168.0
10331.0
10474.0
10656.0
10834.0
11011.0
11172.0
11326.0
11469.0
11627.0
11778.0
11943.0
12109.0
12255.0
12421.0
12591.0
12761.0
12926.0
13102.0
13267.0
13422.0
13595.0
13729.0
13903.0
14075.0
14231.0
14400.0
14546.0
14720.0
14875.0
15048.0
15193.0
15358.0
15511.0
15669.0
15844.0
15979.0
16153.0
16300.0
16430.0
16599.0
16771.0
16917.0
17069.0
17217.0
17332.0
17508.0
17660.0
17826.0
18006.0
18152.0
18293.0
18427.0
18596.0
18760.0
18920.0
19097.0
19258.0
19405.0
19577.0
19735.0
19905.0
20084.0
20251.0
20421.0
20569.0
20746.0
20898.0
21032.0
21180.0
21326.0
21492.0
21667.0
21819.0
21980.0
22146.0
22291.0
22468.0
22596.0
22686.0
22851.0
22961.0
23136.0
23277.0
23423.0
23561.0
23732.0
23904.0
24052.0
24226.0
24390.0
24574.0
24746.0
24921.0
25089.0
25252.0
25413.0
25573.0
25725.0
25886.0
26066.0
26221.0
26398.0
26564.0
26699.0
26876.0
26987.0
27147.0
27308.0
27483.0
27655.0
27800.0
27968.0
28115.0
28255.0
28421.0
28585.0
28747.0
28919.0
29090.0
29239.0
29410.0
29573.0
29731.0
29848.0
30026.0
30199.0
30371.0
30551.0
30695.0
30870.0
31040.0
31178.0
31339.0
31468.0
31608.0
31778.0
31940.0
32108.0
32276.0
32442.0
32616.0
32782.0
32958.0
33105.0
33263.0
33435.0
33614.0
33764.0
33915.0
34064.0
34225.0
34401.0
34561.0
34745.0
34924.0
35084.0
35256.0
35436.0
35600.0
35773.0
35952.0
36117.0
36275.0
36428.0
36612.0
36782.0
36959.0
37123.0
37274.0
37434.0
37590.0
37745.0
37899.0
38044.0
38204.0
38349.0
38518.0
38691.0
38866.0
39041.0
39215.0
39370.0
39530.0
39705.0
39882.0
40062.0
40210.0
40367.0
40525.0
40691.0
40867.0
41030.0
41196.0
41361.0
41531.0
41670.0
41829.0
41961.0
42125.0
42307.0
42452.0
42617.0
42783.0
42963.0
43126.0
43268.0
43432.0
43593.0
43753.0
43873.0
44050.0
44196.0
44358.0
44523.0
44698.0
44814.0
44966.0
45124.0
45256.0
45428.0
45580.0
45749.0
45919.0
46080.0
46231.0
46389.0
46556.0
46718.0
46869.0
47040.0
47210.0
47366.0
47546.0
47702.0
47866.0
48009.0
48184.0
48336.0
48518.0
48675.0
48822.0
49000.0
49177.0
49333.0
49492.0
49615.0
49765.0
49925.0
50098.0
50234.0
50369.0
50519.0
50694.0
50852.0
51011.0
51162.0
51307.0
51491.0
51655.0
51818.0
52000.0
52151.0
52310.0
52488.0
52655.0
52829.0
52966.0
53144.0
53296.0
53476.0
53647.0
53823.0
53982.0
54106.0
54247.0
54424.0
54595.0
54763.0
54935.0
55102.0
55265.0
55443.0
55570.0
55740.0
55904.0
56050.0
56217.0
56389.0
56531.0
56710.0
56887.0
57035.0
57202.0
57377.0
57551.0
57717.0
57897.0
58073.0
58236.0
58406.0
58546.0
58687.0
58845.0
59010.0
59167.0
59328.0
59494.0
59650.0
59826.0
59963.0
60108.0
60270.0
60427.0
60571.0
60737.0
60909.0
61077.0
61203.0
61326.0
61451.0
61549.0
61712.0
61886.0
62045.0
62213.0
62381.0
62560.0
62732.0
62904.0
63072.0
63235.0
63415.0
63538.0
63695.0
63869.0
64047.0
64229.0
64385.0
64558.0
64708.0
64862.0
65025.0
65193.0
65371.0
65549.0
65728.0
65895.0
66059.0
66222.0
66376.0
66550.0
66664.0
66804.0
66986.0
67160.0
67332.0
67499.0
67634.0
67807.0
67973.0
68125.0
68283.0
68438.0
68593.0
68756.0
68884.0
69057.0
69209.0
69389.0
69567.0
69749.0
69904.0
70078.0
70237.0
70417.0
70593.0
70716.0
70876.0
71050.0
71216.0
71379.0
71537.0
71707.0
71880.0
72038.0
72197.0
72364.0
72533.0
72698.0
72823.0
72974.0
73124.0
73294.0
73476.0
73649.0
73800.0
73957.0
74129.0
74293.0
74418.0
74589.0
74760.0
74934.0
75087.0
75230.0
75373.0
75540.0
75693.0
75870.0
76035.0
76183.0
76353.0
76522.0
76679.0
76848.0
76989.0
77154.0
77322.0
77478.0
77647.0
77820.0
77965.0
78128.0
78308.0
78456.0
78604.0
78780.0
78959.0
79128.0
79297.0
79456.0
79635.0
79806.0
79968.0
80092.0
80267.0
80451.0
80635.0
80791.0
80956.0
81118.0
81286.0
81458.0
81630.0
81785.0
81931.0
82074.0
82240.0
82400.0
82550.0
82729.0
82837.0
83002.0
83178.0
83346.0
83496.0
83667.0
83832.0
84014.0
84137.0
84294.0
84471.0
84597.0
84759.0
84938.0
85094.0
85247.0
85407.0
85557.0
85721.0
85898.0
86076.0
86227.0
86380.0
86535.0
86697.0
86847.0
86982.0
87142.0
87286.0
87444.0
87614.0
87767.0
87939.0
88109.0
88266.0
88430.0
88590.0
88764.0
88916.0
89090.0
89260.0
89422.0
89578.0
89751.0
89867.0
90036.0
90203.0
90375.0
90552.0
90720.0
90890.0
91042.0
91213.0
91387.0
91547.0
91726.0
91901.0
92076.0
92255.0
92425.0
92580.0
92741.0
92888.0
93023.0
93188.0
93358.0
93540.0
93681.0
93806.0
93980.0
94135.0
94249.0
94398.0
94573.0
94745.0
94900.0
95070.0
95245.0
95420.0
95572.0
95722.0
95882.0
96066.0
96217.0
96371.0
96479.0
96649.0
96815.0
96944.0
97097.0
97269.0
97431.0
97595.0
97768.0
97933.0
98094.0
98258.0
98416.0
98578.0
98731.0
98887.0
99035.0
99205.0
99369.0
99530.0
99671.0
99828.0
99997.0
100144.0
100326.0
100473.0
100637.0
100811.0
100993.0
101134.0
101238.0
101392.0
101543.0
101721.0
101893.0
102071.0
102188.0
102346.0
102496.0
102652.0
102809.0
102978.0
103132.0
103252.0
103434.0
103607.0
103751.0
103924.0
104079.0
104249.0
104413.0
104565.0
104723.0
104886.0
105061.0
105232.0
105398.0
105559.0
105726.0
105893.0
106056.0
106225.0
106381.0
106534.0
106658.0
106808.0
106973.0
107136.0
107291.0
107426.0
107594.0
107757.0
107883.0
108035.0
108202.0
108359.0
108529.0
108693.0
108864.0
109040.0
109200.0
109344.0
109521.0
109654.0
109798.0
109957.0
110113.0
110261.0
110421.0
110590.0
110753.0
110925.0
111105.0
111281.0
111455.0
111637.0
111794.0
111932.0
112082.0
112237.0
112414.0
112598.0
112741.0
112908.0
113081.0
113221.0
113366.0
113531.0
113708.0
113868.0
114034.0
114191.0
114364.0
114542.0
114713.0
114873.0
115030.0
115197.0
115373.0
115527.0
115689.0
115863.0
116038.0
116204.0
116342.0
116510.0
116666.0
116836.0
116946.0
117093.0
117244.0
117402.0
117555.0
117728.0
117901.0
118049.0
118196.0
118345.0
118529.0
118696.0
118858.0
119023.0
119195.0
119330.0
119496.0
119643.0
119816.0
119985.0
120153.0
120321.0
120474.0
120618.0
120789.0
120960.0
121120.0
121287.0
121447.0
121569.0
121715.0
121884.0
122052.0
122216.0
122338.0
122512.0
122679.0
122847.0
123020.0
123195.0
123353.0
123485.0
123649.0
123810.0
123957.0
124121.0
124297.0
124429.0
124590.0
124770.0
124894.0
125028.0
125195.0
125352.0
125511.0
125670.0
125845.0
126006.0
126164.0
126317.0
126489.0
126630.0
126807.0
126986.0
127155.0
127320.0
127502.0
127665.0
127849.0
127969.0
128119.0
128263.0
128435.0
128596.0
128766.0
128946.0
129102.0
129212.0
129380.0
129537.0
129663.0
129831.0
129991.0
130165.0
130338.0
130486.0
130668.0
130831.0
130989.0
131147.0
131279.0
131436.0
131613.0
131774.0
131920.0
132059.0
132207.0
132377.0
132557.0
132695.0
132854.0
133001.0
133150.0
133296.0
133465.0
133622.0
133781.0
133939.0
134110.0
134276.0
134440.0
134618.0
134770.0
134940.0
135119.0
135282.0
135450.0
135541.0
135701.0
135860.0
136005.0
136162.0
136320.0
136478.0
136624.0
136781.0
136950.0
137122.0
137290.0
137461.0
137612.0
137782.0
137966.0
138116.0
138244.0
138404.0
138577.0
138749.0
138924.0
139078.0
139248.0
139432.0
139609.0
139762.0
139923.0
140079.0
140217.0
140366.0
140532.0
140689.0
140841.0
141023.0
141185.0
141357.0
141523.0
141681.0
141828.0
141979.0
142147.0
142308.0
142443.0
142568.0
142721.0
142882.0
143047.0
143219.0
143382.0
143543.0
143710.0
143879.0
144063.0
144216.0
144359.0
144509.0
144683.0
144858.0
145030.0
145194.0
145353.0
145525.0
145681.0
145858.0
146036.0
146194.0
146359.0
146531.0
146701.0
146838.0
147009.0
147161.0
147334.0
147499.0
147662.0
147827.0
147999.0
148172.0
148326.0
148479.0
148659.0
148814.0
148964.0
149122.0
149299.0
149461.0
149634.0
149799.0
149932.0
150112.0
150251.0
150412.0
150575.0
150737.0
150899.0
151069.0
151232.0
151412.0
151589.0
151752.0
151909.0
152077.0
152224.0
152383.0
152562.0
152710.0
152888.0
153065.0
153198.0
153344.0
153520.0
153672.0
153846.0
154013.0
154190.0
154341.0
154475.0
154645.0
154809.0
154961.0
155136.0
155311.0
155481.0
155641.0
155801.0
155964.0
156148.0
156327.0
156474.0
156623.0
156786.0
156958.0
157109.0
157277.0
157420.0
157570.0
157747.0
157922.0
158094.0
158266.0
158441.0
158581.0
158740.0
158912.0
159073.0
159253.0
159432.0
159607.0
159772.0
159956.0
160124.0
160304.0
160458.0
160610.0
160777.0
160931.0
161107.0
161273.0
161386.0
161560.0
161718.0
161892.0
162049.0
162211.0
162362.0
162512.0
162668.0
162795.0
162952.0
163088.0
163261.0
163407.0
163572.0
163735.0
163883.0
164045.0
164223.0
164373.0
164547.0
164697.0
164855.0
165002.0
165182.0
165323.0
165503.0
165653.0
165794.0
165963.0
166126.0
166299.0
166447.0
166572.0
166714.0
166888.0
167047.0
167211.0
167378.0
167553.0
167723.0
167892.0
168059.0
168226.0
168387.0
168550.0
168699.0
168842.0
168990.0
169169.0
169338.0
169478.0
169653.0
169798.0
169955.0
170129.0
170259.0
170438.0
170593.0
170738.0
170911.0
171072.0
171245.0
171415.0
171560.0
171728.0
171886.0
172029.0
172203.0
172356.0
172520.0
172681.0
172818.0
172992.0
173160.0
173322.0
173475.0
173645.0
173796.0
173932.0
174109.0
174266.0
174436.0
174618.0
174751.0
174922.0
175073.0
175255.0
175439.0
175612.0
175761.0
175928.0
176092.0
176237.0
176402.0
176544.0
176698.0
176880.0
177044.0
177212.0
177380.0
177549.0
177703.0
177876.0
178036.0
178185.0
178357.0
178523.0
178671.0
178835.0
179007.0
179161.0
179316.0
179484.0
179618.0
179782.0
179962.0
180135.0
180299.0
180475.0
180629.0
180785.0
180958.0
181133.0
181296.0
181463.0
181629.0
181787.0
181899.0
182028.0
182203.0
182327.0
182446.0
182621.0
182789.0
182952.0
183132.0
183277.0
183413.0
183580.0
183732.0
183888.0
184056.0
184206.0
184374.0
184526.0
184695.0
184867.0
185024.0
185193.0
185360.0
185497.0
185659.0
185808.0
185980.0
186137.0
186310.0
186488.0
186650.0
186817.0
186989.0
187164.0
187331.0
187494.0
187676.0
187849.0
188006.0
188175.0
188348.0
188505.0
188680.0
188851.0
189015.0
189182.0
189341.0
189514.0
189677.0
189816.0
189988.0
190093.0
190269.0
190439.0
190560.0
190723.0
190885.0
191038.0
191213.0
191363.0
191521.0
191673.0
191848.0
192019.0
192162.0
192335.0
192491.0
192671.0
192853.0
193006.0
193137.0
193302.0
193476.0
193625.0
193785.0
193928.0
194091.0
194271.0
194426.0
194560.0
194728.0
194889.0
195055.0
195217.0
195399.0
195551.0
195733.0
195897.0
196039.0
196211.0
196390.0
196529.0
196674.0
196823.0
196966.0
197124.0
197304.0
197477.0
197657.0
197832.0
198002.0
198178.0
198345.0
198492.0
198661.0
198834.0
198920.0
199079.0
199261.0
199439.0
199572.0
199747.0
199925.0
200095.0
200243.0
200389.0
200541.0
200676.0
200841.0
201004.0
201166.0
201329.0
201477.0
201641.0
201819.0
201985.0
202139.0
202312.0
202479.0
202627.0
202751.0
202924.0
203071.0
203215.0
203392.0
203526.0
203673.0
203835.0
204002.0
204171.0
204313.0
204489.0
204654.0
204836.0
205016.0
205191.0
205348.0
205495.0
205657.0
205832.0
205974.0
206147.0
206313.0
206489.0
206620.0
206778.0
206955.0
207111.0
207291.0
207434.0
207596.0
207774.0
207930.0
208098.0
208273.0
208393.0
208543.0
208712.0
208889.0
208987.0
209160.0
209335.0
209485.0
209656.0
209791.0
209954.0
210129.0
210286.0
210466.0
210641.0
210818.0
210986.0
211149.0
211313.0
211478.0
211632.0
211785.0
211956.0
212122.0
212233.0
212361.0
212496.0
212637.0
212807.0
212930.0
213091.0
213273.0
213437.0
213596.0
213732.0
213903.0
214072.0
214242.0
214412.0
214579.0
214722.0
214893.0
215042.0
215198.0
215382.0
215525.0
215690.0
215865.0
216031.0
216179.0
216350.0
216522.0
216632.0
216787.0
216928.0
217091.0
217183.0
217360.0
217520.0
217661.0
217807.0
217972.0
218147.0
218309.0
218472.0
218645.0
218813.0
218985.0
219140.0
219316.0
219474.0
219639.0
219807.0
219980.0
220125.0
220299.0
220481.0
220651.0
220817.0
220981.0
221165.0
221340.0
221459.0
221616.0
221793.0
221947.0
222119.0
222245.0
222425.0
222569.0
222712.0
222871.0
223044.0
223210.0
223369.0
223540.0
223708.0
223892.0
224055.0
224216.0
224390.0
224549.0
224728.0
224887.0
225047.0
225225.0
225402.0
225510.0
225678.0
225853.0
226023.0
226194.0
226353.0
226512.0
226677.0
226804.0
226967.0
227118.0
227285.0
227444.0
227624.0
227787.0
227934.0
228093.0
228232.0
228367.0
228540.0
228709.0
