a = 0.8
g = 0.5
e = 0.1
random initial weights = false

-1249.0
-2344.0
-3114.0
-3621.0
-4107.0
-4606.0
-5070.0
-5492.0
-5992.0
-6418.0
-6994.0
-7432.0
-7848.0
-8344.0
-8758.0
-9193.0
-9621.0
-10039.0
-10495.0
-10915.0
-11353.0
-11187.0
-11601.0
-11437.0
-11849.0
-12290.0
-12146.0
-11972.0
-12384.0
-12214.0
-12038.0
-11864.0
-11690.0
-11516.0
-11342.0
-11166.0
-10990.0
-10814.0
-10645.0
-10469.0
-10295.0
-10130.0
-9958.0
-9784.0
-9608.0
-9434.0
-9260.0
-9089.0
-8913.0
-8746.0
-8570.0
-8401.0
-8233.0
-8059.0
-7885.0
-7713.0
-7542.0
-7373.0
-7201.0
-7029.0
-6855.0
-6679.0
-6509.0
-6335.0
-6159.0
-5983.0
-5809.0
-5635.0
-5472.0
-5296.0
-5124.0
-4950.0
-4776.0
-4602.0
-4426.0
-4250.0
-4074.0
-3898.0
-3724.0
-3550.0
-3374.0
-3204.0
-3028.0
-2852.0
-2676.0
-2500.0
-2324.0
-2150.0
-1976.0
-1802.0
-1630.0
-1454.0
-1280.0
-1104.0
-928.0
-754.0
-578.0
-402.0
-226.0
-50.0
126.0
296.0
470.0
646.0
822.0
994.0
1170.0
1338.0
1512.0
1684.0
1856.0
2030.0
2204.0
2380.0
2556.0
2732.0
2899.0
3075.0
3234.0
3410.0
3586.0
3762.0
3938.0
4114.0
4288.0
4464.0
4640.0
4814.0
4988.0
5164.0
5336.0
5505.0
5672.0
5848.0
6024.0
6194.0
6368.0
6542.0
6713.0
6889.0
7063.0
7230.0
7397.0
7573.0
7747.0
7921.0
8097.0
8273.0
8449.0
8623.0
8799.0
8965.0
9141.0
9317.0
9489.0
9663.0
9837.0
10006.0
10180.0
10354.0
10530.0
10704.0
10880.0
11056.0
11232.0
11406.0
11582.0
11758.0
11932.0
12106.0
12276.0
12452.0
12626.0
12798.0
12970.0
13144.0
13320.0
13494.0
13668.0
13844.0
14020.0
14187.0
14361.0
14537.0
14711.0
14887.0
15063.0
15234.0
15408.0
15582.0
15753.0
15925.0
16101.0
16275.0
16447.0
16616.0
16785.0
16956.0
17132.0
17308.0
17477.0
17653.0
17827.0
18003.0
18177.0
18353.0
18520.0
18692.0
18868.0
19044.0
19220.0
19394.0
19563.0
19739.0
19913.0
20087.0
20259.0
20433.0
20607.0
20771.0
20945.0
21119.0
21291.0
21463.0
21633.0
21809.0
21985.0
22157.0
22333.0
22504.0
22680.0
22852.0
23023.0
23199.0
23375.0
23546.0
23716.0
23892.0
24064.0
24236.0
24412.0
24588.0
24758.0
24928.0
25097.0
25273.0
25449.0
25621.0
25792.0
25966.0
26137.0
26313.0
26485.0
26659.0
26833.0
27004.0
27180.0
27356.0
27532.0
27706.0
27877.0
28044.0
28213.0
28389.0
28565.0
28739.0
28911.0
29083.0
29259.0
29435.0
29606.0
29782.0
29958.0
30130.0
30304.0
30478.0
30649.0
30823.0
30997.0
31168.0
31337.0
31511.0
31685.0
31851.0
32023.0
32199.0
32375.0
32551.0
32727.0
32897.0
33066.0
33240.0
33410.0
33584.0
33755.0
33931.0
34105.0
34274.0
34446.0
34613.0
34784.0
34955.0
35129.0
35305.0
35481.0
35655.0
35831.0
35998.0
36172.0
36341.0
36517.0
36693.0
36869.0
37039.0
37208.0
37384.0
37558.0
37725.0
37901.0
38067.0
38241.0
38411.0
38582.0
38758.0
38932.0
39108.0
39284.0
39454.0
39630.0
39804.0
39980.0
40145.0
40321.0
40495.0
40669.0
40843.0
41017.0
41188.0
41360.0
41530.0
41700.0
41871.0
42037.0
42213.0
42389.0
42565.0
42741.0
42913.0
43089.0
43263.0
43439.0
43613.0
43784.0
43954.0
44123.0
44299.0
44473.0
44647.0
44823.0
44999.0
45165.0
45341.0
45515.0
45689.0
45865.0
46035.0
46211.0
46387.0
46563.0
46735.0
46904.0
47080.0
47249.0
47425.0
47601.0
47775.0
47951.0
48125.0
48299.0
48469.0
48643.0
48819.0
48990.0
49164.0
49340.0
49512.0
49683.0
49859.0
50033.0
50207.0
50381.0
50557.0
50731.0
50907.0
51083.0
51259.0
51435.0
51606.0
51782.0
51956.0
52130.0
52306.0
52482.0
52652.0
52828.0
53002.0
53178.0
53352.0
53524.0
53700.0
53874.0
54048.0
54222.0
54389.0
54565.0
54737.0
54911.0
55080.0
55252.0
55421.0
55595.0
55771.0
55940.0
56112.0
56288.0
56464.0
56640.0
56814.0
56988.0
57164.0
57340.0
57516.0
57687.0
57863.0
58030.0
58206.0
58382.0
58558.0
58734.0
58910.0
59084.0
59260.0
59436.0
59612.0
59782.0
59958.0
60134.0
60310.0
60484.0
60660.0
60834.0
61008.0
61180.0
61356.0
61525.0
61701.0
61877.0
62053.0
62229.0
62405.0
62577.0
62753.0
62929.0
63100.0
63274.0
63450.0
63621.0
63797.0
63969.0
64145.0
64315.0
64491.0
64667.0
64837.0
65013.0
65185.0
65359.0
65535.0
65711.0
65882.0
66048.0
66213.0
66389.0
66561.0
66737.0
66913.0
67087.0
67263.0
67439.0
67615.0
67786.0
67962.0
68138.0
68314.0
68485.0
68661.0
68835.0
69011.0
69187.0
69363.0
69539.0
69715.0
69891.0
70065.0
70237.0
70411.0
70585.0
70761.0
70937.0
71113.0
71280.0
71456.0
71632.0
71806.0
71978.0
72154.0
72330.0
72502.0
72666.0
72840.0
73014.0
73188.0
73364.0
73538.0
73714.0
73888.0
74059.0
74221.0
74395.0
74571.0
74747.0
74923.0
75099.0
75270.0
75446.0
75610.0
75775.0
75949.0
76125.0
76296.0
76472.0
76643.0
76819.0
76991.0
77167.0
77343.0
77517.0
77693.0
77862.0
78038.0
78212.0
78388.0
78562.0
78738.0
78912.0
79088.0
79259.0
79431.0
79605.0
79781.0
79953.0
80125.0
80301.0
80477.0
80651.0
80822.0
80993.0
81161.0
81337.0
81511.0
81687.0
81856.0
82020.0
82192.0
82366.0
82538.0
82714.0
82890.0
83066.0
83240.0
83411.0
83587.0
83763.0
83939.0
84115.0
84289.0
84465.0
84639.0
84813.0
84983.0
85155.0
85331.0
85507.0
85683.0
85859.0
86035.0
86209.0
86383.0
86557.0
86733.0
86905.0
87072.0
87246.0
87422.0
87598.0
87767.0
87943.0
88117.0
88291.0
88465.0
88641.0
88817.0
88993.0
89167.0
89339.0
89513.0
89684.0
89858.0
90032.0
90208.0
90384.0
90554.0
90728.0
90890.0
91066.0
91242.0
91418.0
91590.0
91764.0
91935.0
92111.0
92285.0
92455.0
92631.0
92803.0
92977.0
93146.0
93322.0
93496.0
93672.0
93848.0
94024.0
94200.0
94370.0
94534.0
94710.0
94886.0
95062.0
95238.0
95412.0
95584.0
95760.0
95936.0
96112.0
96286.0
96455.0
96629.0
96803.0
96977.0
97153.0
97321.0
97493.0
97665.0
97836.0
98010.0
98186.0
98362.0
98536.0
98707.0
98876.0
99045.0
99221.0
99397.0
99573.0
99747.0
99923.0
100099.0
100261.0
100432.0
100606.0
100782.0
100948.0
101124.0
101295.0
101466.0
101637.0
101807.0
101983.0
102159.0
102335.0
102511.0
102687.0
102863.0
103039.0
103215.0
103387.0
103563.0
103737.0
103907.0
104083.0
104253.0
104429.0
104605.0
104781.0
104957.0
105131.0
105307.0
105479.0
105655.0
105829.0
106005.0
106179.0
106355.0
106529.0
106703.0
106879.0
107055.0
107231.0
107407.0
107581.0
107757.0
107929.0
108100.0
108274.0
108446.0
108622.0
108796.0
108970.0
109144.0
109318.0
109492.0
109663.0
109833.0
110009.0
110183.0
110355.0
110525.0
110699.0
110875.0
111045.0
111221.0
111395.0
111571.0
111747.0
111923.0
112099.0
112271.0
112447.0
112614.0
112790.0
112966.0
113138.0
113309.0
113483.0
113659.0
113833.0
114007.0
114177.0
114353.0
114522.0
114689.0
114865.0
115041.0
115217.0
115391.0
115560.0
115736.0
115910.0
116079.0
116253.0
116427.0
116598.0
116772.0
116948.0
117124.0
117300.0
117469.0
117645.0
117819.0
117995.0
118171.0
118345.0
118519.0
118695.0
118871.0
119040.0
119212.0
119388.0
119562.0
119731.0
119900.0
120074.0
120250.0
120424.0
120600.0
120776.0
120952.0
121126.0
121297.0
121473.0
121647.0
121821.0
121997.0
122171.0
122347.0
122521.0
122692.0
122866.0
123040.0
123216.0
123392.0
123566.0
123733.0
123902.0
124078.0
124252.0
124428.0
124604.0
124778.0
124952.0
125128.0
125304.0
125473.0
125647.0
125821.0
125997.0
126167.0
126341.0
126515.0
126691.0
126863.0
127030.0
127202.0
127376.0
127552.0
127728.0
127897.0
128073.0
128247.0
128418.0
128594.0
128763.0
128939.0
129110.0
129286.0
129460.0
129634.0
129806.0
129975.0
130147.0
130321.0
130497.0
130663.0
130837.0
131011.0
131185.0
131355.0
131526.0
131700.0
131876.0
132052.0
132224.0
132400.0
132574.0
132748.0
132924.0
133096.0
133267.0
133443.0
133619.0
133795.0
133971.0
134143.0
134315.0
134486.0
134660.0
134836.0
135010.0
135186.0
135360.0
135536.0
135706.0
135877.0
136053.0
136229.0
136405.0
136577.0
136753.0
136919.0
137091.0
137254.0
137423.0
137597.0
137773.0
137949.0
138125.0
138294.0
138466.0
138632.0
138806.0
138982.0
139158.0
139334.0
139510.0
139682.0
139858.0
140032.0
140208.0
140382.0
140558.0
140730.0
140904.0
141076.0
141252.0
141424.0
141598.0
141774.0
141946.0
142120.0
142294.0
142462.0
142636.0
142810.0
142986.0
143160.0
143334.0
143508.0
143684.0
143855.0
144029.0
144201.0
144377.0
144551.0
144723.0
144895.0
145071.0
145247.0
145416.0
145590.0
145766.0
145938.0
146109.0
146283.0
146459.0
146635.0
146811.0
146987.0
147163.0
147332.0
147508.0
147680.0
147854.0
148026.0
148202.0
148376.0
148552.0
148728.0
148902.0
149076.0
149250.0
149418.0
149579.0
149755.0
149931.0
150105.0
150279.0
150453.0
150627.0
150803.0
150979.0
151155.0
151325.0
151501.0
151675.0
151851.0
152021.0
152195.0
152364.0
152540.0
152712.0
152888.0
153064.0
153240.0
153414.0
153590.0
153764.0
153936.0
154112.0
154286.0
154453.0
154629.0
154801.0
154965.0
155139.0
155315.0
155489.0
155663.0
155839.0
156010.0
156182.0
156358.0
156534.0
156710.0
156886.0
157058.0
157234.0
157404.0
157580.0
157756.0
157928.0
158104.0
158276.0
158445.0
158619.0
158795.0
158969.0
159143.0
159319.0
159495.0
159669.0
159845.0
160016.0
160192.0
160368.0
160544.0
160718.0
160885.0
161056.0
161217.0
161388.0
161562.0
161736.0
161907.0
162078.0
162254.0
162426.0
162600.0
162776.0
162952.0
163128.0
163302.0
163476.0
163645.0
163821.0
163995.0
164169.0
164339.0
164513.0
164689.0
164865.0
165039.0
165213.0
165387.0
165563.0
165737.0
165909.0
166083.0
166248.0
166424.0
166598.0
166772.0
166946.0
167115.0
167289.0
167461.0
167637.0
167806.0
167982.0
168156.0
168332.0
168508.0
168684.0
168858.0
169030.0
169204.0
169375.0
169549.0
169721.0
169895.0
170069.0
170245.0
170421.0
170593.0
170769.0
170943.0
171115.0
171291.0
171467.0
171639.0
171810.0
171986.0
172156.0
172325.0
172501.0
172675.0
172849.0
173021.0
173193.0
173369.0
173543.0
173712.0
173888.0
174060.0
174234.0
174403.0
174566.0
174740.0
174911.0
175085.0
175259.0
175435.0
175609.0
175781.0
175952.0
176128.0
176304.0
176476.0
176650.0
176824.0
176998.0
177169.0
177343.0
177517.0
177689.0
177863.0
178039.0
178208.0
178382.0
178556.0
178732.0
178908.0
179084.0
179260.0
179434.0
179605.0
179781.0
179951.0
180120.0
180292.0
180468.0
180642.0
180811.0
180980.0
181156.0
181332.0
181504.0
181675.0
181849.0
182023.0
182197.0
182364.0
182540.0
182716.0
182885.0
183057.0
183233.0
183409.0
183576.0
183750.0
183924.0
184100.0
184265.0
184437.0
184611.0
184782.0
184958.0
185134.0
185310.0
185482.0
185658.0
185832.0
186002.0
186176.0
186341.0
186517.0
186691.0
186867.0
187043.0
187217.0
187393.0
187567.0
187741.0
187917.0
188091.0
188261.0
188437.0
188613.0
188785.0
188959.0
189131.0
189305.0
189479.0
189655.0
189829.0
189998.0
190167.0
190341.0
190513.0
190687.0
190861.0
191035.0
191211.0
191387.0
191563.0
191739.0
191911.0
192085.0
192261.0
192435.0
192611.0
192785.0
192959.0
193133.0
193307.0
193483.0
193659.0
193833.0
194007.0
194181.0
194357.0
194533.0
194709.0
194873.0
195047.0
195218.0
195389.0
195565.0
195741.0
195917.0
196091.0
196263.0
196439.0
196615.0
196786.0
196960.0
197132.0
197308.0
197484.0
197658.0
197826.0
197995.0
198171.0
198347.0
198523.0
198697.0
198873.0
199049.0
199225.0
199399.0
199575.0
199749.0
199918.0
200089.0
200258.0
200434.0
200608.0
200784.0
200953.0
201129.0
201298.0
201474.0
201650.0
201824.0
201998.0
202174.0
202350.0
202524.0
202700.0
202876.0
203047.0
203223.0
203399.0
203573.0
203749.0
203923.0
204094.0
204263.0
204439.0
204611.0
204785.0
204961.0
205133.0
205309.0
205485.0
205661.0
205835.0
206011.0
206185.0
206357.0
206529.0
206705.0
206877.0
207046.0
207222.0
207386.0
207562.0
207738.0
207910.0
208086.0
208262.0
208438.0
208603.0
208774.0
208943.0
209117.0
209288.0
209462.0
209636.0
209812.0
209988.0
210160.0
210334.0
210508.0
210682.0
210858.0
211034.0
211206.0
211382.0
211558.0
211734.0
211910.0
212084.0
212258.0
212434.0
212610.0
212784.0
212958.0
213128.0
213302.0
213474.0
213650.0
213824.0
214000.0
214176.0
214343.0
214511.0
214687.0
214861.0
215037.0
215213.0
215387.0
215563.0
215735.0
215909.0
216083.0
216255.0
216426.0
216598.0
216774.0
216948.0
217115.0
217289.0
217465.0
217641.0
217817.0
217982.0
218158.0
218323.0
218499.0
218673.0
218847.0
219021.0
219197.0
219369.0
219540.0
219712.0
219883.0
220059.0
220233.0
220409.0
220585.0
220756.0
220930.0
221104.0
221280.0
221456.0
221630.0
221804.0
221975.0
222149.0
222325.0
222501.0
222677.0
222853.0
223029.0
223205.0
223381.0
223552.0
223728.0
223904.0
224080.0
224256.0
224430.0
224604.0
224778.0
224954.0
225128.0
225295.0
225462.0
225636.0
225810.0
225986.0
226153.0
226329.0
226503.0
226679.0
226855.0
227023.0
227192.0
227368.0
227544.0
227720.0
227896.0
228070.0
228236.0
228407.0
228583.0
228759.0
228933.0
229109.0
229283.0
229457.0
229631.0
229807.0
229983.0
230157.0
230329.0
230503.0
230677.0
230851.0
231023.0
231197.0
231369.0
231543.0
231715.0
231889.0
232065.0
232239.0
232411.0
232585.0
232761.0
232933.0
233109.0
233276.0
233452.0
233628.0
233804.0
233980.0
234154.0
234330.0
234506.0
234682.0
234858.0
235030.0
235204.0
235378.0
235552.0
235726.0
235902.0
236078.0
236254.0
236430.0
236604.0
236774.0
236946.0
237122.0
237298.0
237474.0
237648.0
237822.0
237993.0
238169.0
238343.0
238519.0
238693.0
238867.0
239043.0
239219.0
239395.0
239567.0
239743.0
239919.0
240095.0
240269.0
240445.0
240617.0
240791.0
240963.0
241130.0
241304.0
241478.0
241647.0
241823.0
241999.0
242171.0
242342.0
242518.0
242692.0
242858.0
243034.0
