a = 0.8
g = 0.8
e = 0.5
random initial weights = true

-845.0
-3436.0
-6098.0
-6809.0
-7245.0
-7774.0
-8204.0
-8752.0
-9206.0
-9692.0
-10399.0
-10923.0
-11431.0
-11928.0
-12389.0
-12849.0
-13314.0
-13763.0
-13633.0
-14066.0
-14543.0
-15035.0
-15517.0
-15945.0
-16385.0
-16828.0
-16710.0
-16534.0
-16366.0
-16204.0
-16100.0
-15943.0
-15803.0
-15648.0
-15494.0
-15341.0
-15177.0
-15006.0
-14841.0
-14682.0
-14506.0
-14334.0
-14167.0
-14045.0
-13889.0
-13719.0
-13559.0
-13401.0
-13243.0
-13108.0
-12948.0
-12772.0
-12606.0
-12479.0
-12334.0
-12167.0
-12042.0
-11877.0
-11736.0
-11567.0
-11427.0
-11266.0
-11121.0
-10969.0
-10832.0
-10675.0
-10531.0
-10384.0
-10219.0
-10088.0
-9940.0
-9784.0
-9637.0
-9469.0
-9312.0
-9151.0
-8990.0
-8826.0
-8665.0
-8513.0
-8373.0
-8230.0
-8087.0
-7938.0
-7764.0
-7600.0
-7451.0
-7295.0
-7129.0
-6986.0
-6847.0
-6709.0
-6582.0
-6406.0
-6293.0
-6130.0
-5969.0
-5816.0
-5659.0
-5503.0
-5345.0
-5185.0
-5038.0
-4897.0
-4753.0
-4597.0
-4436.0
-4290.0
-4143.0
-3992.0
-3831.0
-3697.0
-3544.0
-3383.0
-3223.0
-3057.0
-2898.0
-2740.0
-2616.0
-2476.0
-2362.0
-2209.0
-2052.0
-1880.0
-1719.0
-1545.0
-1403.0
-1263.0
-1100.0
-938.0
-776.0
-609.0
-448.0
-308.0
-191.0
-21.0
123.0
272.0
428.0
598.0
753.0
890.0
1059.0
1222.0
1373.0
1536.0
1699.0
1852.0
2010.0
2177.0
2323.0
2463.0
2635.0
2800.0
2940.0
3104.0
3246.0
3407.0
3551.0
3723.0
3882.0
4045.0
4213.0
4382.0
4546.0
4706.0
4872.0
5025.0
5177.0
5327.0
5490.0
5642.0
5792.0
5953.0
6108.0
6229.0
6387.0
6538.0
6695.0
6867.0
6970.0
7142.0
7302.0
7435.0
7580.0
7746.0
7920.0
8089.0
8232.0
8382.0
8546.0
8698.0
8853.0
9017.0
9183.0
9323.0
9487.0
9643.0
9792.0
9933.0
10085.0
10230.0
10378.0
10519.0
10688.0
10852.0
11004.0
11173.0
11341.0
11496.0
11640.0
11807.0
11979.0
12126.0
12282.0
12426.0
12543.0
12662.0
12825.0
12972.0
13148.0
13285.0
13450.0
13609.0
13772.0
13906.0
14058.0
14188.0
14309.0
14423.0
14593.0
14742.0
14898.0
15064.0
15218.0
15356.0
15501.0
15632.0
15795.0
15932.0
16091.0
16244.0
16391.0
16553.0
16718.0
16894.0
17053.0
17212.0
17363.0
17535.0
17692.0
17839.0
17980.0
18123.0
18269.0
18441.0
18588.0
18736.0
18864.0
19010.0
19170.0
19313.0
19476.0
19616.0
19777.0
19939.0
20104.0
20232.0
20370.0
20519.0
20674.0
20834.0
20999.0
21160.0
21316.0
21438.0
21598.0
21746.0
21906.0
22055.0
22205.0
22365.0
22535.0
22670.0
22825.0
22995.0
23153.0
23304.0
23459.0
23619.0
23775.0
23938.0
24044.0
24197.0
24341.0
24493.0
24626.0
24784.0
24922.0
25081.0
25221.0
25378.0
25528.0
25684.0
25830.0
25997.0
26159.0
26308.0
26465.0
26639.0
26811.0
26979.0
27142.0
27298.0
27451.0
27611.0
27769.0
27927.0
28101.0
28246.0
28376.0
28516.0
28660.0
28805.0
28962.0
29117.0
29268.0
29436.0
29594.0
29760.0
29916.0
30072.0
30239.0
30409.0
30565.0
30730.0
30888.0
31052.0
31180.0
31342.0
31498.0
31630.0
31793.0
31939.0
32069.0
32216.0
32384.0
32547.0
32721.0
32877.0
33051.0
33203.0
33345.0
33492.0
33651.0
33807.0
33937.0
34113.0
34265.0
34427.0
34589.0
34761.0
34907.0
35069.0
35218.0
35377.0
35521.0
35675.0
35840.0
35994.0
36168.0
36328.0
36497.0
36655.0
36815.0
36945.0
37099.0
37265.0
37414.0
37562.0
37708.0
37855.0
38008.0
38160.0
38317.0
38477.0
38645.0
38798.0
38961.0
39133.0
39298.0
39452.0
39605.0
39756.0
39923.0
40091.0
40252.0
40412.0
40579.0
40745.0
40902.0
41059.0
41224.0
41380.0
41547.0
41708.0
41853.0
41997.0
42159.0
42316.0
42452.0
42607.0
42772.0
42925.0
43095.0
43256.0
43416.0
43575.0
43737.0
43907.0
44052.0
44192.0
44337.0
44472.0
44633.0
44794.0
44925.0
45084.0
45233.0
45389.0
45558.0
45719.0
45853.0
46027.0
46173.0
46334.0
46467.0
46636.0
46778.0
46912.0
47051.0
47179.0
47328.0
47481.0
47632.0
47775.0
47938.0
48097.0
48264.0
48422.0
48585.0
48733.0
48876.0
49041.0
49195.0
49344.0
49499.0
49669.0
49827.0
49971.0
50127.0
50289.0
50459.0
50609.0
50758.0
50916.0
51038.0
51186.0
51349.0
51519.0
51691.0
51859.0
52019.0
52171.0
52330.0
52486.0
52645.0
52787.0
52937.0
53100.0
53254.0
53416.0
53588.0
53715.0
53870.0
54018.0
54181.0
54332.0
54494.0
54582.0
54747.0
54900.0
55056.0
55223.0
55372.0
55526.0
55672.0
55846.0
56011.0
56167.0
56325.0
56491.0
56626.0
56766.0
56919.0
57041.0
57178.0
57316.0
57472.0
57611.0
57764.0
57935.0
58079.0
58212.0
58372.0
58533.0
58686.0
58847.0
59006.0
59165.0
59308.0
59474.0
59619.0
59762.0
59925.0
60080.0
60209.0
60374.0
60535.0
60684.0
60832.0
60986.0
61153.0
61323.0
61475.0
61643.0
61780.0
61940.0
62101.0
62230.0
62363.0
62518.0
62671.0
62840.0
62983.0
63142.0
63309.0
63479.0
63651.0
63812.0
63972.0
64142.0
64307.0
64458.0
64585.0
64749.0
64918.0
65092.0
65250.0
65417.0
65574.0
65710.0
65855.0
66013.0
66174.0
66348.0
66520.0
66677.0
66812.0
66870.0
67034.0
67166.0
67326.0
67492.0
67664.0
67830.0
67987.0
68156.0
68315.0
68478.0
68624.0
68778.0
68941.0
69085.0
69226.0
69393.0
69551.0
69704.0
69872.0
70014.0
70179.0
70349.0
70471.0
70636.0
70792.0
70949.0
71103.0
71262.0
71409.0
71548.0
71713.0
71835.0
72007.0
72153.0
72298.0
72456.0
72601.0
72766.0
72927.0
73071.0
73238.0
73387.0
73550.0
73701.0
73863.0
74016.0
74179.0
74334.0
74489.0
74661.0
74831.0
74988.0
75153.0
75287.0
75439.0
75600.0
75753.0
75910.0
76079.0
76253.0
76401.0
76559.0
76726.0
76892.0
77064.0
77198.0
77362.0
77525.0
77694.0
77852.0
78015.0
78153.0
78304.0
78458.0
78614.0
78773.0
78934.0
79070.0
79234.0
79393.0
79559.0
79727.0
79881.0
80051.0
80213.0
80373.0
80531.0
80694.0
80829.0
81003.0
81162.0
81318.0
81464.0
81620.0
81783.0
81940.0
82090.0
82249.0
82402.0
82552.0
82721.0
82870.0
83019.0
83127.0
83297.0
83454.0
83610.0
83772.0
83930.0
84095.0
84259.0
84412.0
84558.0
84706.0
84858.0
85018.0
85131.0
85245.0
85406.0
85553.0
85714.0
85876.0
86026.0
86182.0
86334.0
86499.0
86639.0
86793.0
86955.0
87087.0
87219.0
87385.0
87527.0
87677.0
87830.0
87992.0
88115.0
88277.0
88445.0
88603.0
88768.0
88910.0
89084.0
89223.0
89365.0
89517.0
89657.0
89771.0
89927.0
90081.0
90232.0
90398.0
90561.0
90727.0
90891.0
91036.0
91210.0
91362.0
91519.0
91685.0
91832.0
91963.0
92085.0
92227.0
92368.0
92498.0
92640.0
92769.0
92937.0
93067.0
93214.0
93356.0
93518.0
93669.0
93816.0
93980.0
94136.0
94298.0
94418.0
94586.0
94724.0
94875.0
95035.0
95174.0
95348.0
95514.0
95657.0
95827.0
95992.0
96160.0
96332.0
96495.0
96644.0
96801.0
96906.0
97061.0
97233.0
97386.0
97538.0
97674.0
97833.0
97978.0
98109.0
98275.0
98422.0
98585.0
98742.0
98909.0
99074.0
99239.0
99397.0
99567.0
99733.0
99895.0
100057.0
100223.0
100386.0
100532.0
100684.0
100845.0
101001.0
101154.0
101311.0
101459.0
101592.0
101750.0
101907.0
102058.0
102232.0
102392.0
102523.0
102680.0
102842.0
102997.0
103141.0
103293.0
103437.0
103594.0
103745.0
103915.0
104076.0
104235.0
104393.0
104558.0
104713.0
104863.0
105021.0
105160.0
105305.0
105458.0
105625.0
105785.0
105947.0
106079.0
106246.0
106394.0
106547.0
106713.0
106870.0
107006.0
107139.0
107290.0
107458.0
107602.0
107726.0
107871.0
108043.0
108195.0
108298.0
108440.0
108603.0
108744.0
108888.0
109053.0
109211.0
109371.0
109513.0
109656.0
109810.0
109941.0
110068.0
110222.0
110388.0
110521.0
110687.0
110833.0
110976.0
111130.0
111296.0
111435.0
111592.0
111751.0
111916.0
112085.0
112252.0
112413.0
112544.0
112711.0
112852.0
113001.0
113144.0
113316.0
113464.0
113604.0
113757.0
113908.0
114070.0
114232.0
114384.0
114547.0
114718.0
114887.0
115019.0
115177.0
115328.0
115456.0
115624.0
115783.0
115936.0
116110.0
116274.0
116442.0
116607.0
116759.0
116921.0
117086.0
117234.0
117406.0
117571.0
117724.0
117877.0
118036.0
118186.0
118346.0
118499.0
118667.0
118843.0
118999.0
119158.0
119320.0
119473.0
119647.0
119793.0
119957.0
120106.0
120259.0
120424.0
120587.0
120757.0
120924.0
121065.0
121211.0
121358.0
121518.0
121658.0
121826.0
121996.0
122149.0
122312.0
122464.0
122625.0
122784.0
122923.0
123082.0
123244.0
123412.0
123582.0
123742.0
123903.0
124049.0
124184.0
124340.0
124508.0
124667.0
124823.0
124978.0
125122.0
125281.0
125451.0
125582.0
125747.0
125873.0
126037.0
126206.0
126369.0
126524.0
126658.0
126808.0
126965.0
127119.0
127270.0
127418.0
127579.0
127726.0
127863.0
128023.0
128192.0
128355.0
128513.0
128665.0
128798.0
128911.0
129067.0
129222.0
129398.0
129543.0
129708.0
129857.0
130008.0
130145.0
130304.0
130437.0
130598.0
130740.0
130890.0
131060.0
131225.0
131391.0
131550.0
131691.0
131842.0
131996.0
132145.0
132290.0
132450.0
132602.0
132765.0
132908.0
133068.0
133231.0
133361.0
133523.0
133682.0
133846.0
133992.0
134136.0
134306.0
134470.0
134623.0
134784.0
134960.0
135085.0
135239.0
135398.0
135552.0
135698.0
135861.0
136000.0
136131.0
136280.0
136443.0
136611.0
136762.0
136920.0
137087.0
137236.0
137367.0
137528.0
137677.0
137853.0
138007.0
138171.0
138328.0
138490.0
138648.0
138805.0
138955.0
139125.0
139291.0
139439.0
139587.0
139761.0
139904.0
140078.0
140243.0
140411.0
140578.0
140721.0
140879.0
141023.0
141186.0
141340.0
141495.0
141664.0
141826.0
141992.0
142151.0
142296.0
142442.0
142596.0
142758.0
142887.0
143044.0
143213.0
143364.0
143517.0
143677.0
143825.0
143993.0
144157.0
144322.0
144473.0
144615.0
144743.0
144902.0
145047.0
145205.0
145341.0
145505.0
145664.0
145821.0
145973.0
146086.0
146241.0
146362.0
146536.0
146667.0
146795.0
146958.0
147091.0
147249.0
147386.0
147549.0
147702.0
147861.0
148000.0
148127.0
148293.0
148460.0
148611.0
148755.0
148911.0
149071.0
149234.0
149390.0
149535.0
149689.0
149843.0
149993.0
150154.0
150307.0
150447.0
150586.0
150731.0
150891.0
151047.0
151216.0
151367.0
151530.0
151706.0
151880.0
152039.0
152155.0
152311.0
152463.0
152630.0
152796.0
152927.0
153099.0
153253.0
153370.0
153522.0
153668.0
153830.0
153991.0
154140.0
154308.0
154448.0
154606.0
154751.0
154923.0
155078.0
155226.0
155394.0
155548.0
155705.0
155865.0
156016.0
156163.0
156299.0
156455.0
156613.0
156785.0
156930.0
157074.0
157228.0
157389.0
157553.0
157720.0
157894.0
158032.0
158151.0
158293.0
158457.0
158622.0
158776.0
158922.0
159058.0
159217.0
159355.0
159453.0
159608.0
159766.0
159922.0
160096.0
160257.0
160407.0
160564.0
160738.0
160885.0
161053.0
161229.0
161363.0
161506.0
161660.0
161822.0
161969.0
162125.0
162260.0
162415.0
162578.0
162696.0
162857.0
163027.0
163195.0
163310.0
163482.0
163648.0
163790.0
163955.0
164111.0
164278.0
164427.0
164566.0
164725.0
164850.0
165008.0
165166.0
165334.0
165496.0
165639.0
165783.0
165931.0
166076.0
166236.0
166370.0
166509.0
166650.0
166777.0
166943.0
167089.0
167234.0
167383.0
167542.0
167699.0
167841.0
167998.0
168154.0
168301.0
168465.0
168610.0
168761.0
168917.0
169089.0
169250.0
169405.0
169562.0
169717.0
169861.0
170016.0
170170.0
170337.0
170463.0
170608.0
170774.0
170916.0
171066.0
171232.0
171395.0
171549.0
171690.0
171852.0
172001.0
172169.0
172339.0
172476.0
172633.0
172790.0
172945.0
173109.0
173251.0
173400.0
173565.0
173722.0
173889.0
174035.0
174198.0
174355.0
174478.0
174645.0
174805.0
174928.0
175083.0
175240.0
175400.0
175561.0
175718.0
175875.0
176018.0
176182.0
176337.0
176465.0
176621.0
176791.0
176932.0
177095.0
177249.0
177419.0
177591.0
177754.0
177915.0
178083.0
178252.0
178409.0
178560.0
178672.0
178836.0
179008.0
179156.0
179322.0
179490.0
179641.0
179782.0
179930.0
180081.0
180237.0
180387.0
180534.0
180678.0
180811.0
180976.0
181146.0
181300.0
181467.0
181597.0
181745.0
181906.0
182065.0
182226.0
182394.0
182548.0
182670.0
182826.0
182987.0
183152.0
183308.0
183469.0
183632.0
183780.0
183932.0
184098.0
184266.0
184438.0
184586.0
184758.0
184912.0
185082.0
185244.0
185418.0
185590.0
185729.0
185867.0
186036.0
186190.0
186326.0
186476.0
186643.0
186798.0
186963.0
187121.0
187283.0
187440.0
187574.0
187718.0
187870.0
188032.0
188164.0
188293.0
188450.0
188610.0
188754.0
188919.0
189076.0
189252.0
189413.0
189572.0
189741.0
189895.0
190056.0
190226.0
190381.0
190539.0
190691.0
190848.0
191016.0
191143.0
191277.0
191431.0
191601.0
191750.0
191907.0
192070.0
192231.0
192355.0
192524.0
192670.0
192832.0
193004.0
193157.0
193300.0
193457.0
193614.0
193741.0
193885.0
194016.0
194164.0
194320.0
194466.0
194634.0
194794.0
194943.0
195092.0
195257.0
195419.0
195574.0
195736.0
195898.0
196050.0
196204.0
196340.0
196507.0
196649.0
196801.0
196930.0
197097.0
197252.0
197417.0
197583.0
197747.0
197919.0
198050.0
198194.0
198352.0
198522.0
198671.0
198823.0
198976.0
199143.0
199286.0
199446.0
199590.0
199752.0
199903.0
200067.0
200231.0
200405.0
200513.0
200671.0
200839.0
201002.0
201167.0
201339.0
201500.0
201645.0
201794.0
201918.0
202066.0
202234.0
202410.0
202531.0
202694.0
202831.0
202996.0
203153.0
203313.0
203445.0
203607.0
203756.0
203869.0
204039.0
204194.0
204354.0
204516.0
204639.0
204795.0
204955.0
205082.0
205247.0
205398.0
205553.0
205706.0
205871.0
206025.0
206188.0
206343.0
206508.0
206664.0
206833.0
206953.0
207098.0
207259.0
207425.0
207590.0
207746.0
207885.0
208020.0
208176.0
208323.0
208482.0
208624.0
208793.0
208928.0
209084.0
209225.0
209371.0
209539.0
209703.0
209864.0
210010.0
210157.0
