a = 0.2
g = 0.8
e = 0.5
random initial weights = false

-1007.0
-3579.0
-5999.0
-8586.0
-9071.0
-9551.0
-12188.0
-12715.0
-13187.0
-13041.0
-13474.0
-13440.0
-13288.0
-13118.0
-13543.0
-13953.0
-14417.0
-14939.0
-14855.0
-14684.0
-14537.0
-14365.0
-14193.0
-14027.0
-13905.0
-13749.0
-13616.0
-13466.0
-13294.0
-13127.0
-12976.0
-12829.0
-12686.0
-12521.0
-12350.0
-12173.0
-12011.0
-11827.0
-11655.0
-11484.0
-11307.0
-11132.0
-10957.0
-10784.0
-10620.0
-10459.0
-10294.0
-10143.0
-9969.0
-9815.0
-9665.0
-9486.0
-9317.0
-9178.0
-9050.0
-8898.0
-8738.0
-8563.0
-8398.0
-8226.0
-8078.0
-7898.0
-7718.0
-7559.0
-7427.0
-7288.0
-7178.0
-7004.0
-6828.0
-6646.0
-6486.0
-6377.0
-6214.0
-6068.0
-5897.0
-5752.0
-5588.0
-5408.0
-5248.0
-5066.0
-4904.0
-4720.0
-4568.0
-4445.0
-4285.0
-4113.0
-3940.0
-3764.0
-3611.0
-3452.0
-3314.0
-3176.0
-3018.0
-2843.0
-2685.0
-2505.0
-2352.0
-2187.0
-2031.0
-1877.0
-1709.0
-1555.0
-1377.0
-1200.0
-1025.0
-853.0
-677.0
-493.0
-320.0
-163.0
-16.0
130.0
310.0
478.0
602.0
781.0
954.0
1098.0
1275.0
1426.0
1605.0
1763.0
1886.0
2046.0
2196.0
2360.0
2542.0
2672.0
2856.0
3028.0
3188.0
3362.0
3515.0
3686.0
3851.0
4001.0
4162.0
4296.0
4452.0
4631.0
4797.0
4967.0
5104.0
5246.0
5426.0
5594.0
5764.0
5893.0
6042.0
6185.0
6355.0
6532.0
6712.0
6865.0
7038.0
7205.0
7377.0
7552.0
7704.0
7878.0
8046.0
8217.0
8397.0
8552.0
8707.0
8884.0
9040.0
9180.0
9328.0
9443.0
9593.0
9770.0
9946.0
10114.0
10265.0
10419.0
10579.0
10757.0
10909.0
11081.0
11227.0
11390.0
11548.0
11721.0
11854.0
12029.0
12196.0
12368.0
12529.0
12667.0
12830.0
12991.0
13160.0
13330.0
13493.0
13641.0
13813.0
13989.0
14156.0
14321.0
14446.0
14628.0
14798.0
14953.0
15119.0
15272.0
15418.0
15576.0
15724.0
15893.0
16057.0
16241.0
16413.0
16542.0
16722.0
16885.0
17056.0
17223.0
17395.0
17565.0
17725.0
17876.0
18041.0
18217.0
18396.0
18556.0
18718.0
18881.0
19039.0
19188.0
19359.0
19520.0
19683.0
19821.0
19977.0
20156.0
20326.0
20482.0
20637.0
20807.0
20973.0
21143.0
21269.0
21422.0
21585.0
21749.0
21907.0
22058.0
22230.0
22393.0
22546.0
22702.0
22873.0
23032.0
23187.0
23339.0
23494.0
23665.0
23836.0
23998.0
24127.0
24282.0
24441.0
24604.0
24750.0
24890.0
25069.0
25203.0
25339.0
25511.0
25665.0
25807.0
25970.0
26132.0
26312.0
26478.0
26651.0
26794.0
26939.0
27069.0
27242.0
27387.0
27565.0
27734.0
27861.0
28033.0
28210.0
28388.0
28542.0
28674.0
28847.0
28996.0
29153.0
29300.0
29473.0
29655.0
29834.0
30000.0
30160.0
30322.0
30491.0
30638.0
30775.0
30951.0
31103.0
31269.0
31389.0
31552.0
31731.0
31898.0
32056.0
32230.0
32405.0
32567.0
32747.0
32883.0
33054.0
33221.0
33395.0
33569.0
33747.0
33863.0
34017.0
34194.0
34378.0
34399.0
34566.0
34691.0
34853.0
35016.0
35177.0
35340.0
35476.0
35654.0
35796.0
35967.0
36147.0
36325.0
36497.0
36653.0
36812.0
36996.0
37158.0
37323.0
37479.0
37651.0
37800.0
37950.0
38102.0
38225.0
38382.0
38542.0
38717.0
38875.0
39026.0
39175.0
39335.0
39508.0
39665.0
39787.0
39949.0
40131.0
40289.0
40461.0
40629.0
40762.0
40940.0
41120.0
41286.0
41415.0
41589.0
41751.0
41887.0
42048.0
42190.0
42327.0
42500.0
42647.0
42806.0
42981.0
43153.0
43314.0
43489.0
43651.0
43833.0
44010.0
44183.0
44330.0
44504.0
44660.0
44825.0
44971.0
45155.0
45298.0
45463.0
45636.0
45793.0
45959.0
46110.0
46272.0
46443.0
46600.0
46755.0
46930.0
47088.0
47260.0
47417.0
47577.0
47707.0
47872.0
48037.0
48202.0
48380.0
48532.0
48701.0
48853.0
49021.0
49180.0
49321.0
49489.0
49622.0
49801.0
49962.0
50146.0
50299.0
50469.0
50624.0
50771.0
50943.0
51083.0
51246.0
51416.0
51572.0
51745.0
51920.0
52075.0
52223.0
52399.0
52529.0
52694.0
52872.0
53041.0
53198.0
53380.0
53518.0
53691.0
53845.0
53999.0
54146.0
54313.0
54440.0
54597.0
54774.0
54944.0
55084.0
55256.0
55403.0
55571.0
55749.0
55881.0
56047.0
56224.0
56395.0
56564.0
56739.0
56888.0
57060.0
57225.0
57403.0
57557.0
57709.0
57854.0
58019.0
58112.0
58255.0
58423.0
58605.0
58767.0
58860.0
59029.0
59199.0
59364.0
59532.0
59704.0
59873.0
60003.0
60162.0
60337.0
60481.0
60642.0
60802.0
60974.0
61152.0
61300.0
61450.0
61597.0
61755.0
61934.0
62108.0
62262.0
62400.0
62539.0
62718.0
62894.0
63047.0
63210.0
63377.0
63561.0
63745.0
63908.0
64077.0
64232.0
64400.0
64541.0
64713.0
64868.0
65000.0
65169.0
65340.0
65480.0
65650.0
65793.0
65970.0
66100.0
66249.0
66418.0
66584.0
66716.0
66867.0
67030.0
67198.0
67365.0
67528.0
67682.0
67841.0
68015.0
68151.0
68313.0
68489.0
68666.0
68835.0
69019.0
69203.0
69369.0
69487.0
69645.0
69810.0
69941.0
70108.0
70282.0
70444.0
70589.0
70728.0
70885.0
71064.0
71238.0
71387.0
71546.0
71713.0
71891.0
72063.0
72218.0
72366.0
72531.0
72664.0
72794.0
72969.0
73132.0
73296.0
73480.0
73640.0
73794.0
73955.0
74133.0
74308.0
74437.0
74579.0
74727.0
74891.0
75040.0
75173.0
75342.0
75511.0
75667.0
75846.0
76023.0
76166.0
76330.0
76484.0
76646.0
76792.0
76955.0
77129.0
77268.0
77427.0
77588.0
77760.0
77916.0
78064.0
78236.0
78399.0
78559.0
78728.0
78893.0
79073.0
79236.0
79400.0
79569.0
79721.0
79881.0
80022.0
80195.0
80358.0
80513.0
80690.0
80867.0
81049.0
81206.0
81368.0
81538.0
81701.0
81870.0
82025.0
82142.0
82295.0
82465.0
82611.0
82773.0
82921.0
83085.0
83265.0
83421.0
83579.0
83736.0
83907.0
84077.0
84226.0
84396.0
84544.0
84692.0
84846.0
85023.0
85193.0
85349.0
85514.0
85698.0
85878.0
86012.0
86172.0
86329.0
86504.0
86648.0
86807.0
86964.0
87130.0
87308.0
87475.0
87642.0
87803.0
87966.0
88108.0
88250.0
88428.0
88561.0
88704.0
88883.0
89059.0
89230.0
89397.0
89567.0
89738.0
89903.0
90009.0
90162.0
90325.0
90501.0
90655.0
90813.0
90975.0
91143.0
91297.0
91449.0
91616.0
91773.0
91936.0
92088.0
92244.0
92405.0
92563.0
92727.0
92902.0
93060.0
93219.0
93373.0
93555.0
93712.0
93868.0
94007.0
94168.0
94320.0
94496.0
94656.0
94795.0
94951.0
95108.0
95254.0
95404.0
95530.0
95695.0
95839.0
95984.0
96158.0
96329.0
96498.0
96648.0
96776.0
96949.0
97082.0
97247.0
97384.0
97537.0
97702.0
97875.0
98040.0
98205.0
98370.0
98533.0
98706.0
98831.0
99010.0
99174.0
99331.0
99489.0
99659.0
99827.0
99984.0
100139.0
100301.0
100478.0
100613.0
100785.0
100960.0
101109.0
101234.0
101403.0
101549.0
101724.0
101879.0
102019.0
102162.0
102326.0
102497.0
102670.0
102849.0
103012.0
103184.0
103335.0
103517.0
103688.0
103850.0
104021.0
104201.0
104337.0
104488.0
104668.0
104814.0
104965.0
105103.0
105254.0
105418.0
105584.0
105744.0
105908.0
106079.0
106261.0
106408.0
106568.0
106741.0
106916.0
107094.0
107246.0
107417.0
107585.0
107743.0
107883.0
108002.0
108152.0
108309.0
108431.0
108591.0
108734.0
108913.0
109086.0
109242.0
109416.0
109600.0
109751.0
109904.0
110066.0
110200.0
110357.0
110509.0
110677.0
110836.0
111006.0
111180.0
111350.0
111501.0
111625.0
111798.0
111961.0
112119.0
112292.0
112474.0
112628.0
112788.0
112964.0
113122.0
113294.0
113433.0
113613.0
113753.0
113927.0
114072.0
114230.0
114400.0
114564.0
114726.0
114902.0
115079.0
115256.0
115438.0
115604.0
115772.0
115931.0
116093.0
116268.0
116447.0
116607.0
116768.0
116943.0
117127.0
117290.0
117472.0
117656.0
117832.0
117998.0
118176.0
118335.0
118515.0
118657.0
118828.0
118985.0
119092.0
119247.0
119390.0
119547.0
119696.0
119868.0
120040.0
120219.0
120378.0
120529.0
120708.0
120847.0
120998.0
121156.0
121338.0
121515.0
121678.0
121851.0
122031.0
122196.0
122369.0
122540.0
122707.0
122876.0
123037.0
123199.0
123378.0
123541.0
123710.0
123880.0
124062.0
124239.0
124383.0
124534.0
124711.0
124876.0
125014.0
125184.0
125349.0
125477.0
125641.0
125825.0
125965.0
126122.0
126298.0
126467.0
126634.0
126751.0
126922.0
127094.0
127268.0
127429.0
127603.0
127754.0
127919.0
128071.0
128248.0
128391.0
128552.0
128723.0
128892.0
129047.0
129191.0
129356.0
129524.0
129692.0
129862.0
129980.0
130129.0
130300.0
130436.0
130590.0
130772.0
130946.0
131095.0
131262.0
131430.0
131598.0
131769.0
131913.0
132090.0
132212.0
132371.0
132510.0
132633.0
132799.0
132946.0
133128.0
133298.0
133461.0
133633.0
133794.0
133957.0
134105.0
134251.0
134402.0
134543.0
134701.0
134864.0
135035.0
135209.0
135378.0
135545.0
135714.0
135878.0
136049.0
136217.0
136386.0
136548.0
136703.0
136865.0
137014.0
137168.0
137321.0
137495.0
137661.0
137773.0
137913.0
138093.0
138273.0
138437.0
138596.0
138780.0
138957.0
139126.0
139299.0
139444.0
139604.0
139767.0
139924.0
140088.0
140234.0
140406.0
140549.0
140699.0
140841.0
141020.0
141141.0
141310.0
141466.0
141612.0
141778.0
141952.0
142131.0
142285.0
142465.0
142604.0
142781.0
142945.0
143105.0
143269.0
143434.0
143580.0
143755.0
143923.0
144087.0
144257.0
144425.0
144600.0
144731.0
144885.0
145014.0
145189.0
145346.0
145511.0
145685.0
145827.0
145999.0
146162.0
146339.0
146494.0
146615.0
146777.0
146932.0
147088.0
147249.0
147425.0
147555.0
147730.0
147886.0
148055.0
148207.0
148371.0
148536.0
148665.0
148827.0
148987.0
149118.0
149276.0
149390.0
149565.0
149719.0
149891.0
150054.0
150227.0
150411.0
150570.0
150745.0
150900.0
151078.0
151260.0
151405.0
151576.0
151700.0
151843.0
151997.0
152171.0
152331.0
152478.0
152648.0
152794.0
152945.0
153092.0
153242.0
153385.0
153554.0
153704.0
153856.0
154018.0
154182.0
154340.0
154510.0
154686.0
154839.0
155023.0
155194.0
155352.0
155502.0
155642.0
155787.0
155955.0
156125.0
156281.0
156460.0
156619.0
156792.0
156944.0
157091.0
157249.0
157414.0
157570.0
157748.0
157904.0
158068.0
158227.0
158387.0
158560.0
158724.0
158906.0
159085.0
159244.0
159417.0
159581.0
159752.0
159928.0
160112.0
160287.0
160424.0
160572.0
160745.0
160906.0
161034.0
161157.0
161300.0
161451.0
161635.0
161802.0
161973.0
162115.0
162280.0
162415.0
162587.0
162736.0
162896.0
163054.0
163205.0
163375.0
163528.0
163702.0
163866.0
164020.0
164194.0
164346.0
164512.0
164690.0
164857.0
165016.0
165141.0
165300.0
165454.0
165614.0
165777.0
165934.0
166084.0
166256.0
166413.0
166584.0
166745.0
166923.0
167084.0
167227.0
167391.0
167557.0
167702.0
167871.0
168028.0
168197.0
168326.0
168475.0
168631.0
168783.0
168940.0
169110.0
169281.0
169445.0
169598.0
169765.0
169939.0
170119.0
170294.0
170452.0
170611.0
170793.0
170906.0
171090.0
171272.0
171419.0
171576.0
171740.0
171905.0
172066.0
172237.0
172408.0
172548.0
172690.0
172846.0
173012.0
173185.0
173347.0
173514.0
173630.0
173803.0
173965.0
174103.0
174285.0
174457.0
174615.0
174756.0
174882.0
175059.0
175211.0
175369.0
175543.0
175716.0
175879.0
176040.0
176212.0
176369.0
176531.0
176686.0
176835.0
177010.0
177188.0
177361.0
177545.0
177683.0
177850.0
178005.0
178176.0
178353.0
178507.0
178674.0
178824.0
178980.0
179123.0
179280.0
179448.0
179592.0
179732.0
179910.0
180011.0
180183.0
180342.0
180510.0
180659.0
180825.0
181004.0
181184.0
181344.0
181514.0
181665.0
181845.0
182010.0
182178.0
182337.0
182501.0
182659.0
182815.0
182982.0
183143.0
183305.0
183487.0
183643.0
183821.0
184005.0
184163.0
184322.0
184478.0
184629.0
184793.0
184936.0
185079.0
185243.0
185410.0
185563.0
185696.0
185880.0
186018.0
186186.0
186351.0
186521.0
186677.0
186843.0
186975.0
187139.0
187316.0
187471.0
187644.0
187807.0
187968.0
188150.0
188311.0
188486.0
188660.0
188819.0
188982.0
189126.0
189302.0
189474.0
189649.0
189831.0
189991.0
190120.0
190277.0
190438.0
190585.0
190753.0
190928.0
191106.0
191280.0
191431.0
191587.0
191769.0
191931.0
192089.0
192254.0
192401.0
192564.0
192735.0
192907.0
193064.0
193179.0
193350.0
193520.0
193686.0
193854.0
194011.0
194181.0
194339.0
194468.0
194584.0
194713.0
194830.0
195003.0
195162.0
195322.0
195483.0
195625.0
195760.0
195931.0
196082.0
196244.0
196387.0
196545.0
196710.0
196880.0
197039.0
197207.0
197371.0
197519.0
197687.0
197828.0
197981.0
198163.0
198337.0
198495.0
198659.0
198823.0
199003.0
199185.0
199312.0
199457.0
199616.0
199793.0
199938.0
200087.0
200259.0
200419.0
200588.0
200748.0
200930.0
201112.0
201256.0
201408.0
201581.0
201739.0
201914.0
202076.0
202230.0
202367.0
202534.0
202692.0
202849.0
203020.0
203177.0
203357.0
203531.0
203689.0
203810.0
203917.0
204094.0
204278.0
204451.0
204593.0
204703.0
204856.0
205032.0
205205.0
205359.0
205506.0
205660.0
205837.0
205989.0
206153.0
206328.0
206444.0
206603.0
206761.0
206936.0
207074.0
207238.0
207352.0
207518.0
207667.0
207849.0
208019.0
208153.0
208321.0
208499.0
208665.0
208817.0
208969.0
209138.0
209292.0
209464.0
209600.0
209742.0
209913.0
210064.0
210240.0
210424.0
210565.0
210725.0
210880.0
211054.0
211220.0
211395.0
211548.0
211721.0
211869.0
212023.0
212183.0
212356.0
212521.0
212684.0
212807.0
212983.0
213116.0
213298.0
213465.0
213615.0
213795.0
213958.0
214131.0
214273.0
214448.0
214623.0
214789.0
214971.0
215115.0
215261.0
215414.0
215582.0
215736.0
215899.0
216081.0
216248.0
216420.0
216587.0
216759.0
216920.0
217100.0
217181.0
217343.0
217491.0
217673.0
217850.0
218020.0
218189.0
218363.0
218524.0
218647.0
218818.0
218988.0
219143.0
219314.0
219496.0
219669.0
219839.0
219988.0
220161.0
220316.0
220486.0
220655.0
220812.0
220932.0
221092.0
221225.0
221389.0
221551.0
221720.0
221856.0
222024.0
222193.0
222356.0
222510.0
222684.0
