a = 0.2
g = 0.2
e = 0.3
random initial weights = true

-904.0
-1398.0
-2192.0
-3518.0
-3982.0
-4617.0
-5540.0
-6202.0
-6747.0
-7200.0
-7745.0
-8232.0
-8699.0
-9379.0
-9900.0
-10582.0
-11014.0
-11492.0
-11925.0
-12565.0
-13094.0
-13668.0
-14353.0
-14827.0
-15362.0
-15946.0
-16434.0
-16932.0
-17574.0
-18011.0
-18446.0
-18970.0
-19545.0
-19992.0
-20561.0
-21108.0
-21566.0
-22096.0
-22610.0
-23107.0
-23737.0
-24188.0
-24617.0
-25081.0
-25557.0
-25993.0
-26438.0
-26866.0
-27359.0
-27828.0
-27833.0
-28419.0
-28902.0
-29345.0
-29759.0
-30248.0
-30687.0
-31101.0
-31550.0
-31996.0
-32506.0
-32940.0
-33395.0
-33857.0
-34308.0
-34810.0
-35311.0
-35742.0
-35661.0
-36103.0
-36561.0
-37041.0
-37510.0
-37991.0
-38421.0
-38959.0
-39397.0
-39836.0
-40272.0
-40709.0
-41165.0
-41599.0
-42023.0
-42531.0
-42988.0
-43448.0
-43947.0
-44413.0
-44840.0
-45271.0
-45725.0
-46139.0
-46630.0
-47092.0
-47585.0
-48020.0
-48479.0
-48905.0
-49369.0
-49804.0
-50241.0
-50661.0
-51127.0
-51635.0
-52090.0
-52598.0
-53046.0
-53489.0
-53939.0
-54400.0
-54818.0
-55269.0
-55704.0
-55554.0
-55972.0
-56422.0
-56301.0
-56724.0
-57147.0
-57622.0
-58072.0
-58530.0
-58975.0
-59457.0
-59913.0
-59758.0
-60176.0
-60610.0
-60444.0
-60293.0
-60734.0
-61165.0
-61587.0
-62037.0
-61887.0
-62317.0
-62164.0
-62585.0
-63066.0
-63519.0
-63944.0
-64413.0
-64836.0
-65272.0
-65697.0
-66129.0
-66581.0
-67009.0
-66917.0
-67333.0
-67762.0
-68223.0
-68094.0
-67974.0
-67811.0
-67643.0
-68065.0
-68496.0
-68912.0
-69366.0
-69790.0
-70224.0
-70642.0
-71075.0
-71502.0
-71938.0
-72360.0
-72194.0
-72028.0
-72444.0
-72927.0
-73369.0
-73203.0
-73625.0
-74043.0
-74485.0
-74959.0
-75381.0
-75234.0
-75656.0
-76068.0
-75920.0
-76342.0
-76184.0
-76600.0
-77041.0
-77481.0
-77334.0
-77177.0
-77027.0
-77444.0
-77866.0
-77700.0
-77544.0
-77380.0
-77211.0
-77046.0
-77521.0
-77938.0
-78372.0
-78802.0
-78633.0
-79051.0
-78877.0
-78716.0
-79136.0
-78989.0
-78823.0
-78656.0
-79075.0
-79520.0
-79372.0
-79786.0
-80209.0
-80048.0
-80460.0
-80872.0
-81288.0
-81712.0
-81538.0
-81368.0
-81235.0
-81065.0
-80899.0
-80727.0
-80567.0
-80985.0
-80848.0
-81260.0
-81126.0
-80956.0
-80786.0
-80628.0
-80458.0
-80284.0
-80700.0
-80531.0
-80405.0
-80241.0
-80069.0
-79893.0
-80313.0
-80145.0
-79974.0
-79813.0
-79639.0
-79488.0
-79344.0
-79767.0
-79633.0
-79515.0
-79343.0
-79178.0
-79008.0
-78840.0
-78666.0
-78494.0
-78328.0
-78160.0
-78000.0
-77838.0
-77677.0
-77517.0
-77931.0
-77777.0
-77601.0
-77433.0
-77275.0
-77110.0
-76934.0
-76774.0
-76600.0
-76433.0
-76281.0
-76107.0
-75941.0
-76369.0
-76219.0
-76099.0
-75936.0
-75766.0
-75590.0
-75421.0
-75259.0
-75091.0
-74929.0
-74759.0
-74587.0
-74411.0
-74244.0
-74072.0
-73904.0
-73733.0
-73570.0
-73403.0
-73227.0
-73055.0
-72887.0
-72718.0
-72555.0
-72438.0
-72262.0
-72100.0
-71975.0
-71807.0
-71646.0
-71476.0
-71321.0
-71149.0
-70981.0
-70807.0
-70639.0
-70485.0
-70311.0
-70156.0
-69980.0
-69815.0
-69650.0
-69478.0
-69336.0
-69166.0
-68994.0
-68828.0
-68656.0
-68486.0
-68354.0
-68191.0
-68022.0
-67853.0
-67688.0
-67514.0
-67340.0
-67172.0
-67010.0
-66838.0
-66670.0
-66501.0
-66340.0
-66166.0
-65997.0
-65830.0
-65660.0
-65503.0
-65336.0
-65172.0
-65006.0
-64834.0
-64673.0
-64511.0
-64353.0
-64184.0
-64010.0
-63844.0
-63677.0
-63515.0
-63347.0
-63186.0
-63026.0
-62852.0
-62680.0
-62513.0
-62347.0
-62175.0
-62009.0
-61842.0
-61666.0
-61492.0
-61341.0
-61195.0
-61027.0
-60857.0
-60688.0
-60526.0
-60364.0
-60200.0
-60026.0
-59858.0
-59690.0
-59540.0
-59374.0
-59198.0
-59037.0
-58865.0
-58693.0
-58549.0
-58400.0
-58224.0
-58128.0
-57958.0
-57792.0
-57628.0
-57454.0
-57286.0
-57118.0
-56944.0
-56776.0
-56600.0
-56448.0
-56272.0
-56112.0
-55960.0
-55788.0
-55621.0
-55509.0
-55340.0
-55169.0
-55006.0
-54842.0
-54672.0
-54504.0
-54340.0
-54178.0
-54006.0
-53855.0
-53681.0
-53517.0
-53353.0
-53190.0
-53016.0
-52852.0
-52683.0
-52521.0
-52351.0
-52179.0
-52005.0
-51843.0
-51674.0
-51502.0
-51326.0
-51154.0
-50987.0
-50823.0
-50655.0
-50492.0
-50332.0
-50166.0
-50008.0
-49842.0
-49674.0
-49504.0
-49342.0
-49181.0
-49023.0
-48851.0
-48677.0
-48503.0
-48335.0
-48165.0
-48018.0
-47853.0
-47703.0
-47532.0
-47367.0
-47196.0
-47032.0
-46862.0
-46693.0
-46527.0
-46360.0
-46208.0
-46041.0
-45871.0
-45711.0
-45565.0
-45399.0
-45249.0
-45077.0
-44914.0
-44738.0
-44564.0
-44398.0
-44239.0
-44072.0
-43915.0
-43747.0
-43571.0
-43399.0
-43235.0
-43080.0
-42916.0
-42762.0
-42595.0
-42440.0
-42277.0
-42110.0
-41948.0
-41776.0
-41610.0
-41436.0
-41274.0
-41109.0
-40935.0
-40767.0
-40593.0
-40450.0
-40278.0
-40104.0
-39938.0
-39767.0
-39631.0
-39478.0
-39312.0
-39141.0
-38969.0
-38799.0
-38638.0
-38462.0
-38294.0
-38131.0
-37963.0
-37791.0
-37626.0
-37460.0
-37288.0
-37126.0
-36954.0
-36788.0
-36619.0
-36457.0
-36317.0
-36150.0
-35991.0
-35831.0
-35665.0
-35508.0
-35339.0
-35163.0
-34996.0
-34829.0
-34657.0
-34481.0
-34316.0
-34145.0
-33979.0
-33812.0
-33642.0
-33472.0
-33300.0
-33134.0
-32960.0
-32786.0
-32610.0
-32436.0
-32266.0
-32092.0
-31929.0
-31785.0
-31609.0
-31444.0
-31270.0
-31109.0
-30957.0
-30795.0
-30637.0
-30467.0
-30303.0
-30129.0
-29957.0
-29791.0
-29628.0
-29461.0
-29287.0
-29116.0
-28962.0
-28786.0
-28638.0
-28462.0
-28290.0
-28125.0
-27953.0
-27790.0
-27628.0
-27465.0
-27291.0
-27119.0
-26945.0
-26788.0
-26623.0
-26449.0
-26275.0
-26103.0
-25940.0
-25773.0
-25606.0
-25442.0
-25274.0
-25120.0
-24954.0
-24780.0
-24604.0
-24447.0
-24275.0
-24103.0
-23945.0
-23782.0
-23617.0
-23466.0
-23290.0
-23120.0
-22958.0
-22784.0
-22621.0
-22459.0
-22292.0
-22130.0
-21961.0
-21829.0
-21664.0
-21490.0
-21316.0
-21140.0
-20972.0
-20812.0
-20645.0
-20477.0
-20307.0
-20135.0
-19961.0
-19789.0
-19626.0
-19459.0
-19290.0
-19149.0
-18977.0
-18805.0
-18637.0
-18468.0
-18301.0
-18127.0
-17953.0
-17783.0
-17617.0
-17452.0
-17287.0
-17159.0
-17003.0
-16833.0
-16673.0
-16516.0
-16365.0
-16204.0
-16032.0
-15878.0
-15719.0
-15554.0
-15388.0
-15219.0
-15045.0
-14889.0
-14719.0
-14556.0
-14388.0
-14219.0
-14048.0
-13876.0
-13729.0
-13560.0
-13388.0
-13214.0
-13040.0
-12877.0
-12710.0
-12538.0
-12362.0
-12192.0
-12047.0
-11871.0
-11711.0
-11539.0
-11367.0
-11193.0
-11023.0
-10868.0
-10697.0
-10526.0
-10362.0
-10186.0
-10029.0
-9861.0
-9689.0
-9513.0
-9348.0
-9176.0
-9002.0
-8830.0
-8663.0
-8487.0
-8311.0
-8137.0
-7963.0
-7794.0
-7625.0
-7451.0
-7277.0
-7105.0
-6948.0
-6790.0
-6623.0
-6449.0
-6291.0
-6143.0
-5971.0
-5808.0
-5636.0
-5460.0
-5286.0
-5116.0
-4949.0
-4779.0
-4624.0
-4477.0
-4303.0
-4131.0
-3964.0
-3807.0
-3645.0
-3492.0
-3324.0
-3163.0
-2993.0
-2821.0
-2664.0
-2488.0
-2328.0
-2174.0
-2011.0
-1853.0
-1685.0
-1518.0
-1344.0
-1172.0
-1006.0
-844.0
-674.0
-500.0
-328.0
-154.0
15.0
178.0
347.0
501.0
675.0
851.0
1025.0
1191.0
1354.0
1517.0
1665.0
1841.0
2006.0
2176.0
2345.0
2511.0
2681.0
2838.0
2999.0
3175.0
3337.0
3505.0
3679.0
3846.0
3988.0
4155.0
4323.0
4479.0
4642.0
4814.0
4984.0
5148.0
5317.0
5493.0
5669.0
5845.0
6010.0
6177.0
6332.0
6497.0
6664.0
6835.0
6994.0
7164.0
7320.0
7476.0
7650.0
7824.0
7996.0
8172.0
8348.0
8508.0
8677.0
8841.0
9017.0
9188.0
9362.0
9532.0
9703.0
9863.0
10030.0
10204.0
10367.0
10541.0
10715.0
10885.0
11053.0
11199.0
11371.0
11545.0
11721.0
11880.0
12054.0
12228.0
12393.0
12560.0
12729.0
12894.0
13065.0
13231.0
13402.0
13574.0
13744.0
13918.0
14078.0
14238.0
14407.0
14577.0
14751.0
14919.0
15093.0
15251.0
15417.0
15576.0
15734.0
15901.0
16073.0
16239.0
16409.0
16575.0
16747.0
16912.0
17081.0
17244.0
17418.0
17590.0
17762.0
17930.0
18095.0
18269.0
18421.0
18597.0
18730.0
18897.0
19071.0
19240.0
19405.0
19579.0
19732.0
19897.0
20064.0
20234.0
20399.0
20567.0
20739.0
20907.0
21068.0
21238.0
21412.0
21574.0
21742.0
21907.0
22076.0
22252.0
22422.0
22591.0
22763.0
22939.0
23108.0
23275.0
23445.0
23611.0
23783.0
23943.0
24109.0
24261.0
24428.0
24580.0
24746.0
24916.0
25079.0
25251.0
25420.0
25596.0
25758.0
25930.0
26088.0
26233.0
26395.0
26562.0
26726.0
26896.0
27063.0
27231.0
27389.0
27552.0
27719.0
27887.0
28054.0
28230.0
28400.0
28564.0
28731.0
28893.0
29067.0
29229.0
29396.0
29566.0
29733.0
29898.0
30065.0
30239.0
30413.0
30582.0
30747.0
30918.0
31080.0
31249.0
31409.0
31580.0
31754.0
31930.0
32102.0
32271.0
32439.0
32605.0
32776.0
32947.0
33106.0
33280.0
33448.0
33602.0
33747.0
33915.0
34091.0
34257.0
34412.0
34586.0
34762.0
34934.0
35108.0
35282.0
35452.0
35603.0
35774.0
35948.0
36117.0
36293.0
36465.0
36639.0
36806.0
36958.0
37132.0
37304.0
37469.0
37639.0
37795.0
37967.0
38139.0
38293.0
38456.0
38623.0
38783.0
38953.0
39125.0
39293.0
39465.0
39639.0
39806.0
39960.0
40124.0
40298.0
40474.0
40639.0
40786.0
40956.0
41126.0
41271.0
41437.0
41597.0
41764.0
41914.0
42086.0
42258.0
42414.0
42583.0
42753.0
42927.0
43096.0
43259.0
43433.0
43600.0
43763.0
43935.0
44084.0
44249.0
44413.0
44581.0
44753.0
44920.0
45096.0
45264.0
45415.0
45585.0
45757.0
45921.0
46091.0
46244.0
46416.0
46575.0
46740.0
46914.0
47090.0
47260.0
47432.0
47597.0
47769.0
47926.0
48096.0
48268.0
48407.0
48568.0
48735.0
48904.0
49078.0
49241.0
49404.0
49564.0
49722.0
49888.0
50040.0
50210.0
50375.0
50489.0
50665.0
50829.0
51003.0
51153.0
51325.0
51487.0
51661.0
51811.0
51975.0
52139.0
52310.0
52448.0
52620.0
52790.0
52959.0
53133.0
53305.0
53467.0
53635.0
53805.0
53971.0
54147.0
54308.0
54478.0
54632.0
54808.0
54978.0
55140.0
55304.0
55476.0
55652.0
55821.0
55997.0
56169.0
56336.0
56506.0
56673.0
56841.0
57007.0
57181.0
57355.0
57523.0
57686.0
57848.0
58024.0
58200.0
58369.0
58535.0
58709.0
58885.0
59042.0
59204.0
59376.0
59544.0
59718.0
59878.0
60018.0
60190.0
60350.0
60513.0
60678.0
60845.0
60992.0
61160.0
61334.0
61499.0
61673.0
61836.0
62000.0
62161.0
62332.0
62504.0
62672.0
62837.0
63013.0
63178.0
63342.0
63511.0
63675.0
63849.0
64013.0
64185.0
64344.0
64514.0
64681.0
64848.0
65020.0
65191.0
65356.0
65523.0
65685.0
65852.0
66017.0
66184.0
66358.0
66523.0
66695.0
66867.0
67041.0
67205.0
67367.0
67539.0
67693.0
67867.0
68039.0
68204.0
68374.0
68543.0
68713.0
68876.0
69035.0
69207.0
69379.0
69520.0
69690.0
69857.0
70025.0
70182.0
70358.0
70534.0
70706.0
70869.0
71043.0
71208.0
71379.0
71547.0
71705.0
71871.0
72041.0
72215.0
72384.0
72556.0
72723.0
72895.0
73060.0
73232.0
73399.0
73559.0
73731.0
73898.0
74052.0
74228.0
74402.0
74567.0
74735.0
74909.0
75070.0
75233.0
75397.0
75571.0
75747.0
75917.0
76086.0
76256.0
76432.0
76608.0
76778.0
76945.0
77108.0
77280.0
77454.0
77622.0
77794.0
77962.0
78136.0
78306.0
78477.0
78653.0
78821.0
78989.0
79138.0
79304.0
79471.0
79645.0
79815.0
79987.0
80159.0
80320.0
80486.0
80658.0
80830.0
80994.0
81155.0
81312.0
81484.0
81656.0
81819.0
81988.0
82155.0
82324.0
82494.0
82666.0
82840.0
83004.0
83174.0
83344.0
83509.0
83678.0
83850.0
84018.0
84194.0
84364.0
84536.0
84710.0
84874.0
85043.0
85209.0
85380.0
85556.0
85730.0
85896.0
86060.0
86236.0
86410.0
86586.0
86758.0
86923.0
87092.0
87249.0
87414.0
87586.0
87762.0
87929.0
88105.0
88277.0
88446.0
88611.0
88785.0
88949.0
89117.0
89285.0
89451.0
89623.0
89786.0
89958.0
90125.0
90297.0
90463.0
90615.0
90774.0
90942.0
91107.0
91271.0
91438.0
91594.0
91766.0
91937.0
92105.0
92271.0
92424.0
92594.0
92759.0
92902.0
93074.0
93241.0
93407.0
93579.0
93755.0
93904.0
94073.0
94241.0
94411.0
94577.0
94751.0
94925.0
95101.0
95270.0
95438.0
95604.0
95769.0
95934.0
96108.0
96272.0
96446.0
96620.0
96783.0
96959.0
97121.0
97295.0
97461.0
97635.0
97798.0
97972.0
98148.0
98306.0
98478.0
98648.0
98818.0
98977.0
99139.0
99315.0
99476.0
99640.0
99808.0
99982.0
100132.0
100298.0
100467.0
100620.0
100786.0
100947.0
101106.0
101276.0
101452.0
101624.0
101798.0
101965.0
102133.0
102305.0
102477.0
102649.0
102819.0
102995.0
103171.0
103343.0
103504.0
103678.0
103831.0
104001.0
104170.0
104338.0
104503.0
104662.0
104827.0
104993.0
105160.0
105303.0
105475.0
105643.0
105809.0
105976.0
106145.0
106313.0
106480.0
106614.0
106788.0
106956.0
107130.0
107301.0
107451.0
107599.0
107770.0
107944.0
108113.0
108268.0
108410.0
108577.0
108749.0
108907.0
109079.0
109251.0
109420.0
109591.0
109765.0
109937.0
110100.0
110262.0
110433.0
110598.0
110770.0
110942.0
111101.0
111264.0
111434.0
111600.0
111769.0
111936.0
112096.0
112259.0
112430.0
112595.0
112759.0
112926.0
113096.0
113263.0
113437.0
113611.0
113774.0
113941.0
114117.0
114285.0
114453.0
114625.0
114788.0
114959.0
115115.0
115279.0
115438.0
115597.0
115769.0
115932.0
116088.0
116260.0
116432.0
116606.0
116768.0
116942.0
117104.0
117265.0
117435.0
117594.0
117757.0
117929.0
118103.0
118266.0
118440.0
118604.0
118778.0
118946.0
119114.0
119271.0
119440.0
119595.0
119762.0
119921.0
120078.0
120244.0
120412.0
120584.0
120752.0
120924.0
121098.0
121270.0
121435.0
121602.0
121776.0
121946.0
122097.0
122269.0
122438.0
122607.0
122781.0
122950.0
123116.0
123284.0
123432.0
123606.0
123766.0
123942.0
124101.0
124271.0
124445.0
124615.0
124778.0
124943.0
125093.0
125269.0
125438.0
125608.0
125778.0
125948.0
126124.0
126290.0
126458.0
126630.0
126782.0
126954.0
127110.0
127271.0
