a = 0.8
g = 0.2
e = 0.3
random initial weights = false

-887.0
-1454.0
-1914.0
-2511.0
-3145.0
-3559.0
-3450.0
-3868.0
-4324.0
-4760.0
-5186.0
-5613.0
-6039.0
-6452.0
-6280.0
-6690.0
-6517.0
-6345.0
-6182.0
-6014.0
-5839.0
-5666.0
-5497.0
-5320.0
-5140.0
-4958.0
-4781.0
-4602.0
-4431.0
-4254.0
-4094.0
-3912.0
-3740.0
-3563.0
-3383.0
-3213.0
-3034.0
-2852.0
-2675.0
-2502.0
-2318.0
-2151.0
-1974.0
-1799.0
-1615.0
-1433.0
-1249.0
-1071.0
-897.0
-728.0
-557.0
-380.0
-217.0
-40.0
130.0
308.0
492.0
672.0
856.0
1036.0
1209.0
1384.0
1559.0
1736.0
1920.0
2089.0
2273.0
2446.0
2619.0
2772.0
2950.0
3125.0
3283.0
3463.0
3630.0
3797.0
3981.0
4153.0
4321.0
4497.0
4679.0
4846.0
5028.0
5195.0
5379.0
5557.0
5741.0
5902.0
6077.0
6239.0
6405.0
6589.0
6754.0
6916.0
7098.0
7267.0
7443.0
7611.0
7790.0
7958.0
8135.0
8314.0
8496.0
8676.0
8847.0
9018.0
9192.0
9374.0
9552.0
9736.0
9869.0
10053.0
10231.0
10404.0
10586.0
10762.0
10927.0
11111.0
11291.0
11473.0
11643.0
11827.0
11994.0
12173.0
12334.0
12516.0
12678.0
12862.0
13032.0
13193.0
13377.0
13550.0
13727.0
13905.0
14084.0
14254.0
14427.0
14599.0
14759.0
14943.0
15122.0
15284.0
15454.0
15617.0
15785.0
15943.0
16123.0
16293.0
16468.0
16650.0
16829.0
17011.0
17181.0
17351.0
17524.0
17697.0
17867.0
18038.0
18222.0
18396.0
18566.0
18736.0
18920.0
19093.0
19267.0
19444.0
19596.0
19765.0
19947.0
20126.0
20301.0
20475.0
20647.0
20825.0
20987.0
21166.0
21348.0
21514.0
21679.0
21863.0
22047.0
22220.0
22392.0
22554.0
22736.0
22910.0
23082.0
23252.0
23421.0
23600.0
23782.0
23959.0
24141.0
24303.0
24485.0
24669.0
24849.0
25014.0
25191.0
25375.0
25549.0
25718.0
25879.0
26056.0
26229.0
26404.0
26584.0
26762.0
26936.0
27110.0
27286.0
27461.0
27637.0
27810.0
27966.0
28138.0
28320.0
28500.0
28675.0
28855.0
29039.0
29200.0
29372.0
29550.0
29730.0
29899.0
30079.0
30261.0
30434.0
30613.0
30778.0
30950.0
31122.0
31292.0
31463.0
31636.0
31807.0
31975.0
32159.0
32338.0
32515.0
32687.0
32866.0
33026.0
33208.0
33387.0
33562.0
33735.0
33842.0
34014.0
34179.0
34363.0
34538.0
34718.0
34902.0
35064.0
35242.0
35419.0
35595.0
35779.0
35950.0
36111.0
36284.0
36464.0
36633.0
36815.0
36973.0
37141.0
37323.0
37493.0
37673.0
37852.0
38031.0
38202.0
38384.0
38556.0
38731.0
38898.0
39076.0
39260.0
39439.0
39621.0
39803.0
39985.0
40164.0
40346.0
40509.0
40655.0
40823.0
41007.0
41165.0
41340.0
41511.0
41669.0
41834.0
42009.0
42180.0
42348.0
42520.0
42690.0
42858.0
43035.0
43199.0
43367.0
43527.0
43709.0
43887.0
44045.0
44222.0
44393.0
44563.0
44740.0
44920.0
45104.0
45286.0
45451.0
45624.0
45808.0
45977.0
46140.0
46308.0
46481.0
46665.0
46842.0
47017.0
47191.0
47369.0
47546.0
47725.0
47907.0
48091.0
48270.0
48454.0
48628.0
48794.0
48978.0
49162.0
49340.0
49524.0
49699.0
49876.0
50049.0
50231.0
50399.0
50576.0
50753.0
50932.0
51111.0
51295.0
51474.0
51641.0
51825.0
51992.0
52172.0
52351.0
52531.0
52702.0
52882.0
53053.0
53230.0
53414.0
53594.0
53776.0
53960.0
54142.0
54317.0
54497.0
54658.0
54833.0
55008.0
55168.0
55345.0
55524.0
55685.0
55860.0
56030.0
56208.0
56392.0
56576.0
56744.0
56928.0
57104.0
57269.0
57437.0
57619.0
57799.0
57977.0
58152.0
58309.0
58491.0
58663.0
58847.0
59021.0
59193.0
59377.0
59548.0
59718.0
59867.0
60032.0
60210.0
60389.0
60564.0
60714.0
60878.0
61053.0
61235.0
61414.0
61579.0
61754.0
61938.0
62115.0
62284.0
62466.0
62637.0
62812.0
62996.0
63163.0
63338.0
63522.0
63704.0
63857.0
64041.0
64218.0
64400.0
64579.0
64723.0
64892.0
65074.0
65253.0
65433.0
65612.0
65796.0
65955.0
66137.0
66312.0
66494.0
66671.0
66849.0
67021.0
67196.0
67373.0
67549.0
67715.0
67885.0
68055.0
68239.0
68421.0
68601.0
68769.0
68941.0
69116.0
69298.0
69473.0
69650.0
69823.0
69973.0
70150.0
70334.0
70516.0
70700.0
70879.0
71051.0
71225.0
71394.0
71558.0
71736.0
71908.0
72090.0
72269.0
72443.0
72625.0
72799.0
72966.0
73140.0
73320.0
73464.0
73638.0
73802.0
73979.0
74157.0
74320.0
74490.0
74670.0
74837.0
75008.0
75166.0
75343.0
75515.0
75627.0
75799.0
75971.0
76137.0
76314.0
76496.0
76680.0
76851.0
77022.0
77199.0
77376.0
77545.0
77722.0
77902.0
78084.0
78266.0
78440.0
78608.0
78790.0
78958.0
79140.0
79324.0
79503.0
79685.0
79850.0
80028.0
80203.0
80373.0
80541.0
80721.0
80903.0
81076.0
81251.0
81435.0
81607.0
81778.0
81947.0
82124.0
82301.0
82467.0
82642.0
82819.0
82999.0
83178.0
83340.0
83522.0
83704.0
83886.0
84062.0
84246.0
84428.0
84593.0
84753.0
84923.0
85100.0
85274.0
85454.0
85636.0
85809.0
85979.0
86163.0
86335.0
86507.0
86684.0
86868.0
87052.0
87225.0
87385.0
87560.0
87739.0
87906.0
88069.0
88251.0
88433.0
88610.0
88794.0
88976.0
89151.0
89333.0
89511.0
89688.0
89863.0
90040.0
90205.0
90383.0
90550.0
90718.0
90890.0
91070.0
91247.0
91429.0
91604.0
91788.0
91952.0
92125.0
92307.0
92491.0
92675.0
92857.0
93035.0
93199.0
93378.0
93553.0
93730.0
93905.0
94085.0
94262.0
94444.0
94620.0
94795.0
94979.0
95152.0
95328.0
95491.0
95668.0
95847.0
96024.0
96190.0
96368.0
96533.0
96710.0
96884.0
97061.0
97238.0
97413.0
97586.0
97756.0
97925.0
98081.0
98252.0
98434.0
98613.0
98792.0
98946.0
99118.0
99282.0
99464.0
99641.0
99825.0
99992.0
100174.0
100356.0
100528.0
100701.0
100878.0
101055.0
101228.0
101405.0
101579.0
101761.0
101933.0
102103.0
102287.0
102469.0
102631.0
102797.0
102957.0
103136.0
103306.0
103488.0
103653.0
103822.0
103995.0
104169.0
104351.0
104533.0
104702.0
104879.0
105063.0
105238.0
105415.0
105597.0
105781.0
105965.0
106140.0
106314.0
106487.0
106661.0
106843.0
107010.0
107194.0
107358.0
107535.0
107719.0
107901.0
108085.0
108267.0
108449.0
108629.0
108794.0
108976.0
109132.0
109306.0
109486.0
109668.0
109843.0
110018.0
110185.0
110367.0
110542.0
110721.0
110900.0
111084.0
111266.0
111435.0
111612.0
111763.0
111947.0
112122.0
112301.0
112483.0
112663.0
112847.0
113024.0
113189.0
113371.0
113526.0
113710.0
113887.0
114069.0
114236.0
114418.0
114597.0
114771.0
114945.0
115129.0
115313.0
115477.0
115654.0
115832.0
115997.0
116173.0
116340.0
116507.0
116669.0
116849.0
117015.0
117197.0
117379.0
117556.0
117731.0
117899.0
118077.0
118253.0
118431.0
118594.0
118758.0
118924.0
119096.0
119262.0
119428.0
119603.0
119774.0
119958.0
120140.0
120315.0
120499.0
120660.0
120838.0
121006.0
121176.0
121353.0
121530.0
121712.0
121874.0
122056.0
122227.0
122401.0
122575.0
122759.0
122924.0
123108.0
123267.0
123449.0
123620.0
123804.0
123979.0
124157.0
124335.0
124514.0
124694.0
124876.0
125039.0
125207.0
125372.0
125549.0
125725.0
125902.0
126071.0
126253.0
126429.0
126591.0
126773.0
126953.0
127126.0
127310.0
127494.0
127654.0
127824.0
127999.0
128177.0
128352.0
128536.0
128713.0
128892.0
129062.0
129234.0
129418.0
129586.0
129759.0
129934.0
130111.0
130293.0
130470.0
130654.0
130838.0
131003.0
131175.0
131352.0
131514.0
131693.0
131868.0
132052.0
132229.0
132399.0
132574.0
132756.0
132928.0
133108.0
133280.0
133459.0
133632.0
133799.0
133972.0
134144.0
134321.0
134501.0
134681.0
134860.0
135024.0
135190.0
135365.0
135542.0
135713.0
135885.0
136057.0
136234.0
136393.0
136573.0
136751.0
136926.0
137085.0
137269.0
137443.0
137622.0
137799.0
137983.0
138158.0
138332.0
138509.0
138693.0
138871.0
139053.0
139237.0
139414.0
139569.0
139742.0
139912.0
140091.0
140275.0
140448.0
140622.0
140806.0
140988.0
141163.0
141317.0
141486.0
141655.0
141832.0
142012.0
142180.0
142347.0
142524.0
142670.0
142854.0
143031.0
143182.0
143357.0
143539.0
143708.0
143877.0
144045.0
144219.0
144397.0
144571.0
144750.0
144928.0
145110.0
145290.0
145459.0
145631.0
145800.0
145977.0
146146.0
146323.0
146498.0
146670.0
146834.0
147011.0
147193.0
147363.0
147539.0
147715.0
147899.0
148077.0
148254.0
148426.0
148594.0
148769.0
148947.0
149126.0
149300.0
149457.0
149636.0
149818.0
149990.0
150169.0
150344.0
150512.0
150682.0
150855.0
151022.0
151200.0
151367.0
151533.0
151708.0
151883.0
152065.0
152240.0
152414.0
152586.0
152768.0
152950.0
153125.0
153287.0
153469.0
153636.0
153809.0
153976.0
154156.0
154340.0
154505.0
154680.0
154852.0
155032.0
155214.0
155391.0
155565.0
155729.0
155911.0
156080.0
156262.0
156427.0
156607.0
156782.0
156959.0
157143.0
157320.0
157502.0
157679.0
157859.0
158041.0
158218.0
158397.0
158562.0
158735.0
158919.0
159101.0
159279.0
159463.0
159642.0
159811.0
159993.0
160177.0
160356.0
160538.0
160717.0
160899.0
161078.0
161257.0
161431.0
161609.0
161791.0
161964.0
162141.0
162325.0
162502.0
162686.0
162856.0
163033.0
163213.0
163397.0
163574.0
163744.0
163916.0
164096.0
164273.0
164451.0
164623.0
164803.0
164974.0
165156.0
165335.0
165519.0
165696.0
165878.0
166052.0
166234.0
166404.0
166588.0
166770.0
166950.0
167127.0
167311.0
167488.0
167670.0
167837.0
168005.0
168172.0
168352.0
168534.0
168711.0
168882.0
169062.0
169244.0
169421.0
169600.0
169780.0
169962.0
170139.0
170321.0
170488.0
170650.0
170832.0
171006.0
171178.0
171355.0
171535.0
171711.0
171879.0
172063.0
172240.0
172412.0
172594.0
172778.0
172955.0
173134.0
173307.0
173484.0
173658.0
173826.0
174000.0
174178.0
174357.0
174541.0
174725.0
174900.0
175077.0
175256.0
175435.0
175608.0
175786.0
175963.0
176132.0
176316.0
176496.0
176673.0
176848.0
177013.0
177185.0
177354.0
177532.0
177714.0
177889.0
178068.0
178239.0
178421.0
178594.0
178765.0
178937.0
179117.0
179292.0
179476.0
179660.0
179830.0
179994.0
180176.0
180337.0
180508.0
180685.0
180867.0
181044.0
181224.0
181385.0
181542.0
181717.0
181882.0
182064.0
182242.0
182420.0
182594.0
182765.0
182939.0
183121.0
183301.0
183473.0
183650.0
183829.0
184013.0
184195.0
184372.0
184552.0
184736.0
184906.0
185074.0
185254.0
185427.0
185604.0
185779.0
185961.0
186128.0
186302.0
186479.0
186655.0
186834.0
187018.0
187185.0
187369.0
187520.0
187698.0
187863.0
188031.0
188203.0
188387.0
188551.0
188735.0
188911.0
189080.0
189262.0
189446.0
189628.0
189810.0
189987.0
190150.0
190322.0
190501.0
190673.0
190852.0
191036.0
191218.0
191398.0
191575.0
191754.0
191927.0
192107.0
192287.0
192464.0
192638.0
192822.0
192997.0
193172.0
193351.0
193528.0
193707.0
193875.0
194047.0
194212.0
194392.0
194569.0
194751.0
194931.0
195113.0
195295.0
195467.0
195649.0
195833.0
196015.0
196188.0
196370.0
196537.0
196707.0
196880.0
197048.0
197215.0
197395.0
197567.0
197718.0
197893.0
198072.0
198256.0
198434.0
198609.0
198793.0
198962.0
199125.0
199296.0
199476.0
199641.0
199811.0
199995.0
200170.0
200340.0
200520.0
200702.0
200845.0
201016.0
201193.0
201365.0
201540.0
201718.0
201887.0
202071.0
202249.0
202425.0
202600.0
202755.0
202935.0
203117.0
203297.0
203457.0
203641.0
203820.0
203980.0
204153.0
204319.0
204478.0
204630.0
204809.0
204987.0
205162.0
205332.0
205510.0
205689.0
205871.0
206042.0
206219.0
206390.0
206558.0
206728.0
206901.0
207078.0
207234.0
207414.0
207588.0
207754.0
207933.0
208115.0
208295.0
208447.0
208625.0
208793.0
208971.0
209143.0
209327.0
209505.0
209689.0
209859.0
210036.0
210209.0
210389.0
210564.0
210734.0
210916.0
211095.0
211275.0
211448.0
211623.0
211801.0
211975.0
212148.0
212324.0
212496.0
212676.0
212854.0
213030.0
213209.0
213386.0
213566.0
213740.0
213924.0
214086.0
214268.0
214426.0
214608.0
214780.0
214954.0
215131.0
215308.0
215490.0
215674.0
215830.0
216009.0
216193.0
216377.0
216556.0
216731.0
216894.0
217078.0
217244.0
217410.0
217589.0
217745.0
217918.0
218084.0
218250.0
218427.0
218594.0
218771.0
218917.0
219096.0
219275.0
219443.0
219616.0
219798.0
219973.0
220157.0
220334.0
220494.0
220668.0
220848.0
221021.0
221189.0
221341.0
221515.0
221690.0
221870.0
222054.0
222238.0
222402.0
222586.0
222754.0
222938.0
223113.0
223293.0
223466.0
223645.0
223829.0
224006.0
224176.0
224353.0
224530.0
224712.0
224885.0
225057.0
225241.0
225403.0
225578.0
225753.0
225935.0
226117.0
226295.0
226463.0
226647.0
226815.0
226991.0
227170.0
227338.0
227511.0
227686.0
227861.0
228028.0
228207.0
228385.0
228565.0
228740.0
228912.0
229087.0
229269.0
229427.0
229607.0
229777.0
229952.0
230131.0
230280.0
230462.0
230641.0
230803.0
230976.0
231156.0
231328.0
231512.0
231689.0
231861.0
232038.0
232220.0
232390.0
232557.0
232727.0
232905.0
233074.0
233234.0
233400.0
233573.0
233753.0
233928.0
234090.0
234267.0
234434.0
234609.0
234789.0
234961.0
235143.0
235315.0
235488.0
235668.0
235830.0
236010.0
236182.0
236366.0
236530.0
236710.0
236890.0
237074.0
237249.0
237428.0
237612.0
237774.0
237958.0
238131.0
238305.0
238475.0
238654.0
238834.0
239018.0
239191.0
239368.0
239548.0
239717.0
239873.0
240045.0
240206.0
240388.0
240563.0
240710.0
240885.0
241062.0
241232.0
241404.0
241570.0
241740.0
241897.0
242071.0
242251.0
242431.0
242613.0
242773.0
242947.0
243124.0
243308.0
243471.0
243644.0
243816.0
243986.0
244160.0
244344.0
244521.0
244701.0
244863.0
245026.0
245203.0
245381.0
245547.0
245724.0
245904.0
246084.0
246263.0
246433.0
246594.0
246762.0
246926.0
247106.0
247272.0
247438.0
247611.0
247778.0
247945.0
248104.0
248286.0
248461.0
248624.0
248808.0
248984.0
249166.0
249338.0
249511.0
249691.0
249871.0
250055.0
250234.0
250418.0
250590.0
250772.0
250956.0
251127.0
251287.0
251459.0
251630.0
251806.0
251990.0
252146.0
252315.0
252499.0
