a = 0.5
g = 0.8
e = 0.5
random initial weights = false

-3042.0
-3488.0
-4026.0
-4632.0
-5208.0
-5649.0
-6274.0
-6745.0
-7194.0
-7639.0
-8250.0
-8663.0
-9117.0
-9587.0
-10092.0
-10594.0
-11041.0
-11557.0
-11391.0
-11240.0
-11681.0
-11544.0
-11399.0
-11826.0
-12266.0
-12689.0
-13153.0
-13587.0
-14015.0
-14496.0
-14337.0
-14759.0
-14604.0
-14456.0
-14306.0
-14162.0
-13990.0
-13820.0
-13642.0
-13493.0
-13327.0
-13161.0
-12997.0
-12833.0
-12663.0
-12502.0
-12335.0
-12181.0
-12013.0
-11854.0
-11693.0
-11532.0
-11372.0
-11196.0
-11060.0
-10933.0
-10768.0
-10592.0
-10441.0
-10274.0
-10104.0
-9942.0
-9768.0
-9609.0
-9446.0
-9293.0
-9145.0
-9009.0
-8835.0
-8661.0
-8512.0
-8347.0
-8218.0
-8080.0
-7917.0
-7767.0
-7626.0
-7469.0
-7302.0
-7142.0
-6973.0
-6817.0
-6654.0
-6482.0
-6336.0
-6186.0
-6051.0
-5875.0
-5701.0
-5532.0
-5369.0
-5196.0
-5024.0
-4848.0
-4678.0
-4547.0
-4377.0
-4214.0
-4060.0
-3895.0
-3736.0
-3568.0
-3431.0
-3261.0
-3085.0
-2950.0
-2792.0
-2632.0
-2456.0
-2370.0
-2202.0
-2042.0
-1896.0
-1832.0
-1703.0
-1536.0
-1366.0
-1221.0
-1056.0
-925.0
-768.0
-594.0
-456.0
-286.0
-128.0
24.0
177.0
328.0
498.0
648.0
762.0
893.0
1058.0
1218.0
1363.0
1510.0
1655.0
1813.0
1968.0
2134.0
2284.0
2446.0
2575.0
2742.0
2906.0
3078.0
3246.0
3420.0
3585.0
3761.0
3920.0
4084.0
4230.0
4359.0
4526.0
4690.0
4821.0
4988.0
5157.0
5321.0
5499.0
5661.0
5829.0
6003.0
6152.0
6314.0
6481.0
6641.0
6810.0
6982.0
7104.0
7282.0
7435.0
7599.0
7772.0
7932.0
8082.0
8258.0
8421.0
8569.0
8726.0
8873.0
9051.0
9213.0
9391.0
9539.0
9682.0
9840.0
10014.0
10190.0
10346.0
10511.0
10646.0
10808.0
10973.0
11126.0
11281.0
11437.0
11601.0
11753.0
11925.0
12078.0
12244.0
12396.0
12566.0
12726.0
12885.0
13028.0
13188.0
13355.0
13505.0
13678.0
13854.0
14019.0
14197.0
14348.0
14507.0
14676.0
14837.0
14993.0
15161.0
15333.0
15500.0
15648.0
15819.0
15952.0
16122.0
16298.0
16452.0
16602.0
16772.0
16919.0
17087.0
17213.0
17379.0
17544.0
17702.0
17867.0
18017.0
18136.0
18307.0
18469.0
18621.0
18775.0
18949.0
19112.0
19276.0
19442.0
19603.0
19775.0
19936.0
20112.0
20278.0
20445.0
20559.0
20728.0
20896.0
21052.0
21180.0
21335.0
21507.0
21638.0
21805.0
21956.0
22121.0
22282.0
22431.0
22585.0
22730.0
22898.0
23033.0
23189.0
23357.0
23522.0
23677.0
23805.0
23981.0
24128.0
24294.0
24411.0
24571.0
24743.0
24905.0
25063.0
25220.0
25373.0
25507.0
25634.0
25735.0
25871.0
26038.0
26198.0
26357.0
26519.0
26685.0
26825.0
26985.0
27163.0
27320.0
27481.0
27648.0
27824.0
27983.0
28148.0
28319.0
28486.0
28634.0
28803.0
28951.0
29127.0
29286.0
29432.0
29591.0
29723.0
29882.0
30053.0
30201.0
30332.0
30499.0
30667.0
30798.0
30950.0
31091.0
31263.0
31425.0
31530.0
31697.0
31835.0
31995.0
32173.0
32343.0
32461.0
32623.0
32781.0
32946.0
33068.0
33236.0
33396.0
33558.0
33714.0
33877.0
34032.0
34197.0
34342.0
34490.0
34655.0
34833.0
35001.0
35155.0
35321.0
35468.0
35633.0
35793.0
35967.0
36143.0
36315.0
36473.0
36644.0
36785.0
36949.0
37099.0
37252.0
37420.0
37590.0
37762.0
37898.0
38049.0
38197.0
38336.0
38485.0
38626.0
38798.0
38963.0
39122.0
39279.0
39436.0
39592.0
39739.0
39917.0
40081.0
40244.0
40384.0
40560.0
40715.0
40875.0
41038.0
41196.0
41366.0
41533.0
41693.0
41839.0
42009.0
42165.0
42324.0
42468.0
42637.0
42792.0
42910.0
43072.0
43220.0
43391.0
43567.0
43717.0
43864.0
44008.0
44157.0
44322.0
44471.0
44632.0
44774.0
44939.0
45083.0
45225.0
45339.0
45505.0
45673.0
45828.0
45957.0
46101.0
46263.0
46416.0
46584.0
46756.0
46923.0
47085.0
47236.0
47402.0
47561.0
47724.0
47893.0
48060.0
48232.0
48395.0
48511.0
48674.0
48816.0
48982.0
49149.0
49297.0
49443.0
49581.0
49751.0
49924.0
50088.0
50250.0
50385.0
50557.0
50711.0
50873.0
51019.0
51142.0
51318.0
51479.0
51633.0
51790.0
51958.0
52101.0
52259.0
52423.0
52591.0
52763.0
52930.0
53070.0
53235.0
53375.0
53536.0
53688.0
53850.0
54010.0
54157.0
54296.0
54453.0
54620.0
54785.0
54945.0
55111.0
55264.0
55428.0
55592.0
55743.0
55890.0
56062.0
56218.0
56391.0
56567.0
56725.0
56882.0
57015.0
57159.0
57323.0
57464.0
57634.0
57804.0
57967.0
58134.0
58306.0
58451.0
58587.0
58755.0
58923.0
59083.0
59253.0
59399.0
59554.0
59690.0
59862.0
60020.0
60182.0
60339.0
60509.0
60657.0
60815.0
60966.0
61132.0
61284.0
61433.0
61596.0
61772.0
61941.0
62088.0
62230.0
62393.0
62561.0
62731.0
62907.0
63067.0
63240.0
63413.0
63586.0
63743.0
63888.0
64058.0
64222.0
64398.0
64496.0
64660.0
64830.0
65004.0
65160.0
65317.0
65486.0
65616.0
65784.0
65951.0
66113.0
66279.0
66425.0
66601.0
66758.0
66923.0
67051.0
67216.0
67388.0
67559.0
67726.0
67868.0
68030.0
68186.0
68339.0
68494.0
68651.0
68795.0
68942.0
69115.0
69280.0
69441.0
69601.0
69764.0
69904.0
70043.0
70206.0
70339.0
70500.0
70661.0
70833.0
70968.0
71126.0
71292.0
71426.0
71544.0
71688.0
71804.0
71955.0
72107.0
72264.0
72406.0
72568.0
72736.0
72905.0
73046.0
73222.0
73376.0
73544.0
73711.0
73872.0
74018.0
74187.0
74351.0
74520.0
74694.0
74830.0
74994.0
75172.0
75336.0
75504.0
75652.0
75824.0
75982.0
76156.0
76308.0
76477.0
76597.0
76757.0
76904.0
77072.0
77225.0
77388.0
77551.0
77715.0
77882.0
78045.0
78206.0
78355.0
78527.0
78699.0
78865.0
79013.0
79182.0
79352.0
79513.0
79685.0
79838.0
79999.0
80160.0
80324.0
80500.0
80669.0
80840.0
80991.0
81152.0
81300.0
81464.0
81615.0
81784.0
81947.0
82059.0
82227.0
82395.0
82558.0
82719.0
82893.0
83044.0
83208.0
83349.0
83525.0
83676.0
83849.0
84011.0
84178.0
84338.0
84502.0
84673.0
84811.0
84962.0
85127.0
85303.0
85455.0
85602.0
85773.0
85934.0
86102.0
86252.0
86411.0
86568.0
86726.0
86885.0
87014.0
87180.0
87315.0
87473.0
87645.0
87800.0
87939.0
88097.0
88271.0
88428.0
88589.0
88746.0
88887.0
89054.0
89228.0
89387.0
89565.0
89714.0
89874.0
90043.0
90212.0
90372.0
90534.0
90706.0
90858.0
91013.0
91158.0
91319.0
91481.0
91630.0
91798.0
91933.0
92089.0
92247.0
92413.0
92578.0
92750.0
92914.0
93080.0
93246.0
93395.0
93543.0
93702.0
93846.0
94015.0
94159.0
94303.0
94462.0
94623.0
94793.0
94938.0
95081.0
95221.0
95379.0
95533.0
95690.0
95846.0
96004.0
96172.0
96333.0
96497.0
96648.0
96787.0
96939.0
97105.0
97273.0
97449.0
97614.0
97785.0
97942.0
98113.0
98272.0
98440.0
98604.0
98759.0
98933.0
99109.0
99268.0
99397.0
99554.0
99709.0
99874.0
100018.0
100158.0
100309.0
100465.0
100631.0
100801.0
100977.0
101134.0
101310.0
101453.0
101608.0
101772.0
101944.0
102107.0
102260.0
102432.0
102585.0
102756.0
102919.0
103056.0
103208.0
103335.0
103499.0
103659.0
103826.0
103988.0
104140.0
104308.0
104460.0
104597.0
104757.0
104916.0
105080.0
105205.0
105368.0
105528.0
105674.0
105846.0
106010.0
106161.0
106335.0
106507.0
106666.0
106820.0
106961.0
107125.0
107266.0
107425.0
107589.0
107726.0
107867.0
108030.0
108196.0
108349.0
108525.0
108689.0
108857.0
109029.0
109166.0
109322.0
109496.0
109656.0
109806.0
109970.0
110089.0
110237.0
110402.0
110547.0
110719.0
110869.0
111017.0
111183.0
111331.0
111505.0
111654.0
111819.0
111983.0
112150.0
112310.0
112486.0
112644.0
112814.0
112965.0
113100.0
113261.0
113432.0
113601.0
113772.0
113924.0
114098.0
114264.0
114421.0
114577.0
114736.0
114883.0
115047.0
115190.0
115340.0
115516.0
115681.0
115825.0
115990.0
116129.0
116296.0
116474.0
116644.0
116806.0
116978.0
117134.0
117290.0
117445.0
117617.0
117780.0
117952.0
118099.0
118275.0
118406.0
118574.0
118696.0
118844.0
119006.0
119170.0
119334.0
119506.0
119668.0
119836.0
120001.0
120173.0
120319.0
120484.0
120597.0
120753.0
120896.0
121064.0
121222.0
121376.0
121538.0
121710.0
121884.0
122041.0
122201.0
122355.0
122525.0
122685.0
122845.0
123010.0
123168.0
123334.0
123493.0
123588.0
123756.0
123912.0
124069.0
124243.0
124403.0
124573.0
124736.0
124888.0
125048.0
125212.0
125373.0
125545.0
125704.0
125856.0
125984.0
126156.0
126317.0
126484.0
126656.0
126820.0
126993.0
127144.0
127310.0
127476.0
127608.0
127743.0
127892.0
128068.0
128230.0
128384.0
128525.0
128650.0
128824.0
128994.0
129151.0
129317.0
129489.0
129654.0
129813.0
129972.0
130148.0
130310.0
130484.0
130636.0
130789.0
130958.0
131119.0
131295.0
131441.0
131609.0
131771.0
131880.0
132056.0
132214.0
132375.0
132510.0
132666.0
132831.0
132993.0
133158.0
133321.0
133482.0
133646.0
133812.0
133988.0
134156.0
134321.0
134493.0
134658.0
134805.0
134973.0
135128.0
135283.0
135449.0
135602.0
135759.0
135927.0
136087.0
136256.0
136401.0
136564.0
136728.0
136888.0
136993.0
137145.0
137312.0
137468.0
137618.0
137781.0
137932.0
138099.0
138249.0
138415.0
138571.0
138733.0
138905.0
139044.0
139210.0
139343.0
139514.0
139683.0
139825.0
139988.0
140159.0
140303.0
140475.0
140576.0
140729.0
140905.0
141073.0
141215.0
141379.0
141536.0
141695.0
141853.0
141991.0
142131.0
142307.0
142472.0
142644.0
142778.0
142956.0
143116.0
143285.0
143449.0
143601.0
143718.0
143874.0
144019.0
144173.0
144342.0
144466.0
144612.0
144745.0
144911.0
145064.0
145225.0
145379.0
145530.0
145693.0
145854.0
146017.0
146121.0
146279.0
146448.0
146594.0
146742.0
146864.0
147022.0
147181.0
147345.0
147480.0
147628.0
147802.0
147974.0
148127.0
148286.0
148454.0
148589.0
148765.0
148938.0
149082.0
149237.0
149391.0
149518.0
149653.0
149813.0
149970.0
150116.0
150277.0
150426.0
150593.0
150762.0
150928.0
151096.0
151232.0
151393.0
151537.0
151713.0
151852.0
152018.0
152192.0
152370.0
152531.0
152679.0
152845.0
152994.0
153134.0
153302.0
153460.0
153619.0
153779.0
153930.0
154077.0
154231.0
154401.0
154561.0
154730.0
154883.0
155042.0
155186.0
155290.0
155439.0
155603.0
155758.0
155889.0
156015.0
156180.0
156352.0
156524.0
156680.0
156836.0
156994.0
157126.0
157298.0
157455.0
157610.0
157781.0
157959.0
158112.0
158265.0
158435.0
158595.0
158751.0
158917.0
159074.0
159231.0
159385.0
159523.0
159697.0
159863.0
160009.0
160132.0
160277.0
160431.0
160588.0
160750.0
160917.0
161088.0
161238.0
161379.0
161539.0
161673.0
161818.0
161942.0
162064.0
162223.0
162399.0
162563.0
162724.0
162902.0
163054.0
163232.0
163400.0
163538.0
163661.0
163812.0
163973.0
164122.0
164285.0
164446.0
164616.0
164753.0
164904.0
165062.0
165227.0
165399.0
165573.0
165741.0
165894.0
166064.0
166190.0
166355.0
166512.0
166670.0
166821.0
166997.0
167169.0
167347.0
167514.0
167673.0
167816.0
167989.0
168156.0
168325.0
168483.0
168643.0
168788.0
168953.0
169099.0
169266.0
169436.0
169574.0
169730.0
169873.0
170043.0
170196.0
170356.0
170525.0
170689.0
170842.0
171016.0
171181.0
171338.0
171472.0
171637.0
171789.0
171939.0
172108.0
172280.0
172440.0
172607.0
172774.0
172941.0
173069.0
173230.0
173371.0
173522.0
173652.0
173822.0
173991.0
174157.0
174321.0
174466.0
174626.0
174763.0
174911.0
175061.0
175231.0
175405.0
175581.0
175745.0
175894.0
176036.0
176196.0
176340.0
176494.0
176648.0
176813.0
176985.0
177146.0
177317.0
177476.0
177569.0
177733.0
177880.0
178020.0
178192.0
178341.0
178475.0
178623.0
178788.0
178935.0
179102.0
179261.0
179428.0
179583.0
179727.0
179882.0
180013.0
180187.0
180340.0
180512.0
180674.0
180828.0
180980.0
181132.0
181294.0
181463.0
181610.0
181782.0
181934.0
182092.0
182258.0
182398.0
182565.0
182705.0
182872.0
183037.0
183203.0
183367.0
183537.0
183702.0
183878.0
184016.0
184184.0
184341.0
184478.0
184639.0
184815.0
184973.0
185119.0
185281.0
185433.0
185578.0
185730.0
185894.0
186058.0
186206.0
186368.0
186523.0
186645.0
186806.0
186948.0
187110.0
187269.0
187434.0
187585.0
187756.0
187872.0
188025.0
188185.0
188346.0
188508.0
188667.0
188829.0
188959.0
189137.0
189311.0
189482.0
189642.0
189787.0
189942.0
190106.0
190263.0
190431.0
190598.0
190766.0
190919.0
191092.0
191261.0
191421.0
191587.0
191742.0
191908.0
192048.0
192211.0
192362.0
192514.0
192675.0
192847.0
193021.0
193197.0
193343.0
193497.0
193664.0
193817.0
193977.0
194125.0
194291.0
194465.0
194612.0
194755.0
194901.0
195073.0
195249.0
195401.0
195548.0
195714.0
195877.0
196034.0
196193.0
196342.0
196513.0
196655.0
196812.0
196966.0
197124.0
197280.0
197433.0
197607.0
197774.0
197888.0
198057.0
198206.0
198370.0
198534.0
198710.0
198876.0
199043.0
199184.0
199342.0
199493.0
199595.0
199734.0
199897.0
200063.0
200220.0
200378.0
200539.0
200683.0
200849.0
201023.0
201153.0
201322.0
201484.0
201645.0
201799.0
201947.0
202107.0
202260.0
202394.0
202543.0
202712.0
202875.0
203041.0
203205.0
203359.0
203513.0
203685.0
203849.0
203987.0
204159.0
204329.0
204491.0
204638.0
204780.0
204894.0
205063.0
205222.0
205398.0
205574.0
205748.0
205901.0
206067.0
206226.0
206369.0
206504.0
206666.0
206834.0
207008.0
207160.0
207328.0
207495.0
207636.0
207797.0
207967.0
208138.0
208285.0
208451.0
208619.0
208766.0
208908.0
209072.0
209218.0
209372.0
209474.0
209641.0
209815.0
209963.0
210132.0
210285.0
210455.0
210600.0
210771.0
210927.0
211099.0
211256.0
211425.0
211584.0
211732.0
211902.0
212049.0
212190.0
212358.0
212517.0
212683.0
212851.0
212989.0
213145.0
213313.0
213470.0
213631.0
213776.0
213927.0
214103.0
214248.0
214387.0
214554.0
214713.0
214857.0
215023.0
215178.0
215330.0
215469.0
215624.0
215788.0
215956.0
216108.0
216259.0
216420.0
216588.0
