a = 0.2
g = 0.8
e = 0.3
random initial weights = false

-2820.0
-5631.0
-6111.0
-6993.0
-7481.0
-8141.0
-8869.0
-9469.0
-9990.0
-10564.0
-11016.0
-11501.0
-11945.0
-12433.0
-12942.0
-13491.0
-13934.0
-14422.0
-14952.0
-15444.0
-15914.0
-16380.0
-16895.0
-17317.0
-19801.0
-20257.0
-20770.0
-21218.0
-21699.0
-21542.0
-21968.0
-22418.0
-22886.0
-23321.0
-23836.0
-24286.0
-24754.0
-25277.0
-25708.0
-26158.0
-26624.0
-27082.0
-27567.0
-28036.0
-28464.0
-28899.0
-29341.0
-29194.0
-29037.0
-29457.0
-29926.0
-30371.0
-30794.0
-31210.0
-31086.0
-31510.0
-31984.0
-32417.0
-32883.0
-35292.0
-35713.0
-35561.0
-36009.0
-35837.0
-36249.0
-36103.0
-35927.0
-35763.0
-35593.0
-35423.0
-35852.0
-36278.0
-36119.0
-35948.0
-35793.0
-36211.0
-36647.0
-36480.0
-36313.0
-36141.0
-35986.0
-35818.0
-35650.0
-35474.0
-35300.0
-35130.0
-34958.0
-34782.0
-34620.0
-34444.0
-34280.0
-34118.0
-33948.0
-33781.0
-33624.0
-33454.0
-33282.0
-33116.0
-32945.0
-32779.0
-32611.0
-32446.0
-32270.0
-32105.0
-31937.0
-31766.0
-31596.0
-31428.0
-31259.0
-31087.0
-30923.0
-30776.0
-30611.0
-30448.0
-30289.0
-30117.0
-29959.0
-29814.0
-29652.0
-29486.0
-29321.0
-29158.0
-28995.0
-28838.0
-28666.0
-28496.0
-28327.0
-28151.0
-27997.0
-27827.0
-27656.0
-27499.0
-27323.0
-27163.0
-26999.0
-26831.0
-26655.0
-26488.0
-26326.0
-26162.0
-25988.0
-25814.0
-25642.0
-25468.0
-25303.0
-25135.0
-24970.0
-24799.0
-24633.0
-24468.0
-24298.0
-24128.0
-23961.0
-23792.0
-23623.0
-23447.0
-23280.0
-23113.0
-22939.0
-22772.0
-22618.0
-22453.0
-22285.0
-22111.0
-21942.0
-21782.0
-21618.0
-21451.0
-21287.0
-21111.0
-20948.0
-20790.0
-20619.0
-20451.0
-20290.0
-20119.0
-19952.0
-19778.0
-19613.0
-19446.0
-19287.0
-19116.0
-18945.0
-18776.0
-18607.0
-18442.0
-18277.0
-18107.0
-17944.0
-17768.0
-17604.0
-17455.0
-17285.0
-17122.0
-16958.0
-16802.0
-16626.0
-16455.0
-16293.0
-16133.0
-15959.0
-15798.0
-15622.0
-15446.0
-15274.0
-15100.0
-14926.0
-14756.0
-14587.0
-14421.0
-14251.0
-14079.0
-13916.0
-13753.0
-13597.0
-13432.0
-13258.0
-13084.0
-12927.0
-12766.0
-12603.0
-12463.0
-12289.0
-12115.0
-11944.0
-11781.0
-11609.0
-11444.0
-11270.0
-11101.0
-10944.0
-10770.0
-10604.0
-10440.0
-10286.0
-10124.0
-9950.0
-9788.0
-9616.0
-9446.0
-9287.0
-9115.0
-8943.0
-8771.0
-8605.0
-8443.0
-8275.0
-8105.0
-7936.0
-7773.0
-7611.0
-7456.0
-7284.0
-7119.0
-6949.0
-6780.0
-6615.0
-6450.0
-6281.0
-6112.0
-5947.0
-5779.0
-5613.0
-5439.0
-5267.0
-5106.0
-4936.0
-4768.0
-4594.0
-4420.0
-4252.0
-4084.0
-3921.0
-3768.0
-3592.0
-3416.0
-3244.0
-3080.0
-2908.0
-2746.0
-2581.0
-2414.0
-2251.0
-2082.0
-1906.0
-1738.0
-1576.0
-1406.0
-1234.0
-1066.0
-903.0
-733.0
-559.0
-392.0
-220.0
-55.0
108.0
271.0
431.0
598.0
756.0
923.0
1077.0
1235.0
1400.0
1572.0
1737.0
1909.0
2065.0
2237.0
2397.0
2571.0
2721.0
2878.0
3037.0
3191.0
3353.0
3527.0
3701.0
3861.0
4023.0
4183.0
4347.0
4512.0
4676.0
4840.0
4993.0
5160.0
5336.0
5508.0
5673.0
5829.0
5987.0
6155.0
6329.0
6499.0
6667.0
6836.0
6988.0
7149.0
7323.0
7493.0
7653.0
7822.0
7984.0
8158.0
8327.0
8495.0
8669.0
8835.0
9009.0
9172.0
9342.0
9492.0
9666.0
9830.0
10004.0
10174.0
10345.0
10519.0
10693.0
10865.0
11039.0
11209.0
11383.0
11557.0
11733.0
11891.0
12065.0
12241.0
12413.0
12575.0
12751.0
12912.0
13084.0
13247.0
13417.0
13578.0
13752.0
13919.0
14084.0
14258.0
14424.0
14579.0
14747.0
14921.0
15083.0
15243.0
15412.0
15586.0
15751.0
15927.0
16086.0
16258.0
16434.0
16584.0
16760.0
16921.0
17072.0
17246.0
17410.0
17568.0
17733.0
17909.0
18081.0
18255.0
18427.0
18589.0
18747.0
18913.0
19083.0
19241.0
19396.0
19566.0
19714.0
19875.0
20051.0
20221.0
20391.0
20563.0
20737.0
20898.0
21072.0
21229.0
21386.0
21548.0
21720.0
21890.0
22039.0
22208.0
22376.0
22545.0
22708.0
22878.0
23044.0
23205.0
23370.0
23538.0
23701.0
23872.0
24035.0
24205.0
24374.0
24545.0
24704.0
24876.0
25038.0
25200.0
25372.0
25546.0
25716.0
25886.0
26052.0
26217.0
26389.0
26554.0
26716.0
26881.0
27051.0
27221.0
27386.0
27553.0
27712.0
27880.0
28054.0
28202.0
28361.0
28518.0
28681.0
28851.0
29025.0
29190.0
29359.0
29535.0
29704.0
29869.0
30041.0
30217.0
30391.0
30559.0
30735.0
30909.0
31085.0
31254.0
31424.0
31600.0
31765.0
31933.0
32105.0
32268.0
32434.0
32608.0
32775.0
32940.0
33108.0
33280.0
33448.0
33602.0
33766.0
33938.0
34105.0
34267.0
34433.0
34582.0
34753.0
34917.0
35084.0
35260.0
35419.0
35589.0
35758.0
35908.0
36073.0
36245.0
36415.0
36582.0
36756.0
36926.0
37089.0
37256.0
37426.0
37598.0
37770.0
37944.0
38108.0
38284.0
38447.0
38619.0
38777.0
38949.0
39115.0
39287.0
39453.0
39618.0
39792.0
39962.0
40122.0
40293.0
40443.0
40619.0
40777.0
40943.0
41119.0
41289.0
41465.0
41630.0
41799.0
41973.0
42142.0
42311.0
42461.0
42629.0
42803.0
42975.0
43142.0
43303.0
43470.0
43642.0
43806.0
43973.0
44140.0
44296.0
44470.0
44639.0
44795.0
44969.0
45137.0
45305.0
45473.0
45647.0
45815.0
45987.0
46139.0
46305.0
46477.0
46637.0
46799.0
46963.0
47125.0
47299.0
47467.0
47634.0
47805.0
47979.0
48131.0
48303.0
48471.0
48637.0
48809.0
48973.0
49136.0
49308.0
49472.0
49640.0
49809.0
49976.0
50146.0
50322.0
50496.0
50644.0
50820.0
50989.0
51159.0
51323.0
51481.0
51648.0
51814.0
51986.0
52141.0
52309.0
52478.0
52640.0
52812.0
52966.0
53138.0
53312.0
53474.0
53635.0
53767.0
53911.0
54080.0
54252.0
54417.0
54587.0
54761.0
54919.0
55093.0
55263.0
55424.0
55591.0
55751.0
55919.0
56070.0
56239.0
56409.0
56578.0
56752.0
56914.0
57083.0
57252.0
57422.0
57589.0
57750.0
57926.0
58096.0
58258.0
58434.0
58606.0
58780.0
58936.0
59105.0
59277.0
59451.0
59622.0
59788.0
59953.0
60110.0
60275.0
60434.0
60608.0
60763.0
60930.0
61104.0
61275.0
61443.0
61615.0
61775.0
61939.0
62111.0
62285.0
62447.0
62617.0
62787.0
62963.0
63137.0
63305.0
63470.0
63646.0
63812.0
63976.0
64148.0
64310.0
64479.0
64639.0
64802.0
64967.0
65137.0
65308.0
65477.0
65636.0
65802.0
65976.0
66150.0
66316.0
66480.0
66652.0
66821.0
66988.0
67164.0
67328.0
67502.0
67669.0
67834.0
67997.0
68150.0
68307.0
68475.0
68644.0
68813.0
68985.0
69147.0
69314.0
69468.0
69633.0
69807.0
69962.0
70130.0
70302.0
70468.0
70637.0
70802.0
70968.0
71133.0
71303.0
71463.0
71619.0
71774.0
71941.0
72110.0
72276.0
72441.0
72610.0
72774.0
72936.0
73106.0
73280.0
73445.0
73612.0
73786.0
73960.0
74130.0
74302.0
74468.0
74633.0
74794.0
74966.0
75136.0
75306.0
75464.0
75632.0
75802.0
75971.0
76143.0
76309.0
76466.0
76636.0
76812.0
76977.0
77137.0
77313.0
77456.0
77627.0
77792.0
77955.0
78110.0
78282.0
78454.0
78624.0
78782.0
78950.0
79113.0
79282.0
79446.0
79620.0
79785.0
79952.0
80122.0
80282.0
80449.0
80616.0
80777.0
80940.0
81116.0
81287.0
81461.0
81632.0
81792.0
81966.0
82140.0
82303.0
82473.0
82642.0
82818.0
82992.0
83168.0
83330.0
83492.0
83660.0
83825.0
83992.0
84163.0
84328.0
84502.0
84676.0
84848.0
85020.0
85190.0
85361.0
85528.0
85687.0
85859.0
86031.0
86199.0
86365.0
86534.0
86695.0
86864.0
87023.0
87195.0
87349.0
87520.0
87696.0
87864.0
88027.0
88185.0
88350.0
88524.0
88686.0
88854.0
89024.0
89200.0
89368.0
89544.0
89720.0
89889.0
90037.0
90202.0
90378.0
90535.0
90696.0
90862.0
91029.0
91201.0
91366.0
91511.0
91674.0
91846.0
92004.0
92169.0
92340.0
92514.0
92688.0
92864.0
93038.0
93206.0
93372.0
93537.0
93703.0
93858.0
94030.0
94206.0
94363.0
94539.0
94704.0
94875.0
95043.0
95217.0
95381.0
95542.0
95707.0
95872.0
96043.0
96214.0
96374.0
96541.0
96698.0
96855.0
97025.0
97197.0
97367.0
97528.0
97704.0
97876.0
98043.0
98217.0
98380.0
98541.0
98699.0
98866.0
99032.0
99202.0
99374.0
99548.0
99717.0
99886.0
100045.0
100217.0
100386.0
100551.0
100723.0
100883.0
101055.0
101219.0
101381.0
101547.0
101709.0
101883.0
102055.0
102223.0
102382.0
102540.0
102709.0
102881.0
103055.0
103226.0
103388.0
103552.0
103720.0
103892.0
104047.0
104214.0
104383.0
104547.0
104710.0
104880.0
105048.0
105211.0
105385.0
105551.0
105723.0
105897.0
106071.0
106238.0
106401.0
106562.0
106708.0
106867.0
107027.0
107193.0
107360.0
107534.0
107698.0
107870.0
108022.0
108191.0
108365.0
108532.0
108698.0
108842.0
109018.0
109190.0
109362.0
109534.0
109705.0
109851.0
110011.0
110171.0
110338.0
110504.0
110667.0
110819.0
110973.0
111143.0
111317.0
111489.0
111661.0
111820.0
111984.0
112160.0
112334.0
112502.0
112654.0
112815.0
112975.0
113136.0
113305.0
113466.0
113642.0
113818.0
113990.0
114156.0
114332.0
114485.0
114657.0
114831.0
115003.0
115177.0
115324.0
115484.0
115651.0
115811.0
115962.0
116120.0
116265.0
116430.0
116595.0
116766.0
116942.0
117110.0
117284.0
117446.0
117608.0
117782.0
117944.0
118114.0
118279.0
118417.0
118577.0
118733.0
118907.0
119069.0
119239.0
119413.0
119574.0
119746.0
119911.0
120081.0
120255.0
120427.0
120590.0
120764.0
120933.0
121099.0
121265.0
121430.0
121604.0
121767.0
121938.0
122112.0
122286.0
122457.0
122621.0
122780.0
122939.0
123111.0
123278.0
123423.0
123590.0
123760.0
123925.0
124090.0
124247.0
124395.0
124553.0
124727.0
124865.0
125016.0
125190.0
125359.0
125528.0
125697.0
125871.0
126040.0
126211.0
126371.0
126533.0
126688.0
126855.0
127025.0
127187.0
127351.0
127525.0
127690.0
127866.0
128038.0
128204.0
128372.0
128519.0
128675.0
128849.0
129021.0
129193.0
129365.0
129532.0
129690.0
129856.0
130025.0
130201.0
130373.0
130543.0
130707.0
130865.0
131032.0
131193.0
131362.0
131531.0
131681.0
131824.0
131984.0
132148.0
132320.0
132492.0
132654.0
132822.0
132986.0
133142.0
133299.0
133475.0
133645.0
133819.0
133977.0
134131.0
134297.0
134465.0
134618.0
134790.0
134960.0
135132.0
135295.0
135460.0
135629.0
135788.0
135941.0
136097.0
136269.0
136423.0
136584.0
136756.0
136920.0
137083.0
137253.0
137427.0
137588.0
137741.0
137917.0
138079.0
138249.0
138420.0
138590.0
138764.0
138934.0
139102.0
139276.0
139442.0
139610.0
139772.0
139935.0
140087.0
140217.0
140387.0
140546.0
140713.0
140874.0
141034.0
141202.0
141374.0
141527.0
141684.0
141851.0
142013.0
142170.0
142330.0
142491.0
142659.0
142835.0
143001.0
143153.0
143308.0
143475.0
143642.0
143801.0
143958.0
144120.0
144292.0
144458.0
144628.0
144795.0
144956.0
145128.0
145293.0
145469.0
145641.0
145803.0
145969.0
146145.0
146314.0
146476.0
146648.0
146817.0
146991.0
147160.0
147334.0
147508.0
147682.0
147833.0
148001.0
148173.0
148341.0
148515.0
148686.0
148858.0
149018.0
149174.0
149345.0
149517.0
149683.0
149842.0
149999.0
150173.0
150343.0
150513.0
150672.0
150835.0
151009.0
151181.0
151353.0
151513.0
151677.0
151843.0
152011.0
152175.0
152340.0
152514.0
152685.0
152857.0
152987.0
153155.0
153331.0
153495.0
153640.0
153812.0
153974.0
154144.0
154308.0
154464.0
154638.0
154806.0
154975.0
155145.0
155310.0
155466.0
155640.0
155814.0
155982.0
156156.0
156324.0
156496.0
156656.0
156828.0
156990.0
157164.0
157331.0
157501.0
157656.0
157802.0
157976.0
158150.0
158308.0
158474.0
158639.0
158807.0
158975.0
159149.0
159321.0
159493.0
159656.0
159821.0
159983.0
160119.0
160283.0
160451.0
160620.0
160787.0
160954.0
161116.0
161288.0
161451.0
161598.0
161758.0
161920.0
162089.0
162247.0
162389.0
162554.0
162725.0
162880.0
163051.0
163218.0
163385.0
163561.0
163729.0
163876.0
164046.0
164211.0
164364.0
164527.0
164670.0
164830.0
164999.0
165171.0
165338.0
165512.0
165682.0
165853.0
166018.0
166179.0
166349.0
166525.0
166670.0
166833.0
167000.0
167169.0
167336.0
167508.0
167680.0
167849.0
168014.0
168179.0
168343.0
168512.0
168676.0
168835.0
169005.0
169170.0
169346.0
169510.0
169684.0
169858.0
170026.0
170196.0
170362.0
170529.0
170693.0
170865.0
171035.0
171211.0
171380.0
171546.0
171700.0
171851.0
172007.0
172149.0
172325.0
172501.0
172656.0
172828.0
173004.0
173173.0
173327.0
173493.0
173663.0
173831.0
173971.0
174131.0
174291.0
174452.0
174619.0
174791.0
174956.0
175127.0
175298.0
175469.0
175634.0
175806.0
175978.0
176143.0
176309.0
176476.0
176645.0
176810.0
176986.0
177158.0
177332.0
177490.0
177660.0
177830.0
177980.0
178147.0
178314.0
178486.0
178641.0
178806.0
178978.0
179142.0
179316.0
179490.0
179646.0
179818.0
179987.0
180153.0
180327.0
180483.0
180638.0
180812.0
180974.0
181129.0
181296.0
181445.0
181613.0
181785.0
181961.0
182125.0
182294.0
182465.0
182634.0
182795.0
182961.0
183129.0
183287.0
183459.0
183625.0
183786.0
183958.0
184132.0
184290.0
184456.0
184619.0
184790.0
184940.0
185100.0
185276.0
185443.0
185615.0
185786.0
185954.0
186122.0
186288.0
186453.0
186621.0
186774.0
186939.0
187115.0
187284.0
187456.0
187628.0
187791.0
187962.0
188136.0
188307.0
188477.0
188643.0
188805.0
188961.0
189130.0
189302.0
189476.0
189645.0
189817.0
189993.0
190151.0
190320.0
190481.0
190655.0
190825.0
190994.0
191133.0
191303.0
191473.0
191645.0
191802.0
191972.0
192128.0
192280.0
192452.0
192622.0
192779.0
192941.0
193110.0
193284.0
193458.0
193632.0
193791.0
193963.0
194120.0
194289.0
194463.0
194625.0
194794.0
194963.0
195137.0
195294.0
195457.0
195633.0
195805.0
195979.0
196140.0
196300.0
196466.0
196636.0
196795.0
196965.0
197139.0
197299.0
197465.0
197639.0
197801.0
197961.0
198129.0
198284.0
198458.0
198632.0
198801.0
198962.0
199134.0
199292.0
199462.0
199619.0
199783.0
199944.0
200103.0
