a = 0.2
g = 0.2
e = 0.5
random initial weights = true

-2758.0
-3673.0
-4202.0
-4894.0
-5391.0
-5819.0
-6517.0
-6956.0
-7712.0
-8188.0
-8754.0
-9404.0
-9964.0
-10409.0
-11062.0
-11673.0
-12107.0
-12568.0
-13097.0
-13564.0
-14037.0
-14465.0
-14978.0
-15475.0
-15911.0
-16349.0
-16864.0
-17303.0
-17731.0
-18376.0
-18853.0
-19336.0
-19879.0
-20385.0
-20833.0
-21308.0
-21800.0
-22308.0
-22769.0
-23253.0
-23696.0
-24198.0
-24633.0
-25086.0
-25528.0
-25435.0
-25875.0
-26324.0
-26848.0
-27305.0
-27765.0
-28197.0
-28608.0
-29136.0
-29610.0
-29567.0
-30036.0
-30470.0
-30905.0
-31354.0
-31894.0
-31734.0
-32150.0
-32021.0
-32459.0
-32922.0
-33360.0
-33824.0
-34279.0
-34788.0
-35231.0
-35704.0
-36181.0
-36598.0
-37023.0
-37556.0
-38014.0
-38447.0
-38879.0
-39313.0
-39752.0
-40228.0
-40661.0
-41101.0
-41521.0
-41965.0
-42484.0
-42336.0
-42752.0
-43182.0
-43606.0
-44084.0
-43967.0
-44392.0
-44354.0
-44190.0
-44051.0
-44577.0
-45032.0
-44882.0
-45311.0
-45746.0
-45601.0
-45475.0
-45333.0
-45783.0
-45637.0
-46062.0
-45906.0
-45765.0
-45619.0
-45445.0
-45873.0
-46312.0
-46773.0
-47207.0
-47090.0
-46925.0
-46869.0
-46716.0
-47136.0
-47582.0
-47418.0
-47261.0
-47720.0
-48143.0
-47975.0
-48394.0
-48862.0
-48730.0
-48626.0
-48457.0
-48878.0
-49307.0
-49148.0
-48989.0
-49405.0
-49850.0
-49699.0
-49525.0
-49956.0
-49795.0
-50233.0
-50070.0
-49931.0
-49763.0
-50199.0
-50025.0
-49885.0
-50309.0
-50734.0
-51152.0
-51581.0
-52019.0
-52483.0
-52361.0
-52197.0
-52049.0
-52483.0
-52941.0
-53363.0
-53196.0
-53096.0
-53529.0
-53951.0
-54396.0
-54820.0
-55261.0
-55703.0
-56125.0
-56541.0
-56420.0
-56854.0
-56724.0
-57181.0
-57608.0
-57482.0
-57330.0
-57183.0
-57022.0
-56864.0
-56703.0
-57143.0
-57579.0
-58008.0
-57848.0
-57681.0
-58125.0
-57974.0
-57832.0
-57678.0
-57506.0
-57332.0
-57160.0
-57001.0
-56875.0
-56699.0
-56550.0
-56400.0
-56250.0
-56076.0
-55933.0
-55774.0
-56185.0
-56020.0
-55862.0
-56296.0
-56733.0
-56582.0
-56424.0
-56275.0
-56114.0
-55976.0
-56394.0
-56866.0
-56704.0
-56550.0
-56384.0
-56208.0
-56052.0
-56472.0
-56897.0
-57310.0
-57153.0
-57054.0
-56891.0
-56734.0
-56564.0
-56401.0
-56233.0
-56067.0
-55927.0
-55754.0
-55599.0
-55480.0
-55371.0
-55219.0
-55659.0
-56107.0
-55980.0
-55822.0
-55659.0
-55487.0
-55338.0
-55168.0
-55008.0
-54872.0
-54707.0
-54566.0
-54402.0
-54231.0
-54064.0
-53919.0
-53750.0
-53572.0
-53396.0
-53260.0
-53112.0
-52951.0
-52808.0
-52652.0
-52502.0
-52357.0
-52189.0
-52026.0
-51869.0
-51726.0
-51564.0
-51402.0
-51250.0
-51079.0
-50912.0
-50738.0
-50564.0
-50396.0
-50243.0
-50108.0
-49960.0
-49811.0
-49638.0
-49505.0
-49329.0
-49190.0
-49017.0
-48864.0
-48726.0
-48568.0
-48436.0
-48279.0
-48121.0
-47954.0
-47795.0
-47637.0
-47479.0
-47325.0
-47175.0
-47008.0
-46850.0
-46757.0
-46598.0
-46439.0
-46304.0
-46181.0
-46026.0
-45868.0
-45702.0
-45526.0
-45362.0
-45211.0
-45061.0
-44901.0
-44743.0
-44569.0
-44401.0
-44231.0
-44064.0
-43910.0
-43758.0
-43584.0
-43410.0
-43252.0
-43088.0
-42923.0
-42779.0
-42603.0
-42446.0
-42281.0
-42122.0
-41958.0
-41833.0
-41677.0
-41510.0
-41342.0
-41172.0
-41059.0
-40889.0
-40729.0
-40580.0
-40441.0
-40278.0
-40125.0
-39949.0
-39797.0
-39645.0
-39487.0
-39324.0
-39165.0
-39026.0
-38877.0
-38722.0
-38566.0
-38388.0
-38236.0
-38074.0
-37903.0
-37761.0
-37583.0
-37419.0
-37314.0
-37138.0
-36974.0
-36820.0
-36685.0
-36517.0
-36353.0
-36192.0
-36030.0
-35862.0
-35709.0
-35535.0
-35384.0
-35223.0
-35061.0
-34894.0
-34734.0
-34687.0
-34531.0
-34357.0
-34190.0
-34038.0
-33886.0
-33747.0
-33595.0
-33448.0
-33284.0
-33128.0
-32976.0
-32822.0
-32679.0
-32517.0
-32377.0
-32224.0
-32057.0
-31893.0
-31758.0
-31613.0
-31441.0
-31309.0
-31139.0
-30974.0
-30807.0
-30669.0
-30528.0
-30375.0
-30236.0
-30071.0
-29893.0
-29739.0
-29581.0
-29416.0
-29266.0
-29099.0
-28931.0
-28768.0
-28626.0
-28459.0
-28297.0
-28134.0
-27960.0
-27808.0
-27655.0
-27534.0
-27377.0
-27215.0
-27053.0
-26910.0
-26732.0
-26567.0
-26395.0
-26253.0
-26100.0
-25958.0
-25791.0
-25654.0
-25481.0
-25315.0
-25169.0
-25002.0
-24888.0
-24763.0
-24604.0
-24449.0
-24280.0
-24132.0
-23975.0
-23834.0
-23673.0
-23502.0
-23346.0
-23186.0
-23031.0
-22859.0
-22706.0
-22547.0
-22382.0
-22230.0
-22088.0
-21973.0
-21837.0
-21675.0
-21530.0
-21416.0
-21265.0
-21097.0
-20937.0
-20761.0
-20610.0
-20437.0
-20287.0
-20127.0
-19971.0
-19812.0
-19650.0
-19494.0
-19340.0
-19184.0
-19012.0
-18885.0
-18729.0
-18561.0
-18405.0
-18237.0
-18064.0
-17911.0
-17747.0
-17571.0
-17413.0
-17267.0
-17119.0
-16956.0
-16812.0
-16653.0
-16534.0
-16367.0
-16214.0
-16040.0
-15885.0
-15717.0
-15551.0
-15405.0
-15231.0
-15061.0
-14901.0
-14753.0
-14585.0
-14421.0
-14257.0
-14137.0
-13974.0
-13850.0
-13691.0
-13531.0
-13382.0
-13216.0
-13058.0
-12926.0
-12784.0
-12627.0
-12453.0
-12282.0
-12127.0
-11982.0
-11822.0
-11664.0
-11511.0
-11337.0
-11175.0
-11003.0
-10835.0
-10683.0
-10518.0
-10349.0
-10188.0
-10031.0
-9855.0
-9705.0
-9535.0
-9374.0
-9219.0
-9064.0
-8904.0
-8747.0
-8580.0
-8414.0
-8269.0
-8106.0
-7949.0
-7796.0
-7677.0
-7511.0
-7347.0
-7188.0
-7019.0
-6900.0
-6733.0
-6572.0
-6439.0
-6272.0
-6103.0
-5959.0
-5801.0
-5648.0
-5478.0
-5302.0
-5142.0
-4986.0
-4816.0
-4695.0
-4541.0
-4367.0
-4201.0
-4039.0
-3883.0
-3709.0
-3552.0
-3381.0
-3248.0
-3100.0
-2950.0
-2814.0
-2663.0
-2529.0
-2358.0
-2192.0
-2036.0
-1862.0
-1701.0
-1534.0
-1374.0
-1203.0
-1037.0
-861.0
-710.0
-554.0
-380.0
-225.0
-73.0
97.0
240.0
400.0
570.0
744.0
910.0
1045.0
1213.0
1382.0
1547.0
1718.0
1853.0
2022.0
2196.0
2334.0
2486.0
2656.0
2829.0
2990.0
3154.0
3302.0
3461.0
3609.0
3774.0
3888.0
4053.0
4219.0
4384.0
4550.0
4702.0
4825.0
4968.0
5136.0
5302.0
5478.0
5644.0
5788.0
5941.0
6103.0
6251.0
6423.0
6589.0
6755.0
6929.0
7096.0
7263.0
7409.0
7575.0
7719.0
7886.0
8041.0
8205.0
8379.0
8539.0
8696.0
8857.0
9006.0
9154.0
9327.0
9486.0
9660.0
9821.0
9963.0
10137.0
10313.0
10438.0
10616.0
10792.0
10963.0
11122.0
11292.0
11447.0
11610.0
11737.0
11902.0
12046.0
12212.0
12343.0
12493.0
12642.0
12814.0
12990.0
13164.0
13308.0
13469.0
13645.0
13815.0
13981.0
14144.0
14264.0
14418.0
14585.0
14755.0
14926.0
15071.0
15222.0
15391.0
15525.0
15697.0
15858.0
16028.0
16176.0
16322.0
16485.0
16638.0
16791.0
16951.0
17102.0
17260.0
17430.0
17596.0
17725.0
17890.0
18062.0
18224.0
18396.0
18572.0
18724.0
18867.0
19024.0
19181.0
19355.0
19520.0
19686.0
19852.0
19993.0
20142.0
20312.0
20467.0
20639.0
20786.0
20964.0
21121.0
21282.0
21451.0
21612.0
21773.0
21939.0
22117.0
22281.0
22429.0
22594.0
22772.0
22937.0
23097.0
23263.0
23432.0
23608.0
23757.0
23935.0
24105.0
24260.0
24424.0
24584.0
24746.0
24907.0
25075.0
25236.0
25402.0
25558.0
25709.0
25835.0
25998.0
26172.0
26320.0
26467.0
26636.0
26812.0
26976.0
27083.0
27213.0
27382.0
27544.0
27701.0
27851.0
28011.0
28189.0
28341.0
28507.0
28669.0
28830.0
28969.0
29118.0
29278.0
29452.0
29624.0
29764.0
29922.0
30071.0
30237.0
30403.0
30577.0
30712.0
30874.0
31039.0
31197.0
31340.0
31436.0
31594.0
31753.0
31927.0
32056.0
32214.0
32374.0
32518.0
32656.0
32815.0
32956.0
33104.0
33258.0
33426.0
33591.0
33755.0
33887.0
34030.0
34199.0
34370.0
34503.0
34659.0
34812.0
34935.0
35105.0
35243.0
35404.0
35575.0
35748.0
35907.0
36071.0
36236.0
36406.0
36551.0
36687.0
36859.0
37023.0
37173.0
37343.0
37515.0
37662.0
37811.0
37958.0
38129.0
38286.0
38427.0
38585.0
38740.0
38900.0
39039.0
39167.0
39304.0
39475.0
39634.0
39792.0
39944.0
40108.0
40240.0
40412.0
40561.0
40717.0
40821.0
40972.0
41112.0
41272.0
41414.0
41583.0
41739.0
41885.0
42053.0
42222.0
42356.0
42497.0
42666.0
42835.0
42974.0
43147.0
43304.0
43466.0
43629.0
43796.0
43955.0
44115.0
44285.0
44435.0
44611.0
44764.0
44916.0
45070.0
45212.0
45374.0
45517.0
45683.0
45829.0
45940.0
46114.0
46290.0
46455.0
46627.0
46800.0
46966.0
47142.0
47310.0
47461.0
47624.0
47781.0
47940.0
48116.0
48277.0
48435.0
48587.0
48734.0
48900.0
49055.0
49231.0
49395.0
49549.0
49681.0
49846.0
50000.0
50112.0
50283.0
50453.0
50625.0
50789.0
50951.0
51109.0
51283.0
51452.0
51616.0
51782.0
51942.0
52087.0
52244.0
52411.0
52573.0
52743.0
52908.0
53043.0
53211.0
53378.0
53543.0
53717.0
53865.0
53950.0
54124.0
54298.0
54455.0
54616.0
54766.0
54938.0
55097.0
55240.0
55399.0
55561.0
55729.0
55896.0
56046.0
56193.0
56337.0
56481.0
56634.0
56807.0
56969.0
57135.0
57291.0
57441.0
57611.0
57778.0
57915.0
58067.0
58216.0
58386.0
58551.0
58722.0
58884.0
59038.0
59199.0
59359.0
59508.0
59674.0
59841.0
59988.0
60156.0
60324.0
60486.0
60650.0
60815.0
60981.0
61142.0
61283.0
61452.0
61619.0
61768.0
61925.0
62075.0
62237.0
62385.0
62556.0
62723.0
62884.0
63050.0
63207.0
63367.0
63523.0
63673.0
63847.0
63975.0
64124.0
64295.0
64454.0
64619.0
64778.0
64940.0
65111.0
65278.0
65445.0
65612.0
65786.0
65958.0
66118.0
66281.0
66428.0
66581.0
66740.0
66907.0
67051.0
67217.0
67384.0
67556.0
67721.0
67862.0
67997.0
68167.0
68331.0
68505.0
68639.0
68793.0
68950.0
69092.0
69251.0
69411.0
69577.0
69737.0
69870.0
70030.0
70193.0
70351.0
70500.0
70666.0
70825.0
70998.0
71165.0
71329.0
71480.0
71637.0
71782.0
71950.0
72090.0
72266.0
72423.0
72581.0
72730.0
72903.0
73063.0
73226.0
73402.0
73569.0
73733.0
73901.0
74047.0
74214.0
74378.0
74531.0
74675.0
74787.0
74941.0
75092.0
75240.0
75390.0
75540.0
75704.0
75849.0
75999.0
76164.0
76310.0
76484.0
76626.0
76788.0
76939.0
77104.0
77266.0
77403.0
77547.0
77703.0
77863.0
78035.0
78201.0
78365.0
78538.0
78700.0
78847.0
79008.0
79178.0
79342.0
79510.0
79688.0
79841.0
79988.0
80158.0
80292.0
80460.0
80623.0
80761.0
80919.0
81086.0
81229.0
81381.0
81547.0
81699.0
81840.0
81999.0
82164.0
82340.0
82505.0
82646.0
82817.0
82973.0
83145.0
83312.0
83478.0
83637.0
83810.0
83973.0
84136.0
84308.0
84473.0
84618.0
84788.0
84937.0
85113.0
85269.0
85424.0
85578.0
85748.0
85916.0
86082.0
86222.0
86382.0
86542.0
86680.0
86849.0
86984.0
87113.0
87283.0
87437.0
87592.0
87751.0
87904.0
88063.0
88207.0
88370.0
88541.0
88715.0
88853.0
89009.0
89163.0
89322.0
89479.0
89629.0
89791.0
89951.0
90118.0
90263.0
90432.0
90596.0
90752.0
90928.0
91074.0
91240.0
91397.0
91561.0
91724.0
91886.0
92055.0
92227.0
92401.0
92567.0
92724.0
92849.0
93011.0
93166.0
93321.0
93490.0
93648.0
93770.0
93917.0
94081.0
94222.0
94394.0
94531.0
94707.0
94854.0
95005.0
95174.0
95308.0
95443.0
95589.0
95753.0
95923.0
96072.0
96188.0
96356.0
96501.0
96668.0
96840.0
97006.0
97172.0
97326.0
97492.0
97662.0
97822.0
97964.0
98138.0
98299.0
98432.0
98598.0
98757.0
98900.0
99028.0
99198.0
99362.0
99529.0
99694.0
99866.0
100034.0
100190.0
100356.0
100522.0
100694.0
100860.0
101028.0
101198.0
101332.0
101493.0
101656.0
101815.0
101958.0
102128.0
102300.0
102447.0
102607.0
102779.0
102950.0
103093.0
103241.0
103398.0
103548.0
103708.0
103853.0
104020.0
104179.0
104307.0
104470.0
104644.0
104797.0
104955.0
105123.0
105297.0
105451.0
105590.0
105760.0
105884.0
106049.0
106207.0
106381.0
106540.0
106696.0
106867.0
107023.0
107172.0
107350.0
107480.0
107641.0
107803.0
107964.0
108118.0
108287.0
108461.0
108624.0
108793.0
108953.0
109108.0
109257.0
109402.0
109578.0
109734.0
109905.0
110083.0
110236.0
110390.0
110549.0
110709.0
110857.0
111002.0
111172.0
111331.0
111507.0
111646.0
111807.0
111972.0
112148.0
112311.0
112465.0
112629.0
112791.0
112938.0
113101.0
113250.0
113411.0
113568.0
113725.0
113874.0
114029.0
114189.0
114353.0
114511.0
114659.0
114814.0
114992.0
115146.0
115263.0
115409.0
115553.0
115699.0
115838.0
116007.0
116178.0
116327.0
116476.0
116604.0
116744.0
116882.0
117051.0
117201.0
117346.0
117493.0
117646.0
117820.0
117996.0
118148.0
118318.0
118480.0
118624.0
118754.0
118893.0
119053.0
119185.0
119345.0
119507.0
119677.0
119847.0
119993.0
120151.0
120321.0
120485.0
120623.0
120780.0
120947.0
121113.0
121275.0
121434.0
121607.0
121754.0
121905.0
122062.0
122233.0
122402.0
122571.0
122745.0
122910.0
123028.0
123186.0
123352.0
123510.0
123657.0
123802.0
123959.0
124118.0
124290.0
124425.0
124590.0
124738.0
124892.0
125064.0
125219.0
125368.0
125534.0
125687.0
125839.0
125996.0
126163.0
126299.0
126450.0
126604.0
126752.0
126918.0
127073.0
127216.0
127373.0
127508.0
127665.0
127831.0
127992.0
128159.0
128325.0
128485.0
128629.0
128793.0
128964.0
129130.0
129289.0
129430.0
129593.0
129730.0
129890.0
130055.0
130182.0
130347.0
130510.0
130677.0
130819.0
130985.0
131140.0
131306.0
131437.0
131584.0
131736.0
131900.0
132050.0
132224.0
132366.0
132510.0
132664.0
132838.0
132987.0
133137.0
133303.0
133466.0
133630.0
133784.0
133953.0
134097.0
134269.0
134431.0
134576.0
134718.0
134870.0
135029.0
135190.0
135350.0
135512.0
135674.0
135825.0
135994.0
136157.0
136327.0
136481.0
136653.0
136819.0
136979.0
137132.0
137271.0
137417.0
137575.0
137730.0
137868.0
138020.0
138185.0
138348.0
138474.0
138602.0
138766.0
138927.0
139099.0
139213.0
139387.0
139555.0
139716.0
139873.0
140026.0
140170.0
140335.0
140500.0
140638.0
140788.0
140930.0
141092.0
141268.0
141423.0
141578.0
141754.0
141912.0
142079.0
142248.0
142410.0
