a = 0.5
g = 0.5
e = 0.5
random initial weights = false

-1242.0
-2163.0
-2725.0
-3494.0
-4070.0
-4597.0
-5081.0
-5599.0
-6154.0
-6684.0
-7119.0
-7720.0
-8250.0
-8694.0
-9157.0
-9041.0
-9519.0
-9949.0
-10399.0
-10848.0
-11309.0
-11746.0
-12182.0
-12613.0
-13144.0
-13596.0
-14039.0
-14521.0
-14958.0
-15399.0
-15991.0
-15861.0
-15708.0
-15554.0
-15390.0
-15813.0
-15679.0
-15527.0
-15403.0
-15239.0
-15085.0
-14935.0
-14780.0
-14638.0
-14498.0
-14345.0
-14191.0
-14017.0
-13849.0
-13697.0
-13533.0
-13381.0
-13226.0
-13063.0
-12911.0
-12789.0
-12633.0
-12491.0
-12319.0
-12160.0
-12004.0
-11843.0
-11681.0
-11517.0
-11362.0
-11199.0
-11078.0
-10926.0
-10819.0
-10685.0
-10529.0
-10357.0
-10194.0
-10039.0
-9869.0
-9722.0
-9568.0
-9438.0
-9277.0
-9145.0
-9017.0
-8869.0
-8725.0
-8558.0
-8405.0
-8246.0
-8086.0
-7944.0
-7775.0
-7623.0
-7476.0
-7316.0
-7154.0
-7004.0
-6837.0
-6672.0
-6516.0
-6357.0
-6189.0
-6031.0
-5891.0
-5753.0
-5577.0
-5432.0
-5273.0
-5114.0
-4949.0
-4791.0
-4633.0
-4517.0
-4343.0
-4199.0
-4064.0
-3901.0
-3749.0
-3612.0
-3447.0
-3292.0
-3140.0
-2990.0
-2825.0
-2660.0
-2495.0
-2339.0
-2182.0
-2017.0
-1875.0
-1718.0
-1590.0
-1427.0
-1255.0
-1105.0
-977.0
-809.0
-660.0
-503.0
-341.0
-193.0
-32.0
127.0
303.0
454.0
624.0
780.0
944.0
1118.0
1278.0
1450.0
1611.0
1769.0
1937.0
2063.0
2233.0
2392.0
2553.0
2720.0
2855.0
3011.0
3167.0
3331.0
3480.0
3654.0
3813.0
3946.0
4114.0
4252.0
4399.0
4549.0
4689.0
4830.0
5000.0
5145.0
5278.0
5439.0
5592.0
5761.0
5881.0
6031.0
6196.0
6362.0
6527.0
6692.0
6839.0
6996.0
7157.0
7301.0
7463.0
7617.0
7768.0
7938.0
8083.0
8232.0
8397.0
8557.0
8707.0
8871.0
9036.0
9198.0
9325.0
9469.0
9635.0
9783.0
9915.0
10043.0
10217.0
10391.0
10567.0
10731.0
10901.0
11067.0
11213.0
11371.0
11534.0
11688.0
11854.0
12030.0
12198.0
12358.0
12503.0
12663.0
12811.0
12976.0
13128.0
13287.0
13459.0
13617.0
13768.0
13934.0
14083.0
14236.0
14389.0
14560.0
14683.0
14815.0
14950.0
15115.0
15285.0
15450.0
15605.0
15777.0
15934.0
16104.0
16254.0
16410.0
16574.0
16739.0
16899.0
17048.0
17212.0
17362.0
17530.0
17674.0
17823.0
17986.0
18154.0
18295.0
18460.0
18623.0
18768.0
18940.0
19051.0
19178.0
19335.0
19462.0
19636.0
19803.0
19958.0
20130.0
20296.0
20468.0
20612.0
20763.0
20922.0
21076.0
21218.0
21333.0
21479.0
21639.0
21805.0
21959.0
22115.0
22267.0
22439.0
22609.0
22778.0
22933.0
23090.0
23236.0
23396.0
23547.0
23708.0
23880.0
24036.0
24210.0
24373.0
24528.0
24662.0
24815.0
24946.0
25094.0
25252.0
25395.0
25565.0
25731.0
25876.0
26046.0
26192.0
26345.0
26473.0
26626.0
26745.0
26904.0
27061.0
27233.0
27395.0
27540.0
27696.0
27861.0
28029.0
28187.0
28352.0
28497.0
28665.0
28814.0
28984.0
29138.0
29292.0
29444.0
29532.0
29682.0
29838.0
29976.0
30124.0
30269.0
30410.0
30524.0
30689.0
30846.0
30991.0
31126.0
31290.0
31405.0
31569.0
31719.0
31843.0
32001.0
32166.0
32324.0
32465.0
32639.0
32794.0
32948.0
33091.0
33259.0
33431.0
33591.0
33735.0
33831.0
33990.0
34147.0
34306.0
34462.0
34613.0
34764.0
34908.0
35064.0
35224.0
35376.0
35538.0
35704.0
35849.0
36016.0
36172.0
36327.0
36490.0
36654.0
36821.0
36979.0
37128.0
37300.0
37414.0
37573.0
37732.0
37890.0
38059.0
38198.0
38364.0
38516.0
38655.0
38813.0
38969.0
39139.0
39302.0
39466.0
39612.0
39775.0
39930.0
40085.0
40241.0
40411.0
40575.0
40737.0
40895.0
41049.0
41208.0
41374.0
41536.0
41700.0
41848.0
42011.0
42172.0
42333.0
42476.0
42620.0
42785.0
42946.0
43086.0
43236.0
43395.0
43534.0
43679.0
43851.0
44015.0
44163.0
44313.0
44460.0
44604.0
44759.0
44919.0
45079.0
45236.0
45399.0
45543.0
45698.0
45855.0
45981.0
46110.0
46245.0
46403.0
46560.0
46723.0
46873.0
47038.0
47187.0
47355.0
47498.0
47654.0
47802.0
47947.0
48107.0
48269.0
48415.0
48563.0
48734.0
48896.0
49065.0
49222.0
49365.0
49505.0
49652.0
49780.0
49938.0
50094.0
50258.0
50413.0
50567.0
50717.0
50878.0
51046.0
51209.0
51373.0
51519.0
51662.0
51830.0
51991.0
52091.0
52250.0
52409.0
52577.0
52738.0
52896.0
53042.0
53212.0
53356.0
53518.0
53673.0
53816.0
53983.0
54133.0
54288.0
54439.0
54605.0
54760.0
54890.0
55054.0
55228.0
55376.0
55517.0
55679.0
55851.0
56005.0
56177.0
56293.0
56446.0
56608.0
56759.0
56842.0
56983.0
57140.0
57303.0
57447.0
57619.0
57750.0
57883.0
58035.0
58196.0
58336.0
58500.0
58649.0
58814.0
58950.0
59116.0
59276.0
59450.0
59614.0
59762.0
59907.0
60061.0
60226.0
60402.0
60562.0
60698.0
60837.0
60971.0
61133.0
61273.0
61435.0
61573.0
61679.0
61837.0
62001.0
62137.0
62295.0
62455.0
62616.0
62771.0
62940.0
63112.0
63251.0
63407.0
63548.0
63715.0
63847.0
63992.0
64124.0
64286.0
64458.0
64607.0
64756.0
64912.0
65066.0
65227.0
65376.0
65540.0
65681.0
65843.0
66019.0
66162.0
66311.0
66455.0
66599.0
66769.0
66920.0
67076.0
67240.0
67375.0
67527.0
67703.0
67836.0
68002.0
68157.0
68292.0
68454.0
68617.0
68756.0
68888.0
69053.0
69221.0
69370.0
69529.0
69665.0
69821.0
69948.0
70076.0
70232.0
70370.0
70502.0
70605.0
70771.0
70921.0
71064.0
71220.0
71365.0
71513.0
71673.0
71824.0
71969.0
72141.0
72315.0
72447.0
72611.0
72769.0
72934.0
73085.0
73251.0
73390.0
73541.0
73701.0
73856.0
74009.0
74155.0
74306.0
74469.0
74603.0
74727.0
74889.0
75030.0
75179.0
75339.0
75471.0
75602.0
75771.0
75905.0
76057.0
76204.0
76353.0
76507.0
76677.0
76847.0
77021.0
77178.0
77347.0
77509.0
77658.0
77799.0
77945.0
78097.0
78247.0
78416.0
78569.0
78729.0
78885.0
79039.0
79203.0
79346.0
79509.0
79673.0
79831.0
79980.0
80147.0
80281.0
80445.0
80608.0
80716.0
80873.0
81022.0
81181.0
81313.0
81452.0
81626.0
81781.0
81937.0
82088.0
82246.0
82386.0
82532.0
82688.0
82844.0
82997.0
83138.0
83289.0
83431.0
83575.0
83716.0
83873.0
84027.0
84165.0
84306.0
84462.0
84614.0
84757.0
84903.0
85067.0
85218.0
85369.0
85470.0
85621.0
85797.0
85959.0
86121.0
86281.0
86406.0
86555.0
86711.0
86856.0
87002.0
87172.0
87346.0
87499.0
87675.0
87824.0
87972.0
88129.0
88274.0
88429.0
88580.0
88741.0
88900.0
89055.0
89220.0
89386.0
89545.0
89675.0
89829.0
89971.0
90064.0
90223.0
90388.0
90538.0
90692.0
90820.0
90986.0
91142.0
91303.0
91450.0
91613.0
91776.0
91938.0
92091.0
92251.0
92420.0
92570.0
92729.0
92877.0
93011.0
93167.0
93324.0
93473.0
93623.0
93777.0
93939.0
94101.0
94246.0
94415.0
94571.0
94738.0
94902.0
95053.0
95217.0
95376.0
95535.0
95688.0
95824.0
95991.0
96152.0
96296.0
96452.0
96551.0
96719.0
96872.0
97039.0
97198.0
97340.0
97493.0
97640.0
97812.0
97972.0
98136.0
98293.0
98458.0
98616.0
98774.0
98928.0
99104.0
99233.0
99397.0
99543.0
99687.0
99839.0
99984.0
100118.0
100268.0
100428.0
100580.0
100739.0
100898.0
101060.0
101229.0
101350.0
101505.0
101653.0
101814.0
101961.0
102115.0
102266.0
102380.0
102526.0
102642.0
102785.0
102951.0
103064.0
103232.0
103393.0
103563.0
103725.0
103892.0
104038.0
104197.0
104340.0
104487.0
104653.0
104804.0
104963.0
105131.0
105293.0
105401.0
105548.0
105680.0
105834.0
106008.0
106174.0
106336.0
106492.0
106638.0
106795.0
106953.0
107123.0
107264.0
107404.0
107563.0
107720.0
107876.0
108040.0
108212.0
108375.0
108539.0
108713.0
108872.0
109046.0
109206.0
109370.0
109542.0
109701.0
109873.0
110003.0
110173.0
110343.0
110505.0
110625.0
110753.0
110920.0
111061.0
111205.0
111365.0
111539.0
111687.0
111838.0
111980.0
112125.0
112289.0
112429.0
112593.0
112737.0
112876.0
113039.0
113186.0
113337.0
113496.0
113656.0
113785.0
113944.0
114093.0
114253.0
114393.0
114541.0
114691.0
114858.0
114992.0
115156.0
115325.0
115485.0
115648.0
115816.0
115990.0
116137.0
116274.0
116439.0
116578.0
116736.0
116886.0
117035.0
117176.0
117348.0
117511.0
117619.0
117769.0
117924.0
118066.0
118210.0
118327.0
118479.0
118607.0
118755.0
118890.0
119021.0
119184.0
119344.0
119510.0
119632.0
119799.0
119950.0
120112.0
120263.0
120420.0
120577.0
120737.0
120893.0
121040.0
121203.0
121373.0
121523.0
121683.0
121855.0
122013.0
122173.0
122335.0
122496.0
122656.0
122809.0
122979.0
123139.0
123302.0
123464.0
123605.0
123747.0
123903.0
124077.0
124242.0
124378.0
124528.0
124670.0
124810.0
124966.0
125115.0
125269.0
125426.0
125588.0
125736.0
125879.0
126017.0
126160.0
126312.0
126463.0
126633.0
126801.0
126924.0
127092.0
127229.0
127378.0
127531.0
127705.0
127864.0
128024.0
128170.0
128309.0
128458.0
128579.0
128751.0
128893.0
129052.0
129213.0
129364.0
129524.0
129650.0
129813.0
129975.0
130124.0
130278.0
130432.0
130596.0
130718.0
130878.0
131043.0
131203.0
131348.0
131522.0
131673.0
131828.0
131990.0
132156.0
132311.0
132487.0
132659.0
132820.0
132992.0
133154.0
133316.0
133461.0
133616.0
133769.0
133931.0
134085.0
134234.0
134377.0
134543.0
134685.0
134845.0
134994.0
135141.0
135294.0
135447.0
135609.0
135726.0
135883.0
136050.0
136200.0
136337.0
136458.0
136617.0
136741.0
136906.0
137056.0
137220.0
137345.0
137455.0
137614.0
137772.0
137900.0
138051.0
138207.0
138345.0
138510.0
138676.0
138807.0
138967.0
139123.0
139270.0
139415.0
139563.0
139715.0
139883.0
139993.0
140134.0
140290.0
140457.0
140620.0
140788.0
140943.0
141092.0
141248.0
141415.0
141579.0
141747.0
141915.0
142060.0
142224.0
142382.0
142543.0
142715.0
142858.0
143028.0
143191.0
143309.0
143477.0
143644.0
143799.0
143970.0
144131.0
144298.0
144468.0
144629.0
144801.0
144907.0
145059.0
145180.0
145349.0
145510.0
145653.0
145803.0
145937.0
146098.0
146244.0
146405.0
146573.0
146721.0
146887.0
147048.0
147204.0
147374.0
147532.0
147698.0
147833.0
147993.0
148147.0
148303.0
148448.0
148527.0
148674.0
148824.0
148975.0
149137.0
149291.0
149436.0
149592.0
149733.0
149892.0
150050.0
150200.0
150351.0
150496.0
150650.0
150773.0
150934.0
151094.0
151255.0
151412.0
151571.0
151735.0
151899.0
152005.0
152150.0
152293.0
152447.0
152598.0
152731.0
152907.0
153068.0
153232.0
153392.0
153549.0
153686.0
153833.0
153992.0
154143.0
154251.0
154395.0
154513.0
154651.0
154808.0
154958.0
155105.0
155267.0
155432.0
155565.0
155730.0
155892.0
156028.0
156191.0
156346.0
156494.0
156638.0
156780.0
156950.0
157113.0
157268.0
157418.0
157583.0
157753.0
157929.0
158100.0
158252.0
158412.0
158572.0
158730.0
158898.0
159054.0
159220.0
159388.0
159551.0
159626.0
159786.0
159929.0
160069.0
160233.0
160388.0
160547.0
160692.0
160851.0
161005.0
161159.0
161302.0
161455.0
161616.0
161735.0
161892.0
162045.0
162208.0
162380.0
162548.0
162708.0
162871.0
163026.0
163180.0
163323.0
163482.0
163633.0
163782.0
163928.0
164077.0
164218.0
164381.0
164527.0
164680.0
164837.0
164972.0
165105.0
165279.0
165447.0
165599.0
165766.0
165918.0
166088.0
166258.0
166428.0
166555.0
166715.0
166875.0
167011.0
167177.0
167327.0
167495.0
167637.0
167793.0
167942.0
168095.0
168253.0
168391.0
168547.0
168698.0
168857.0
169023.0
169189.0
169355.0
169529.0
169666.0
169835.0
169968.0
170130.0
170283.0
170444.0
170588.0
170749.0
170875.0
171042.0
171199.0
171361.0
171529.0
171698.0
171866.0
172010.0
172177.0
172320.0
172483.0
172644.0
172812.0
172976.0
173128.0
173276.0
173447.0
173621.0
173795.0
173959.0
174122.0
174271.0
174427.0
174571.0
174733.0
174873.0
175032.0
175188.0
175350.0
175500.0
175653.0
175805.0
175965.0
176137.0
176303.0
176449.0
176593.0
176765.0
176912.0
177068.0
177231.0
177363.0
177481.0
177608.0
177751.0
177867.0
178005.0
178147.0
178317.0
178461.0
178633.0
178784.0
178916.0
179076.0
179231.0
179394.0
179558.0
179694.0
179855.0
180007.0
180160.0
180285.0
180428.0
180594.0
180726.0
180873.0
180956.0
181108.0
181256.0
181395.0
181541.0
181669.0
181828.0
181984.0
182156.0
182311.0
182477.0
182630.0
182774.0
182926.0
183076.0
183213.0
183362.0
183532.0
183702.0
183876.0
184026.0
184186.0
184328.0
184476.0
184607.0
184755.0
184919.0
185052.0
185202.0
185376.0
185534.0
185673.0
185836.0
185985.0
186147.0
186292.0
186463.0
186613.0
186752.0
186915.0
187078.0
187229.0
187375.0
187540.0
187682.0
187833.0
187985.0
188138.0
188294.0
188457.0
188594.0
188747.0
188908.0
189060.0
189215.0
189354.0
189513.0
189653.0
189808.0
189974.0
190139.0
190292.0
190441.0
190553.0
190722.0
190861.0
190957.0
191100.0
191250.0
191411.0
191587.0
191754.0
191920.0
192088.0
192255.0
192398.0
192548.0
192698.0
192825.0
192978.0
193131.0
193294.0
193445.0
193595.0
193755.0
193918.0
194064.0
194234.0
194399.0
194561.0
194711.0
194864.0
194990.0
195154.0
195317.0
195484.0
195646.0
195795.0
195939.0
196085.0
196237.0
196396.0
196557.0
196726.0
196891.0
197047.0
197208.0
197371.0
197512.0
197667.0
197822.0
197977.0
198136.0
198292.0
198441.0
198576.0
198718.0
198860.0
199019.0
199187.0
199334.0
199489.0
199639.0
199774.0
199932.0
200094.0
200256.0
200408.0
200569.0
200675.0
200838.0
200979.0
201141.0
201280.0
201444.0
201594.0
201748.0
201901.0
202067.0
202235.0
202390.0
202549.0
202687.0
202841.0
202997.0
203145.0
203296.0
203427.0
203584.0
203753.0
203906.0
204078.0
204243.0
204410.0
204554.0
204709.0
204879.0
205011.0
205157.0
205306.0
205477.0
205647.0
205802.0
205961.0
206137.0
206272.0
206395.0
206539.0
206702.0
206843.0
207004.0
207164.0
207319.0
207463.0
207619.0
207774.0
207917.0
208077.0
208231.0
208382.0
208510.0
208655.0
