a = 0.5
g = 0.5
e = 0.1
random initial weights = false

-2630.0
-3139.0
-3852.0
-4387.0
-4885.0
-5311.0
-5771.0
-6222.0
-6632.0
-7052.0
-7467.0
-7293.0
-7116.0
-6934.0
-6750.0
-6607.0
-6423.0
-6239.0
-6059.0
-5875.0
-5693.0
-5511.0
-5327.0
-5148.0
-4974.0
-4794.0
-4617.0
-4433.0
-4251.0
-4067.0
-3883.0
-3709.0
-3525.0
-3341.0
-3157.0
-2973.0
-2789.0
-2605.0
-2428.0
-2259.0
-2080.0
-1896.0
-1731.0
-1547.0
-1368.0
-1184.0
-1000.0
-816.0
-634.0
-452.0
-273.0
-89.0
95.0
279.0
461.0
645.0
829.0
1013.0
1193.0
1377.0
1552.0
1731.0
1913.0
2092.0
2271.0
2453.0
2635.0
2817.0
3001.0
3176.0
3360.0
3544.0
3723.0
3902.0
4084.0
4259.0
4443.0
4616.0
4796.0
4970.0
5152.0
5331.0
5515.0
5699.0
5881.0
6060.0
6242.0
6412.0
6594.0
6771.0
6955.0
7135.0
7319.0
7503.0
7682.0
7866.0
8043.0
8227.0
8411.0
8595.0
8779.0
8961.0
9145.0
9329.0
9513.0
9697.0
9881.0
10061.0
10245.0
10427.0
10607.0
10789.0
10973.0
11152.0
11334.0
11518.0
11702.0
11881.0
12063.0
12245.0
12424.0
12603.0
12787.0
12969.0
13153.0
13337.0
13521.0
13703.0
13882.0
14059.0
14238.0
14420.0
14597.0
14774.0
14956.0
15140.0
15322.0
15506.0
15688.0
15867.0
16049.0
16231.0
16413.0
16593.0
16775.0
16957.0
17137.0
17319.0
17503.0
17685.0
17869.0
18049.0
18233.0
18412.0
18594.0
18776.0
18960.0
19134.0
19316.0
19500.0
19684.0
19866.0
20043.0
20222.0
20402.0
20581.0
20763.0
20947.0
21126.0
21304.0
21488.0
21672.0
21856.0
22040.0
22224.0
22408.0
22592.0
22769.0
22953.0
23130.0
23314.0
23498.0
23682.0
23866.0
24045.0
24229.0
24413.0
24595.0
24779.0
24959.0
25143.0
25323.0
25502.0
25684.0
25866.0
26048.0
26227.0
26411.0
26591.0
26773.0
26957.0
27127.0
27309.0
27493.0
27670.0
27849.0
28033.0
28217.0
28401.0
28585.0
28762.0
28939.0
29113.0
29291.0
29473.0
29657.0
29839.0
30021.0
30203.0
30385.0
30569.0
30748.0
30930.0
31110.0
31294.0
31478.0
31657.0
31836.0
32018.0
32202.0
32374.0
32558.0
32740.0
32924.0
33104.0
33286.0
33470.0
33652.0
33830.0
34012.0
34194.0
34373.0
34557.0
34739.0
34923.0
35107.0
35289.0
35471.0
35655.0
35839.0
36018.0
36202.0
36380.0
36562.0
36740.0
36924.0
37106.0
37290.0
37469.0
37643.0
37827.0
38009.0
38191.0
38375.0
38553.0
38727.0
38911.0
39095.0
39275.0
39452.0
39634.0
39818.0
40002.0
40184.0
40364.0
40548.0
40727.0
40906.0
41090.0
41274.0
41452.0
41626.0
41806.0
41988.0
42170.0
42352.0
42536.0
42718.0
42902.0
43086.0
43270.0
43443.0
43625.0
43809.0
43993.0
44177.0
44355.0
44539.0
44721.0
44905.0
45087.0
45271.0
45451.0
45635.0
45819.0
46001.0
46180.0
46362.0
46541.0
46725.0
46909.0
47093.0
47271.0
47455.0
47635.0
47819.0
47998.0
48182.0
48366.0
48548.0
48725.0
48905.0
49089.0
49271.0
49442.0
49621.0
49803.0
49987.0
50171.0
50355.0
50534.0
50716.0
50900.0
51084.0
51264.0
51446.0
51630.0
51814.0
51996.0
52171.0
52353.0
52532.0
52714.0
52896.0
53080.0
53264.0
53448.0
53632.0
53814.0
53994.0
54173.0
54355.0
54539.0
54723.0
54902.0
55086.0
55270.0
55454.0
55636.0
55820.0
56002.0
56179.0
56361.0
56538.0
56720.0
56899.0
57081.0
57265.0
57449.0
57633.0
57817.0
57994.0
58176.0
58360.0
58539.0
58723.0
58907.0
59089.0
59273.0
59453.0
59637.0
59819.0
59999.0
60183.0
60367.0
60549.0
60731.0
60915.0
61097.0
61276.0
61460.0
61642.0
61824.0
62008.0
62185.0
62369.0
62553.0
62737.0
62921.0
63103.0
63285.0
63467.0
63651.0
63833.0
64017.0
64199.0
64376.0
64560.0
64744.0
64921.0
65105.0
65282.0
65464.0
65637.0
65816.0
65995.0
66174.0
66353.0
66535.0
66717.0
66901.0
67085.0
67269.0
67444.0
67621.0
67800.0
67984.0
68168.0
68352.0
68536.0
68720.0
68904.0
69088.0
69272.0
69456.0
69640.0
69819.0
69998.0
70177.0
70359.0
70541.0
70721.0
70905.0
71084.0
71264.0
71448.0
71632.0
71811.0
71995.0
72179.0
72363.0
72547.0
72731.0
72915.0
73097.0
73276.0
73448.0
73630.0
73807.0
73991.0
74175.0
74357.0
74541.0
74723.0
74907.0
75091.0
75273.0
75457.0
75639.0
75821.0
76005.0
76189.0
76371.0
76555.0
76739.0
76918.0
77100.0
77280.0
77457.0
77639.0
77823.0
78007.0
78191.0
78370.0
78547.0
78726.0
78910.0
79089.0
79273.0
79452.0
79636.0
79818.0
80002.0
80186.0
80370.0
80554.0
80732.0
80916.0
81100.0
81279.0
81456.0
81635.0
81819.0
82003.0
82187.0
82366.0
82550.0
82734.0
82916.0
83093.0
83275.0
83459.0
83641.0
83825.0
84000.0
84184.0
84363.0
84545.0
84729.0
84913.0
85090.0
85272.0
85456.0
85630.0
85814.0
85998.0
86180.0
86364.0
86546.0
86730.0
86914.0
87098.0
87282.0
87454.0
87638.0
87820.0
88004.0
88188.0
88367.0
88551.0
88721.0
88903.0
89083.0
89267.0
89451.0
89630.0
89814.0
89993.0
90173.0
90353.0
90535.0
90719.0
90903.0
91087.0
91271.0
91453.0
91637.0
91821.0
91985.0
92169.0
92353.0
92537.0
92721.0
92903.0
93085.0
93269.0
93436.0
93620.0
93804.0
93988.0
94172.0
94356.0
94540.0
94724.0
94903.0
95085.0
95269.0
95453.0
95628.0
95812.0
95996.0
96180.0
96360.0
96534.0
96702.0
96881.0
97063.0
97247.0
97431.0
97610.0
97792.0
97972.0
98156.0
98338.0
98520.0
98704.0
98886.0
99063.0
99247.0
99429.0
99613.0
99793.0
99968.0
100152.0
100331.0
100513.0
100692.0
100872.0
101051.0
101233.0
101417.0
101596.0
101773.0
101955.0
102134.0
102316.0
102495.0
102679.0
102863.0
103040.0
103224.0
103408.0
103592.0
103776.0
103953.0
104132.0
104316.0
104495.0
104679.0
104861.0
105038.0
105222.0
105406.0
105590.0
105774.0
105958.0
106138.0
106322.0
106502.0
106684.0
106868.0
107052.0
107236.0
107414.0
107594.0
107778.0
107962.0
108146.0
108330.0
108514.0
108691.0
108875.0
109057.0
109241.0
109421.0
109603.0
109787.0
109971.0
110155.0
110339.0
110523.0
110707.0
110889.0
111068.0
111247.0
111429.0
111613.0
111797.0
111981.0
112165.0
112349.0
112533.0
112717.0
112901.0
113080.0
113264.0
113446.0
113628.0
113810.0
113990.0
114174.0
114353.0
114537.0
114715.0
114897.0
115079.0
115258.0
115440.0
115624.0
115808.0
115988.0
116162.0
116346.0
116528.0
116710.0
116894.0
117073.0
117247.0
117431.0
117615.0
117797.0
117979.0
118163.0
118345.0
118527.0
118711.0
118893.0
119077.0
119261.0
119440.0
119624.0
119808.0
119988.0
120170.0
120354.0
120533.0
120717.0
120899.0
121073.0
121253.0
121437.0
121621.0
121805.0
121989.0
122171.0
122355.0
122539.0
122723.0
122902.0
123086.0
123268.0
123445.0
123629.0
123813.0
123997.0
124181.0
124363.0
124545.0
124729.0
124913.0
125095.0
125274.0
125456.0
125638.0
125822.0
126004.0
126186.0
126368.0
126552.0
126736.0
126920.0
127102.0
127286.0
127470.0
127650.0
127827.0
128006.0
128190.0
128372.0
128556.0
128734.0
128916.0
129098.0
129280.0
129457.0
129641.0
129825.0
130004.0
130181.0
130365.0
130542.0
130721.0
130905.0
131087.0
131271.0
131455.0
131639.0
131823.0
132003.0
132185.0
132369.0
132549.0
132733.0
132915.0
133099.0
133283.0
133467.0
133651.0
133835.0
134019.0
134193.0
134377.0
134561.0
134745.0
134929.0
135111.0
135295.0
135472.0
135656.0
135840.0
136024.0
136208.0
136392.0
136576.0
136760.0
136937.0
137121.0
137305.0
137489.0
137671.0
137845.0
138027.0
138211.0
138393.0
138570.0
138750.0
138934.0
139116.0
139291.0
139475.0
139659.0
139843.0
140027.0
140209.0
140393.0
140575.0
140759.0
140941.0
141120.0
141302.0
141484.0
141663.0
141842.0
142026.0
142204.0
142386.0
142570.0
142752.0
142934.0
143118.0
143295.0
143470.0
143654.0
143836.0
144020.0
144197.0
144381.0
144565.0
144749.0
144931.0
145115.0
145292.0
145476.0
145660.0
145844.0
146028.0
146210.0
146392.0
146569.0
146744.0
146921.0
147101.0
147285.0
147469.0
147653.0
147833.0
148017.0
148199.0
148383.0
148567.0
148739.0
148923.0
149107.0
149291.0
149470.0
149654.0
149838.0
150020.0
150204.0
150381.0
150563.0
150742.0
150916.0
151093.0
151277.0
151461.0
151645.0
151827.0
152011.0
152191.0
152375.0
152557.0
152741.0
152925.0
153109.0
153289.0
153464.0
153648.0
153826.0
154005.0
154187.0
154371.0
154555.0
154739.0
154923.0
155107.0
155275.0
155459.0
155643.0
155822.0
156004.0
156186.0
156368.0
156552.0
156734.0
156916.0
157100.0
157284.0
157466.0
157650.0
157834.0
158014.0
158198.0
158380.0
158559.0
158743.0
158921.0
159105.0
159289.0
159473.0
159657.0
159834.0
160011.0
160195.0
160379.0
160556.0
160740.0
160919.0
161086.0
161270.0
161454.0
161636.0
161811.0
161990.0
162174.0
162353.0
162535.0
162715.0
162899.0
163083.0
163260.0
163440.0
163624.0
163806.0
163988.0
164172.0
164351.0
164533.0
164717.0
164901.0
165080.0
165264.0
165446.0
165628.0
165810.0
165994.0
166166.0
166350.0
166532.0
166709.0
166893.0
167072.0
167251.0
167435.0
167615.0
167797.0
167976.0
168156.0
168340.0
168524.0
168708.0
168890.0
169062.0
169246.0
169428.0
169612.0
169796.0
169978.0
170162.0
170346.0
170528.0
170712.0
170896.0
171080.0
171264.0
171441.0
171620.0
171794.0
171973.0
172157.0
172339.0
172519.0
172703.0
172887.0
173066.0
173245.0
173424.0
173606.0
173776.0
173958.0
174138.0
174315.0
174495.0
174674.0
174858.0
175042.0
175226.0
175404.0
175586.0
175768.0
175950.0
176132.0
176309.0
176487.0
176671.0
176850.0
177034.0
177216.0
177400.0
177582.0
177761.0
177945.0
178129.0
178311.0
178495.0
178674.0
178858.0
179040.0
179222.0
179401.0
179581.0
179765.0
179947.0
180131.0
180315.0
180497.0
180676.0
180860.0
181042.0
181226.0
181408.0
181590.0
181774.0
181958.0
182140.0
182322.0
182501.0
182683.0
182860.0
183044.0
183223.0
183405.0
183589.0
183773.0
183955.0
184139.0
184323.0
184502.0
184679.0
184863.0
185047.0
185231.0
185415.0
185597.0
185776.0
185953.0
186137.0
186321.0
186503.0
186687.0
186871.0
187055.0
187237.0
187421.0
187605.0
187784.0
187968.0
188146.0
188322.0
188492.0
188676.0
188855.0
189039.0
189223.0
189403.0
189585.0
189767.0
189951.0
190135.0
190319.0
190503.0
190682.0
190861.0
191040.0
191219.0
191403.0
191577.0
191761.0
191943.0
192125.0
192309.0
192493.0
192677.0
192857.0
193039.0
193218.0
193402.0
193572.0
193756.0
193940.0
194122.0
194306.0
194490.0
194669.0
194849.0
195027.0
195201.0
195381.0
195565.0
195747.0
195931.0
196108.0
196285.0
196465.0
196649.0
196831.0
197015.0
197199.0
197381.0
197560.0
197742.0
197926.0
198106.0
198290.0
198474.0
198658.0
198842.0
199026.0
199203.0
199387.0
199571.0
199750.0
199932.0
200116.0
200298.0
200482.0
200666.0
200850.0
201032.0
201214.0
201396.0
201580.0
201764.0
201948.0
202125.0
202309.0
202493.0
202675.0
202859.0
203032.0
203211.0
203391.0
203570.0
203754.0
203929.0
204113.0
204297.0
204481.0
204665.0
204849.0
205033.0
205217.0
205401.0
205585.0
205767.0
205949.0
206131.0
206313.0
206497.0
206676.0
206858.0
207042.0
207221.0
207405.0
207589.0
207773.0
207957.0
208141.0
208323.0
208505.0
208685.0
208867.0
209051.0
209235.0
209414.0
209598.0
209782.0
209966.0
210148.0
210330.0
210507.0
210691.0
210868.0
211052.0
211236.0
211420.0
211604.0
211784.0
211961.0
212145.0
212322.0
212504.0
212686.0
212870.0
213054.0
213238.0
213417.0
213601.0
213785.0
213969.0
214153.0
214335.0
214519.0
214699.0
214881.0
215060.0
215234.0
215413.0
215592.0
215776.0
215960.0
216142.0
216322.0
216506.0
216690.0
216874.0
217049.0
217233.0
217417.0
217601.0
217780.0
217964.0
218131.0
218315.0
218495.0
218675.0
218857.0
219041.0
219220.0
219394.0
219578.0
219762.0
219944.0
220128.0
220312.0
220496.0
220675.0
220859.0
221038.0
221222.0
221404.0
221586.0
221770.0
221954.0
222133.0
222317.0
222501.0
222685.0
222869.0
223041.0
223225.0
223409.0
223593.0
223768.0
223952.0
224131.0
224315.0
224494.0
224676.0
224858.0
225037.0
225217.0
225401.0
225575.0
225759.0
225941.0
226125.0
226305.0
226489.0
226671.0
226853.0
227037.0
227216.0
227395.0
227577.0
227756.0
227938.0
228122.0
228306.0
228490.0
228674.0
228858.0
229035.0
229204.0
229386.0
229568.0
229750.0
229934.0
230116.0
230298.0
230465.0
230649.0
230831.0
231013.0
231195.0
231377.0
231557.0
231737.0
231914.0
232098.0
232282.0
232457.0
232632.0
232810.0
232990.0
233174.0
233356.0
233535.0
233710.0
233889.0
234073.0
234257.0
234437.0
234616.0
234788.0
234972.0
235156.0
235335.0
235519.0
235703.0
235882.0
236062.0
236239.0
236423.0
236607.0
236791.0
236973.0
237155.0
237337.0
237521.0
237698.0
237882.0
238064.0
238241.0
238425.0
238609.0
238793.0
238977.0
239161.0
239343.0
239525.0
239709.0
239881.0
240057.0
240241.0
240425.0
240607.0
240786.0
240965.0
241149.0
241331.0
241515.0
241699.0
241881.0
242063.0
242247.0
242431.0
242615.0
242799.0
242983.0
243165.0
243349.0
243531.0
243707.0
243889.0
244071.0
244255.0
244439.0
244618.0
244802.0
244986.0
245170.0
245354.0
245538.0
245716.0
245900.0
246074.0
246258.0
246442.0
246626.0
246810.0
246992.0
247174.0
247358.0
247538.0
247722.0
247906.0
248090.0
248274.0
248453.0
248637.0
248821.0
249003.0
249187.0
249364.0
249546.0
249725.0
249907.0
250089.0
250266.0
250448.0
250627.0
250806.0
250988.0
251172.0
251356.0
251540.0
251724.0
251906.0
252090.0
252274.0
252458.0
252640.0
252824.0
253006.0
253190.0
253374.0
253558.0
253738.0
253922.0
254104.0
254281.0
254460.0
254642.0
254821.0
255003.0
255182.0
255366.0
255550.0
255730.0
255914.0
256087.0
256271.0
256455.0
256635.0
256819.0
257003.0
257187.0
257371.0
257555.0
257739.0
257921.0
258105.0
258289.0
258471.0
258655.0
258834.0
259018.0
259198.0
259382.0
259566.0
259750.0
259928.0
260112.0
260294.0
260478.0
260662.0
260846.0
261030.0
261209.0
261391.0
261575.0
261759.0
261939.0
262118.0
262302.0
262486.0
262670.0
262854.0
263038.0
