a = 0.8
g = 0.8
e = 0.3
random initial weights = true

-2451.0
-5213.0
-6062.0
-6586.0
-7064.0
-7480.0
-7951.0
-8390.0
-8821.0
-8655.0
-9063.0
-8887.0
-9309.0
-9171.0
-8989.0
-8814.0
-8641.0
-8469.0
-8295.0
-8126.0
-7949.0
-7781.0
-7613.0
-7445.0
-7261.0
-7083.0
-6905.0
-6728.0
-6577.0
-6406.0
-6237.0
-6075.0
-5893.0
-5720.0
-5550.0
-5368.0
-5194.0
-5027.0
-4843.0
-4659.0
-4477.0
-4304.0
-4122.0
-3966.0
-3787.0
-3611.0
-3440.0
-3278.0
-3103.0
-2950.0
-2783.0
-2606.0
-2424.0
-2242.0
-2070.0
-1890.0
-1712.0
-1535.0
-1353.0
-1212.0
-1030.0
-850.0
-687.0
-509.0
-335.0
-155.0
20.0
187.0
366.0
539.0
707.0
891.0
1073.0
1253.0
1428.0
1612.0
1790.0
1970.0
2141.0
2316.0
2486.0
2654.0
2836.0
3018.0
3190.0
3346.0
3514.0
3694.0
3872.0
4047.0
4212.0
4384.0
4551.0
4735.0
4908.0
5087.0
5267.0
5449.0
5624.0
5797.0
5977.0
6151.0
6323.0
6507.0
6687.0
6869.0
7043.0
7208.0
7377.0
7556.0
7733.0
7908.0
8077.0
8237.0
8398.0
8576.0
8758.0
8925.0
9107.0
9282.0
9462.0
9641.0
9812.0
9992.0
10171.0
10347.0
10518.0
10691.0
10873.0
11044.0
11217.0
11399.0
11571.0
11749.0
11925.0
12105.0
12275.0
12454.0
12631.0
12802.0
12979.0
13158.0
13325.0
13504.0
13680.0
13834.0
14000.0
14148.0
14330.0
14514.0
14688.0
14872.0
15051.0
15226.0
15387.0
15555.0
15719.0
15896.0
16080.0
16260.0
16432.0
16612.0
16792.0
16974.0
17146.0
17323.0
17498.0
17682.0
17851.0
18003.0
18163.0
18323.0
18505.0
18677.0
18852.0
19018.0
19202.0
19386.0
19565.0
19743.0
19923.0
20097.0
20279.0
20459.0
20637.0
20819.0
20999.0
21179.0
21349.0
21529.0
21711.0
21888.0
22065.0
22235.0
22414.0
22587.0
22762.0
22937.0
23119.0
23303.0
23474.0
23652.0
23830.0
24006.0
24188.0
24354.0
24532.0
24707.0
24880.0
25058.0
25225.0
25397.0
25575.0
25757.0
25941.0
26115.0
26295.0
26472.0
26642.0
26817.0
26994.0
27171.0
27355.0
27539.0
27718.0
27900.0
28072.0
28251.0
28435.0
28592.0
28772.0
28938.0
29080.0
29262.0
29438.0
29606.0
29786.0
29953.0
30137.0
30319.0
30499.0
30659.0
30832.0
31009.0
31191.0
31373.0
31557.0
31728.0
31901.0
32076.0
32248.0
32428.0
32603.0
32777.0
32961.0
33141.0
33318.0
33495.0
33672.0
33856.0
34031.0
34198.0
34367.0
34536.0
34701.0
34883.0
35060.0
35239.0
35419.0
35597.0
35777.0
35936.0
36120.0
36290.0
36470.0
36654.0
36803.0
36985.0
37164.0
37342.0
37526.0
37703.0
37864.0
38043.0
38219.0
38403.0
38580.0
38755.0
38935.0
39119.0
39292.0
39460.0
39634.0
39811.0
39981.0
40158.0
40333.0
40468.0
40646.0
40826.0
41002.0
41186.0
41360.0
41540.0
41706.0
41888.0
42062.0
42246.0
42419.0
42578.0
42746.0
42930.0
43072.0
43245.0
43429.0
43599.0
43772.0
43956.0
44127.0
44292.0
44464.0
44648.0
44827.0
45007.0
45187.0
45353.0
45516.0
45682.0
45864.0
46039.0
46221.0
46386.0
46557.0
46720.0
46904.0
47079.0
47254.0
47423.0
47598.0
47769.0
47951.0
48133.0
48313.0
48495.0
48669.0
48847.0
49026.0
49206.0
49370.0
49534.0
49711.0
49890.0
50059.0
50238.0
50422.0
50601.0
50785.0
50943.0
51108.0
51292.0
51455.0
51637.0
51809.0
51986.0
52150.0
52325.0
52507.0
52686.0
52861.0
53043.0
53219.0
53403.0
53554.0
53706.0
53883.0
54057.0
54237.0
54410.0
54575.0
54745.0
54917.0
55096.0
55271.0
55374.0
55545.0
55708.0
55883.0
56049.0
56223.0
56385.0
56562.0
56740.0
56913.0
57095.0
57274.0
57448.0
57625.0
57809.0
57986.0
58146.0
58330.0
58508.0
58668.0
58845.0
59010.0
59185.0
59363.0
59540.0
59706.0
59888.0
60058.0
60234.0
60414.0
60582.0
60755.0
60930.0
61106.0
61279.0
61461.0
61623.0
61805.0
61984.0
62157.0
62325.0
62505.0
62677.0
62853.0
63028.0
63196.0
63375.0
63557.0
63737.0
63899.0
64081.0
64265.0
64426.0
64598.0
64782.0
64957.0
65134.0
65314.0
65498.0
65669.0
65847.0
66029.0
66206.0
66386.0
66552.0
66723.0
66907.0
67089.0
67262.0
67444.0
67619.0
67792.0
67974.0
68143.0
68307.0
68477.0
68657.0
68835.0
69015.0
69192.0
69370.0
69550.0
69729.0
69904.0
70084.0
70263.0
70438.0
70617.0
70799.0
70976.0
71158.0
71338.0
71522.0
71700.0
71882.0
72042.0
72209.0
72372.0
72552.0
72729.0
72903.0
73079.0
73256.0
73429.0
73603.0
73787.0
73953.0
74122.0
74300.0
74484.0
74668.0
74845.0
74993.0
75170.0
75350.0
75532.0
75695.0
75877.0
76034.0
76207.0
76382.0
76553.0
76723.0
76893.0
77070.0
77236.0
77408.0
77587.0
77766.0
77940.0
78097.0
78263.0
78447.0
78626.0
78808.0
78987.0
79160.0
79337.0
79521.0
79693.0
79851.0
80024.0
80206.0
80381.0
80552.0
80736.0
80915.0
81093.0
81267.0
81435.0
81595.0
81779.0
81963.0
82127.0
82307.0
82487.0
82662.0
82832.0
83012.0
83192.0
83344.0
83509.0
83681.0
83854.0
84019.0
84201.0
84380.0
84550.0
84724.0
84893.0
85075.0
85234.0
85414.0
85584.0
85763.0
85936.0
86111.0
86291.0
86463.0
86623.0
86805.0
86973.0
87151.0
87317.0
87494.0
87678.0
87857.0
88039.0
88197.0
88345.0
88524.0
88708.0
88885.0
89063.0
89243.0
89421.0
89601.0
89776.0
89948.0
90123.0
90292.0
90464.0
90627.0
90809.0
90981.0
91165.0
91347.0
91511.0
91686.0
91849.0
92026.0
92198.0
92382.0
92544.0
92723.0
92898.0
93082.0
93256.0
93440.0
93613.0
93771.0
93934.0
94116.0
94296.0
94469.0
94651.0
94831.0
95015.0
95185.0
95355.0
95537.0
95719.0
95899.0
96071.0
96242.0
96419.0
96590.0
96763.0
96937.0
97119.0
97296.0
97478.0
97650.0
97825.0
97987.0
98166.0
98332.0
98505.0
98679.0
98853.0
99027.0
99206.0
99381.0
99563.0
99737.0
99912.0
100091.0
100275.0
100459.0
100630.0
100814.0
100998.0
101182.0
101339.0
101495.0
101675.0
101833.0
102017.0
102179.0
102351.0
102523.0
102693.0
102872.0
103025.0
103205.0
103389.0
103564.0
103727.0
103888.0
104063.0
104200.0
104378.0
104541.0
104715.0
104890.0
105063.0
105228.0
105386.0
105564.0
105728.0
105910.0
106090.0
106265.0
106430.0
106599.0
106770.0
106954.0
107131.0
107315.0
107483.0
107643.0
107811.0
107988.0
108167.0
108332.0
108495.0
108677.0
108844.0
109028.0
109212.0
109396.0
109572.0
109732.0
109911.0
110074.0
110258.0
110409.0
110593.0
110761.0
110906.0
111074.0
111234.0
111401.0
111581.0
111761.0
111943.0
112122.0
112304.0
112488.0
112637.0
112821.0
113001.0
113181.0
113360.0
113539.0
113704.0
113870.0
114048.0
114216.0
114391.0
114567.0
114737.0
114909.0
115080.0
115257.0
115441.0
115619.0
115794.0
115976.0
116146.0
116323.0
116491.0
116664.0
116848.0
117032.0
117211.0
117384.0
117553.0
117731.0
117903.0
118072.0
118252.0
118424.0
118608.0
118780.0
118955.0
119137.0
119288.0
119466.0
119648.0
119823.0
119999.0
120166.0
120343.0
120516.0
120694.0
120868.0
121041.0
121214.0
121393.0
121567.0
121744.0
121919.0
122082.0
122259.0
122441.0
122623.0
122805.0
122985.0
123151.0
123322.0
123504.0
123684.0
123857.0
124020.0
124193.0
124355.0
124537.0
124712.0
124894.0
125078.0
125255.0
125432.0
125611.0
125785.0
125965.0
126147.0
126326.0
126497.0
126673.0
126845.0
127029.0
127205.0
127374.0
127541.0
127709.0
127891.0
128063.0
128209.0
128381.0
128565.0
128744.0
128921.0
129091.0
129268.0
129436.0
129602.0
129773.0
129943.0
130120.0
130304.0
130468.0
130643.0
130820.0
130972.0
131147.0
131326.0
131505.0
131675.0
131852.0
132032.0
132207.0
132380.0
132554.0
132726.0
132905.0
133067.0
133249.0
133426.0
133591.0
133768.0
133940.0
134104.0
134283.0
134446.0
134625.0
134793.0
134962.0
135146.0
135328.0
135503.0
135681.0
135859.0
136033.0
136210.0
136390.0
136545.0
136702.0
136858.0
137035.0
137217.0
137388.0
137563.0
137742.0
137924.0
138103.0
138262.0
138435.0
138617.0
138794.0
138976.0
139153.0
139322.0
139499.0
139683.0
139862.0
140044.0
140224.0
140396.0
140578.0
140735.0
140917.0
141092.0
141259.0
141436.0
141615.0
141794.0
141974.0
142139.0
142318.0
142502.0
142681.0
142863.0
143042.0
143220.0
143402.0
143556.0
143704.0
143886.0
144059.0
144236.0
144411.0
144578.0
144757.0
144935.0
145112.0
145279.0
145457.0
145629.0
145796.0
145978.0
146146.0
146323.0
146488.0
146672.0
146850.0
147012.0
147186.0
147368.0
147552.0
147731.0
147910.0
148078.0
148262.0
148440.0
148620.0
148775.0
148955.0
149132.0
149314.0
149491.0
149675.0
149859.0
150036.0
150215.0
150388.0
150567.0
150746.0
150930.0
151110.0
151285.0
151463.0
151616.0
151796.0
151978.0
152162.0
152341.0
152525.0
152701.0
152881.0
153048.0
153226.0
153394.0
153576.0
153745.0
153925.0
154105.0
154287.0
154469.0
154641.0
154820.0
154999.0
155177.0
155352.0
155526.0
155710.0
155894.0
156066.0
156248.0
156423.0
156607.0
156770.0
156950.0
157129.0
157313.0
157482.0
157662.0
157832.0
158004.0
158186.0
158363.0
158535.0
158709.0
158888.0
159059.0
159243.0
159425.0
159595.0
159772.0
159941.0
160118.0
160292.0
160460.0
160642.0
160812.0
160996.0
161169.0
161349.0
161523.0
161702.0
161877.0
162061.0
162217.0
162390.0
162552.0
162732.0
162912.0
163090.0
163269.0
163439.0
163623.0
163807.0
163991.0
164170.0
164349.0
164533.0
164698.0
164877.0
165052.0
165229.0
165411.0
165587.0
165763.0
165942.0
166110.0
166273.0
166435.0
166612.0
166791.0
166970.0
167149.0
167333.0
167515.0
167681.0
167863.0
168047.0
168219.0
168393.0
168570.0
168754.0
168930.0
169107.0
169286.0
169448.0
169623.0
169779.0
169959.0
170137.0
170319.0
170501.0
170662.0
170842.0
171024.0
171191.0
171370.0
171552.0
171727.0
171909.0
172079.0
172250.0
172428.0
172593.0
172757.0
172917.0
173079.0
173247.0
173427.0
173595.0
173777.0
173942.0
174116.0
174272.0
174447.0
174625.0
174798.0
174959.0
175118.0
175288.0
175472.0
175625.0
175793.0
175970.0
176137.0
176311.0
176485.0
176653.0
176826.0
177004.0
177186.0
177368.0
177547.0
177727.0
177901.0
178075.0
178248.0
178422.0
178600.0
178772.0
178954.0
179131.0
179305.0
179461.0
179641.0
179809.0
179988.0
180160.0
180328.0
180489.0
180652.0
180830.0
181005.0
181187.0
181359.0
181525.0
181707.0
181884.0
182061.0
182233.0
182407.0
182591.0
182773.0
182942.0
183126.0
183283.0
183467.0
183646.0
183818.0
183986.0
184151.0
184326.0
184485.0
184658.0
184836.0
184999.0
185167.0
185349.0
185531.0
185706.0
185888.0
186051.0
186221.0
186395.0
186567.0
186736.0
186913.0
187081.0
187258.0
187435.0
187611.0
187779.0
187944.0
188126.0
188303.0
188487.0
188661.0
188828.0
189008.0
189188.0
189363.0
189545.0
189716.0
189891.0
190059.0
190217.0
190397.0
190574.0
190746.0
190928.0
191098.0
191282.0
191462.0
191632.0
191814.0
191987.0
192139.0
192321.0
192485.0
192664.0
192836.0
193014.0
193189.0
193353.0
193535.0
193719.0
193894.0
194067.0
194242.0
194412.0
194587.0
194762.0
194937.0
195121.0
195298.0
195480.0
195662.0
195837.0
196012.0
196181.0
196363.0
196535.0
196715.0
196887.0
197069.0
197253.0
197422.0
197604.0
197779.0
197953.0
198128.0
198295.0
198468.0
198640.0
198818.0
198986.0
199166.0
199348.0
199532.0
199698.0
199862.0
200034.0
200206.0
200381.0
200560.0
200714.0
200890.0
201067.0
201228.0
201407.0
201589.0
201773.0
201943.0
202111.0
202295.0
202474.0
202650.0
202822.0
202996.0
203173.0
203344.0
203517.0
203699.0
203878.0
204054.0
204221.0
204391.0
204575.0
204753.0
204895.0
205067.0
205249.0
205431.0
205596.0
205778.0
205950.0
206132.0
206299.0
206473.0
206639.0
206819.0
206993.0
207168.0
207341.0
207506.0
207685.0
207862.0
208046.0
208219.0
208394.0
208560.0
208712.0
208884.0
209055.0
209227.0
209406.0
209568.0
209745.0
209929.0
210111.0
210280.0
210453.0
210626.0
210796.0
210972.0
211152.0
211334.0
211509.0
211688.0
211858.0
212029.0
212197.0
212377.0
212548.0
212718.0
212890.0
213074.0
213243.0
213418.0
213595.0
213771.0
213938.0
214110.0
214287.0
214464.0
214643.0
214811.0
214981.0
215165.0
215330.0
215503.0
215678.0
215856.0
216040.0
216194.0
216378.0
216555.0
216728.0
216910.0
217078.0
217255.0
217437.0
217617.0
217789.0
217944.0
218128.0
218292.0
218451.0
218630.0
218814.0
218991.0
219171.0
219346.0
219530.0
219701.0
219881.0
220058.0
220236.0
220396.0
220569.0
220749.0
220909.0
221089.0
221271.0
221455.0
221617.0
221786.0
221954.0
222127.0
222294.0
222476.0
222656.0
222818.0
222982.0
223159.0
223336.0
223511.0
223676.0
223839.0
224011.0
224195.0
224364.0
224534.0
224707.0
224889.0
225068.0
225241.0
225414.0
225573.0
225747.0
225912.0
226089.0
226273.0
226442.0
226614.0
226791.0
226955.0
227137.0
227310.0
227477.0
227651.0
227818.0
227997.0
228163.0
228336.0
228497.0
228661.0
228843.0
229021.0
229201.0
229385.0
229565.0
229737.0
229915.0
230099.0
230276.0
230449.0
230627.0
230804.0
230973.0
231151.0
231311.0
231487.0
231651.0
231825.0
231993.0
232175.0
232349.0
232518.0
232696.0
232874.0
233043.0
233227.0
233399.0
233571.0
233753.0
233925.0
234092.0
234270.0
234440.0
234619.0
234776.0
234958.0
235125.0
235293.0
235472.0
235649.0
235824.0
235994.0
236169.0
236349.0
236519.0
236696.0
236880.0
237053.0
237219.0
237396.0
237566.0
237741.0
237905.0
238081.0
238263.0
238443.0
238620.0
238795.0
238968.0
239136.0
239312.0
239478.0
239652.0
239825.0
239995.0
240150.0
240313.0
240482.0
240660.0
240833.0
241017.0
241201.0
241355.0
241516.0
241695.0
241870.0
242042.0
242222.0
242397.0
242570.0
242743.0
242907.0
243089.0
243269.0
243445.0
243625.0
243802.0
243976.0
244146.0
244330.0
244480.0
244657.0
244833.0
245007.0
245184.0
245366.0
245542.0
245708.0
245888.0
246065.0
246237.0
246404.0
246578.0
246755.0
246925.0
247085.0
247267.0
247442.0
247622.0
247801.0
247983.0
248167.0
248340.0
248507.0
248686.0
248853.0
249033.0
249202.0
249379.0
249549.0
249716.0
249893.0
