a = 0.2
g = 0.5
e = 0.5
random initial weights = true

-2622.0
-3511.0
-6166.0
-6671.0
-7284.0
-7867.0
-8322.0
-8911.0
-9375.0
-9839.0
-9744.0
-10221.0
-10719.0
-11158.0
-11593.0
-12107.0
-12549.0
-12430.0
-12265.0
-12159.0
-12651.0
-13152.0
-13020.0
-13450.0
-13286.0
-13121.0
-13544.0
-13421.0
-13850.0
-14281.0
-14113.0
-14527.0
-14966.0
-14789.0
-14636.0
-14458.0
-14276.0
-14099.0
-13917.0
-13768.0
-13599.0
-13437.0
-13272.0
-13088.0
-12908.0
-12748.0
-12599.0
-12468.0
-12301.0
-12169.0
-11993.0
-11834.0
-11682.0
-11528.0
-11360.0
-11204.0
-11041.0
-10901.0
-10733.0
-10553.0
-10383.0
-10217.0
-10054.0
-9893.0
-9743.0
-9615.0
-9442.0
-9269.0
-9089.0
-8923.0
-8765.0
-8606.0
-8426.0
-8269.0
-8099.0
-7950.0
-7770.0
-7626.0
-7460.0
-7318.0
-7141.0
-6966.0
-6813.0
-6664.0
-6503.0
-6348.0
-6187.0
-6033.0
-5873.0
-5719.0
-5550.0
-5371.0
-5191.0
-5026.0
-4857.0
-4701.0
-4541.0
-4382.0
-4223.0
-4045.0
-3904.0
-3764.0
-3587.0
-3433.0
-3265.0
-3115.0
-2938.0
-2754.0
-2585.0
-2418.0
-2247.0
-2087.0
-1921.0
-1756.0
-1577.0
-1464.0
-1313.0
-1157.0
-983.0
-813.0
-645.0
-505.0
-340.0
-213.0
-37.0
135.0
302.0
447.0
553.0
694.0
856.0
1027.0
1154.0
1322.0
1491.0
1647.0
1811.0
1974.0
2119.0
2269.0
2435.0
2554.0
2719.0
2881.0
3031.0
3194.0
3350.0
3518.0
3674.0
3793.0
3945.0
4114.0
4291.0
4454.0
4629.0
4787.0
4944.0
5097.0
5241.0
5380.0
5546.0
5697.0
5731.0
5913.0
6072.0
6249.0
6417.0
6571.0
6751.0
6901.0
7058.0
7222.0
7397.0
7563.0
7637.0
7797.0
7974.0
8144.0
8303.0
8467.0
8608.0
8782.0
8934.0
9108.0
9250.0
9383.0
9554.0
9714.0
9876.0
10039.0
10207.0
10384.0
10527.0
10693.0
10861.0
11035.0
11189.0
11338.0
11503.0
11685.0
11834.0
12001.0
12161.0
12300.0
12446.0
12621.0
12769.0
12929.0
13106.0
13228.0
13380.0
13538.0
13703.0
13876.0
14019.0
14186.0
14344.0
14513.0
14684.0
14849.0
15015.0
15186.0
15326.0
15485.0
15632.0
15794.0
15967.0
16145.0
16302.0
16481.0
16655.0
16824.0
16984.0
17143.0
17300.0
17473.0
17643.0
17810.0
17976.0
18135.0
18292.0
18470.0
18596.0
18773.0
18897.0
19051.0
19190.0
19368.0
19526.0
19688.0
19859.0
20027.0
20195.0
20361.0
20505.0
20662.0
20846.0
21018.0
21195.0
21348.0
21518.0
21678.0
21846.0
22007.0
22168.0
22345.0
22419.0
22586.0
22766.0
22913.0
23064.0
23229.0
23381.0
23500.0
23659.0
23818.0
23983.0
24160.0
24299.0
24441.0
24589.0
24768.0
24927.0
25109.0
25288.0
25434.0
25601.0
25777.0
25952.0
26104.0
26269.0
26441.0
26617.0
26787.0
26957.0
27119.0
27261.0
27417.0
27580.0
27726.0
27881.0
28035.0
28199.0
28371.0
28539.0
28713.0
28891.0
29051.0
29202.0
29367.0
29517.0
29672.0
29810.0
29983.0
30111.0
30276.0
30444.0
30601.0
30742.0
30907.0
31055.0
31226.0
31389.0
31523.0
31685.0
31828.0
31975.0
32155.0
32310.0
32489.0
32632.0
32810.0
32972.0
33152.0
33312.0
33474.0
33620.0
33765.0
33919.0
34094.0
34263.0
34439.0
34606.0
34747.0
34886.0
35009.0
35178.0
35355.0
35516.0
35692.0
35864.0
36042.0
36200.0
36382.0
36557.0
36710.0
36885.0
37048.0
37196.0
37339.0
37502.0
37635.0
37771.0
37942.0
38093.0
38250.0
38412.0
38573.0
38743.0
38908.0
39070.0
39222.0
39395.0
39566.0
39721.0
39899.0
40042.0
40212.0
40377.0
40545.0
40705.0
40837.0
40998.0
41169.0
41335.0
41469.0
41624.0
41791.0
41942.0
42085.0
42254.0
42423.0
42560.0
42724.0
42894.0
43047.0
43193.0
43357.0
43486.0
43635.0
43790.0
43928.0
44096.0
44253.0
44407.0
44585.0
44722.0
44886.0
45058.0
45233.0
45408.0
45585.0
45742.0
45917.0
46094.0
46252.0
46408.0
46577.0
46733.0
46912.0
47050.0
47211.0
47377.0
47522.0
47699.0
47869.0
47993.0
48159.0
48334.0
48500.0
48665.0
48778.0
48937.0
49107.0
49268.0
49443.0
49618.0
49763.0
49923.0
50092.0
50263.0
50436.0
50592.0
50776.0
50938.0
51086.0
51236.0
51400.0
51582.0
51754.0
51914.0
52084.0
52237.0
52408.0
52580.0
52715.0
52864.0
53009.0
53168.0
53341.0
53487.0
53664.0
53841.0
54005.0
54148.0
54319.0
54485.0
54651.0
54782.0
54937.0
55089.0
55269.0
55428.0
55607.0
55754.0
55901.0
56074.0
56219.0
56368.0
56545.0
56704.0
56870.0
57054.0
57238.0
57402.0
57580.0
57745.0
57909.0
58074.0
58247.0
58425.0
58598.0
58774.0
58947.0
59120.0
59270.0
59440.0
59613.0
59790.0
59962.0
60144.0
60306.0
60470.0
60648.0
60802.0
60968.0
61140.0
61309.0
61464.0
61624.0
61785.0
61960.0
62111.0
62278.0
62447.0
62603.0
62776.0
62946.0
63124.0
63294.0
63468.0
63640.0
63796.0
63976.0
64153.0
64327.0
64491.0
64652.0
64820.0
64975.0
65136.0
65301.0
65458.0
65602.0
65782.0
65955.0
66120.0
66259.0
66438.0
66617.0
66782.0
66952.0
67125.0
67296.0
67467.0
67622.0
67802.0
67962.0
68122.0
68280.0
68429.0
68607.0
68784.0
68949.0
69091.0
69249.0
69402.0
69582.0
69702.0
69869.0
70046.0
70203.0
70314.0
70486.0
70657.0
70830.0
70993.0
71172.0
71349.0
71477.0
71631.0
71797.0
71963.0
72143.0
72319.0
72482.0
72636.0
72765.0
72927.0
73061.0
73218.0
73386.0
73558.0
73720.0
73882.0
74007.0
74182.0
74328.0
74478.0
74642.0
74815.0
74955.0
75125.0
75272.0
75447.0
75598.0
75774.0
75951.0
76123.0
76290.0
76452.0
76621.0
76788.0
76940.0
77050.0
77199.0
77359.0
77488.0
77650.0
77781.0
77954.0
78134.0
78308.0
78457.0
78611.0
78788.0
78953.0
79135.0
79319.0
79490.0
79670.0
79818.0
79988.0
80124.0
80265.0
80436.0
80600.0
80733.0
80906.0
81020.0
81198.0
81373.0
81540.0
81691.0
81864.0
82021.0
82200.0
82377.0
82538.0
82714.0
82884.0
83045.0
83217.0
83380.0
83527.0
83697.0
83857.0
84023.0
84197.0
84381.0
84536.0
84698.0
84880.0
85054.0
85224.0
85381.0
85532.0
85704.0
85871.0
86028.0
86181.0
86335.0
86507.0
86656.0
86834.0
87004.0
87144.0
87309.0
87450.0
87610.0
87779.0
87930.0
88084.0
88259.0
88432.0
88592.0
88768.0
88932.0
89087.0
89251.0
89395.0
89559.0
89725.0
89878.0
90045.0
90179.0
90356.0
90528.0
90656.0
90818.0
90990.0
91138.0
91290.0
91452.0
91610.0
91760.0
91928.0
92086.0
92263.0
92435.0
92617.0
92750.0
92917.0
93080.0
93246.0
93404.0
93568.0
93677.0
93850.0
94013.0
94183.0
94353.0
94525.0
94695.0
94869.0
95033.0
95181.0
95356.0
95510.0
95681.0
95834.0
96005.0
96146.0
96316.0
96496.0
96671.0
96798.0
96944.0
97110.0
97290.0
97441.0
97616.0
97781.0
97956.0
98138.0
98306.0
98480.0
98631.0
98788.0
98956.0
99127.0
99234.0
99408.0
99580.0
99755.0
99920.0
100090.0
100270.0
100430.0
100582.0
100747.0
100925.0
101094.0
101235.0
101403.0
101546.0
101696.0
101860.0
102009.0
102180.0
102343.0
102482.0
102650.0
102830.0
102992.0
103165.0
103320.0
103498.0
103670.0
103847.0
104024.0
104174.0
104322.0
104495.0
104643.0
104749.0
104908.0
105060.0
105201.0
105355.0
105493.0
105650.0
105820.0
105977.0
106159.0
106305.0
106466.0
106610.0
106778.0
106915.0
107043.0
107212.0
107358.0
107510.0
107678.0
107843.0
107995.0
108143.0
108297.0
108443.0
108606.0
108775.0
108929.0
109082.0
109214.0
109384.0
109562.0
109706.0
109858.0
110001.0
110173.0
110326.0
110465.0
110621.0
110778.0
110956.0
111111.0
111275.0
111442.0
111626.0
111803.0
111873.0
112008.0
112182.0
112355.0
112521.0
112680.0
112828.0
112992.0
113167.0
113325.0
113454.0
113621.0
113794.0
113961.0
114125.0
114281.0
114465.0
114622.0
114771.0
114916.0
115084.0
115252.0
115392.0
115567.0
115726.0
115870.0
116052.0
116212.0
116394.0
116537.0
116698.0
116852.0
117025.0
117186.0
117358.0
117510.0
117667.0
117803.0
117978.0
118138.0
118268.0
118414.0
118581.0
118753.0
118913.0
119090.0
119237.0
119421.0
119547.0
119713.0
119840.0
120020.0
120200.0
120368.0
120526.0
120699.0
120846.0
120944.0
121097.0
121259.0
121405.0
121539.0
121704.0
121872.0
122023.0
122175.0
122351.0
122533.0
122691.0
122875.0
123037.0
123178.0
123301.0
123464.0
123623.0
123780.0
123945.0
124125.0
124277.0
124445.0
124604.0
124759.0
124916.0
125075.0
125169.0
125339.0
125493.0
125670.0
125852.0
126021.0
126167.0
126336.0
126490.0
126635.0
126811.0
126979.0
127148.0
127317.0
127479.0
127619.0
127795.0
127961.0
128128.0
128275.0
128440.0
128592.0
128735.0
128911.0
129068.0
129246.0
129411.0
129547.0
129721.0
129871.0
130022.0
130161.0
130334.0
130506.0
130656.0
130803.0
130931.0
131072.0
131239.0
131406.0
131574.0
131744.0
131897.0
132057.0
132219.0
132370.0
132535.0
132698.0
132829.0
132992.0
133156.0
133313.0
133475.0
133632.0
133737.0
133891.0
134054.0
134228.0
134410.0
134570.0
134747.0
134924.0
135098.0
135275.0
135443.0
135620.0
135767.0
135935.0
136103.0
136273.0
136415.0
136588.0
136749.0
136871.0
137046.0
137223.0
137401.0
137546.0
137702.0
137850.0
138022.0
138170.0
138339.0
138515.0
138686.0
138838.0
139011.0
139190.0
139320.0
139488.0
139649.0
139781.0
139929.0
140109.0
140266.0
140435.0
140605.0
140770.0
140939.0
141119.0
141288.0
141458.0
141635.0
141759.0
141917.0
142072.0
142238.0
142409.0
142565.0
142734.0
142912.0
143060.0
143221.0
143378.0
143523.0
143690.0
143851.0
144031.0
144188.0
144346.0
144509.0
144691.0
144866.0
145033.0
145201.0
145323.0
145447.0
145615.0
145774.0
145945.0
146103.0
146275.0
146430.0
146590.0
146761.0
146917.0
147047.0
147220.0
147367.0
147528.0
147657.0
147809.0
147978.0
148157.0
148334.0
148510.0
148656.0
148799.0
148959.0
149137.0
149302.0
149453.0
149602.0
149760.0
149922.0
150078.0
150242.0
150420.0
150587.0
150757.0
150921.0
151098.0
151282.0
151449.0
151629.0
151802.0
151984.0
152159.0
152303.0
152478.0
152632.0
152800.0
152966.0
153084.0
153245.0
153390.0
153555.0
153700.0
153873.0
154048.0
154227.0
154388.0
154548.0
154691.0
154868.0
155036.0
155220.0
155400.0
155562.0
155746.0
155924.0
156082.0
156252.0
156398.0
156568.0
156741.0
156919.0
157077.0
157242.0
157384.0
157515.0
157692.0
157848.0
158030.0
158195.0
158344.0
158491.0
158659.0
158802.0
158964.0
159127.0
159281.0
159454.0
159619.0
159778.0
159934.0
160107.0
160287.0
160430.0
160597.0
160772.0
160942.0
161070.0
161250.0
161401.0
161510.0
161668.0
161834.0
161996.0
162178.0
162347.0
162500.0
162670.0
162840.0
163022.0
163185.0
163342.0
163494.0
163658.0
163800.0
163958.0
164130.0
164308.0
164476.0
164623.0
164803.0
164970.0
165149.0
165296.0
165467.0
165620.0
165795.0
165972.0
166145.0
166318.0
166486.0
166648.0
166772.0
166910.0
167063.0
167225.0
167381.0
167558.0
167733.0
167915.0
168070.0
168254.0
168412.0
168567.0
168724.0
168904.0
169042.0
169194.0
169371.0
169500.0
169615.0
169788.0
169936.0
170113.0
170279.0
170447.0
170631.0
170808.0
170986.0
171157.0
171333.0
171505.0
171658.0
171823.0
171996.0
172154.0
172291.0
172452.0
172605.0
172772.0
172927.0
173101.0
173262.0
173441.0
173613.0
173795.0
173966.0
174148.0
174311.0
174484.0
174646.0
174819.0
174999.0
175173.0
175328.0
175512.0
175686.0
175842.0
176005.0
176146.0
176295.0
176460.0
176640.0
176794.0
176971.0
177134.0
177285.0
177458.0
177626.0
177792.0
177974.0
178124.0
178279.0
178452.0
178593.0
178741.0
178899.0
179071.0
179244.0
179373.0
179539.0
179688.0
179823.0
179996.0
180153.0
180315.0
180466.0
180629.0
180758.0
180925.0
181088.0
181176.0
181350.0
181500.0
181664.0
181821.0
181988.0
182155.0
182316.0
182470.0
182647.0
182817.0
182985.0
183141.0
183306.0
183477.0
183639.0
183783.0
183953.0
184119.0
184248.0
184411.0
184577.0
184732.0
184896.0
185064.0
185227.0
185401.0
185554.0
185729.0
185881.0
186048.0
186177.0
186354.0
186500.0
186682.0
186855.0
187003.0
187172.0
187323.0
187473.0
187598.0
187766.0
187911.0
188073.0
188231.0
188384.0
188566.0
188735.0
188912.0
189059.0
189194.0
189367.0
189538.0
189697.0
189857.0
190007.0
190148.0
190306.0
190471.0
190648.0
190815.0
190987.0
191163.0
191313.0
191469.0
191629.0
191785.0
191943.0
192083.0
192239.0
192415.0
192565.0
192731.0
192857.0
192996.0
193168.0
193347.0
193519.0
193682.0
193812.0
193989.0
194165.0
194335.0
194515.0
194651.0
194825.0
195001.0
195145.0
195319.0
195493.0
195650.0
195810.0
195985.0
196169.0
196326.0
196489.0
196648.0
196809.0
196969.0
197149.0
197316.0
197465.0
197642.0
197799.0
197977.0
198084.0
198263.0
198395.0
198554.0
198723.0
198866.0
199010.0
199159.0
199300.0
199459.0
199634.0
199782.0
199960.0
200119.0
200276.0
200453.0
200626.0
200772.0
200947.0
201075.0
201239.0
201406.0
201563.0
201740.0
201900.0
202059.0
202222.0
202385.0
202537.0
202704.0
202863.0
203017.0
203187.0
203360.0
203528.0
203684.0
203852.0
204011.0
204170.0
204320.0
204493.0
204675.0
204833.0
205008.0
205181.0
205352.0
205523.0
205665.0
205806.0
205966.0
206094.0
206255.0
206420.0
206593.0
206752.0
206919.0
207069.0
207234.0
207390.0
207567.0
207732.0
207914.0
208094.0
208262.0
208423.0
208587.0
208735.0
208881.0
209044.0
209214.0
209386.0
209554.0
209705.0
209859.0
209999.0
210128.0
210306.0
210477.0
210653.0
210830.0
210986.0
211164.0
211335.0
211498.0
211675.0
211832.0
211968.0
212145.0
212299.0
212464.0
212616.0
212770.0
212950.0
213128.0
213290.0
213462.0
213611.0
213753.0
213926.0
214105.0
214255.0
214435.0
214590.0
214767.0
214897.0
215062.0
215244.0
215406.0
215569.0
215729.0
215878.0
216018.0
216176.0
216280.0
216435.0
216610.0
216781.0
216935.0
217083.0
217259.0
217411.0
217566.0
217712.0
217884.0
218047.0
218220.0
218382.0
218544.0
218719.0
218871.0
219043.0
219216.0
219398.0
219568.0
219711.0
219823.0
220005.0
220156.0
220331.0
220506.0
220668.0
220840.0
221007.0
221176.0
