a = 0.2
g = 0.8
e = 0.1
random initial weights = false

-1616.0
-2177.0
-2707.0
-3228.0
-3724.0
-4170.0
-6813.0
-7323.0
-7784.0
-8271.0
-8819.0
-9472.0
-9910.0
-10427.0
-10952.0
-11388.0
-11820.0
-12302.0
-12760.0
-13215.0
-13666.0
-14187.0
-14672.0
-15170.0
-15588.0
-16023.0
-18460.0
-18903.0
-19342.0
-19800.0
-19668.0
-20086.0
-20570.0
-20986.0
-21416.0
-21832.0
-22257.0
-22678.0
-23138.0
-23617.0
-24040.0
-24509.0
-24943.0
-24787.0
-25230.0
-25648.0
-26068.0
-26484.0
-26896.0
-27362.0
-27789.0
-30201.0
-32627.0
-32467.0
-34873.0
-34765.0
-34593.0
-35009.0
-34845.0
-35264.0
-35678.0
-36104.0
-36524.0
-36968.0
-37396.0
-37814.0
-38228.0
-38642.0
-38472.0
-38296.0
-38708.0
-38536.0
-38948.0
-38776.0
-38602.0
-38426.0
-38255.0
-38081.0
-37907.0
-37731.0
-37555.0
-37379.0
-37209.0
-37039.0
-36865.0
-36712.0
-36536.0
-36362.0
-36186.0
-36015.0
-35839.0
-35667.0
-35491.0
-35315.0
-35143.0
-34983.0
-34807.0
-34633.0
-34461.0
-34285.0
-34109.0
-33933.0
-33759.0
-33585.0
-33411.0
-33244.0
-33068.0
-32892.0
-32720.0
-32544.0
-32373.0
-32197.0
-32021.0
-31847.0
-31676.0
-31508.0
-31332.0
-31156.0
-30980.0
-30806.0
-30632.0
-30456.0
-30280.0
-30106.0
-29930.0
-29754.0
-29580.0
-29404.0
-29233.0
-29059.0
-28899.0
-28725.0
-28551.0
-28375.0
-28201.0
-28025.0
-27849.0
-27673.0
-27501.0
-27325.0
-27149.0
-26981.0
-26805.0
-26634.0
-26458.0
-26282.0
-26108.0
-25934.0
-25762.0
-25597.0
-25442.0
-25288.0
-25112.0
-24938.0
-24762.0
-24591.0
-24417.0
-24246.0
-24070.0
-23894.0
-23720.0
-23546.0
-23370.0
-23196.0
-23020.0
-22848.0
-22685.0
-22511.0
-22337.0
-22173.0
-21999.0
-21823.0
-21662.0
-21486.0
-21324.0
-21154.0
-20978.0
-20802.0
-20626.0
-20452.0
-20278.0
-20106.0
-19932.0
-19765.0
-19591.0
-19415.0
-19243.0
-19069.0
-18895.0
-18721.0
-18552.0
-18376.0
-18200.0
-18028.0
-17852.0
-17676.0
-17502.0
-17330.0
-17154.0
-16983.0
-16807.0
-16644.0
-16470.0
-16294.0
-16118.0
-15944.0
-15773.0
-15599.0
-15430.0
-15254.0
-15083.0
-14911.0
-14735.0
-14561.0
-14387.0
-14211.0
-14037.0
-13861.0
-13691.0
-13517.0
-13343.0
-13167.0
-12991.0
-12815.0
-12641.0
-12465.0
-12291.0
-12119.0
-11945.0
-11771.0
-11595.0
-11419.0
-11243.0
-11067.0
-10896.0
-10720.0
-10544.0
-10368.0
-10194.0
-10018.0
-9842.0
-9666.0
-9497.0
-9326.0
-9152.0
-8978.0
-8802.0
-8630.0
-8460.0
-8284.0
-8108.0
-7932.0
-7756.0
-7580.0
-7404.0
-7232.0
-7056.0
-6886.0
-6710.0
-6538.0
-6364.0
-6190.0
-6014.0
-5842.0
-5668.0
-5498.0
-5322.0
-5146.0
-4970.0
-4798.0
-4624.0
-4448.0
-4276.0
-4100.0
-3930.0
-3758.0
-3584.0
-3408.0
-3232.0
-3056.0
-2880.0
-2704.0
-2549.0
-2375.0
-2199.0
-2023.0
-1847.0
-1671.0
-1497.0
-1321.0
-1145.0
-973.0
-799.0
-625.0
-451.0
-275.0
-99.0
77.0
253.0
427.0
595.0
769.0
945.0
1119.0
1293.0
1469.0
1645.0
1821.0
1992.0
2166.0
2342.0
2509.0
2685.0
2861.0
3035.0
3207.0
3379.0
3555.0
3729.0
3905.0
4081.0
4255.0
4431.0
4607.0
4783.0
4953.0
5129.0
5293.0
5467.0
5643.0
5819.0
5995.0
6169.0
6341.0
6515.0
6680.0
6856.0
7032.0
7208.0
7384.0
7553.0
7716.0
7886.0
8062.0
8238.0
8414.0
8586.0
8762.0
8930.0
9102.0
9276.0
9443.0
9615.0
9789.0
9949.0
10125.0
10301.0
10477.0
10647.0
10823.0
10999.0
11175.0
11351.0
11523.0
11699.0
11868.0
12038.0
12210.0
12379.0
12553.0
12727.0
12903.0
13079.0
13255.0
13431.0
13598.0
13774.0
13943.0
14119.0
14295.0
14465.0
14641.0
14817.0
14987.0
15163.0
15339.0
15515.0
15691.0
15867.0
16033.0
16209.0
16385.0
16561.0
16737.0
16913.0
17089.0
17263.0
17439.0
17611.0
17780.0
17956.0
18132.0
18308.0
18484.0
18658.0
18834.0
19008.0
19182.0
19358.0
19530.0
19704.0
19880.0
20054.0
20228.0
20402.0
20572.0
20746.0
20920.0
21092.0
21268.0
21444.0
21620.0
21794.0
21968.0
22144.0
22320.0
22494.0
22660.0
22834.0
23010.0
23186.0
23360.0
23530.0
23706.0
23880.0
24054.0
24225.0
24401.0
24577.0
24751.0
24927.0
25103.0
25277.0
25451.0
25627.0
25803.0
25979.0
26155.0
26323.0
26499.0
26673.0
26847.0
27023.0
27197.0
27373.0
27547.0
27723.0
27897.0
28073.0
28247.0
28423.0
28599.0
28773.0
28945.0
29106.0
29282.0
29458.0
29634.0
29810.0
29986.0
30162.0
30338.0
30510.0
30686.0
30860.0
31036.0
31198.0
31374.0
31543.0
31712.0
31886.0
32062.0
32238.0
32414.0
32588.0
32762.0
32934.0
33105.0
33279.0
33455.0
33631.0
33807.0
33983.0
34157.0
34331.0
34507.0
34679.0
34849.0
35020.0
35192.0
35364.0
35540.0
35716.0
35890.0
36066.0
36242.0
36416.0
36592.0
36768.0
36942.0
37116.0
37288.0
37462.0
37636.0
37812.0
37988.0
38160.0
38334.0
38508.0
38684.0
38860.0
39034.0
39208.0
39379.0
39555.0
39731.0
39907.0
40081.0
40257.0
40433.0
40600.0
40774.0
40950.0
41126.0
41300.0
41476.0
41647.0
41823.0
41995.0
42171.0
42343.0
42519.0
42693.0
42869.0
43043.0
43219.0
43393.0
43569.0
43743.0
43919.0
44095.0
44269.0
44443.0
44619.0
44793.0
44969.0
45143.0
45317.0
45491.0
45667.0
45838.0
46006.0
46182.0
46358.0
46534.0
46710.0
46886.0
47060.0
47236.0
47412.0
47582.0
47758.0
47934.0
48105.0
48276.0
48452.0
48628.0
48802.0
48978.0
49152.0
49328.0
49504.0
49678.0
49852.0
50028.0
50204.0
50376.0
50539.0
50715.0
50891.0
51058.0
51232.0
51406.0
51575.0
51749.0
51925.0
52099.0
52273.0
52449.0
52625.0
52799.0
52971.0
53145.0
53319.0
53493.0
53667.0
53843.0
54019.0
54195.0
54366.0
54538.0
54712.0
54886.0
55060.0
55234.0
55408.0
55579.0
55755.0
55929.0
56103.0
56279.0
56455.0
56629.0
56803.0
56979.0
57155.0
57331.0
57503.0
57679.0
57848.0
58019.0
58188.0
58364.0
58536.0
58706.0
58880.0
59054.0
59230.0
59406.0
59573.0
59747.0
59921.0
60093.0
60269.0
60445.0
60621.0
60795.0
60969.0
61143.0
61319.0
61493.0
61669.0
61840.0
62016.0
62188.0
62364.0
62535.0
62711.0
62885.0
63061.0
63233.0
63407.0
63576.0
63748.0
63924.0
64098.0
64274.0
64450.0
64619.0
64795.0
64964.0
65138.0
65310.0
65486.0
65660.0
65836.0
66012.0
66186.0
66357.0
66531.0
66707.0
66881.0
67057.0
67231.0
67407.0
67578.0
67752.0
67924.0
68098.0
68274.0
68445.0
68619.0
68795.0
68962.0
69138.0
69306.0
69482.0
69653.0
69827.0
70001.0
70175.0
70351.0
70525.0
70701.0
70875.0
71049.0
71223.0
71395.0
71567.0
71738.0
71912.0
72088.0
72264.0
72434.0
72610.0
72786.0
72960.0
73131.0
73307.0
73481.0
73657.0
73833.0
74009.0
74185.0
74361.0
74537.0
74713.0
74889.0
75061.0
75233.0
75409.0
75583.0
75759.0
75935.0
76105.0
76277.0
76449.0
76625.0
76797.0
76967.0
77143.0
77319.0
77489.0
77661.0
77833.0
78007.0
78183.0
78359.0
78535.0
78711.0
78887.0
79061.0
79237.0
79403.0
79574.0
79750.0
79926.0
80100.0
80276.0
80452.0
80628.0
80799.0
80975.0
81149.0
81318.0
81490.0
81664.0
81838.0
82014.0
82188.0
82364.0
82540.0
82716.0
82892.0
83068.0
83244.0
83415.0
83587.0
83761.0
83937.0
84108.0
84280.0
84450.0
84626.0
84802.0
84978.0
85150.0
85321.0
85495.0
85667.0
85841.0
86017.0
86191.0
86365.0
86536.0
86712.0
86888.0
87062.0
87238.0
87408.0
87584.0
87758.0
87934.0
88108.0
88284.0
88460.0
88636.0
88808.0
88975.0
89149.0
89325.0
89497.0
89668.0
89839.0
90013.0
90187.0
90361.0
90535.0
90711.0
90885.0
91061.0
91235.0
91411.0
91583.0
91754.0
91930.0
92106.0
92282.0
92456.0
92632.0
92808.0
92982.0
93156.0
93332.0
93506.0
93682.0
93858.0
94034.0
94202.0
94376.0
94550.0
94726.0
94898.0
95074.0
95248.0
95422.0
95594.0
95762.0
95938.0
96107.0
96281.0
96457.0
96631.0
96807.0
96981.0
97155.0
97325.0
97499.0
97673.0
97849.0
98025.0
98194.0
98368.0
98544.0
98720.0
98896.0
99070.0
99241.0
99415.0
99591.0
99763.0
99939.0
100115.0
100287.0
100461.0
100637.0
100813.0
100972.0
101146.0
101318.0
101490.0
101658.0
101832.0
102003.0
102179.0
102353.0
102529.0
102701.0
102877.0
103053.0
103224.0
103398.0
103572.0
103744.0
103920.0
104096.0
104272.0
104448.0
104624.0
104800.0
104970.0
105139.0
105313.0
105489.0
105665.0
105834.0
106008.0
106184.0
106358.0
106527.0
106703.0
106879.0
107053.0
107229.0
107403.0
107574.0
107748.0
107918.0
108087.0
108263.0
108439.0
108615.0
108791.0
108967.0
109137.0
109306.0
109482.0
109658.0
109829.0
110005.0
110172.0
110348.0
110524.0
110696.0
110870.0
111046.0
111217.0
111386.0
111560.0
111736.0
111912.0
112086.0
112260.0
112436.0
112604.0
112778.0
112954.0
113130.0
113306.0
113482.0
113654.0
113826.0
114002.0
114176.0
114352.0
114528.0
114697.0
114873.0
115047.0
115223.0
115397.0
115573.0
115747.0
115917.0
116093.0
116269.0
116445.0
116619.0
116791.0
116967.0
117143.0
117319.0
117495.0
117671.0
117847.0
118017.0
118191.0
118367.0
118543.0
118719.0
118890.0
119061.0
119230.0
119406.0
119582.0
119758.0
119934.0
120108.0
120284.0
120456.0
120630.0
120806.0
120982.0
121152.0
121328.0
121502.0
121678.0
121854.0
122030.0
122206.0
122378.0
122544.0
122720.0
122894.0
123068.0
123244.0
123416.0
123592.0
123768.0
123944.0
124120.0
124285.0
124456.0
124632.0
124806.0
124980.0
125154.0
125330.0
125506.0
125682.0
125858.0
126030.0
126202.0
126374.0
126548.0
126724.0
126898.0
127074.0
127250.0
127421.0
127597.0
127771.0
127943.0
128119.0
128287.0
128451.0
128627.0
128793.0
128969.0
129145.0
129321.0
129493.0
129669.0
129840.0
130014.0
130188.0
130364.0
130538.0
130714.0
130890.0
131066.0
131242.0
131413.0
131589.0
131765.0
131941.0
132112.0
132288.0
132464.0
132635.0
132811.0
132987.0
133163.0
133337.0
133513.0
133689.0
133863.0
134034.0
134210.0
134382.0
134552.0
134728.0
134904.0
135075.0
135247.0
135423.0
135597.0
135766.0
135942.0
136114.0
136288.0
136464.0
136640.0
136814.0
136979.0
137155.0
137325.0
137499.0
137671.0
137840.0
138012.0
138188.0
138364.0
138540.0
138711.0
138887.0
139063.0
139239.0
139411.0
139583.0
139757.0
139931.0
140107.0
140281.0
140457.0
140627.0
140801.0
140977.0
141151.0
141327.0
141503.0
141677.0
141853.0
142029.0
142205.0
142379.0
142555.0
142731.0
142902.0
143076.0
143248.0
143424.0
143598.0
143774.0
143943.0
144119.0
144295.0
144466.0
144640.0
144812.0
144988.0
145162.0
145334.0
145501.0
145677.0
145853.0
146027.0
146201.0
146377.0
146553.0
146727.0
146899.0
147073.0
147247.0
147423.0
147599.0
147775.0
147942.0
148112.0
148288.0
148464.0
148640.0
148812.0
148988.0
149164.0
149336.0
149512.0
149686.0
149860.0
150030.0
150206.0
150380.0
150548.0
150718.0
150894.0
151068.0
151238.0
151409.0
151585.0
151759.0
151928.0
152104.0
152268.0
152442.0
152616.0
152792.0
152963.0
153137.0
153313.0
153487.0
153663.0
153833.0
154007.0
154183.0
154359.0
154530.0
154706.0
154882.0
155053.0
155229.0
155399.0
155564.0
155735.0
155909.0
156083.0
156259.0
156435.0
156611.0
156785.0
156961.0
157137.0
157313.0
157489.0
157665.0
157841.0
158017.0
158191.0
158365.0
158541.0
158703.0
158875.0
159047.0
159223.0
159397.0
159573.0
159749.0
159923.0
160094.0
160270.0
160444.0
160616.0
160792.0
160968.0
161144.0
161314.0
161488.0
161664.0
161840.0
162011.0
162183.0
162355.0
162529.0
162705.0
162879.0
163051.0
163223.0
163397.0
163569.0
163745.0
163921.0
164097.0
164262.0
164438.0
164607.0
164778.0
164942.0
165114.0
165290.0
165464.0
165636.0
165805.0
165981.0
166155.0
166325.0
166497.0
166669.0
166841.0
167017.0
167186.0
167360.0
167534.0
167710.0
167884.0
168060.0
168236.0
168410.0
168584.0
168758.0
168925.0
169096.0
169268.0
169442.0
169616.0
169792.0
169968.0
170137.0
170309.0
170485.0
170661.0
170837.0
171013.0
171189.0
171365.0
171541.0
171715.0
171886.0
172060.0
172236.0
172412.0
172588.0
172762.0
172938.0
173114.0
173290.0
173464.0
173634.0
173810.0
173982.0
174156.0
174326.0
174502.0
174676.0
174848.0
175017.0
175193.0
175369.0
175545.0
175721.0
175895.0
176071.0
176245.0
176421.0
176597.0
176771.0
176947.0
177121.0
177295.0
177471.0
177642.0
177816.0
177992.0
178168.0
178344.0
178520.0
178692.0
178866.0
179040.0
179209.0
179385.0
179561.0
179732.0
179906.0
180077.0
180253.0
180429.0
180599.0
180775.0
180949.0
181125.0
181297.0
181468.0
181642.0
181818.0
181994.0
182170.0
182344.0
182518.0
182692.0
182868.0
183038.0
183214.0
183386.0
183560.0
183734.0
183904.0
184073.0
184244.0
184420.0
184589.0
184759.0
184935.0
185106.0
185280.0
185452.0
185626.0
185802.0
185978.0
186154.0
186325.0
186501.0
186677.0
186853.0
187029.0
187199.0
187375.0
187551.0
187723.0
187899.0
188073.0
188249.0
188423.0
188599.0
188768.0
188942.0
189118.0
189290.0
189466.0
189640.0
189816.0
189988.0
190164.0
190340.0
190516.0
190690.0
190866.0
191042.0
191218.0
191394.0
191570.0
191746.0
191922.0
192096.0
192268.0
192444.0
192615.0
192789.0
192963.0
193139.0
193313.0
193489.0
193656.0
193828.0
193996.0
194166.0
194342.0
194514.0
194690.0
194864.0
195038.0
195214.0
195390.0
195566.0
195740.0
195916.0
196090.0
196266.0
196442.0
196616.0
196788.0
196964.0
197140.0
197312.0
197488.0
197652.0
197823.0
197997.0
198173.0
198347.0
198523.0
198699.0
198875.0
199051.0
199225.0
199401.0
199575.0
199751.0
199927.0
200103.0
200275.0
200443.0
200619.0
200793.0
200967.0
201141.0
201311.0
201487.0
201661.0
201837.0
202008.0
202179.0
202353.0
202527.0
202703.0
202879.0
203046.0
203222.0
203398.0
203569.0
203743.0
203917.0
204093.0
204269.0
204439.0
204615.0
204780.0
204956.0
205130.0
205295.0
205466.0
205640.0
205811.0
205987.0
206159.0
206333.0
206509.0
206685.0
206861.0
207033.0
207205.0
207374.0
207548.0
207722.0
207894.0
208065.0
208239.0
208411.0
208587.0
208763.0
208939.0
209111.0
