a = 0.2
g = 0.8
e = 0.1
random initial weights = true

-718.0
-1284.0
-3874.0
-6396.0
-8900.0
-9427.0
-9860.0
-12279.0
-12721.0
-13186.0
-15641.0
-16073.0
-15907.0
-16317.0
-16750.0
-16634.0
-17051.0
-17495.0
-17332.0
-17150.0
-16968.0
-17383.0
-17201.0
-17017.0
-16833.0
-16649.0
-16472.0
-16292.0
-16112.0
-15933.0
-15749.0
-15565.0
-15381.0
-15197.0
-15013.0
-14829.0
-14650.0
-14466.0
-14289.0
-14105.0
-13923.0
-13739.0
-13555.0
-13371.0
-13196.0
-13012.0
-12828.0
-12644.0
-12460.0
-12278.0
-12096.0
-11926.0
-11742.0
-11558.0
-11374.0
-11190.0
-11016.0
-10832.0
-10648.0
-10464.0
-10282.0
-10105.0
-9923.0
-9739.0
-9555.0
-9376.0
-9198.0
-9014.0
-8830.0
-8651.0
-8467.0
-8283.0
-8104.0
-7929.0
-7747.0
-7563.0
-7381.0
-7197.0
-7015.0
-6831.0
-6649.0
-6467.0
-6283.0
-6099.0
-5915.0
-5731.0
-5547.0
-5368.0
-5184.0
-5000.0
-4818.0
-4634.0
-4450.0
-4273.0
-4089.0
-3907.0
-3723.0
-3539.0
-3355.0
-3171.0
-2987.0
-2805.0
-2626.0
-2444.0
-2260.0
-2076.0
-1894.0
-1710.0
-1526.0
-1356.0
-1182.0
-1000.0
-821.0
-645.0
-466.0
-284.0
-100.0
77.0
259.0
443.0
627.0
811.0
995.0
1175.0
1359.0
1529.0
1713.0
1890.0
2072.0
2251.0
2433.0
2615.0
2799.0
2983.0
3162.0
3335.0
3515.0
3694.0
3878.0
4062.0
4246.0
4428.0
4612.0
4794.0
4978.0
5162.0
5341.0
5520.0
5700.0
5884.0
6068.0
6243.0
6427.0
6609.0
6791.0
6971.0
7153.0
7335.0
7517.0
7694.0
7874.0
8058.0
8240.0
8422.0
8599.0
8783.0
8967.0
9149.0
9333.0
9517.0
9699.0
9878.0
10052.0
10232.0
10414.0
10598.0
10780.0
10964.0
11148.0
11332.0
11514.0
11698.0
11877.0
12061.0
12245.0
12429.0
12613.0
12797.0
12981.0
13165.0
13349.0
13519.0
13691.0
13873.0
14057.0
14234.0
14418.0
14598.0
14775.0
14951.0
15133.0
15317.0
15499.0
15681.0
15865.0
16037.0
16209.0
16381.0
16558.0
16740.0
16922.0
17104.0
17288.0
17472.0
17651.0
17835.0
18014.0
18198.0
18382.0
18566.0
18748.0
18925.0
19107.0
19287.0
19467.0
19649.0
19833.0
20017.0
20201.0
20385.0
20567.0
20747.0
20931.0
21106.0
21290.0
21474.0
21658.0
21837.0
22016.0
22198.0
22382.0
22566.0
22750.0
22934.0
23116.0
23300.0
23484.0
23668.0
23852.0
24036.0
24220.0
24404.0
24588.0
24772.0
24956.0
25133.0
25315.0
25499.0
25683.0
25867.0
26051.0
26235.0
26414.0
26598.0
26778.0
26962.0
27142.0
27326.0
27508.0
27692.0
27871.0
28055.0
28237.0
28421.0
28605.0
28789.0
28973.0
29152.0
29334.0
29518.0
29700.0
29884.0
30058.0
30242.0
30426.0
30608.0
30785.0
30967.0
31141.0
31323.0
31500.0
31678.0
31862.0
32046.0
32230.0
32414.0
32598.0
32782.0
32966.0
33150.0
33334.0
33518.0
33702.0
33886.0
34070.0
34254.0
34436.0
34620.0
34799.0
34983.0
35163.0
35347.0
35529.0
35711.0
35893.0
36075.0
36259.0
36443.0
36627.0
36806.0
36990.0
37174.0
37356.0
37540.0
37717.0
37891.0
38075.0
38257.0
38441.0
38621.0
38805.0
38989.0
39171.0
39355.0
39524.0
39708.0
39887.0
40071.0
40253.0
40437.0
40621.0
40800.0
40979.0
41163.0
41345.0
41529.0
41709.0
41883.0
42063.0
42245.0
42424.0
42608.0
42792.0
42966.0
43143.0
43322.0
43501.0
43678.0
43862.0
44041.0
44218.0
44400.0
44579.0
44761.0
44938.0
45122.0
45306.0
45490.0
45672.0
45856.0
46035.0
46210.0
46389.0
46573.0
46757.0
46941.0
47123.0
47307.0
47486.0
47665.0
47837.0
48021.0
48205.0
48384.0
48564.0
48746.0
48930.0
49114.0
49293.0
49477.0
49654.0
49838.0
50022.0
50206.0
50385.0
50563.0
50745.0
50927.0
51111.0
51285.0
51469.0
51653.0
51835.0
52019.0
52198.0
52382.0
52566.0
52746.0
52930.0
53109.0
53293.0
53475.0
53654.0
53833.0
54017.0
54201.0
54385.0
54569.0
54753.0
54937.0
55121.0
55305.0
55487.0
55667.0
55836.0
56020.0
56204.0
56386.0
56566.0
56748.0
56925.0
57109.0
57293.0
57477.0
57661.0
57845.0
58027.0
58211.0
58390.0
58574.0
58751.0
58930.0
59114.0
59298.0
59480.0
59664.0
59846.0
60030.0
60212.0
60391.0
60573.0
60745.0
60929.0
61113.0
61297.0
61476.0
61660.0
61844.0
62026.0
62208.0
62392.0
62576.0
62753.0
62937.0
63116.0
63300.0
63482.0
63666.0
63850.0
64034.0
64216.0
64395.0
64579.0
64763.0
64942.0
65124.0
65306.0
65490.0
65669.0
65851.0
66035.0
66217.0
66394.0
66578.0
66758.0
66938.0
67120.0
67302.0
67486.0
67666.0
67848.0
68028.0
68212.0
68396.0
68578.0
68760.0
68938.0
69120.0
69302.0
69479.0
69661.0
69838.0
70018.0
70196.0
70378.0
70558.0
70738.0
70912.0
71096.0
71280.0
71464.0
71639.0
71821.0
72005.0
72189.0
72373.0
72557.0
72741.0
72925.0
73109.0
73293.0
73477.0
73657.0
73841.0
74025.0
74204.0
74381.0
74565.0
74747.0
74931.0
75115.0
75299.0
75483.0
75667.0
75839.0
76023.0
76193.0
76375.0
76559.0
76739.0
76923.0
77105.0
77287.0
77471.0
77655.0
77834.0
78018.0
78200.0
78384.0
78568.0
78752.0
78936.0
79118.0
79302.0
79481.0
79665.0
79849.0
80029.0
80213.0
80397.0
80581.0
80765.0
80942.0
81126.0
81310.0
81494.0
81678.0
81855.0
82039.0
82223.0
82407.0
82589.0
82773.0
82955.0
83135.0
83312.0
83496.0
83680.0
83864.0
84048.0
84232.0
84411.0
84590.0
84774.0
84953.0
85133.0
85312.0
85491.0
85671.0
85855.0
86029.0
86213.0
86397.0
86581.0
86765.0
86944.0
87124.0
87308.0
87492.0
87676.0
87860.0
88040.0
88215.0
88397.0
88579.0
88758.0
88938.0
89122.0
89302.0
89486.0
89668.0
89840.0
90020.0
90193.0
90377.0
90559.0
90741.0
90925.0
91107.0
91291.0
91466.0
91650.0
91834.0
92018.0
92202.0
92377.0
92561.0
92745.0
92929.0
93111.0
93295.0
93477.0
93661.0
93845.0
94024.0
94203.0
94387.0
94561.0
94738.0
94922.0
95106.0
95283.0
95467.0
95646.0
95830.0
96014.0
96196.0
96375.0
96554.0
96734.0
96913.0
97097.0
97274.0
97445.0
97624.0
97808.0
97992.0
98166.0
98348.0
98532.0
98714.0
98886.0
99068.0
99242.0
99424.0
99608.0
99790.0
99974.0
100154.0
100334.0
100518.0
100702.0
100884.0
101068.0
101248.0
101432.0
101616.0
101800.0
101982.0
102159.0
102343.0
102525.0
102704.0
102879.0
103061.0
103245.0
103429.0
103613.0
103797.0
103981.0
104158.0
104340.0
104524.0
104701.0
104876.0
105056.0
105238.0
105422.0
105606.0
105788.0
105972.0
106154.0
106338.0
106522.0
106706.0
106890.0
107074.0
107256.0
107436.0
107618.0
107802.0
107986.0
108170.0
108354.0
108536.0
108720.0
108904.0
109083.0
109267.0
109446.0
109628.0
109812.0
109989.0
110173.0
110357.0
110539.0
110716.0
110898.0
111077.0
111259.0
111443.0
111623.0
111807.0
111991.0
112175.0
112359.0
112543.0
112727.0
112909.0
113093.0
113273.0
113457.0
113641.0
113818.0
114000.0
114179.0
114359.0
114543.0
114725.0
114909.0
115093.0
115277.0
115452.0
115636.0
115816.0
116000.0
116184.0
116363.0
116545.0
116729.0
116911.0
117093.0
117277.0
117461.0
117643.0
117827.0
118011.0
118193.0
118373.0
118557.0
118739.0
118923.0
119102.0
119284.0
119468.0
119652.0
119836.0
120013.0
120197.0
120374.0
120556.0
120738.0
120920.0
121099.0
121279.0
121463.0
121647.0
121831.0
122015.0
122199.0
122381.0
122563.0
122747.0
122922.0
123104.0
123286.0
123466.0
123650.0
123832.0
124016.0
124200.0
124382.0
124562.0
124739.0
124921.0
125100.0
125275.0
125455.0
125635.0
125817.0
126001.0
126183.0
126367.0
126549.0
126728.0
126912.0
127094.0
127276.0
127450.0
127634.0
127818.0
128000.0
128184.0
128366.0
128550.0
128734.0
128913.0
129090.0
129274.0
129456.0
129638.0
129822.0
130006.0
130183.0
130362.0
130544.0
130723.0
130907.0
131091.0
131275.0
131457.0
131641.0
131825.0
132009.0
132191.0
132375.0
132557.0
132739.0
132923.0
133107.0
133289.0
133473.0
133655.0
133834.0
134016.0
134200.0
134384.0
134558.0
134742.0
134926.0
135110.0
135294.0
135478.0
135655.0
135839.0
136023.0
136205.0
136389.0
136573.0
136757.0
136941.0
137125.0
137309.0
137483.0
137667.0
137849.0
138028.0
138210.0
138394.0
138571.0
138753.0
138935.0
139110.0
139294.0
139474.0
139654.0
139838.0
140022.0
140202.0
140382.0
140561.0
140740.0
140920.0
141104.0
141281.0
141465.0
141649.0
141831.0
142015.0
142192.0
142369.0
142553.0
142731.0
142915.0
143097.0
143279.0
143459.0
143643.0
143818.0
143997.0
144175.0
144355.0
144535.0
144719.0
144903.0
145080.0
145262.0
145441.0
145625.0
145802.0
145984.0
146168.0
146352.0
146536.0
146720.0
146904.0
147088.0
147267.0
147444.0
147628.0
147812.0
147996.0
148178.0
148355.0
148534.0
148718.0
148902.0
149086.0
149268.0
149452.0
149634.0
149818.0
150000.0
150179.0
150363.0
150547.0
150731.0
150913.0
151093.0
151277.0
151459.0
151634.0
151808.0
151992.0
152172.0
152354.0
152533.0
152717.0
152901.0
153079.0
153259.0
153443.0
153627.0
153811.0
153990.0
154174.0
154356.0
154540.0
154722.0
154901.0
155085.0
155259.0
155443.0
155627.0
155811.0
155995.0
156177.0
156361.0
156540.0
156724.0
156908.0
157086.0
157265.0
157442.0
157626.0
157810.0
157992.0
158171.0
158348.0
158532.0
158708.0
158892.0
159069.0
159253.0
159432.0
159614.0
159789.0
159973.0
160153.0
160337.0
160512.0
160689.0
160871.0
161055.0
161234.0
161418.0
161602.0
161784.0
161968.0
162152.0
162334.0
162518.0
162697.0
162881.0
163063.0
163245.0
163429.0
163613.0
163792.0
163974.0
164156.0
164338.0
164512.0
164694.0
164878.0
165062.0
165244.0
165428.0
165612.0
165794.0
165976.0
166160.0
166339.0
166516.0
166698.0
166882.0
167064.0
167239.0
167416.0
167600.0
167784.0
167968.0
168150.0
168334.0
168514.0
168698.0
168882.0
169059.0
169243.0
169422.0
169601.0
169785.0
169969.0
170153.0
170335.0
170515.0
170694.0
170878.0
171050.0
171229.0
171413.0
171597.0
171773.0
171948.0
172132.0
172311.0
172495.0
172677.0
172859.0
173038.0
173222.0
173404.0
173588.0
173767.0
173947.0
174131.0
174308.0
174490.0
174674.0
174858.0
175042.0
175226.0
175410.0
175587.0
175771.0
175955.0
176135.0
176314.0
176496.0
176680.0
176862.0
177044.0
177228.0
177405.0
177589.0
177773.0
177955.0
178139.0
178319.0
178503.0
178685.0
178869.0
179048.0
179230.0
179409.0
179588.0
179772.0
179956.0
180140.0
180319.0
180503.0
180680.0
180860.0
181042.0
181217.0
181401.0
181581.0
181765.0
181942.0
182121.0
182305.0
182489.0
182671.0
182855.0
183039.0
183221.0
183393.0
183573.0
183757.0
183941.0
184125.0
184307.0
184482.0
184664.0
184848.0
185025.0
185204.0
185388.0
185567.0
185751.0
185935.0
186112.0
186296.0
186480.0
186657.0
186841.0
187018.0
187200.0
187384.0
187568.0
187752.0
187936.0
188120.0
188304.0
188486.0
188653.0
188832.0
189012.0
189196.0
189380.0
189562.0
189734.0
189916.0
190100.0
190284.0
190463.0
190647.0
190831.0
191015.0
191192.0
191376.0
191560.0
191744.0
191928.0
192106.0
192290.0
192472.0
192656.0
192833.0
193017.0
193192.0
193369.0
193548.0
193732.0
193911.0
194095.0
194269.0
194453.0
194635.0
194817.0
194999.0
195181.0
195365.0
195547.0
195731.0
195915.0
196099.0
196281.0
196465.0
196649.0
196833.0
197017.0
197201.0
197385.0
197569.0
197751.0
197933.0
198112.0
198296.0
198480.0
198662.0
198841.0
199025.0
199199.0
199381.0
199565.0
199747.0
199929.0
200111.0
200295.0
200479.0
200663.0
200847.0
201027.0
201209.0
201393.0
201577.0
201761.0
201945.0
202127.0
202306.0
202488.0
202665.0
202849.0
203031.0
203213.0
203392.0
203576.0
203760.0
203944.0
204128.0
204312.0
204491.0
204668.0
204852.0
205036.0
205216.0
205400.0
205584.0
205768.0
205950.0
206134.0
206318.0
206502.0
206684.0
206864.0
207048.0
207232.0
207416.0
207600.0
207779.0
207961.0
208136.0
208320.0
208504.0
208688.0
208867.0
209049.0
209229.0
209413.0
209591.0
209775.0
209957.0
210141.0
210321.0
210503.0
210687.0
210869.0
211053.0
211237.0
211421.0
211603.0
211787.0
211969.0
212153.0
212335.0
212517.0
212696.0
212875.0
213057.0
213239.0
213423.0
213607.0
213791.0
213975.0
214159.0
214343.0
214527.0
214709.0
214888.0
215072.0
215254.0
215436.0
215615.0
215799.0
215981.0
216163.0
216347.0
216531.0
216715.0
216890.0
217074.0
217258.0
217436.0
217620.0
217804.0
217988.0
218166.0
218348.0
218532.0
218712.0
218896.0
219075.0
219259.0
219443.0
219623.0
219807.0
219987.0
220171.0
220353.0
220537.0
220719.0
220903.0
221075.0
221259.0
221438.0
221616.0
221800.0
221984.0
222168.0
222352.0
222531.0
222710.0
222894.0
223078.0
223262.0
223446.0
223626.0
223810.0
223994.0
224169.0
224346.0
224526.0
224710.0
224890.0
225074.0
225256.0
225440.0
225618.0
225800.0
225984.0
226166.0
226348.0
226525.0
226709.0
226893.0
227077.0
227249.0
227433.0
227615.0
227797.0
227981.0
228160.0
228344.0
228519.0
228698.0
228873.0
229057.0
229234.0
229418.0
229595.0
229779.0
229959.0
230143.0
230322.0
230506.0
230680.0
230864.0
231048.0
231232.0
231411.0
231593.0
231777.0
231956.0
232135.0
232319.0
232491.0
232675.0
232855.0
233025.0
233207.0
233386.0
233570.0
233754.0
233933.0
234112.0
234294.0
234476.0
234660.0
234840.0
235019.0
235203.0
235385.0
235567.0
235751.0
235935.0
236119.0
236301.0
236485.0
236669.0
236853.0
237037.0
237221.0
237405.0
237589.0
237773.0
237944.0
238128.0
238307.0
238491.0
238670.0
238854.0
239038.0
239222.0
239394.0
239573.0
239748.0
239932.0
240116.0
240300.0
240478.0
240655.0
240834.0
241014.0
241193.0
241375.0
241557.0
241741.0
241925.0
242109.0
242293.0
242477.0
242661.0
242845.0
243029.0
243213.0
243397.0
243571.0
243755.0
243934.0
244116.0
244298.0
244480.0
244654.0
244836.0
245015.0
245199.0
245383.0
245567.0
245751.0
245928.0
246112.0
246291.0
246475.0
246654.0
246838.0
247022.0
247201.0
247385.0
247567.0
247751.0
247935.0
248119.0
248303.0
248487.0
248671.0
248850.0
249034.0
249216.0
249400.0
249579.0
249758.0
249940.0
250122.0
250301.0
250480.0
250662.0
250846.0
251030.0
251212.0
