a = 0.5
g = 0.8
e = 0.5
random initial weights = true

-1261.0
-1855.0
-2511.0
-2997.0
-3800.0
-4303.0
-4766.0
-5231.0
-5770.0
-6320.0
-6839.0
-7285.0
-7731.0
-8226.0
-8693.0
-9171.0
-9008.0
-9523.0
-9958.0
-10391.0
-10878.0
-11313.0
-11748.0
-12196.0
-12038.0
-11879.0
-11727.0
-11567.0
-11408.0
-11261.0
-11686.0
-11538.0
-11384.0
-11213.0
-11056.0
-10932.0
-10797.0
-10642.0
-10506.0
-10332.0
-10181.0
-10019.0
-9847.0
-9676.0
-9502.0
-9343.0
-9218.0
-9054.0
-8895.0
-8759.0
-8594.0
-8421.0
-8249.0
-8092.0
-7952.0
-7783.0
-7610.0
-7481.0
-7331.0
-7159.0
-6991.0
-6848.0
-6715.0
-6571.0
-6424.0
-6281.0
-6105.0
-5933.0
-5766.0
-5602.0
-5446.0
-5288.0
-5112.0
-4952.0
-4785.0
-4624.0
-4450.0
-4292.0
-4122.0
-3961.0
-3794.0
-3645.0
-3480.0
-3318.0
-3155.0
-2999.0
-2852.0
-2689.0
-2541.0
-2369.0
-2203.0
-2049.0
-1886.0
-1719.0
-1551.0
-1390.0
-1212.0
-1068.0
-897.0
-729.0
-604.0
-445.0
-293.0
-124.0
46.0
208.0
378.0
542.0
693.0
857.0
1026.0
1169.0
1341.0
1517.0
1684.0
1858.0
2018.0
2186.0
2344.0
2507.0
2677.0
2832.0
2967.0
3128.0
3291.0
3465.0
3634.0
3797.0
3958.0
4122.0
4281.0
4445.0
4595.0
4763.0
4891.0
5058.0
5207.0
5381.0
5542.0
5714.0
5852.0
6014.0
6182.0
6328.0
6502.0
6638.0
6797.0
6930.0
7068.0
7225.0
7368.0
7538.0
7714.0
7868.0
8020.0
8177.0
8341.0
8488.0
8658.0
8800.0
8978.0
9147.0
9315.0
9477.0
9648.0
9780.0
9952.0
10102.0
10243.0
10407.0
10571.0
10741.0
10905.0
11070.0
11223.0
11378.0
11538.0
11708.0
11846.0
12009.0
12185.0
12330.0
12475.0
12640.0
12800.0
12964.0
13100.0
13205.0
13365.0
13534.0
13712.0
13854.0
14022.0
14182.0
14335.0
14492.0
14662.0
14793.0
14954.0
15118.0
15285.0
15441.0
15584.0
15758.0
15864.0
16029.0
16197.0
16341.0
16444.0
16592.0
16762.0
16932.0
17081.0
17245.0
17395.0
17550.0
17714.0
17888.0
18025.0
18189.0
18355.0
18504.0
18630.0
18802.0
18972.0
19143.0
19294.0
19454.0
19622.0
19739.0
19909.0
20059.0
20216.0
20383.0
20546.0
20709.0
20867.0
21032.0
21169.0
21332.0
21485.0
21623.0
21799.0
21953.0
22094.0
22241.0
22401.0
22571.0
22728.0
22892.0
23019.0
23171.0
23334.0
23494.0
23651.0
23819.0
23965.0
24124.0
24276.0
24426.0
24584.0
24714.0
24886.0
25055.0
25196.0
25360.0
25521.0
25688.0
25812.0
25988.0
26153.0
26315.0
26489.0
26650.0
26798.0
26968.0
27102.0
27252.0
27421.0
27595.0
27759.0
27899.0
28044.0
28206.0
28378.0
28521.0
28687.0
28842.0
29010.0
29117.0
29289.0
29457.0
29616.0
29778.0
29942.0
30105.0
30206.0
30367.0
30537.0
30682.0
30810.0
30972.0
31150.0
31316.0
31481.0
31624.0
31760.0
31886.0
32032.0
32169.0
32303.0
32469.0
32633.0
32804.0
32952.0
33102.0
33264.0
33434.0
33603.0
33759.0
33922.0
34079.0
34225.0
34384.0
34522.0
34693.0
34824.0
34980.0
35150.0
35293.0
35460.0
35632.0
35790.0
35940.0
36005.0
36150.0
36311.0
36484.0
36618.0
36778.0
36952.0
37108.0
37273.0
37411.0
37574.0
37741.0
37913.0
38064.0
38223.0
38388.0
38556.0
38730.0
38901.0
39072.0
39239.0
39409.0
39575.0
39747.0
39918.0
40085.0
40212.0
40371.0
40542.0
40690.0
40812.0
40965.0
41139.0
41298.0
41472.0
41636.0
41785.0
41956.0
42117.0
42291.0
42457.0
42631.0
42793.0
42947.0
43085.0
43239.0
43410.0
43580.0
43739.0
43901.0
44036.0
44191.0
44362.0
44510.0
44682.0
44844.0
44989.0
45142.0
45311.0
45485.0
45611.0
45743.0
45890.0
46053.0
46218.0
46374.0
46506.0
46662.0
46797.0
46964.0
47116.0
47274.0
47396.0
47561.0
47685.0
47844.0
48008.0
48163.0
48291.0
48428.0
48595.0
48763.0
48929.0
49103.0
49242.0
49378.0
49537.0
49688.0
49864.0
50031.0
50186.0
50298.0
50447.0
50603.0
50749.0
50923.0
51070.0
51188.0
51347.0
51492.0
51659.0
51818.0
51956.0
52124.0
52280.0
52431.0
52604.0
52754.0
52916.0
53076.0
53232.0
53375.0
53530.0
53689.0
53845.0
54004.0
54136.0
54298.0
54423.0
54577.0
54730.0
54896.0
55069.0
55228.0
55404.0
55574.0
55716.0
55878.0
56046.0
56194.0
56363.0
56537.0
56705.0
56835.0
56997.0
57169.0
57347.0
57476.0
57654.0
57804.0
57963.0
58131.0
58292.0
58444.0
58599.0
58762.0
58917.0
59085.0
59235.0
59374.0
59530.0
59682.0
59847.0
59921.0
60060.0
60233.0
60368.0
60521.0
60675.0
60827.0
60998.0
61168.0
61325.0
61481.0
61620.0
61785.0
61951.0
62105.0
62281.0
62413.0
62577.0
62731.0
62884.0
63041.0
63179.0
63357.0
63510.0
63672.0
63846.0
64013.0
64161.0
64304.0
64426.0
64575.0
64733.0
64899.0
65073.0
65231.0
65391.0
65558.0
65712.0
65879.0
66053.0
66214.0
66376.0
66526.0
66684.0
66821.0
66982.0
67137.0
67313.0
67459.0
67589.0
67760.0
67921.0
68062.0
68233.0
68402.0
68576.0
68746.0
68896.0
69074.0
69247.0
69423.0
69595.0
69748.0
69905.0
70034.0
70191.0
70364.0
70538.0
70685.0
70849.0
71012.0
71184.0
71333.0
71475.0
71591.0
71741.0
71906.0
72062.0
72221.0
72366.0
72517.0
72675.0
72835.0
73008.0
73169.0
73330.0
73496.0
73655.0
73824.0
73966.0
74120.0
74293.0
74441.0
74565.0
74729.0
74887.0
75053.0
75219.0
75379.0
75542.0
75695.0
75855.0
76017.0
76191.0
76360.0
76528.0
76681.0
76851.0
77008.0
77146.0
77294.0
77438.0
77548.0
77687.0
77860.0
78023.0
78184.0
78282.0
78425.0
78583.0
78739.0
78915.0
79072.0
79235.0
79398.0
79564.0
79699.0
79872.0
80019.0
80164.0
80328.0
80475.0
80638.0
80797.0
80938.0
81108.0
81271.0
81436.0
81600.0
81751.0
81914.0
82057.0
82219.0
82386.0
82542.0
82667.0
82827.0
82986.0
83149.0
83302.0
83474.0
83612.0
83776.0
83893.0
84051.0
84217.0
84387.0
84558.0
84717.0
84874.0
85028.0
85198.0
85367.0
85525.0
85696.0
85863.0
86032.0
86182.0
86351.0
86508.0
86674.0
86837.0
87002.0
87180.0
87340.0
87499.0
87659.0
87824.0
87976.0
88136.0
88292.0
88451.0
88619.0
88781.0
88942.0
89084.0
89250.0
89420.0
89568.0
89700.0
89860.0
90032.0
90190.0
90352.0
90506.0
90600.0
90770.0
90911.0
91073.0
91237.0
91388.0
91551.0
91695.0
91841.0
92000.0
92159.0
92316.0
92474.0
92644.0
92818.0
92970.0
93122.0
93279.0
93455.0
93612.0
93781.0
93936.0
94097.0
94269.0
94399.0
94558.0
94720.0
94898.0
95076.0
95238.0
95410.0
95582.0
95751.0
95922.0
96091.0
96263.0
96416.0
96592.0
96761.0
96937.0
97102.0
97272.0
97408.0
97571.0
97743.0
97900.0
98057.0
98228.0
98378.0
98541.0
98687.0
98848.0
98975.0
99149.0
99306.0
99474.0
99620.0
99769.0
99928.0
100057.0
100226.0
100351.0
100500.0
100638.0
100789.0
100946.0
101104.0
101262.0
101422.0
101565.0
101709.0
101872.0
102019.0
102164.0
102340.0
102504.0
102655.0
102825.0
102990.0
103168.0
103328.0
103492.0
103659.0
103797.0
103960.0
104099.0
104259.0
104424.0
104597.0
104758.0
104928.0
105092.0
105236.0
105397.0
105561.0
105709.0
105868.0
106029.0
106173.0
106326.0
106484.0
106653.0
106818.0
106977.0
107153.0
107301.0
107466.0
107629.0
107795.0
107949.0
108079.0
108231.0
108381.0
108536.0
108692.0
108858.0
109032.0
109185.0
109354.0
109510.0
109657.0
109789.0
109952.0
110094.0
110264.0
110423.0
110587.0
110709.0
110850.0
111013.0
111185.0
111357.0
111516.0
111665.0
111803.0
111975.0
112151.0
112314.0
112474.0
112645.0
112798.0
112949.0
113102.0
113266.0
113427.0
113543.0
113710.0
113876.0
114031.0
114193.0
114338.0
114505.0
114670.0
114834.0
114996.0
115170.0
115338.0
115487.0
115641.0
115804.0
115974.0
116120.0
116272.0
116418.0
116582.0
116733.0
116892.0
117047.0
117201.0
117359.0
117512.0
117650.0
117811.0
117958.0
118123.0
118262.0
118434.0
118572.0
118705.0
118876.0
119005.0
119129.0
119296.0
119460.0
119621.0
119785.0
119949.0
120106.0
120252.0
120393.0
120562.0
120726.0
120894.0
121058.0
121230.0
121371.0
121538.0
121649.0
121799.0
121953.0
122096.0
122257.0
122429.0
122595.0
122750.0
122905.0
123074.0
123243.0
123406.0
123557.0
123705.0
123836.0
124005.0
124159.0
124303.0
124467.0
124627.0
124786.0
124951.0
125113.0
125289.0
125437.0
125593.0
125747.0
125912.0
126080.0
126237.0
126388.0
126535.0
126703.0
126866.0
126996.0
127157.0
127333.0
127465.0
127641.0
127804.0
127952.0
128105.0
128250.0
128414.0
128572.0
128748.0
128912.0
129052.0
129213.0
129374.0
129524.0
129670.0
129848.0
130018.0
130170.0
130326.0
130495.0
130660.0
130820.0
130970.0
131105.0
131244.0
131412.0
131578.0
131735.0
131872.0
132032.0
132141.0
132297.0
132457.0
132622.0
132800.0
132951.0
133117.0
133291.0
133447.0
133607.0
133761.0
133935.0
134102.0
134252.0
134393.0
134560.0
134716.0
134882.0
135025.0
135184.0
135360.0
135504.0
135630.0
135769.0
135927.0
136094.0
136238.0
136397.0
136575.0
136737.0
136900.0
137050.0
137208.0
137370.0
137535.0
137681.0
137850.0
138001.0
138157.0
138313.0
138484.0
138628.0
138799.0
138962.0
139101.0
139267.0
139411.0
139563.0
139733.0
139905.0
140058.0
140219.0
140375.0
140535.0
140699.0
140837.0
141007.0
141159.0
141306.0
141480.0
141637.0
141811.0
141976.0
142152.0
142303.0
142444.0
142616.0
142780.0
142935.0
143111.0
143273.0
143438.0
143583.0
143755.0
143887.0
144053.0
144215.0
144383.0
144553.0
144711.0
144873.0
145021.0
145184.0
145347.0
145504.0
145678.0
145854.0
146021.0
146185.0
146351.0
146487.0
146635.0
146806.0
146949.0
147098.0
147253.0
147413.0
147561.0
147728.0
147879.0
148042.0
148201.0
148363.0
148515.0
148668.0
148818.0
148992.0
149166.0
149304.0
149456.0
149621.0
149774.0
149926.0
150081.0
150257.0
150410.0
150559.0
150711.0
150889.0
151061.0
151216.0
151385.0
151545.0
151698.0
151854.0
152010.0
152166.0
152295.0
152462.0
152618.0
152736.0
152888.0
153001.0
153150.0
153288.0
153421.0
153592.0
153762.0
153908.0
154082.0
154250.0
154395.0
154532.0
154690.0
154857.0
155031.0
155180.0
155334.0
155501.0
155668.0
155805.0
155964.0
156125.0
156265.0
156429.0
156578.0
156741.0
156902.0
157067.0
157234.0
157390.0
157558.0
157708.0
157869.0
158003.0
158172.0
158320.0
158456.0
158627.0
158784.0
158949.0
159101.0
159252.0
159395.0
159547.0
159713.0
159881.0
160043.0
160203.0
160370.0
160542.0
160687.0
160847.0
161002.0
161162.0
161319.0
161477.0
161645.0
161799.0
161958.0
162115.0
162287.0
162458.0
162583.0
162721.0
162886.0
163056.0
163222.0
163390.0
163537.0
163696.0
163864.0
164024.0
164185.0
164329.0
164502.0
164654.0
164823.0
164930.0
165097.0
165232.0
165376.0
165546.0
165708.0
165886.0
166044.0
166202.0
166369.0
166522.0
166663.0
166812.0
166984.0
167144.0
167298.0
167470.0
167631.0
167799.0
167968.0
168097.0
168251.0
168360.0
168529.0
168701.0
168869.0
169030.0
169188.0
169362.0
169523.0
169664.0
169815.0
169969.0
170135.0
170300.0
170416.0
170565.0
170704.0
170872.0
171022.0
171186.0
171350.0
171524.0
171682.0
171858.0
172027.0
172186.0
172355.0
172521.0
172670.0
172829.0
172975.0
173113.0
173275.0
173422.0
173596.0
173767.0
173925.0
174092.0
174257.0
174420.0
174590.0
174760.0
174938.0
175105.0
175265.0
175434.0
175595.0
175753.0
175918.0
176088.0
176260.0
176392.0
176562.0
176715.0
176860.0
177031.0
177203.0
177369.0
177519.0
177680.0
177819.0
177967.0
178128.0
178271.0
178419.0
178592.0
178755.0
178929.0
179087.0
179263.0
179434.0
179592.0
179735.0
179901.0
180065.0
180230.0
180390.0
180553.0
180690.0
180847.0
181000.0
181126.0
181300.0
181463.0
181625.0
181786.0
181948.0
182104.0
182275.0
182426.0
182578.0
182727.0
182903.0
183066.0
183240.0
183358.0
183518.0
183671.0
183831.0
183985.0
184154.0
184320.0
184490.0
184648.0
184816.0
184990.0
185139.0
185286.0
185435.0
185588.0
185756.0
185932.0
186080.0
186229.0
186392.0
186552.0
186702.0
186845.0
187008.0
187153.0
187319.0
187482.0
187634.0
187795.0
187956.0
188110.0
188275.0
188449.0
188615.0
188793.0
188953.0
189127.0
189295.0
189431.0
189579.0
189731.0
189903.0
190068.0
190217.0
190374.0
190544.0
190703.0
190867.0
191024.0
191167.0
191334.0
191486.0
191658.0
191816.0
191981.0
192126.0
192283.0
192450.0
192582.0
192736.0
192910.0
193075.0
193200.0
193338.0
193489.0
193667.0
193826.0
193982.0
194158.0
194315.0
194483.0
194637.0
194782.0
194946.0
195093.0
195260.0
195414.0
195576.0
195722.0
195885.0
196047.0
196223.0
196373.0
196541.0
196711.0
196887.0
197049.0
197174.0
197348.0
197494.0
197657.0
197817.0
197951.0
198108.0
198271.0
198447.0
198600.0
198778.0
198931.0
199084.0
199242.0
199387.0
199512.0
199661.0
199802.0
199964.0
200131.0
200254.0
200403.0
200548.0
200720.0
200874.0
201045.0
201218.0
201385.0
201547.0
201701.0
201877.0
202053.0
202161.0
202324.0
202466.0
202623.0
202792.0
202955.0
203131.0
203284.0
203453.0
203591.0
203754.0
203906.0
204082.0
204253.0
204394.0
204555.0
204693.0
204843.0
204980.0
205120.0
205290.0
205456.0
205611.0
205785.0
205924.0
206073.0
206217.0
206363.0
206535.0
206661.0
206799.0
206964.0
207124.0
207284.0
207434.0
207593.0
207742.0
207916.0
208083.0
208233.0
208405.0
208564.0
208705.0
208865.0
209032.0
209171.0
209336.0
209503.0
209651.0
209827.0
209970.0
210137.0
210283.0
210434.0
210561.0
210720.0
210887.0
211031.0
211196.0
211358.0
211530.0
211678.0
211820.0
211974.0
212118.0
212276.0
212425.0
212594.0
212740.0
212902.0
213046.0
213205.0
213354.0
213511.0
213654.0
213823.0
213987.0
214130.0
214277.0
214449.0
214605.0
214750.0
214896.0
215069.0
215221.0
215388.0
215536.0
215695.0
215817.0
215943.0
216102.0
216268.0
216438.0
216559.0
216718.0
216896.0
217050.0
217216.0
217367.0
217534.0
217693.0
217863.0
218032.0
218186.0
218359.0
218470.0
218636.0
218802.0
218961.0
219120.0
219276.0
