a = 0.8
g = 0.2
e = 0.5
random initial weights = false

-946.0
-1695.0
-2434.0
-2983.0
-3759.0
-4257.0
-4884.0
-5347.0
-5923.0
-6494.0
-7096.0
-7577.0
-8027.0
-8577.0
-9081.0
-9608.0
-10052.0
-10533.0
-10998.0
-11580.0
-12042.0
-12546.0
-13060.0
-12890.0
-12836.0
-12704.0
-13174.0
-13647.0
-13545.0
-13976.0
-14390.0
-14856.0
-14701.0
-14559.0
-14400.0
-14281.0
-14166.0
-14006.0
-13854.0
-13707.0
-13574.0
-13420.0
-13261.0
-13106.0
-12953.0
-12803.0
-12634.0
-12477.0
-12301.0
-12132.0
-11979.0
-11820.0
-11661.0
-11491.0
-11349.0
-11217.0
-11069.0
-10912.0
-10782.0
-10636.0
-10481.0
-10313.0
-10157.0
-9995.0
-9837.0
-9692.0
-9548.0
-9435.0
-9272.0
-9107.0
-8949.0
-8820.0
-8646.0
-8495.0
-8368.0
-8250.0
-8121.0
-7970.0
-7803.0
-7653.0
-7492.0
-7329.0
-7162.0
-6992.0
-6850.0
-6709.0
-6537.0
-6378.0
-6274.0
-6111.0
-5986.0
-5819.0
-5657.0
-5511.0
-5349.0
-5208.0
-5051.0
-4910.0
-4778.0
-4615.0
-4457.0
-4356.0
-4211.0
-4051.0
-3888.0
-3761.0
-3603.0
-3441.0
-3269.0
-3095.0
-2933.0
-2775.0
-2627.0
-2482.0
-2314.0
-2144.0
-1981.0
-1828.0
-1671.0
-1499.0
-1334.0
-1166.0
-994.0
-826.0
-672.0
-502.0
-354.0
-217.0
-51.0
101.0
254.0
428.0
586.0
758.0
926.0
1080.0
1252.0
1398.0
1552.0
1713.0
1840.0
2004.0
2167.0
2337.0
2480.0
2640.0
2784.0
2945.0
3111.0
3272.0
3440.0
3579.0
3727.0
3879.0
4049.0
4219.0
4373.0
4528.0
4689.0
4842.0
5003.0
5165.0
5316.0
5480.0
5625.0
5791.0
5962.0
6099.0
6262.0
6432.0
6598.0
6753.0
6913.0
7031.0
7183.0
7342.0
7516.0
7663.0
7835.0
7971.0
8064.0
8220.0
8353.0
8504.0
8651.0
8818.0
8971.0
9141.0
9293.0
9460.0
9617.0
9758.0
9919.0
10036.0
10207.0
10365.0
10528.0
10689.0
10846.0
11011.0
11162.0
11295.0
11467.0
11602.0
11766.0
11942.0
12058.0
12201.0
12311.0
12463.0
12586.0
12732.0
12902.0
13074.0
13201.0
13363.0
13518.0
13683.0
13849.0
14019.0
14176.0
14338.0
14509.0
14666.0
14830.0
14993.0
15153.0
15316.0
15482.0
15645.0
15808.0
15964.0
16136.0
16294.0
16416.0
16552.0
16695.0
16860.0
17007.0
17172.0
17314.0
17481.0
17605.0
17777.0
17881.0
18031.0
18191.0
18354.0
18514.0
18665.0
18821.0
18964.0
19100.0
19211.0
19344.0
19501.0
19669.0
19820.0
19994.0
20130.0
20296.0
20460.0
20626.0
20769.0
20929.0
21076.0
21246.0
21420.0
21558.0
21708.0
21859.0
22004.0
22142.0
22253.0
22411.0
22568.0
22720.0
22875.0
23007.0
23132.0
23290.0
23426.0
23585.0
23732.0
23897.0
24060.0
24204.0
24327.0
24475.0
24631.0
24781.0
24941.0
25107.0
25261.0
25406.0
25565.0
25707.0
25850.0
26013.0
26162.0
26318.0
26459.0
26600.0
26764.0
26890.0
27016.0
27190.0
27347.0
27464.0
27625.0
27790.0
27947.0
28123.0
28295.0
28444.0
28608.0
28752.0
28900.0
29040.0
29186.0
29295.0
29437.0
29542.0
29689.0
29861.0
30011.0
30179.0
30330.0
30468.0
30619.0
30787.0
30937.0
31105.0
31258.0
31423.0
31591.0
31739.0
31902.0
32062.0
32229.0
32336.0
32490.0
32641.0
32788.0
32951.0
33121.0
33241.0
33413.0
33531.0
33692.0
33855.0
34013.0
34183.0
34347.0
34483.0
34616.0
34761.0
34924.0
35070.0
35201.0
35367.0
35526.0
35669.0
35827.0
35991.0
36134.0
36287.0
36450.0
36619.0
36769.0
36916.0
37057.0
37219.0
37323.0
37466.0
37587.0
37751.0
37905.0
38056.0
38219.0
38372.0
38522.0
38687.0
38841.0
39003.0
39168.0
39340.0
39484.0
39634.0
39800.0
39946.0
40106.0
40280.0
40448.0
40624.0
40771.0
40934.0
41040.0
41198.0
41366.0
41522.0
41678.0
41832.0
41983.0
42144.0
42312.0
42483.0
42642.0
42810.0
42977.0
43151.0
43290.0
43458.0
43621.0
43777.0
43947.0
44100.0
44261.0
44388.0
44558.0
44695.0
44862.0
45024.0
45190.0
45331.0
45496.0
45645.0
45804.0
45940.0
46071.0
46234.0
46400.0
46562.0
46727.0
46879.0
47025.0
47158.0
47312.0
47474.0
47642.0
47769.0
47923.0
48071.0
48203.0
48363.0
48517.0
48658.0
48784.0
48932.0
49090.0
49220.0
49342.0
49510.0
49664.0
49822.0
49944.0
50114.0
50265.0
50425.0
50587.0
50750.0
50900.0
51063.0
51192.0
51362.0
51513.0
51670.0
51838.0
51978.0
52109.0
52283.0
52449.0
52609.0
52767.0
52908.0
53057.0
53217.0
53370.0
53496.0
53666.0
53827.0
53971.0
54135.0
54299.0
54461.0
54611.0
54771.0
54922.0
55055.0
55220.0
55357.0
55519.0
55695.0
55852.0
56016.0
56173.0
56308.0
56464.0
56633.0
56782.0
56925.0
57095.0
57258.0
57388.0
57546.0
57710.0
57858.0
58027.0
58194.0
58343.0
58500.0
58635.0
58759.0
58933.0
59103.0
59270.0
59427.0
59564.0
59724.0
59884.0
60046.0
60218.0
60371.0
60519.0
60686.0
60818.0
60988.0
61136.0
61304.0
61449.0
61599.0
61749.0
61909.0
62079.0
62219.0
62376.0
62518.0
62675.0
62820.0
62960.0
63126.0
63291.0
63446.0
63602.0
63762.0
63904.0
64071.0
64234.0
64399.0
64533.0
64674.0
64817.0
64984.0
65138.0
65307.0
65462.0
65628.0
65787.0
65945.0
66104.0
66273.0
66419.0
66585.0
66751.0
66917.0
67072.0
67240.0
67376.0
67536.0
67701.0
67863.0
68016.0
68143.0
68310.0
68477.0
68614.0
68744.0
68892.0
69050.0
69210.0
69365.0
69501.0
69660.0
69818.0
69935.0
70080.0
70235.0
70382.0
70518.0
70690.0
70852.0
71026.0
71192.0
71355.0
71513.0
71656.0
71814.0
71979.0
72131.0
72296.0
72449.0
72556.0
72703.0
72865.0
73021.0
73178.0
73314.0
73468.0
73612.0
73755.0
73916.0
74058.0
74224.0
74388.0
74508.0
74657.0
74822.0
74986.0
75138.0
75292.0
75436.0
75595.0
75742.0
75894.0
76043.0
76193.0
76321.0
76473.0
76643.0
76783.0
76926.0
77074.0
77201.0
77347.0
77501.0
77653.0
77802.0
77972.0
78125.0
78284.0
78423.0
78590.0
78748.0
78900.0
79070.0
79172.0
79326.0
79487.0
79659.0
79824.0
79975.0
80147.0
80308.0
80469.0
80631.0
80788.0
80943.0
81094.0
81251.0
81400.0
81545.0
81702.0
81874.0
82034.0
82200.0
82366.0
82507.0
82665.0
82823.0
82968.0
83134.0
83300.0
83424.0
83585.0
83752.0
83915.0
84063.0
84232.0
84400.0
84547.0
84723.0
84870.0
85025.0
85173.0
85306.0
85453.0
85593.0
85738.0
85908.0
86052.0
86206.0
86371.0
86525.0
86670.0
86811.0
86945.0
87104.0
87272.0
87399.0
87567.0
87727.0
87878.0
88026.0
88186.0
88342.0
88506.0
88674.0
88825.0
88999.0
89165.0
89309.0
89479.0
89648.0
89814.0
89977.0
90133.0
90287.0
90435.0
90581.0
90749.0
90906.0
91063.0
91227.0
91378.0
91541.0
91662.0
91832.0
91966.0
92131.0
92292.0
92456.0
92613.0
92778.0
92937.0
93103.0
93269.0
93408.0
93561.0
93687.0
93855.0
93994.0
94142.0
94305.0
94472.0
94614.0
94788.0
94927.0
95099.0
95271.0
95436.0
95594.0
95757.0
95909.0
96020.0
96176.0
96347.0
96510.0
96665.0
96794.0
96947.0
97113.0
97280.0
97446.0
97613.0
97760.0
97914.0
98051.0
98203.0
98365.0
98522.0
98672.0
98829.0
98993.0
99117.0
99270.0
99412.0
99558.0
99725.0
99901.0
100068.0
100183.0
100321.0
100487.0
100657.0
100831.0
100992.0
101125.0
101289.0
101452.0
101612.0
101732.0
101887.0
102061.0
102229.0
102392.0
102540.0
102688.0
102841.0
103003.0
103165.0
103278.0
103433.0
103580.0
103728.0
103872.0
104037.0
104144.0
104271.0
104429.0
104589.0
104724.0
104867.0
105002.0
105141.0
105297.0
105441.0
105607.0
105763.0
105919.0
106089.0
106258.0
106414.0
106550.0
106721.0
106888.0
107043.0
107162.0
107270.0
107430.0
107579.0
107743.0
107913.0
108076.0
108250.0
108395.0
108512.0
108668.0
108813.0
108959.0
109118.0
109274.0
109435.0
109594.0
109736.0
109893.0
110051.0
110186.0
110328.0
110452.0
110583.0
110728.0
110876.0
111010.0
111170.0
111337.0
111503.0
111667.0
111815.0
111970.0
112118.0
112247.0
112391.0
112542.0
112700.0
112836.0
112986.0
113119.0
113260.0
113432.0
113580.0
113736.0
113874.0
114024.0
114189.0
114345.0
114499.0
114667.0
114807.0
114967.0
115101.0
115223.0
115395.0
115555.0
115727.0
115857.0
116026.0
116178.0
116335.0
116501.0
116666.0
116824.0
116984.0
117148.0
117319.0
117453.0
117578.0
117732.0
117884.0
118058.0
118214.0
118369.0
118471.0
118635.0
118796.0
118949.0
119064.0
119225.0
119381.0
119541.0
119687.0
119854.0
120021.0
120183.0
120342.0
120467.0
120626.0
120761.0
120929.0
121044.0
121141.0
121300.0
121455.0
121566.0
121725.0
121857.0
122011.0
122155.0
122322.0
122460.0
122610.0
122768.0
122907.0
123065.0
123210.0
123382.0
123554.0
123724.0
123880.0
124041.0
124213.0
124385.0
124551.0
124725.0
124862.0
125027.0
125171.0
125334.0
125491.0
125647.0
125780.0
125926.0
126066.0
126207.0
126351.0
126507.0
126655.0
126781.0
126927.0
127053.0
127218.0
127351.0
127522.0
127655.0
127821.0
127990.0
128115.0
128253.0
128375.0
128542.0
128698.0
128838.0
128992.0
129149.0
129299.0
129444.0
129614.0
129749.0
129862.0
129987.0
130133.0
130299.0
130443.0
130607.0
130781.0
130929.0
131063.0
131235.0
131409.0
131546.0
131704.0
131861.0
132022.0
132185.0
132320.0
132478.0
132650.0
132796.0
132944.0
133101.0
133243.0
133409.0
133564.0
133716.0
133845.0
134010.0
134170.0
134280.0
134412.0
134575.0
134696.0
134829.0
134994.0
135157.0
135316.0
135465.0
135619.0
135771.0
135926.0
136089.0
136236.0
136386.0
136560.0
136718.0
136872.0
137044.0
137202.0
137366.0
137525.0
137647.0
137733.0
137905.0
138039.0
138198.0
138322.0
138477.0
138632.0
138773.0
138929.0
139075.0
139233.0
139369.0
139534.0
139625.0
139774.0
139901.0
140060.0
140210.0
140355.0
140492.0
140648.0
140748.0
140913.0
141070.0
141208.0
141382.0
141531.0
141684.0
141846.0
141976.0
142126.0
142281.0
142434.0
142582.0
142714.0
142863.0
143027.0
143186.0
143350.0
143511.0
143659.0
143821.0
143993.0
144127.0
144283.0
144422.0
144573.0
144738.0
144902.0
145039.0
145209.0
145377.0
145522.0
145683.0
145842.0
145995.0
146141.0
146306.0
146461.0
146623.0
146788.0
146947.0
147077.0
147232.0
147362.0
147520.0
147683.0
147846.0
147998.0
148140.0
148268.0
148414.0
148572.0
148731.0
148901.0
149057.0
149197.0
149342.0
149469.0
149622.0
149765.0
149930.0
150067.0
150207.0
150356.0
150493.0
150637.0
150791.0
150950.0
151101.0
151250.0
151380.0
151530.0
151671.0
151807.0
151959.0
152106.0
152248.0
152414.0
152579.0
152727.0
152878.0
153037.0
153192.0
153360.0
153493.0
153657.0
153823.0
153995.0
154160.0
154308.0
154473.0
154639.0
154799.0
154956.0
155086.0
155236.0
155400.0
155565.0
155701.0
155839.0
155989.0
156136.0
156277.0
156432.0
156591.0
156748.0
156903.0
157053.0
157207.0
157328.0
157455.0
157613.0
157776.0
157899.0
158048.0
158217.0
158357.0
158489.0
158652.0
158819.0
158986.0
159141.0
159302.0
159459.0
159606.0
159764.0
159938.0
160092.0
160250.0
160408.0
160582.0
160754.0
160906.0
161080.0
161230.0
161382.0
161537.0
161701.0
161836.0
161991.0
162147.0
162306.0
162465.0
162619.0
162739.0
162894.0
163027.0
163191.0
163337.0
163509.0
163671.0
163828.0
163962.0
164096.0
164266.0
164437.0
164543.0
164700.0
164864.0
165015.0
165161.0
165320.0
165482.0
165617.0
165769.0
165911.0
166081.0
166253.0
166396.0
166521.0
166682.0
166791.0
166948.0
167117.0
167269.0
167432.0
167595.0
167751.0
167876.0
168008.0
168160.0
168312.0
168475.0
168643.0
168807.0
168969.0
169137.0
169242.0
169393.0
169529.0
169698.0
169847.0
169997.0
170143.0
170289.0
170458.0
170601.0
170765.0
170902.0
171055.0
171212.0
171372.0
171488.0
171637.0
171789.0
171957.0
172115.0
172268.0
172427.0
172597.0
172724.0
172887.0
173039.0
173185.0
173330.0
173467.0
173575.0
173725.0
173885.0
174042.0
174194.0
174330.0
174492.0
174656.0
174809.0
174973.0
175141.0
175297.0
175429.0
175593.0
175734.0
175887.0
176024.0
176181.0
176344.0
176497.0
176600.0
176749.0
176890.0
177055.0
177227.0
177367.0
177541.0
177691.0
177833.0
177992.0
178147.0
178306.0
178452.0
178589.0
178731.0
178895.0
179022.0
179169.0
179298.0
179451.0
179608.0
179782.0
179949.0
180114.0
180262.0
180415.0
180549.0
180718.0
180876.0
181048.0
181219.0
181389.0
181525.0
181684.0
181820.0
181959.0
182126.0
182291.0
182403.0
182529.0
182685.0
182823.0
182962.0
183106.0
183240.0
183385.0
183537.0
183689.0
183836.0
183979.0
184143.0
184300.0
184402.0
184562.0
184698.0
184830.0
184991.0
185150.0
185295.0
185436.0
185599.0
185747.0
185906.0
186062.0
186238.0
186392.0
186564.0
186722.0
186874.0
187020.0
187177.0
187321.0
187474.0
187617.0
187753.0
187896.0
188038.0
188193.0
188337.0
188482.0
188643.0
188811.0
188954.0
189088.0
189251.0
189396.0
189554.0
189724.0
189843.0
190019.0
190169.0
190331.0
190493.0
190649.0
190808.0
190969.0
191106.0
191276.0
191427.0
191568.0
191732.0
191892.0
192050.0
192226.0
192362.0
192521.0
192688.0
192823.0
192974.0
193118.0
193266.0
193438.0
193579.0
193718.0
193888.0
194039.0
194183.0
194333.0
194503.0
194677.0
194843.0
195001.0
195168.0
195326.0
195467.0
195622.0
195784.0
195913.0
196062.0
196218.0
196373.0
196531.0
196675.0
196844.0
196972.0
197135.0
197295.0
197440.0
197610.0
197782.0
197954.0
198122.0
198288.0
198434.0
198590.0
198750.0
198913.0
199053.0
199188.0
199328.0
199475.0
199625.0
199780.0
199902.0
200043.0
200184.0
200352.0
200511.0
200674.0
200811.0
200962.0
201095.0
201241.0
201385.0
201491.0
201626.0
201786.0
201958.0
202098.0
202249.0
202409.0
202566.0
202709.0
202853.0
202971.0
203112.0
203276.0
203439.0
203607.0
203746.0
203879.0
204048.0
204195.0
204343.0
204500.0
204641.0
204812.0
204960.0
205090.0
205248.0
205420.0
205570.0
205700.0
205867.0
206028.0
206196.0
206345.0
206496.0
206638.0
206794.0
206955.0
207118.0
207261.0
207371.0
207541.0
207697.0
207867.0
207977.0
208142.0
208312.0
208457.0
208623.0
208776.0
208908.0
