a = 0.5
g = 0.2
e = 0.1
random initial weights = true

-746.0
-1402.0
-2183.0
-2682.0
-3333.0
-3879.0
-4360.0
-4994.0
-5426.0
-5927.0
-6724.0
-7155.0
-7632.0
-7518.0
-7934.0
-8398.0
-8840.0
-9317.0
-9787.0
-10333.0
-10843.0
-11278.0
-11731.0
-12176.0
-12640.0
-13149.0
-13614.0
-14083.0
-14536.0
-14966.0
-15404.0
-15864.0
-16313.0
-16757.0
-17184.0
-17608.0
-17448.0
-17860.0
-18286.0
-18700.0
-19170.0
-19597.0
-20048.0
-20471.0
-20952.0
-21435.0
-21857.0
-22273.0
-22691.0
-23105.0
-22988.0
-23402.0
-23844.0
-24260.0
-24680.0
-25096.0
-25524.0
-25362.0
-25774.0
-26192.0
-26034.0
-25860.0
-25712.0
-26128.0
-25980.0
-25804.0
-26222.0
-26050.0
-25884.0
-26296.0
-26124.0
-26536.0
-26965.0
-27381.0
-27207.0
-27619.0
-27447.0
-27295.0
-27707.0
-27533.0
-27947.0
-28359.0
-28775.0
-29235.0
-29063.0
-28889.0
-28715.0
-28541.0
-28367.0
-28781.0
-29205.0
-29621.0
-30039.0
-29868.0
-30284.0
-30701.0
-30544.0
-30963.0
-31377.0
-31221.0
-31633.0
-31457.0
-31304.0
-31128.0
-30954.0
-30782.0
-30611.0
-30446.0
-30270.0
-30096.0
-29920.0
-29744.0
-29570.0
-29401.0
-29225.0
-29049.0
-28873.0
-28697.0
-28521.0
-28347.0
-28178.0
-28002.0
-27830.0
-27659.0
-27487.0
-27313.0
-27142.0
-26968.0
-26796.0
-26620.0
-26444.0
-26270.0
-26094.0
-25918.0
-25742.0
-25566.0
-25397.0
-25221.0
-25045.0
-24869.0
-24693.0
-24519.0
-24349.0
-24175.0
-24001.0
-23827.0
-23651.0
-23475.0
-23303.0
-23127.0
-22953.0
-22781.0
-22612.0
-22436.0
-22262.0
-22088.0
-21918.0
-21748.0
-21572.0
-21396.0
-21220.0
-21048.0
-20874.0
-20700.0
-20528.0
-20381.0
-20205.0
-20029.0
-19857.0
-19683.0
-19507.0
-19331.0
-19155.0
-18979.0
-18805.0
-18631.0
-18457.0
-18281.0
-18110.0
-17936.0
-17760.0
-17588.0
-17412.0
-17240.0
-17080.0
-16906.0
-16732.0
-16574.0
-16398.0
-16224.0
-16053.0
-15877.0
-15703.0
-15529.0
-15353.0
-15182.0
-15008.0
-14832.0
-14656.0
-14489.0
-14313.0
-14139.0
-13999.0
-13825.0
-13649.0
-13475.0
-13299.0
-13123.0
-12949.0
-12773.0
-12597.0
-12423.0
-12252.0
-12076.0
-11900.0
-11739.0
-11565.0
-11389.0
-11217.0
-11043.0
-10869.0
-10695.0
-10521.0
-10345.0
-10171.0
-9997.0
-9821.0
-9647.0
-9471.0
-9300.0
-9124.0
-8948.0
-8774.0
-8600.0
-8428.0
-8254.0
-8085.0
-7909.0
-7735.0
-7559.0
-7385.0
-7211.0
-7037.0
-6863.0
-6689.0
-6517.0
-6343.0
-6167.0
-5993.0
-5819.0
-5654.0
-5478.0
-5302.0
-5133.0
-4957.0
-4781.0
-4609.0
-4435.0
-4263.0
-4087.0
-3936.0
-3769.0
-3599.0
-3428.0
-3252.0
-3080.0
-2906.0
-2734.0
-2560.0
-2386.0
-2212.0
-2044.0
-1875.0
-1706.0
-1530.0
-1354.0
-1182.0
-1006.0
-832.0
-658.0
-488.0
-312.0
-140.0
36.0
212.0
386.0
558.0
734.0
910.0
1086.0
1258.0
1432.0
1608.0
1784.0
1956.0
2130.0
2304.0
2473.0
2649.0
2825.0
3001.0
3175.0
3349.0
3519.0
3691.0
3867.0
4038.0
4214.0
4386.0
4562.0
4738.0
4907.0
5081.0
5255.0
5431.0
5605.0
5779.0
5953.0
6129.0
6303.0
6479.0
6655.0
6831.0
6996.0
7172.0
7346.0
7520.0
7694.0
7870.0
8044.0
8218.0
8394.0
8560.0
8732.0
8908.0
9084.0
9258.0
9432.0
9606.0
9780.0
9951.0
10125.0
10301.0
10475.0
10651.0
10827.0
11003.0
11177.0
11349.0
11517.0
11693.0
11869.0
12045.0
12219.0
12395.0
12566.0
12742.0
12918.0
13088.0
13262.0
13438.0
13610.0
13784.0
13958.0
14132.0
14306.0
14480.0
14654.0
14830.0
15006.0
15180.0
15354.0
15528.0
15702.0
15874.0
16050.0
16219.0
16395.0
16567.0
16741.0
16917.0
17093.0
17267.0
17443.0
17619.0
17793.0
17969.0
18145.0
18321.0
18497.0
18673.0
18844.0
19020.0
19196.0
19370.0
19546.0
19722.0
19894.0
20070.0
20244.0
20418.0
20592.0
20766.0
20942.0
21118.0
21289.0
21460.0
21634.0
21800.0
21976.0
22152.0
22328.0
22504.0
22678.0
22854.0
23030.0
23206.0
23380.0
23556.0
23732.0
23908.0
24080.0
24249.0
24423.0
24587.0
24753.0
24929.0
25105.0
25281.0
25453.0
25629.0
25805.0
25967.0
26143.0
26317.0
26489.0
26658.0
26832.0
27001.0
27173.0
27345.0
27517.0
27693.0
27867.0
28043.0
28219.0
28395.0
28561.0
28737.0
28913.0
29089.0
29265.0
29437.0
29611.0
29782.0
29958.0
30132.0
30301.0
30477.0
30653.0
30829.0
30998.0
31174.0
31348.0
31519.0
31691.0
31867.0
32041.0
32213.0
32389.0
32565.0
32741.0
32913.0
33089.0
33265.0
33439.0
33613.0
33789.0
33965.0
34139.0
34315.0
34487.0
34663.0
34839.0
35015.0
35186.0
35362.0
35538.0
35705.0
35881.0
36055.0
36231.0
36407.0
36583.0
36755.0
36931.0
37107.0
37277.0
37449.0
37617.0
37785.0
37949.0
38123.0
38299.0
38475.0
38649.0
38820.0
38996.0
39164.0
39340.0
39514.0
39685.0
39853.0
40019.0
40191.0
40360.0
40536.0
40710.0
40873.0
41049.0
41225.0
41401.0
41577.0
41751.0
41925.0
42096.0
42272.0
42448.0
42624.0
42800.0
42971.0
43145.0
43319.0
43495.0
43671.0
43845.0
44021.0
44197.0
44373.0
44549.0
44721.0
44895.0
45071.0
45247.0
45423.0
45599.0
45771.0
45947.0
46123.0
46297.0
46473.0
46649.0
46823.0
46997.0
47173.0
47347.0
47523.0
47697.0
47871.0
48047.0
48223.0
48399.0
48571.0
48745.0
48919.0
49095.0
49271.0
49447.0
49621.0
49793.0
49969.0
50145.0
50317.0
50487.0
50661.0
50837.0
51011.0
51187.0
51359.0
51535.0
51711.0
51882.0
52053.0
52229.0
52399.0
52575.0
52751.0
52925.0
53101.0
53273.0
53449.0
53625.0
53801.0
53975.0
54144.0
54318.0
54492.0
54668.0
54844.0
55020.0
55196.0
55370.0
55544.0
55718.0
55894.0
56070.0
56246.0
56422.0
56596.0
56763.0
56939.0
57115.0
57291.0
57465.0
57641.0
57817.0
57991.0
58167.0
58341.0
58512.0
58686.0
58862.0
59038.0
59214.0
59386.0
59562.0
59734.0
59910.0
60080.0
60254.0
60430.0
60606.0
60780.0
60956.0
61128.0
61304.0
61478.0
61643.0
61814.0
61983.0
62157.0
62333.0
62505.0
62681.0
62855.0
63021.0
63197.0
63373.0
63514.0
63686.0
63862.0
64034.0
64210.0
64382.0
64551.0
64727.0
64903.0
65077.0
65253.0
65427.0
65601.0
65775.0
65945.0
66116.0
66292.0
66468.0
66644.0
66820.0
66996.0
67172.0
67341.0
67517.0
67686.0
67860.0
68036.0
68208.0
68384.0
68560.0
68736.0
68908.0
69082.0
69256.0
69432.0
69606.0
69773.0
69944.0
70115.0
70289.0
70463.0
70637.0
70813.0
70985.0
71161.0
71331.0
71507.0
71683.0
71859.0
72029.0
72203.0
72374.0
72550.0
72720.0
72896.0
73072.0
73248.0
73420.0
73592.0
73762.0
73931.0
74107.0
74283.0
74452.0
74626.0
74802.0
74974.0
75146.0
75318.0
75492.0
75666.0
75840.0
76014.0
76190.0
76366.0
76529.0
76705.0
76879.0
77046.0
77220.0
77396.0
77570.0
77744.0
77920.0
78096.0
78272.0
78448.0
78616.0
78790.0
78964.0
79138.0
79312.0
79486.0
79660.0
79836.0
80012.0
80186.0
80362.0
80534.0
80710.0
80882.0
81052.0
81221.0
81395.0
81567.0
81743.0
81919.0
82095.0
82269.0
82445.0
82621.0
82797.0
82973.0
83137.0
83309.0
83483.0
83659.0
83831.0
84007.0
84183.0
84359.0
84535.0
84711.0
84887.0
85061.0
85230.0
85406.0
85576.0
85752.0
85926.0
86100.0
86274.0
86446.0
86622.0
86798.0
86974.0
87134.0
87306.0
87478.0
87652.0
87816.0
87992.0
88166.0
88340.0
88514.0
88690.0
88856.0
88998.0
89172.0
89348.0
89522.0
89698.0
89874.0
90048.0
90224.0
90400.0
90574.0
90741.0
90911.0
91082.0
91253.0
91429.0
91601.0
91777.0
91953.0
92129.0
92303.0
92475.0
92649.0
92825.0
93001.0
93175.0
93351.0
93523.0
93691.0
93861.0
94037.0
94208.0
94382.0
94558.0
94732.0
94908.0
95084.0
95255.0
95429.0
95605.0
95781.0
95957.0
96128.0
96304.0
96478.0
96650.0
96826.0
97000.0
97174.0
97338.0
97512.0
97688.0
97864.0
98036.0
98210.0
98384.0
98558.0
98727.0
98903.0
99079.0
99253.0
99427.0
99601.0
99775.0
99951.0
100127.0
100298.0
100474.0
100648.0
100822.0
100989.0
101165.0
101339.0
101513.0
101687.0
101863.0
102039.0
102211.0
102385.0
102554.0
102730.0
102906.0
103082.0
103251.0
103427.0
103599.0
103775.0
103949.0
104125.0
104299.0
104473.0
104647.0
104823.0
104993.0
105164.0
105335.0
105511.0
105685.0
105859.0
106035.0
106207.0
106381.0
106555.0
106724.0
106895.0
107066.0
107238.0
107402.0
107574.0
107745.0
107921.0
108097.0
108273.0
108447.0
108623.0
108790.0
108964.0
109140.0
109314.0
109486.0
109662.0
109838.0
110010.0
110186.0
110362.0
110538.0
110710.0
110884.0
111060.0
111236.0
111412.0
111586.0
111760.0
111936.0
112110.0
112286.0
112460.0
112634.0
112806.0
112982.0
113158.0
113334.0
113506.0
113682.0
113853.0
114027.0
114203.0
114375.0
114547.0
114723.0
114895.0
115071.0
115243.0
115412.0
115586.0
115762.0
115936.0
116112.0
116288.0
116464.0
116638.0
116810.0
116982.0
117156.0
117332.0
117506.0
117682.0
117856.0
118032.0
118208.0
118379.0
118553.0
118729.0
118905.0
119081.0
119255.0
119427.0
119599.0
119773.0
119949.0
120123.0
120297.0
120473.0
120638.0
120812.0
120986.0
121160.0
121336.0
121512.0
121686.0
121862.0
122033.0
122199.0
122375.0
122551.0
122723.0
122899.0
123075.0
123251.0
123427.0
123603.0
123777.0
123951.0
124127.0
124303.0
124466.0
124642.0
124818.0
124989.0
125163.0
125339.0
125515.0
125691.0
125867.0
126043.0
126219.0
126393.0
126569.0
126745.0
126919.0
127093.0
127269.0
127441.0
127617.0
127791.0
127967.0
128141.0
128317.0
128489.0
128663.0
128839.0
129008.0
129169.0
129341.0
129512.0
129686.0
129860.0
130034.0
130210.0
130386.0
130558.0
130727.0
130903.0
131079.0
131255.0
131425.0
131601.0
131777.0
131953.0
132123.0
132297.0
132473.0
132640.0
132816.0
132992.0
133168.0
133339.0
133515.0
133689.0
133865.0
134041.0
134217.0
134391.0
134567.0
134743.0
134910.0
135082.0
135258.0
135434.0
135608.0
135784.0
135960.0
136136.0
136307.0
136479.0
136648.0
136824.0
137000.0
137174.0
137348.0
137524.0
137698.0
137872.0
138048.0
138220.0
138392.0
138564.0
138736.0
138910.0
139084.0
139258.0
139427.0
139603.0
139779.0
139955.0
140131.0
140305.0
140481.0
140657.0
140833.0
140999.0
141170.0
141346.0
141522.0
141696.0
141872.0
142048.0
142224.0
142395.0
142569.0
142740.0
142916.0
143092.0
143261.0
143437.0
143611.0
143785.0
143956.0
144130.0
144306.0
144482.0
144658.0
144834.0
145010.0
145186.0
145362.0
145536.0
145712.0
145888.0
146062.0
146238.0
146414.0
146588.0
146764.0
146940.0
147112.0
147284.0
147458.0
147632.0
147808.0
147984.0
148153.0
148327.0
148499.0
148670.0
148846.0
149022.0
149198.0
149369.0
149541.0
149717.0
149893.0
150069.0
150245.0
150421.0
150597.0
150773.0
150949.0
151125.0
151297.0
151471.0
151635.0
151811.0
151987.0
152163.0
152339.0
152513.0
152689.0
152865.0
153039.0
153215.0
153389.0
153565.0
153739.0
153911.0
154087.0
154259.0
154435.0
154609.0
154783.0
154959.0
155135.0
155311.0
155487.0
155663.0
155830.0
156001.0
156177.0
156353.0
156524.0
156696.0
156870.0
157046.0
157220.0
157396.0
157572.0
157748.0
157920.0
158090.0
158266.0
158442.0
158616.0
158790.0
158964.0
159140.0
159311.0
159485.0
159661.0
159837.0
160013.0
160187.0
160363.0
160539.0
160709.0
160881.0
161053.0
161229.0
161405.0
161581.0
161749.0
161920.0
162096.0
162272.0
162444.0
162618.0
162787.0
162963.0
163130.0
163306.0
163474.0
163650.0
163826.0
164002.0
164178.0
164354.0
164530.0
164704.0
164876.0
165050.0
165226.0
165402.0
165578.0
165748.0
165922.0
166098.0
166269.0
166443.0
166619.0
166793.0
166969.0
167145.0
167321.0
167490.0
167664.0
167834.0
168003.0
168177.0
168351.0
168523.0
168699.0
168873.0
169047.0
169223.0
169392.0
169566.0
169736.0
169910.0
170081.0
170255.0
170431.0
170607.0
170781.0
170955.0
171127.0
171294.0
171468.0
171644.0
171820.0
171996.0
172165.0
172341.0
172515.0
172687.0
172861.0
173030.0
173206.0
173382.0
173556.0
173732.0
173903.0
174079.0
174255.0
174429.0
174600.0
174776.0
174952.0
175111.0
175285.0
175461.0
175635.0
175811.0
175987.0
176163.0
176332.0
176502.0
176678.0
176854.0
177030.0
177206.0
177382.0
177558.0
177734.0
177910.0
178081.0
178257.0
178431.0
178597.0
178769.0
178943.0
179119.0
179295.0
179465.0
179641.0
179817.0
179991.0
180167.0
180343.0
180513.0
180685.0
180855.0
181031.0
181205.0
181374.0
181545.0
181721.0
181895.0
182071.0
182247.0
182414.0
182585.0
182757.0
182931.0
183107.0
183283.0
183455.0
183631.0
183807.0
183979.0
184153.0
184325.0
184494.0
184665.0
184839.0
185015.0
185187.0
185359.0
185535.0
185711.0
185885.0
186061.0
186233.0
186409.0
186578.0
186754.0
186930.0
187104.0
187280.0
187456.0
187628.0
187804.0
187978.0
188154.0
188325.0
188499.0
188673.0
188847.0
189023.0
189193.0
189369.0
189540.0
189714.0
189884.0
190060.0
190232.0
190406.0
190578.0
190752.0
190926.0
191097.0
191271.0
191445.0
191621.0
191795.0
191965.0
192141.0
192315.0
192491.0
192665.0
192841.0
193008.0
193182.0
193353.0
193527.0
193703.0
193879.0
194055.0
194231.0
194405.0
194575.0
194751.0
194927.0
195098.0
195272.0
195446.0
195603.0
195777.0
195947.0
196123.0
196294.0
196466.0
196642.0
196811.0
196987.0
197161.0
197337.0
197513.0
197689.0
197865.0
198039.0
198215.0
198389.0
198563.0
198735.0
198909.0
199081.0
199255.0
199427.0
199603.0
199779.0
199955.0
200122.0
200296.0
200470.0
200644.0
200820.0
200994.0
201166.0
201340.0
201516.0
201690.0
201864.0
202040.0
202216.0
202387.0
202561.0
202735.0
202909.0
203074.0
203250.0
203426.0
203602.0
203776.0
203947.0
204119.0
204290.0
204466.0
204640.0
204811.0
204985.0
205161.0
205330.0
205502.0
205676.0
205850.0
206026.0
206200.0
206369.0
206543.0
206715.0
206891.0
207067.0
207236.0
207412.0
207588.0
207764.0
207940.0
208114.0
208279.0
208453.0
208629.0
208801.0
208975.0
209151.0
209320.0
209494.0
209668.0
209844.0
210020.0
210196.0
210370.0
210544.0
210716.0
210892.0
211068.0
211237.0
211411.0
