a = 0.5
g = 0.2
e = 0.1
random initial weights = true

-725.0
-1685.0
-2265.0
-2808.0
-3288.0
-3798.0
-4271.0
-4739.0
-5176.0
-5645.0
-6104.0
-6628.0
-7049.0
-7502.0
-8025.0
-8460.0
-8888.0
-9354.0
-9798.0
-9630.0
-10041.0
-10484.0
-10897.0
-11358.0
-11785.0
-12200.0
-12665.0
-13089.0
-12936.0
-13366.0
-13785.0
-14204.0
-14625.0
-15042.0
-15471.0
-15893.0
-16306.0
-16140.0
-16551.0
-16968.0
-17387.0
-17800.0
-18228.0
-18653.0
-19072.0
-19497.0
-19916.0
-19765.0
-20180.0
-20609.0
-20437.0
-20848.0
-21263.0
-21680.0
-22104.0
-22521.0
-22943.0
-23358.0
-23792.0
-24203.0
-24626.0
-24454.0
-24865.0
-25284.0
-25702.0
-26113.0
-26526.0
-26949.0
-26781.0
-26603.0
-26429.0
-26257.0
-26668.0
-27096.0
-26922.0
-26744.0
-26570.0
-26392.0
-26214.0
-26036.0
-25860.0
-26271.0
-26095.0
-25919.0
-25741.0
-25567.0
-25389.0
-25211.0
-25038.0
-24860.0
-24691.0
-24515.0
-24926.0
-25337.0
-25165.0
-24987.0
-24813.0
-24637.0
-24461.0
-24880.0
-25296.0
-25124.0
-24952.0
-24780.0
-24602.0
-24424.0
-24253.0
-24077.0
-23899.0
-23723.0
-23545.0
-23371.0
-23193.0
-23604.0
-23436.0
-23258.0
-23082.0
-22904.0
-22728.0
-22552.0
-22376.0
-22198.0
-22045.0
-21877.0
-21699.0
-21521.0
-21347.0
-21176.0
-21000.0
-20827.0
-20649.0
-20471.0
-20293.0
-20122.0
-19954.0
-19776.0
-19602.0
-19426.0
-19250.0
-19072.0
-18894.0
-18716.0
-18542.0
-18364.0
-18195.0
-18017.0
-17839.0
-17663.0
-17489.0
-17311.0
-17133.0
-16955.0
-16781.0
-16608.0
-16430.0
-16254.0
-16076.0
-15898.0
-15720.0
-15544.0
-15366.0
-15188.0
-15012.0
-14834.0
-14656.0
-14478.0
-14300.0
-14122.0
-13944.0
-13771.0
-13593.0
-13415.0
-13241.0
-13063.0
-12889.0
-12711.0
-12533.0
-12355.0
-12177.0
-12005.0
-11827.0
-11649.0
-11473.0
-11295.0
-11117.0
-10939.0
-10761.0
-10583.0
-10407.0
-10229.0
-10051.0
-9875.0
-9697.0
-9524.0
-9346.0
-9170.0
-8997.0
-8821.0
-8647.0
-8469.0
-8299.0
-8126.0
-7952.0
-7774.0
-7598.0
-7424.0
-7251.0
-7075.0
-6897.0
-6719.0
-6541.0
-6368.0
-6194.0
-6018.0
-5842.0
-5666.0
-5495.0
-5317.0
-5141.0
-4963.0
-4789.0
-4611.0
-4433.0
-4255.0
-4083.0
-3907.0
-3731.0
-3555.0
-3379.0
-3201.0
-3030.0
-2852.0
-2678.0
-2502.0
-2326.0
-2148.0
-1970.0
-1794.0
-1618.0
-1447.0
-1273.0
-1095.0
-923.0
-749.0
-573.0
-395.0
-217.0
-48.0
130.0
306.0
479.0
657.0
835.0
1007.0
1185.0
1363.0
1541.0
1715.0
1893.0
2071.0
2247.0
2420.0
2592.0
2770.0
2948.0
3124.0
3302.0
3476.0
3654.0
3828.0
4004.0
4182.0
4360.0
4538.0
4707.0
4883.0
5059.0
5237.0
5413.0
5587.0
5765.0
5941.0
6115.0
6289.0
6467.0
6641.0
6814.0
6992.0
7163.0
7337.0
7515.0
7687.0
7861.0
8039.0
8217.0
8393.0
8569.0
8747.0
8925.0
9101.0
9277.0
9449.0
9623.0
9801.0
9979.0
10157.0
10335.0
10513.0
10686.0
10862.0
11040.0
11218.0
11396.0
11572.0
11743.0
11921.0
12097.0
12271.0
12449.0
12627.0
12803.0
12981.0
13157.0
13333.0
13509.0
13682.0
13860.0
14038.0
14216.0
14394.0
14572.0
14750.0
14926.0
15102.0
15280.0
15454.0
15632.0
15810.0
15986.0
16162.0
16340.0
16518.0
16696.0
16869.0
17045.0
17219.0
17397.0
17573.0
17751.0
17929.0
18100.0
18276.0
18450.0
18626.0
18800.0
18976.0
19154.0
19330.0
19503.0
19676.0
19854.0
20025.0
20199.0
20375.0
20551.0
20729.0
20903.0
21081.0
21257.0
21435.0
21608.0
21786.0
21962.0
22138.0
22309.0
22487.0
22665.0
22839.0
23011.0
23187.0
23361.0
23539.0
23713.0
23891.0
24069.0
24245.0
24423.0
24601.0
24772.0
24941.0
25119.0
25291.0
25469.0
25647.0
25817.0
25993.0
26171.0
26349.0
26522.0
26698.0
26874.0
27050.0
27223.0
27396.0
27564.0
27737.0
27901.0
28079.0
28257.0
28435.0
28613.0
28791.0
28967.0
29145.0
29323.0
29497.0
29673.0
29849.0
30025.0
30198.0
30376.0
30552.0
30728.0
30904.0
31078.0
31256.0
31434.0
31610.0
31786.0
31964.0
32142.0
32320.0
32498.0
32671.0
32849.0
33022.0
33198.0
33374.0
33550.0
33726.0
33904.0
34082.0
34260.0
34438.0
34612.0
34790.0
34966.0
35144.0
35322.0
35500.0
35674.0
35852.0
36030.0
36208.0
36384.0
36562.0
36740.0
36916.0
37090.0
37266.0
37442.0
37618.0
37780.0
37956.0
38134.0
38312.0
38488.0
38666.0
38844.0
39022.0
39198.0
39376.0
39552.0
39730.0
39908.0
40086.0
40260.0
40436.0
40614.0
40790.0
40966.0
41144.0
41317.0
41495.0
41671.0
41847.0
42025.0
42199.0
42377.0
42542.0
42720.0
42896.0
43067.0
43238.0
43411.0
43587.0
43765.0
43941.0
44115.0
44288.0
44466.0
44644.0
44818.0
44994.0
45163.0
45339.0
45515.0
45683.0
45861.0
46035.0
46211.0
46389.0
46557.0
46730.0
46908.0
47086.0
47264.0
47442.0
47620.0
47798.0
47974.0
48152.0
48330.0
48508.0
48686.0
48860.0
49038.0
49214.0
49383.0
49561.0
49739.0
49917.0
50093.0
50266.0
50444.0
50620.0
50793.0
50971.0
51147.0
51325.0
51503.0
51681.0
51852.0
52030.0
52204.0
52382.0
52560.0
52736.0
52912.0
53088.0
53261.0
53439.0
53617.0
53793.0
53969.0
54140.0
54314.0
54488.0
54666.0
54842.0
55020.0
55194.0
55372.0
55550.0
55722.0
55900.0
56073.0
56249.0
56423.0
56599.0
56772.0
56950.0
57128.0
57306.0
57482.0
57660.0
57833.0
58009.0
58187.0
58363.0
58541.0
58717.0
58895.0
59068.0
59246.0
59417.0
59595.0
59773.0
59944.0
60120.0
60298.0
60476.0
60654.0
60825.0
61003.0
61173.0
61346.0
61524.0
61702.0
61880.0
62058.0
62236.0
62409.0
62587.0
62765.0
62941.0
63119.0
63293.0
63471.0
63645.0
63816.0
63992.0
64160.0
64338.0
64512.0
64688.0
64866.0
65044.0
65222.0
65400.0
65572.0
65748.0
65919.0
66092.0
66268.0
66442.0
66618.0
66796.0
66974.0
67152.0
67322.0
67498.0
67676.0
67850.0
68019.0
68197.0
68375.0
68551.0
68729.0
68907.0
69085.0
69263.0
69441.0
69612.0
69786.0
69959.0
70135.0
70308.0
70482.0
70653.0
70831.0
71009.0
71185.0
71361.0
71537.0
71709.0
71887.0
72065.0
72239.0
72413.0
72591.0
72769.0
72945.0
73123.0
73299.0
73477.0
73650.0
73828.0
74006.0
74184.0
74362.0
74540.0
74714.0
74892.0
75070.0
75246.0
75422.0
75593.0
75771.0
75947.0
76119.0
76295.0
76473.0
76651.0
76820.0
76993.0
77166.0
77344.0
77522.0
77696.0
77874.0
78052.0
78228.0
78402.0
78578.0
78754.0
78928.0
79106.0
79284.0
79462.0
79631.0
79805.0
79981.0
80153.0
80322.0
80496.0
80674.0
80852.0
81030.0
81208.0
81384.0
81558.0
81728.0
81906.0
82082.0
82258.0
82427.0
82601.0
82779.0
82957.0
83135.0
83313.0
83491.0
83669.0
83847.0
84023.0
84199.0
84377.0
84551.0
84725.0
84903.0
85079.0
85251.0
85429.0
85607.0
85783.0
85961.0
86139.0
86304.0
86482.0
86660.0
86838.0
87016.0
87187.0
87360.0
87538.0
87716.0
87892.0
88066.0
88239.0
88417.0
88595.0
88768.0
88946.0
89124.0
89302.0
89478.0
89656.0
89834.0
90012.0
90174.0
90347.0
90523.0
90699.0
90877.0
91055.0
91233.0
91409.0
91587.0
91765.0
91941.0
92119.0
92295.0
92473.0
92651.0
92825.0
93003.0
93181.0
93359.0
93531.0
93709.0
93883.0
94061.0
94239.0
94417.0
94591.0
94767.0
94945.0
95119.0
95295.0
95473.0
95643.0
95819.0
95993.0
96171.0
96341.0
96517.0
96689.0
96863.0
97039.0
97217.0
97395.0
97566.0
97744.0
97916.0
98090.0
98268.0
98444.0
98620.0
98796.0
98970.0
99143.0
99317.0
99489.0
99663.0
99835.0
100008.0
100184.0
100362.0
100540.0
100718.0
100894.0
101072.0
101248.0
101426.0
101602.0
101776.0
101954.0
102130.0
102308.0
102486.0
102664.0
102842.0
103020.0
103198.0
103376.0
103554.0
103730.0
103906.0
104084.0
104250.0
104428.0
104604.0
104782.0
104958.0
105129.0
105307.0
105483.0
105661.0
105839.0
106017.0
106195.0
106368.0
106544.0
106722.0
106893.0
107071.0
107249.0
107427.0
107603.0
107777.0
107953.0
108131.0
108309.0
108487.0
108665.0
108843.0
109021.0
109197.0
109375.0
109553.0
109721.0
109899.0
110077.0
110255.0
110433.0
110611.0
110787.0
110963.0
111139.0
111317.0
111495.0
111668.0
111846.0
112024.0
112200.0
112378.0
112556.0
112732.0
112903.0
113081.0
113255.0
113431.0
113605.0
113783.0
113961.0
114129.0
114307.0
114475.0
114653.0
114829.0
115007.0
115183.0
115359.0
115535.0
115709.0
115885.0
116058.0
116234.0
116412.0
116590.0
116768.0
116941.0
117119.0
117297.0
117473.0
117646.0
117824.0
117997.0
118173.0
118349.0
118523.0
118696.0
118870.0
119046.0
119224.0
119395.0
119573.0
119751.0
119925.0
120103.0
120279.0
120457.0
120635.0
120813.0
120989.0
121165.0
121338.0
121516.0
121687.0
121856.0
122028.0
122206.0
122380.0
122549.0
122725.0
122903.0
123079.0
123257.0
123433.0
123605.0
123781.0
123955.0
124133.0
124306.0
124477.0
124651.0
124829.0
125005.0
125181.0
125359.0
125531.0
125707.0
125881.0
126054.0
126223.0
126401.0
126579.0
126755.0
126933.0
127111.0
127287.0
127465.0
127641.0
127819.0
127995.0
128173.0
128349.0
128523.0
128699.0
128877.0
129055.0
129231.0
129409.0
129587.0
129763.0
129941.0
130117.0
130284.0
130457.0
130628.0
130804.0
130977.0
131155.0
131333.0
131505.0
131681.0
131852.0
132028.0
132206.0
132384.0
132558.0
132734.0
132912.0
133088.0
133257.0
133431.0
133600.0
133776.0
133954.0
134132.0
134303.0
134479.0
134652.0
134826.0
135002.0
135175.0
135353.0
135531.0
135707.0
135885.0
136061.0
136239.0
136417.0
136595.0
136773.0
136949.0
137127.0
137305.0
137483.0
137661.0
137837.0
138013.0
138191.0
138367.0
138543.0
138721.0
138899.0
139075.0
139251.0
139425.0
139603.0
139781.0
139959.0
140135.0
140313.0
140487.0
140665.0
140841.0
141019.0
141197.0
141371.0
141549.0
141727.0
141905.0
142064.0
142240.0
142416.0
142589.0
142763.0
142937.0
143115.0
143291.0
143469.0
143647.0
143823.0
143999.0
144177.0
144355.0
144531.0
144709.0
144887.0
145060.0
145238.0
145416.0
145592.0
145765.0
145943.0
146121.0
146294.0
146472.0
146644.0
146822.0
147000.0
147178.0
147356.0
147527.0
147691.0
147867.0
148039.0
148212.0
148388.0
148566.0
148744.0
148918.0
149092.0
149266.0
149439.0
149615.0
149793.0
149967.0
150138.0
150310.0
150484.0
150658.0
150834.0
151012.0
151190.0
151366.0
151542.0
151716.0
151894.0
152072.0
152250.0
152428.0
152602.0
152780.0
152956.0
153134.0
153312.0
153490.0
153666.0
153844.0
154020.0
154198.0
154372.0
154550.0
154723.0
154899.0
155077.0
155253.0
155431.0
155607.0
155783.0
155957.0
156135.0
156305.0
156483.0
156659.0
156837.0
157015.0
157188.0
157366.0
157544.0
157720.0
157879.0
158057.0
158226.0
158393.0
158571.0
158747.0
158925.0
159103.0
159279.0
159457.0
159635.0
159813.0
159989.0
160167.0
160333.0
160509.0
160687.0
160861.0
161026.0
161204.0
161382.0
161560.0
161736.0
161912.0
162088.0
162266.0
162442.0
162620.0
162796.0
162974.0
163152.0
163330.0
163508.0
163686.0
163864.0
164042.0
164220.0
164396.0
164570.0
164744.0
164918.0
165092.0
165265.0
165443.0
165619.0
165792.0
165968.0
166139.0
166313.0
166489.0
166665.0
166843.0
167019.0
167195.0
167371.0
167547.0
167725.0
167896.0
168072.0
168245.0
168423.0
168599.0
168777.0
168955.0
169133.0
169301.0
169479.0
169648.0
169824.0
170002.0
170180.0
170353.0
170529.0
170707.0
170878.0
171052.0
171228.0
171404.0
171582.0
171758.0
171932.0
172108.0
172282.0
172460.0
172636.0
172814.0
172992.0
173170.0
173348.0
173524.0
173697.0
173875.0
174053.0
174231.0
174407.0
174583.0
174761.0
174935.0
175108.0
175286.0
175458.0
175632.0
175810.0
175981.0
176152.0
176328.0
176506.0
176684.0
176860.0
177034.0
177212.0
177390.0
177564.0
177742.0
177920.0
178094.0
178272.0
178443.0
178619.0
178797.0
178975.0
179146.0
179322.0
179498.0
179670.0
179848.0
180026.0
180202.0
180378.0
180556.0
180732.0
180910.0
181086.0
181262.0
181440.0
181616.0
181790.0
181968.0
182146.0
182322.0
182495.0
182673.0
182840.0
183018.0
183194.0
183372.0
183548.0
183714.0
183892.0
184068.0
184244.0
184416.0
184590.0
184766.0
184940.0
185116.0
185290.0
185466.0
185642.0
185818.0
185996.0
186174.0
186352.0
186530.0
186708.0
186886.0
187058.0
187236.0
187414.0
187592.0
187768.0
187946.0
188124.0
188302.0
188475.0
188646.0
188824.0
189002.0
189178.0
189351.0
189529.0
189707.0
189885.0
190056.0
190227.0
190403.0
190576.0
190754.0
190932.0
191110.0
191288.0
191464.0
191637.0
191813.0
191986.0
192162.0
192340.0
192514.0
192690.0
192864.0
193038.0
193216.0
193394.0
193572.0
193746.0
193924.0
194102.0
194276.0
194450.0
194626.0
194802.0
194980.0
195156.0
195329.0
195507.0
195685.0
195861.0
196037.0
196213.0
196391.0
196567.0
196745.0
196923.0
197101.0
197279.0
197455.0
197631.0
197807.0
197985.0
198154.0
198330.0
198502.0
198678.0
198856.0
199032.0
199204.0
199378.0
199556.0
199734.0
199905.0
200083.0
200261.0
200433.0
200602.0
200778.0
200954.0
201130.0
201308.0
201486.0
201664.0
201837.0
202013.0
202191.0
202369.0
202545.0
202723.0
202895.0
203068.0
203246.0
203424.0
203602.0
203773.0
203946.0
204120.0
204292.0
204470.0
204648.0
204820.0
204998.0
205176.0
205352.0
205528.0
205702.0
205880.0
206056.0
206229.0
206407.0
206585.0
206763.0
206934.0
207110.0
207284.0
207458.0
207634.0
207812.0
207990.0
208166.0
208344.0
208520.0
208696.0
208874.0
209052.0
209228.0
209406.0
209582.0
209753.0
209931.0
210107.0
210277.0
210455.0
210631.0
210807.0
210980.0
211153.0
211331.0
211509.0
211675.0
211853.0
212031.0
212209.0
212380.0
212558.0
212732.0
212910.0
213086.0
213260.0
213438.0
213607.0
213781.0
213952.0
214128.0
214306.0
214484.0
214662.0
214838.0
215012.0
215188.0
215364.0
215542.0
215718.0
215890.0
216063.0
216239.0
216415.0
216586.0
216754.0
216932.0
217110.0
217288.0
217466.0
217642.0
217820.0
217996.0
218167.0
218340.0
218518.0
218696.0
218874.0
219045.0
219221.0
219399.0
219577.0
219753.0
219927.0
220097.0
