a = 0.8
g = 0.5
e = 0.5
random initial weights = true

-916.0
-1413.0
-1906.0
-2441.0
-2863.0
-3304.0
-3716.0
-4137.0
-4612.0
-5061.0
-4956.0
-4772.0
-4600.0
-4446.0
-4286.0
-4151.0
-3989.0
-3832.0
-3669.0
-3508.0
-3340.0
-3194.0
-3012.0
-2837.0
-2678.0
-2505.0
-2346.0
-2183.0
-2030.0
-1887.0
-1710.0
-1536.0
-1384.0
-1246.0
-1096.0
-926.0
-752.0
-594.0
-417.0
-254.0
-112.0
49.0
203.0
377.0
543.0
698.0
859.0
1037.0
1186.0
1351.0
1525.0
1690.0
1863.0
2010.0
2184.0
2352.0
2488.0
2647.0
2749.0
2922.0
3065.0
3218.0
3372.0
3532.0
3686.0
3849.0
4024.0
4199.0
4372.0
4546.0
4698.0
4869.0
5034.0
5204.0
5346.0
5509.0
5660.0
5827.0
5985.0
6160.0
6329.0
6487.0
6661.0
6831.0
6956.0
7110.0
7279.0
7439.0
7610.0
7773.0
7925.0
8100.0
8263.0
8403.0
8551.0
8725.0
8896.0
9054.0
9234.0
9406.0
9586.0
9747.0
9919.0
10073.0
10231.0
10409.0
10585.0
10740.0
10877.0
11004.0
11182.0
11323.0
11488.0
11659.0
11833.0
12001.0
12163.0
12336.0
12506.0
12620.0
12781.0
12945.0
13114.0
13264.0
13422.0
13599.0
13771.0
13911.0
14078.0
14235.0
14398.0
14521.0
14705.0
14866.0
15035.0
15205.0
15380.0
15547.0
15705.0
15861.0
16030.0
16193.0
16373.0
16547.0
16715.0
16891.0
17070.0
17224.0
17402.0
17561.0
17734.0
17855.0
18010.0
18183.0
18333.0
18512.0
18666.0
18838.0
18980.0
19122.0
19244.0
19420.0
19593.0
19756.0
19908.0
20078.0
20232.0
20379.0
20545.0
20716.0
20898.0
21041.0
21213.0
21357.0
21524.0
21693.0
21869.0
22049.0
22208.0
22383.0
22532.0
22693.0
22862.0
23008.0
23173.0
23320.0
23470.0
23647.0
23813.0
23981.0
24158.0
24321.0
24501.0
24672.0
24815.0
24961.0
25089.0
25265.0
25414.0
25591.0
25741.0
25867.0
26046.0
26212.0
26363.0
26545.0
26709.0
26871.0
27044.0
27175.0
27339.0
27508.0
27672.0
27842.0
28001.0
28171.0
28319.0
28477.0
28638.0
28797.0
28961.0
29103.0
29244.0
29413.0
29570.0
29729.0
29892.0
30055.0
30192.0
30358.0
30530.0
30690.0
30823.0
30998.0
31136.0
31303.0
31465.0
31614.0
31775.0
31942.0
32110.0
32266.0
32431.0
32582.0
32751.0
32907.0
33084.0
33253.0
33405.0
33567.0
33740.0
33894.0
34072.0
34216.0
34372.0
34518.0
34688.0
34836.0
35016.0
35166.0
35341.0
35507.0
35674.0
35826.0
36006.0
36170.0
36345.0
36520.0
36694.0
36809.0
36975.0
37145.0
37306.0
37467.0
37649.0
37825.0
37990.0
38157.0
38326.0
38477.0
38657.0
38805.0
38975.0
39151.0
39292.0
39453.0
39601.0
39780.0
39960.0
40122.0
40277.0
40452.0
40620.0
40792.0
40956.0
41116.0
41281.0
41433.0
41596.0
41748.0
41863.0
42041.0
42198.0
42348.0
42508.0
42665.0
42828.0
42946.0
43106.0
43290.0
43430.0
43585.0
43754.0
43929.0
44100.0
44258.0
44413.0
44566.0
44731.0
44886.0
45051.0
45197.0
45366.0
45510.0
45681.0
45860.0
45995.0
46151.0
46301.0
46474.0
46647.0
46817.0
46995.0
47121.0
47300.0
47460.0
47617.0
47791.0
47946.0
48116.0
48285.0
48438.0
48604.0
48782.0
48955.0
49130.0
49302.0
49466.0
49620.0
49782.0
49961.0
50141.0
50259.0
50428.0
50606.0
50779.0
50954.0
51113.0
51291.0
51450.0
51609.0
51784.0
51955.0
52127.0
52296.0
52442.0
52597.0
52772.0
52936.0
53109.0
53264.0
53439.0
53623.0
53799.0
53937.0
54076.0
54245.0
54415.0
54581.0
54710.0
54859.0
55009.0
55177.0
55327.0
55483.0
55662.0
55824.0
55995.0
56173.0
56321.0
56444.0
56616.0
56787.0
56963.0
57117.0
57259.0
57418.0
57584.0
57756.0
57935.0
58117.0
58281.0
58424.0
58602.0
58763.0
58934.0
59096.0
59247.0
59410.0
59571.0
59731.0
59891.0
60059.0
60218.0
60370.0
60526.0
60681.0
60851.0
61016.0
61147.0
61319.0
61474.0
61640.0
61784.0
61939.0
62106.0
62251.0
62424.0
62599.0
62752.0
62918.0
63059.0
63216.0
63396.0
63548.0
63706.0
63848.0
64005.0
64183.0
64341.0
64490.0
64661.0
64806.0
64972.0
65141.0
65285.0
65448.0
65619.0
65791.0
65959.0
66109.0
66288.0
66454.0
66616.0
66791.0
66932.0
67085.0
67247.0
67422.0
67596.0
67750.0
67924.0
68084.0
68252.0
68427.0
68606.0
68790.0
68969.0
69133.0
69302.0
69440.0
69608.0
69773.0
69909.0
70007.0
70177.0
70340.0
70479.0
70646.0
70823.0
70984.0
71152.0
71313.0
71456.0
71626.0
71806.0
71972.0
72109.0
72255.0
72419.0
72582.0
72750.0
72918.0
73080.0
73250.0
73397.0
73567.0
73742.0
73899.0
74072.0
74214.0
74381.0
74553.0
74724.0
74901.0
75072.0
75246.0
75416.0
75595.0
75756.0
75923.0
76079.0
76219.0
76396.0
76568.0
76704.0
76872.0
77031.0
77191.0
77356.0
77508.0
77685.0
77867.0
78049.0
78212.0
78360.0
78526.0
78689.0
78838.0
79013.0
79186.0
79337.0
79503.0
79667.0
79834.0
79954.0
80122.0
80273.0
80439.0
80597.0
80751.0
80927.0
81088.0
81266.0
81448.0
81558.0
81604.0
81778.0
81947.0
82116.0
82287.0
82430.0
82593.0
82773.0
82944.0
83124.0
83302.0
83471.0
83622.0
83782.0
83907.0
84079.0
84244.0
84408.0
84548.0
84675.0
84835.0
85017.0
85167.0
85347.0
85473.0
85631.0
85796.0
85909.0
86086.0
86252.0
86420.0
86588.0
86752.0
86922.0
87066.0
87213.0
87379.0
87543.0
87686.0
87832.0
87979.0
88152.0
88295.0
88467.0
88622.0
88780.0
88947.0
89103.0
89275.0
89457.0
89623.0
89803.0
89979.0
90151.0
90307.0
90473.0
90645.0
90809.0
90986.0
91161.0
91315.0
91494.0
91667.0
91823.0
91980.0
92147.0
92282.0
92442.0
92605.0
92771.0
92916.0
93094.0
93237.0
93413.0
93580.0
93722.0
93882.0
94013.0
94190.0
94342.0
94500.0
94670.0
94830.0
94981.0
95108.0
95260.0
95422.0
95564.0
95725.0
95883.0
96005.0
96172.0
96304.0
96481.0
96625.0
96791.0
96957.0
97115.0
97269.0
97432.0
97580.0
97726.0
97890.0
98068.0
98245.0
98397.0
98549.0
98726.0
98904.0
99047.0
99208.0
99345.0
99523.0
99701.0
99851.0
100033.0
100186.0
100354.0
100532.0
100676.0
100844.0
101010.0
101187.0
101355.0
101520.0
101690.0
101870.0
102014.0
102194.0
102363.0
102522.0
102694.0
102873.0
103032.0
103195.0
103368.0
103532.0
103698.0
103837.0
103989.0
104127.0
104291.0
104451.0
104623.0
104805.0
104950.0
105127.0
105303.0
105466.0
105609.0
105708.0
105833.0
105965.0
106106.0
106273.0
106431.0
106604.0
106728.0
106875.0
107057.0
107216.0
107381.0
107551.0
107725.0
107895.0
108040.0
108212.0
108364.0
108525.0
108684.0
108836.0
109010.0
109180.0
109351.0
109497.0
109681.0
109827.0
109995.0
110151.0
110328.0
110488.0
110633.0
110779.0
110938.0
111109.0
111260.0
111421.0
111593.0
111767.0
111935.0
112101.0
112263.0
112422.0
112593.0
112751.0
112928.0
113093.0
113261.0
113418.0
113583.0
113743.0
113892.0
114076.0
114241.0
114403.0
114565.0
114711.0
114863.0
115038.0
115213.0
115397.0
115575.0
115750.0
115919.0
116097.0
116259.0
116424.0
116591.0
116766.0
116920.0
117093.0
117257.0
117416.0
117594.0
117752.0
117918.0
118072.0
118237.0
118393.0
118524.0
118704.0
118856.0
119030.0
119145.0
119312.0
119482.0
119655.0
119825.0
120000.0
120171.0
120338.0
120498.0
120638.0
120787.0
120944.0
121119.0
121267.0
121425.0
121581.0
121740.0
121914.0
122085.0
122239.0
122374.0
122535.0
122681.0
122859.0
122997.0
123152.0
123323.0
123485.0
123646.0
123783.0
123950.0
124120.0
124289.0
124452.0
124620.0
124779.0
124910.0
125074.0
125222.0
125396.0
125512.0
125669.0
125833.0
126011.0
126188.0
126340.0
126495.0
126665.0
126836.0
126974.0
127146.0
127306.0
127484.0
127646.0
127814.0
127991.0
128158.0
128317.0
128472.0
128638.0
128807.0
128946.0
129120.0
129296.0
129463.0
129603.0
129738.0
129920.0
130099.0
130262.0
130437.0
130611.0
130775.0
130941.0
131111.0
131254.0
131426.0
131593.0
131763.0
131914.0
132089.0
132248.0
132416.0
132596.0
132758.0
132921.0
133087.0
133249.0
133408.0
133569.0
133738.0
133896.0
134063.0
134210.0
134387.0
134548.0
134717.0
134873.0
135042.0
135206.0
135342.0
135510.0
135680.0
135823.0
135996.0
136171.0
136338.0
136498.0
136668.0
136840.0
137004.0
137137.0
137305.0
137443.0
137602.0
137784.0
137942.0
138071.0
138237.0
138410.0
138549.0
138733.0
138902.0
139061.0
139233.0
139386.0
139550.0
139704.0
139881.0
140058.0
140226.0
140401.0
140552.0
140730.0
140908.0
141059.0
141215.0
141387.0
141548.0
141720.0
141864.0
142024.0
142199.0
142363.0
142493.0
142652.0
142817.0
142994.0
143172.0
143332.0
143477.0
143644.0
143805.0
143958.0
144118.0
144286.0
144458.0
144614.0
144772.0
144925.0
145075.0
145226.0
145372.0
145521.0
145688.0
145863.0
146034.0
146213.0
146381.0
146560.0
146711.0
146883.0
147002.0
147182.0
147342.0
147522.0
147677.0
147859.0
148015.0
148135.0
148292.0
148444.0
148588.0
148741.0
148912.0
149075.0
149237.0
149412.0
149577.0
149746.0
149926.0
150100.0
150236.0
150391.0
150551.0
150733.0
150906.0
151073.0
151234.0
151412.0
151552.0
151715.0
151875.0
152031.0
152205.0
152382.0
152539.0
152718.0
152888.0
153020.0
153188.0
153358.0
153535.0
153700.0
153867.0
154042.0
154201.0
154376.0
154515.0
154681.0
154840.0
155015.0
155182.0
155359.0
155520.0
155686.0
155845.0
156024.0
156192.0
156357.0
156521.0
156683.0
156865.0
157047.0
157204.0
157375.0
157530.0
157692.0
157860.0
158020.0
158185.0
158357.0
158512.0
158689.0
158862.0
158993.0
159146.0
159319.0
159457.0
159585.0
159762.0
159932.0
160089.0
160254.0
160434.0
160577.0
160752.0
160927.0
161086.0
161270.0
161424.0
161558.0
161727.0
161887.0
162052.0
162210.0
162351.0
162530.0
162659.0
162819.0
162937.0
163097.0
163262.0
163400.0
163567.0
163731.0
163904.0
164072.0
164238.0
164408.0
164561.0
164743.0
164904.0
165037.0
165215.0
165359.0
165537.0
165694.0
165841.0
166013.0
166182.0
166325.0
166489.0
166649.0
166784.0
166942.0
167104.0
167273.0
167411.0
167591.0
167755.0
167925.0
168063.0
168237.0
168409.0
168577.0
168750.0
168909.0
169088.0
169259.0
169437.0
169600.0
169768.0
169934.0
170110.0
170279.0
170420.0
170544.0
170690.0
170862.0
171031.0
171208.0
171372.0
171523.0
171693.0
171865.0
172013.0
172172.0
172351.0
172498.0
172612.0
172750.0
172918.0
173055.0
173231.0
173398.0
173560.0
173735.0
173906.0
174048.0
174215.0
174382.0
174556.0
174728.0
174902.0
175080.0
175262.0
175427.0
175591.0
175760.0
175932.0
176092.0
176217.0
176394.0
176561.0
176726.0
176910.0
177054.0
177229.0
177373.0
177547.0
177722.0
177884.0
178055.0
178228.0
178404.0
178584.0
178745.0
178896.0
179056.0
179218.0
179368.0
179508.0
179684.0
179857.0
180030.0
180177.0
180340.0
180514.0
180696.0
180845.0
180994.0
181149.0
181288.0
181447.0
181631.0
181801.0
181983.0
182157.0
182292.0
182469.0
182622.0
182773.0
182941.0
183101.0
183222.0
183389.0
183564.0
183722.0
183868.0
184039.0
184202.0
184364.0
184528.0
184705.0
184871.0
185042.0
185206.0
185357.0
185492.0
185653.0
185811.0
185963.0
186125.0
186293.0
186437.0
186621.0
186768.0
186925.0
187078.0
187233.0
187408.0
187563.0
187747.0
187925.0
188074.0
188243.0
188386.0
188552.0
188694.0
188846.0
188990.0
189165.0
189339.0
189516.0
189676.0
189831.0
189993.0
190144.0
190314.0
190456.0
190621.0
190782.0
190950.0
191126.0
191300.0
191456.0
191626.0
191805.0
191956.0
192140.0
192301.0
192477.0
192645.0
192779.0
192949.0
193118.0
193298.0
193465.0
193610.0
193778.0
193945.0
194080.0
194255.0
194428.0
194600.0
194723.0
194884.0
195058.0
195221.0
195383.0
195546.0
195721.0
195864.0
196042.0
196213.0
196326.0
196508.0
196651.0
196800.0
196958.0
197133.0
197313.0
197460.0
197635.0
197772.0
197949.0
198081.0
198246.0
198414.0
198567.0
198751.0
198925.0
199099.0
199261.0
199445.0
199607.0
199745.0
199885.0
200051.0
200224.0
200397.0
200546.0
200718.0
200886.0
201052.0
201204.0
201369.0
201524.0
201708.0
201871.0
202038.0
202161.0
202315.0
202482.0
202664.0
202836.0
202999.0
203162.0
203331.0
203491.0
203651.0
203813.0
203923.0
204086.0
204263.0
204410.0
204583.0
204737.0
204885.0
205059.0
205232.0
205403.0
205581.0
205744.0
205917.0
206060.0
206228.0
206402.0
206569.0
206736.0
206903.0
207083.0
207258.0
207416.0
207586.0
207765.0
207936.0
208099.0
208270.0
208442.0
208620.0
208780.0
208947.0
209103.0
209277.0
209443.0
209618.0
209788.0
209961.0
210134.0
210316.0
210469.0
210649.0
210796.0
210951.0
211112.0
211292.0
211452.0
211605.0
211753.0
211903.0
212062.0
212224.0
212393.0
212538.0
212691.0
212849.0
213026.0
213208.0
213340.0
213492.0
213621.0
213785.0
213939.0
214094.0
214271.0
214446.0
214551.0
214701.0
214833.0
214984.0
215105.0
215278.0
215445.0
215614.0
215771.0
215942.0
216124.0
216276.0
216439.0
216603.0
216745.0
216897.0
217032.0
217206.0
217363.0
217521.0
217672.0
217843.0
218008.0
218165.0
218324.0
218478.0
218622.0
218786.0
218956.0
219106.0
219275.0
219423.0
219605.0
219779.0
219932.0
220095.0
220271.0
220414.0
220566.0
220748.0
220920.0
221081.0
221243.0
221396.0
221576.0
221706.0
221874.0
222043.0
222169.0
222343.0
222506.0
222675.0
222835.0
222986.0
223156.0
223326.0
223468.0
223644.0
223803.0
223928.0
224104.0
224280.0
224437.0
224607.0
224786.0
224947.0
225113.0
225268.0
225433.0
225598.0
225776.0
225915.0
226094.0
226235.0
226400.0
226573.0
226699.0
226879.0
227045.0
227196.0
227361.0
227532.0
227703.0
227853.0
227986.0
228142.0
228306.0
228482.0
228642.0
228811.0
228967.0
229111.0
229270.0
229428.0
229602.0
229755.0
229914.0
230091.0
230273.0
230441.0
230620.0
230775.0
230951.0
231108.0
231271.0
231423.0
231599.0
231771.0
231947.0
232093.0
232260.0
232428.0
232607.0
232784.0
232959.0
233120.0
233289.0
233428.0
233563.0
233731.0
233881.0
234028.0
234184.0
234363.0
234538.0
234695.0
234859.0
235008.0
235177.0
235348.0
235509.0
235681.0
235857.0
