a = 0.2
g = 0.5
e = 0.3
random initial weights = true

-2646.0
-3568.0
-4469.0
-4979.0
-5516.0
-6478.0
-6967.0
-7662.0
-8115.0
-8726.0
-9423.0
-9990.0
-10524.0
-10960.0
-11383.0
-12033.0
-12480.0
-13002.0
-13437.0
-13892.0
-14388.0
-14977.0
-15409.0
-15926.0
-16353.0
-16831.0
-17311.0
-17796.0
-18246.0
-18740.0
-19293.0
-19775.0
-20244.0
-20713.0
-21182.0
-21601.0
-22187.0
-22652.0
-23079.0
-23514.0
-23970.0
-24455.0
-24937.0
-25359.0
-25784.0
-26204.0
-26674.0
-27201.0
-27643.0
-27521.0
-27966.0
-28407.0
-28889.0
-29311.0
-29741.0
-29594.0
-30022.0
-30485.0
-30905.0
-31331.0
-31783.0
-32241.0
-32108.0
-32526.0
-32948.0
-33410.0
-33832.0
-33686.0
-34113.0
-34560.0
-35016.0
-35450.0
-35873.0
-36306.0
-36136.0
-36550.0
-36995.0
-37417.0
-37256.0
-37670.0
-38089.0
-37971.0
-38385.0
-38225.0
-38675.0
-39102.0
-39533.0
-39964.0
-40402.0
-40232.0
-40646.0
-41081.0
-40921.0
-40756.0
-41168.0
-41065.0
-40897.0
-41323.0
-41807.0
-42240.0
-42105.0
-41953.0
-42373.0
-42227.0
-42057.0
-41886.0
-41727.0
-41575.0
-41987.0
-41815.0
-41643.0
-41480.0
-41900.0
-41748.0
-41582.0
-41412.0
-41248.0
-41088.0
-40931.0
-40763.0
-40593.0
-40423.0
-40258.0
-40097.0
-39921.0
-39749.0
-39611.0
-39435.0
-39263.0
-39099.0
-38933.0
-38785.0
-38617.0
-38457.0
-38288.0
-38122.0
-37961.0
-37807.0
-37650.0
-37476.0
-37311.0
-37137.0
-36981.0
-36812.0
-36636.0
-36465.0
-36294.0
-36122.0
-35954.0
-35780.0
-35614.0
-35438.0
-35278.0
-35110.0
-34943.0
-34788.0
-34631.0
-34457.0
-34292.0
-34133.0
-33962.0
-33792.0
-33622.0
-33450.0
-33296.0
-33122.0
-32954.0
-32787.0
-32617.0
-32450.0
-32283.0
-32109.0
-31958.0
-31806.0
-31651.0
-31481.0
-31318.0
-31152.0
-30976.0
-30816.0
-30661.0
-30489.0
-30329.0
-30153.0
-29989.0
-29838.0
-29664.0
-29497.0
-29333.0
-29185.0
-29038.0
-28864.0
-28690.0
-28516.0
-28350.0
-28187.0
-28017.0
-27841.0
-27667.0
-27500.0
-27344.0
-27170.0
-26999.0
-26829.0
-26653.0
-26484.0
-26334.0
-26160.0
-25988.0
-25816.0
-25644.0
-25468.0
-25300.0
-25133.0
-24965.0
-24806.0
-24639.0
-24465.0
-24312.0
-24138.0
-23969.0
-23799.0
-23630.0
-23460.0
-23316.0
-23146.0
-22974.0
-22800.0
-22624.0
-22463.0
-22298.0
-22144.0
-22001.0
-21866.0
-21696.0
-21536.0
-21362.0
-21188.0
-21029.0
-20862.0
-20688.0
-20512.0
-20338.0
-20167.0
-19999.0
-19828.0
-19657.0
-19485.0
-19311.0
-19141.0
-18982.0
-18814.0
-18646.0
-18492.0
-18320.0
-18144.0
-17987.0
-17821.0
-17658.0
-17486.0
-17319.0
-17155.0
-16979.0
-16807.0
-16631.0
-16468.0
-16302.0
-16143.0
-15975.0
-15815.0
-15643.0
-15480.0
-15317.0
-15147.0
-15016.0
-14860.0
-14692.0
-14527.0
-14361.0
-14185.0
-14017.0
-13845.0
-13677.0
-13503.0
-13355.0
-13197.0
-13028.0
-12863.0
-12687.0
-12522.0
-12346.0
-12191.0
-12028.0
-11863.0
-11693.0
-11528.0
-11358.0
-11203.0
-11031.0
-10861.0
-10692.0
-10533.0
-10361.0
-10191.0
-10029.0
-9853.0
-9691.0
-9534.0
-9365.0
-9204.0
-9030.0
-8868.0
-8707.0
-8537.0
-8363.0
-8191.0
-8019.0
-7852.0
-7680.0
-7523.0
-7349.0
-7173.0
-7004.0
-6840.0
-6677.0
-6521.0
-6349.0
-6175.0
-6017.0
-5858.0
-5687.0
-5527.0
-5360.0
-5188.0
-5012.0
-4836.0
-4671.0
-4495.0
-4330.0
-4161.0
-3997.0
-3829.0
-3657.0
-3497.0
-3329.0
-3158.0
-3002.0
-2828.0
-2659.0
-2505.0
-2363.0
-2197.0
-2037.0
-1868.0
-1694.0
-1520.0
-1348.0
-1172.0
-998.0
-835.0
-665.0
-497.0
-327.0
-151.0
23.0
184.0
356.0
515.0
679.0
855.0
1023.0
1197.0
1358.0
1520.0
1681.0
1855.0
2010.0
2175.0
2336.0
2507.0
2659.0
2831.0
3005.0
3177.0
3343.0
3506.0
3668.0
3828.0
3993.0
4159.0
4327.0
4484.0
4647.0
4811.0
4985.0
5115.0
5286.0
5449.0
5605.0
5775.0
5947.0
6115.0
6291.0
6458.0
6618.0
6794.0
6965.0
7137.0
7307.0
7483.0
7655.0
7823.0
7991.0
8154.0
8330.0
8506.0
8680.0
8850.0
9015.0
9180.0
9345.0
9519.0
9691.0
9863.0
10026.0
10200.0
10374.0
10543.0
10703.0
10877.0
11051.0
11223.0
11388.0
11564.0
11730.0
11900.0
12070.0
12237.0
12406.0
12569.0
12730.0
12892.0
13064.0
13236.0
13407.0
13574.0
13744.0
13908.0
14078.0
14249.0
14418.0
14590.0
14752.0
14915.0
15080.0
15244.0
15418.0
15588.0
15755.0
15923.0
16099.0
16262.0
16436.0
16610.0
16770.0
16946.0
17115.0
17291.0
17455.0
17620.0
17789.0
17941.0
18104.0
18269.0
18443.0
18601.0
18761.0
18925.0
19099.0
19257.0
19433.0
19597.0
19762.0
19912.0
20079.0
20243.0
20401.0
20577.0
20737.0
20883.0
21055.0
21226.0
21390.0
21564.0
21736.0
21908.0
22078.0
22248.0
22412.0
22586.0
22745.0
22907.0
23083.0
23253.0
23421.0
23588.0
23756.0
23928.0
24102.0
24274.0
24448.0
24611.0
24787.0
24957.0
25127.0
25288.0
25448.0
25612.0
25777.0
25932.0
26101.0
26275.0
26447.0
26603.0
26758.0
26930.0
27097.0
27271.0
27423.0
27599.0
27771.0
27940.0
28110.0
28275.0
28435.0
28601.0
28767.0
28930.0
29104.0
29261.0
29433.0
29605.0
29777.0
29944.0
30116.0
30288.0
30460.0
30629.0
30798.0
30970.0
31128.0
31293.0
31467.0
31632.0
31801.0
31975.0
32133.0
32295.0
32460.0
32626.0
32796.0
32966.0
33140.0
33311.0
33483.0
33650.0
33810.0
33986.0
34156.0
34328.0
34500.0
34676.0
34850.0
35019.0
35186.0
35347.0
35516.0
35682.0
35845.0
36010.0
36182.0
36351.0
36523.0
36690.0
36853.0
37029.0
37203.0
37379.0
37555.0
37718.0
37881.0
38050.0
38199.0
38371.0
38547.0
38723.0
38891.0
39061.0
39228.0
39394.0
39568.0
39714.0
39888.0
40054.0
40224.0
40396.0
40570.0
40737.0
40911.0
41083.0
41250.0
41413.0
41583.0
41759.0
41930.0
42092.0
42266.0
42414.0
42586.0
42739.0
42904.0
43072.0
43248.0
43403.0
43575.0
43749.0
43918.0
44084.0
44256.0
44428.0
44597.0
44766.0
44932.0
45081.0
45238.0
45412.0
45584.0
45750.0
45920.0
46096.0
46268.0
46437.0
46605.0
46777.0
46951.0
47120.0
47287.0
47439.0
47609.0
47785.0
47955.0
48131.0
48305.0
48479.0
48642.0
48812.0
48974.0
49148.0
49317.0
49479.0
49653.0
49817.0
49988.0
50162.0
50334.0
50497.0
50658.0
50832.0
50999.0
51169.0
51341.0
51515.0
51687.0
51857.0
52031.0
52193.0
52361.0
52533.0
52709.0
52872.0
53037.0
53213.0
53381.0
53528.0
53702.0
53863.0
54017.0
54189.0
54351.0
54523.0
54699.0
54869.0
55028.0
55189.0
55356.0
55528.0
55683.0
55850.0
56022.0
56186.0
56360.0
56526.0
56697.0
56867.0
57030.0
57202.0
57367.0
57543.0
57704.0
57878.0
58033.0
58207.0
58375.0
58536.0
58707.0
58876.0
59043.0
59208.0
59379.0
59553.0
59721.0
59884.0
60049.0
60217.0
60383.0
60555.0
60718.0
60890.0
61060.0
61232.0
61399.0
61564.0
61725.0
61896.0
62063.0
62230.0
62392.0
62568.0
62721.0
62877.0
63040.0
63196.0
63366.0
63542.0
63716.0
63892.0
64062.0
64223.0
64399.0
64557.0
64716.0
64885.0
65052.0
65218.0
65386.0
65536.0
65697.0
65869.0
66041.0
66217.0
66377.0
66551.0
66709.0
66883.0
67049.0
67206.0
67369.0
67538.0
67708.0
67867.0
68027.0
68199.0
68373.0
68543.0
68713.0
68883.0
69028.0
69200.0
69359.0
69535.0
69692.0
69866.0
70040.0
70205.0
70371.0
70541.0
70715.0
70880.0
71054.0
71228.0
71387.0
71545.0
71715.0
71887.0
72049.0
72214.0
72386.0
72544.0
72718.0
72888.0
73054.0
73228.0
73389.0
73555.0
73721.0
73888.0
74040.0
74208.0
74370.0
74542.0
74718.0
74886.0
75048.0
75224.0
75395.0
75561.0
75731.0
75901.0
76067.0
76228.0
76402.0
76578.0
76754.0
76913.0
77075.0
77251.0
77417.0
77591.0
77761.0
77930.0
78101.0
78262.0
78431.0
78601.0
78775.0
78932.0
79104.0
79271.0
79441.0
79606.0
79778.0
79945.0
80113.0
80283.0
80459.0
80631.0
80796.0
80958.0
81132.0
81300.0
81454.0
81628.0
81795.0
81955.0
82129.0
82285.0
82453.0
82627.0
82795.0
82969.0
83133.0
83305.0
83481.0
83657.0
83829.0
84000.0
84169.0
84345.0
84514.0
84673.0
84837.0
85013.0
85182.0
85331.0
85498.0
85668.0
85834.0
86005.0
86175.0
86347.0
86507.0
86675.0
86849.0
87023.0
87193.0
87353.0
87527.0
87694.0
87860.0
88028.0
88194.0
88366.0
88536.0
88706.0
88874.0
89041.0
89201.0
89377.0
89545.0
89714.0
89880.0
90056.0
90215.0
90382.0
90553.0
90727.0
90885.0
91061.0
91235.0
91411.0
91583.0
91745.0
91914.0
92084.0
92250.0
92414.0
92575.0
92743.0
92915.0
93085.0
93246.0
93392.0
93562.0
93720.0
93886.0
94054.0
94224.0
94382.0
94550.0
94724.0
94888.0
95057.0
95223.0
95399.0
95564.0
95725.0
95899.0
96059.0
96226.0
96394.0
96554.0
96719.0
96881.0
97049.0
97221.0
97390.0
97560.0
97729.0
97881.0
98055.0
98222.0
98381.0
98548.0
98717.0
98889.0
99063.0
99227.0
99401.0
99573.0
99741.0
99912.0
100080.0
100243.0
100405.0
100560.0
100734.0
100888.0
101064.0
101238.0
101400.0
101562.0
101726.0
101882.0
102050.0
102216.0
102386.0
102553.0
102716.0
102887.0
103059.0
103223.0
103388.0
103557.0
103725.0
103885.0
104057.0
104233.0
104396.0
104568.0
104732.0
104896.0
105063.0
105229.0
105401.0
105577.0
105751.0
105925.0
106079.0
106247.0
106414.0
106586.0
106748.0
106922.0
107082.0
107246.0
107418.0
107573.0
107749.0
107911.0
108083.0
108251.0
108423.0
108584.0
108750.0
108919.0
109086.0
109260.0
109424.0
109598.0
109766.0
109938.0
110091.0
110251.0
110392.0
110564.0
110738.0
110910.0
111068.0
111236.0
111402.0
111557.0
111723.0
111885.0
112061.0
112237.0
112395.0
112555.0
112727.0
112896.0
113065.0
113221.0
113389.0
113561.0
113725.0
113892.0
114060.0
114227.0
114395.0
114555.0
114723.0
114897.0
115058.0
115223.0
115387.0
115547.0
115719.0
115889.0
116046.0
116204.0
116362.0
116538.0
116710.0
116880.0
117042.0
117216.0
117385.0
117553.0
117713.0
117874.0
118048.0
118217.0
118389.0
118553.0
118719.0
118893.0
119062.0
119226.0
119400.0
119572.0
119746.0
119907.0
120078.0
120254.0
120415.0
120591.0
120762.0
120936.0
121089.0
121247.0
121410.0
121570.0
121744.0
121920.0
122086.0
122256.0
122418.0
122581.0
122727.0
122903.0
123072.0
123246.0
123404.0
123576.0
123750.0
123906.0
124076.0
124241.0
124410.0
124582.0
124750.0
124924.0
125087.0
125240.0
125394.0
125566.0
125742.0
125914.0
126072.0
126230.0
126404.0
126568.0
126744.0
126918.0
127092.0
127252.0
127410.0
127573.0
127741.0
127915.0
128083.0
128240.0
128393.0
128567.0
128731.0
128907.0
129075.0
129246.0
129409.0
129571.0
129747.0
129910.0
130080.0
130256.0
130415.0
130580.0
130754.0
130898.0
131072.0
131216.0
131390.0
131566.0
131740.0
131906.0
132066.0
132234.0
132401.0
132569.0
132739.0
132899.0
133075.0
133247.0
133401.0
133567.0
133733.0
133903.0
134066.0
134233.0
134396.0
134562.0
134734.0
134896.0
135062.0
135225.0
135392.0
135549.0
135720.0
135886.0
136060.0
136225.0
136377.0
136539.0
136713.0
136887.0
137052.0
137228.0
137404.0
137574.0
137739.0
137905.0
138061.0
138226.0
138394.0
138562.0
138729.0
138896.0
139058.0
139212.0
139386.0
139555.0
139731.0
139893.0
140053.0
140216.0
140381.0
140551.0
140721.0
140883.0
141050.0
141212.0
141376.0
141543.0
141702.0
141878.0
142047.0
142213.0
142385.0
142540.0
142714.0
142846.0
143013.0
143189.0
143356.0
143528.0
143690.0
143855.0
144018.0
144192.0
144352.0
144524.0
144679.0
144839.0
145005.0
145160.0
145330.0
145498.0
145664.0
145831.0
145994.0
146170.0
146327.0
146489.0
146654.0
146824.0
146994.0
147168.0
147342.0
147510.0
147672.0
147841.0
148006.0
148157.0
148327.0
148499.0
148663.0
148823.0
148995.0
149169.0
149331.0
149493.0
149663.0
149837.0
150009.0
150183.0
150357.0
150533.0
150700.0
150876.0
151048.0
151214.0
151386.0
151560.0
151734.0
151906.0
152076.0
152252.0
152426.0
152593.0
152754.0
152922.0
153088.0
153264.0
153419.0
153591.0
153759.0
153931.0
154107.0
154270.0
154438.0
154606.0
154765.0
154927.0
155093.0
155253.0
155421.0
155592.0
155753.0
155923.0
156089.0
156260.0
156422.0
156587.0
156754.0
156924.0
157095.0
157269.0
157428.0
157591.0
157756.0
157915.0
158089.0
158258.0
158419.0
158557.0
158733.0
158907.0
159081.0
159242.0
159410.0
159580.0
159743.0
159912.0
160077.0
160236.0
160389.0
160565.0
160737.0
160904.0
161069.0
161241.0
161401.0
161573.0
161749.0
161923.0
162093.0
162265.0
162435.0
162605.0
162767.0
162939.0
163104.0
163278.0
163452.0
163624.0
163788.0
163940.0
164106.0
164274.0
164436.0
164608.0
164765.0
164937.0
165102.0
165267.0
165435.0
165606.0
165772.0
165943.0
166117.0
166289.0
166458.0
166619.0
166790.0
166959.0
167131.0
167303.0
167453.0
167613.0
167787.0
167956.0
168125.0
168291.0
168454.0
168622.0
168793.0
168959.0
169117.0
169284.0
169455.0
169624.0
169793.0
169963.0
170133.0
170305.0
170477.0
170646.0
170805.0
170963.0
171132.0
171291.0
171456.0
171624.0
171796.0
171963.0
172126.0
172294.0
172464.0
172621.0
172793.0
172951.0
173116.0
173283.0
173453.0
173618.0
173783.0
173953.0
174118.0
174294.0
174462.0
174624.0
174778.0
174948.0
175122.0
175296.0
175441.0
175608.0
175777.0
175951.0
176108.0
176284.0
176453.0
176605.0
176764.0
176929.0
177103.0
177271.0
177434.0
177603.0
177775.0
177945.0
178111.0
178263.0
178423.0
178595.0
178769.0
178936.0
179097.0
179262.0
179418.0
179581.0
179757.0
179933.0
180103.0
180272.0
180448.0
180609.0
180776.0
180941.0
181115.0
181256.0
181416.0
181590.0
181762.0
181931.0
182093.0
182265.0
182422.0
182598.0
182745.0
182912.0
183086.0
183254.0
183420.0
183578.0
183744.0
183916.0
184072.0
184246.0
184413.0
184574.0
184741.0
184907.0
185036.0
185212.0
185381.0
185553.0
185725.0
185888.0
186052.0
186228.0
186395.0
186569.0
186745.0
186919.0
187087.0
187255.0
187424.0
187578.0
187748.0
187908.0
188076.0
188230.0
188402.0
188578.0
188752.0
188916.0
189077.0
189244.0
189407.0
189577.0
189749.0
