a = 0.8
g = 0.8
e = 0.5
random initial weights = false

-1666.0
-2269.0
-2922.0
-3364.0
-3892.0
-4338.0
-4918.0
-5406.0
-5847.0
-6295.0
-6750.0
-7273.0
-7119.0
-7538.0
-7960.0
-8418.0
-8294.0
-8129.0
-8569.0
-9022.0
-9455.0
-9896.0
-10318.0
-10173.0
-10031.0
-9876.0
-9712.0
-9562.0
-9395.0
-9242.0
-9075.0
-8945.0
-8805.0
-8640.0
-8473.0
-8295.0
-8128.0
-7975.0
-7869.0
-7715.0
-7562.0
-7404.0
-7244.0
-7066.0
-6917.0
-6746.0
-6574.0
-6411.0
-6244.0
-6068.0
-5901.0
-5737.0
-5581.0
-5424.0
-5262.0
-5108.0
-4930.0
-4769.0
-4601.0
-4444.0
-4296.0
-4148.0
-4020.0
-3881.0
-3710.0
-3532.0
-3369.0
-3199.0
-3038.0
-2887.0
-2715.0
-2545.0
-2397.0
-2224.0
-2064.0
-1901.0
-1745.0
-1582.0
-1408.0
-1242.0
-1080.0
-929.0
-765.0
-612.0
-448.0
-274.0
-122.0
35.0
155.0
322.0
485.0
650.0
783.0
937.0
1059.0
1228.0
1361.0
1511.0
1662.0
1836.0
2003.0
2168.0
2328.0
2495.0
2653.0
2802.0
2965.0
3131.0
3281.0
3451.0
3590.0
3758.0
3903.0
4077.0
4232.0
4368.0
4514.0
4677.0
4834.0
4936.0
5103.0
5275.0
5451.0
5603.0
5769.0
5920.0
6087.0
6236.0
6406.0
6574.0
6725.0
6891.0
7053.0
7206.0
7336.0
7495.0
7656.0
7827.0
7984.0
8155.0
8316.0
8476.0
8608.0
8774.0
8938.0
9107.0
9278.0
9441.0
9607.0
9761.0
9914.0
10080.0
10231.0
10390.0
10548.0
10706.0
10836.0
11001.0
11165.0
11318.0
11481.0
11627.0
11776.0
11923.0
12085.0
12240.0
12406.0
12559.0
12723.0
12871.0
13033.0
13198.0
13355.0
13515.0
13685.0
13796.0
13949.0
14113.0
14274.0
14421.0
14557.0
14724.0
14894.0
15033.0
15162.0
15315.0
15489.0
15655.0
15811.0
15970.0
16129.0
16303.0
16467.0
16625.0
16801.0
16946.0
17088.0
17262.0
17440.0
17602.0
17774.0
17907.0
18080.0
18239.0
18400.0
18546.0
18700.0
18876.0
19040.0
19216.0
19373.0
19529.0
19675.0
19846.0
20007.0
20157.0
20327.0
20494.0
20641.0
20800.0
20943.0
21092.0
21264.0
21419.0
21583.0
21740.0
21899.0
22065.0
22214.0
22374.0
22538.0
22702.0
22864.0
23040.0
23208.0
23319.0
23479.0
23610.0
23766.0
23932.0
24075.0
24225.0
24386.0
24515.0
24683.0
24842.0
24988.0
25140.0
25286.0
25428.0
25569.0
25722.0
25879.0
26042.0
26206.0
26347.0
26461.0
26612.0
26770.0
26938.0
27108.0
27261.0
27439.0
27597.0
27768.0
27926.0
28070.0
28193.0
28360.0
28524.0
28697.0
28875.0
29041.0
29149.0
29310.0
29488.0
29644.0
29796.0
29937.0
30090.0
30260.0
30430.0
30592.0
30754.0
30911.0
31071.0
31240.0
31398.0
31558.0
31731.0
31898.0
32065.0
32229.0
32385.0
32547.0
32721.0
32882.0
33025.0
33182.0
33337.0
33511.0
33661.0
33837.0
34007.0
34176.0
34318.0
34449.0
34601.0
34763.0
34913.0
35082.0
35204.0
35358.0
35522.0
35686.0
35847.0
36009.0
36168.0
36332.0
36468.0
36627.0
36799.0
36955.0
37091.0
37213.0
37352.0
37521.0
37678.0
37846.0
37987.0
38135.0
38309.0
38474.0
38652.0
38802.0
38944.0
39094.0
39259.0
39418.0
39580.0
39721.0
39889.0
40057.0
40203.0
40353.0
40514.0
40673.0
40845.0
41019.0
41162.0
41327.0
41488.0
41653.0
41819.0
41962.0
42106.0
42240.0
42397.0
42559.0
42694.0
42845.0
43009.0
43171.0
43313.0
43477.0
43638.0
43800.0
43964.0
44100.0
44270.0
44434.0
44606.0
44750.0
44880.0
45016.0
45179.0
45347.0
45491.0
45647.0
45810.0
45986.0
46136.0
46298.0
46453.0
46610.0
46784.0
46936.0
47104.0
47258.0
47425.0
47588.0
47747.0
47885.0
48040.0
48191.0
48365.0
48524.0
48678.0
48833.0
48962.0
49130.0
49276.0
49452.0
49607.0
49766.0
49928.0
50085.0
50259.0
50428.0
50596.0
50766.0
50905.0
51073.0
51231.0
51403.0
51566.0
51732.0
51900.0
52034.0
52182.0
52342.0
52513.0
52653.0
52823.0
52979.0
53148.0
53320.0
53483.0
53630.0
53798.0
53959.0
54102.0
54258.0
54422.0
54593.0
54758.0
54918.0
55080.0
55234.0
55398.0
55567.0
55716.0
55826.0
55990.0
56120.0
56286.0
56444.0
56597.0
56762.0
56927.0
57101.0
57254.0
57337.0
57508.0
57668.0
57827.0
58001.0
58169.0
58309.0
58461.0
58627.0
58800.0
58964.0
59109.0
59257.0
59419.0
59591.0
59759.0
59913.0
60074.0
60220.0
60381.0
60550.0
60728.0
60861.0
61005.0
61161.0
61324.0
61485.0
61650.0
61806.0
61974.0
62140.0
62305.0
62479.0
62622.0
62770.0
62935.0
63082.0
63221.0
63381.0
63497.0
63656.0
63811.0
63969.0
64124.0
64275.0
64423.0
64594.0
64768.0
64920.0
65075.0
65209.0
65379.0
65532.0
65688.0
65852.0
65992.0
66151.0
66323.0
66482.0
66637.0
66805.0
66948.0
67116.0
67282.0
67444.0
67604.0
67760.0
67918.0
68070.0
68233.0
68371.0
68510.0
68686.0
68831.0
69005.0
69177.0
69349.0
69521.0
69681.0
69827.0
69999.0
70168.0
70324.0
70484.0
70631.0
70800.0
70898.0
71055.0
71213.0
71382.0
71519.0
71667.0
71834.0
72003.0
72167.0
72306.0
72472.0
72628.0
72791.0
72954.0
73109.0
73279.0
73447.0
73606.0
73780.0
73920.0
74053.0
74224.0
74398.0
74538.0
74651.0
74805.0
74968.0
75137.0
75274.0
75429.0
75585.0
75744.0
75909.0
76081.0
76239.0
76412.0
76566.0
76738.0
76893.0
77055.0
77231.0
77374.0
77548.0
77719.0
77893.0
78040.0
78179.0
78342.0
78516.0
78682.0
78845.0
79011.0
79171.0
79341.0
79498.0
79670.0
79832.0
79998.0
80122.0
80263.0
80420.0
80596.0
80752.0
80916.0
81085.0
81250.0
81414.0
81579.0
81745.0
81906.0
82054.0
82148.0
82291.0
82456.0
82621.0
82768.0
82915.0
83088.0
83246.0
83404.0
83560.0
83736.0
83901.0
84061.0
84221.0
84382.0
84541.0
84681.0
84821.0
84985.0
85138.0
85292.0
85451.0
85603.0
85762.0
85932.0
86090.0
86249.0
86419.0
86593.0
86765.0
86927.0
87094.0
87259.0
87421.0
87581.0
87740.0
87900.0
88061.0
88218.0
88361.0
88501.0
88653.0
88825.0
88943.0
89119.0
89277.0
89436.0
89595.0
89735.0
89888.0
90062.0
90228.0
90372.0
90535.0
90690.0
90853.0
91013.0
91175.0
91343.0
91504.0
91646.0
91810.0
91970.0
92117.0
92271.0
92442.0
92610.0
92763.0
92923.0
93081.0
93247.0
93410.0
93543.0
93714.0
93852.0
93989.0
94144.0
94310.0
94481.0
94604.0
94762.0
94920.0
95085.0
95257.0
95429.0
95557.0
95731.0
95876.0
96022.0
96182.0
96319.0
96479.0
96648.0
96817.0
96982.0
97108.0
97280.0
97441.0
97598.0
97770.0
97939.0
98103.0
98233.0
98396.0
98558.0
98719.0
98833.0
98997.0
99159.0
99317.0
99453.0
99616.0
99784.0
99943.0
100090.0
100227.0
100396.0
100562.0
100729.0
100892.0
101048.0
101226.0
101393.0
101550.0
101723.0
101892.0
102061.0
102230.0
102364.0
102517.0
102680.0
102842.0
102994.0
103168.0
103334.0
103503.0
103666.0
103814.0
103955.0
104116.0
104266.0
104411.0
104577.0
104732.0
104902.0
105060.0
105224.0
105380.0
105548.0
105701.0
105857.0
106026.0
106199.0
106371.0
106524.0
106667.0
106813.0
106968.0
107142.0
107309.0
107483.0
107638.0
107803.0
107965.0
108132.0
108308.0
108474.0
108626.0
108782.0
108930.0
109099.0
109258.0
109431.0
109589.0
109761.0
109914.0
110078.0
110250.0
110383.0
110510.0
110681.0
110848.0
111020.0
111193.0
111359.0
111531.0
111693.0
111856.0
112013.0
112168.0
112316.0
112469.0
112636.0
112808.0
112973.0
113128.0
113285.0
113441.0
113587.0
113685.0
113829.0
113982.0
114127.0
114290.0
114447.0
114611.0
114778.0
114954.0
115101.0
115261.0
115424.0
115577.0
115727.0
115885.0
116045.0
116219.0
116365.0
116531.0
116695.0
116808.0
116950.0
117100.0
117256.0
117422.0
117560.0
117731.0
117872.0
118029.0
118169.0
118317.0
118488.0
118650.0
118804.0
118955.0
119127.0
119297.0
119460.0
119557.0
119726.0
119882.0
120038.0
120159.0
120255.0
120415.0
120571.0
120736.0
120879.0
121045.0
121199.0
121354.0
121514.0
121668.0
121815.0
121974.0
122130.0
122285.0
122453.0
122623.0
122801.0
122961.0
123131.0
123295.0
123411.0
123576.0
123728.0
123904.0
124072.0
124248.0
124419.0
124580.0
124699.0
124864.0
125035.0
125198.0
125361.0
125502.0
125669.0
125833.0
126002.0
126159.0
126325.0
126497.0
126664.0
126813.0
126972.0
127123.0
127263.0
127435.0
127602.0
127770.0
127926.0
128090.0
128255.0
128413.0
128579.0
128717.0
128887.0
129063.0
129211.0
129368.0
129531.0
129671.0
129827.0
129994.0
130158.0
130325.0
130488.0
130653.0
130826.0
130989.0
131149.0
131315.0
131479.0
131631.0
131789.0
131959.0
132131.0
132259.0
132419.0
132584.0
132760.0
132896.0
133052.0
133209.0
133371.0
133527.0
133689.0
133841.0
133967.0
134117.0
134270.0
134430.0
134582.0
134741.0
134860.0
135022.0
135184.0
135338.0
135490.0
135636.0
135749.0
135925.0
136090.0
136232.0
136393.0
136551.0
136700.0
136845.0
137012.0
137171.0
137339.0
137511.0
137657.0
137806.0
137964.0
138142.0
138309.0
138467.0
138621.0
138797.0
138949.0
139115.0
139289.0
139436.0
139609.0
139777.0
139910.0
140068.0
140229.0
140386.0
140540.0
140693.0
140844.0
141003.0
141163.0
141326.0
141496.0
141658.0
141832.0
142010.0
142180.0
142346.0
142480.0
142649.0
142799.0
142934.0
143082.0
143252.0
143385.0
143563.0
143715.0
143885.0
144028.0
144195.0
144366.0
144540.0
144693.0
144854.0
145026.0
145166.0
145333.0
145497.0
145655.0
145821.0
145979.0
146129.0
146301.0
146467.0
146629.0
146786.0
146949.0
147077.0
147244.0
147403.0
147564.0
147730.0
147890.0
148061.0
148234.0
148390.0
148562.0
148726.0
148869.0
149031.0
149203.0
149368.0
149503.0
149652.0
149805.0
149978.0
150152.0
150316.0
150463.0
150617.0
150781.0
150959.0
151111.0
151263.0
151428.0
151590.0
151741.0
151858.0
151991.0
152142.0
152307.0
152472.0
152625.0
152768.0
152939.0
153093.0
153232.0
153404.0
153566.0
153733.0
153880.0
154041.0
154185.0
154336.0
154492.0
154663.0
154822.0
154969.0
155123.0
155291.0
155412.0
155571.0
155734.0
155908.0
156072.0
156234.0
156391.0
156532.0
156690.0
156797.0
156943.0
157086.0
157256.0
157415.0
157563.0
157731.0
157886.0
158048.0
158207.0
158377.0
158531.0
158672.0
158838.0
158995.0
159129.0
159297.0
159447.0
159613.0
159781.0
159931.0
160083.0
160221.0
160379.0
160527.0
160699.0
160869.0
161028.0
161171.0
161334.0
161486.0
161618.0
161754.0
161912.0
162063.0
162212.0
162356.0
162519.0
162683.0
162852.0
163021.0
163185.0
163347.0
163507.0
163677.0
163837.0
164006.0
164147.0
164301.0
164470.0
164642.0
164795.0
164948.0
165104.0
165257.0
165409.0
165583.0
165743.0
165903.0
166073.0
166223.0
166387.0
166536.0
166699.0
166855.0
167021.0
167175.0
167319.0
167481.0
167642.0
167809.0
167971.0
168141.0
168305.0
168453.0
168623.0
168801.0
168965.0
169103.0
169256.0
169428.0
169586.0
169762.0
169900.0
170050.0
170212.0
170371.0
170524.0
170700.0
170857.0
171022.0
171172.0
171318.0
171479.0
171624.0
171767.0
171939.0
172111.0
172271.0
172432.0
172597.0
172753.0
172915.0
173049.0
173209.0
173379.0
173538.0
173700.0
173856.0
173987.0
174149.0
174297.0
174458.0
174595.0
174765.0
174896.0
175063.0
175235.0
175392.0
175544.0
175699.0
175847.0
176012.0
176143.0
176300.0
176429.0
176592.0
176766.0
176917.0
177062.0
177213.0
177375.0
177547.0
177704.0
177859.0
177987.0
178134.0
178299.0
178466.0
178635.0
178785.0
178949.0
179079.0
179228.0
179402.0
179568.0
179728.0
179888.0
180054.0
180228.0
180378.0
180534.0
180698.0
180839.0
181001.0
181163.0
181327.0
181491.0
181640.0
181805.0
181966.0
182120.0
182267.0
182429.0
182539.0
182703.0
182856.0
183022.0
183179.0
183342.0
183500.0
183653.0
183792.0
183914.0
184051.0
184180.0
184341.0
184515.0
184673.0
184842.0
185007.0
185156.0
185316.0
185471.0
185635.0
185803.0
185964.0
186122.0
186283.0
186448.0
186597.0
186765.0
186923.0
187074.0
187212.0
187373.0
187516.0
187669.0
187812.0
187977.0
188148.0
188309.0
188466.0
188630.0
188801.0
188955.0
189109.0
189246.0
189405.0
189558.0
189704.0
189873.0
190039.0
190176.0
190346.0
190520.0
190652.0
190823.0
190971.0
191128.0
191287.0
191441.0
191556.0
191724.0
191881.0
192053.0
192197.0
192357.0
192522.0
192683.0
192839.0
192974.0
193124.0
193273.0
193443.0
193593.0
193751.0
193907.0
194057.0
194213.0
194367.0
194524.0
194681.0
194857.0
195021.0
195190.0
195366.0
195530.0
195682.0
195853.0
196017.0
196189.0
196348.0
196522.0
196684.0
196819.0
196961.0
197137.0
197291.0
197453.0
197613.0
197773.0
197880.0
198038.0
198212.0
198367.0
198528.0
198678.0
198828.0
198984.0
199134.0
199272.0
199425.0
199573.0
199743.0
199912.0
200069.0
200235.0
200397.0
200571.0
200723.0
200878.0
201028.0
201191.0
201358.0
201532.0
201694.0
201855.0
201965.0
202122.0
202280.0
202440.0
202584.0
202746.0
202891.0
203053.0
203221.0
203388.0
203549.0
203682.0
203850.0
203988.0
204152.0
204290.0
204446.0
204608.0
204767.0
204886.0
205060.0
205207.0
205358.0
205518.0
205676.0
205825.0
205971.0
206132.0
206296.0
206447.0
206621.0
206787.0
206963.0
207097.0
207243.0
207411.0
207583.0
207755.0
207896.0
208057.0
208225.0
208383.0
208545.0
208719.0
208863.0
209028.0
209180.0
209306.0
209446.0
209592.0
209752.0
209898.0
210060.0
210226.0
210389.0
210532.0
210697.0
210823.0
210986.0
211116.0
211277.0
211434.0
211591.0
211761.0
211935.0
212081.0
212241.0
212396.0
212545.0
212709.0
212882.0
213049.0
213219.0
213379.0
213547.0
213704.0
213859.0
214004.0
214173.0
214342.0
214508.0
214668.0
214820.0
214984.0
215141.0
215297.0
215422.0
215567.0
215710.0
215853.0
216024.0
216180.0
216358.0
216506.0
216679.0
216845.0
217010.0
217130.0
217287.0
217449.0
217599.0
217756.0
217906.0
218077.0
218234.0
218385.0
218555.0
218705.0
218883.0
219051.0
219210.0
219376.0
219533.0
219703.0
219870.0
220023.0
220191.0
220359.0
220505.0
220679.0
220829.0
220998.0
221153.0
221310.0
221474.0
221639.0
221808.0
221952.0
222124.0
222285.0
