a = 0.5
g = 0.8
e = 0.3
random initial weights = false

-388.0
-1050.0
-1656.0
-2101.0
-2602.0
-3027.0
-3455.0
-3940.0
-4470.0
-4891.0
-4740.0
-4656.0
-5070.0
-4908.0
-4738.0
-4558.0
-4379.0
-4202.0
-4055.0
-3880.0
-3700.0
-3522.0
-3347.0
-3233.0
-3051.0
-2872.0
-2688.0
-2514.0
-2335.0
-2156.0
-1981.0
-1801.0
-1617.0
-1442.0
-1260.0
-1081.0
-897.0
-722.0
-552.0
-368.0
-186.0
-11.0
168.0
337.0
502.0
675.0
851.0
1018.0
1202.0
1380.0
1562.0
1744.0
1918.0
2098.0
2267.0
2449.0
2626.0
2808.0
2990.0
3162.0
3335.0
3512.0
3687.0
3871.0
4045.0
4219.0
4398.0
4577.0
4728.0
4905.0
5087.0
5264.0
5440.0
5608.0
5779.0
5958.0
6134.0
6302.0
6484.0
6661.0
6834.0
7018.0
7197.0
7373.0
7553.0
7733.0
7917.0
8080.0
8262.0
8433.0
8599.0
8779.0
8963.0
9139.0
9323.0
9488.0
9649.0
9819.0
9989.0
10166.0
10231.0
10398.0
10582.0
10766.0
10929.0
11113.0
11288.0
11468.0
11640.0
11802.0
11967.0
12151.0
12315.0
12492.0
12667.0
12849.0
13028.0
13201.0
13385.0
13557.0
13722.0
13906.0
14086.0
14265.0
14442.0
14626.0
14782.0
14966.0
15143.0
15319.0
15492.0
15672.0
15856.0
16014.0
16196.0
16374.0
16539.0
16717.0
16896.0
17076.0
17258.0
17428.0
17612.0
17789.0
17959.0
18124.0
18306.0
18488.0
18665.0
18849.0
19024.0
19198.0
19380.0
19559.0
19732.0
19909.0
20084.0
20257.0
20435.0
20612.0
20776.0
20953.0
21135.0
21312.0
21496.0
21655.0
21832.0
21990.0
22150.0
22319.0
22501.0
22646.0
22821.0
23003.0
23175.0
23353.0
23525.0
23700.0
23877.0
24045.0
24222.0
24394.0
24551.0
24723.0
24899.0
25071.0
25248.0
25421.0
25591.0
25760.0
25933.0
26103.0
26259.0
26431.0
26613.0
26788.0
26967.0
27142.0
27320.0
27494.0
27678.0
27852.0
28032.0
28210.0
28380.0
28560.0
28734.0
28889.0
29069.0
29247.0
29426.0
29606.0
29786.0
29970.0
30154.0
30328.0
30498.0
30661.0
30838.0
30993.0
31170.0
31349.0
31531.0
31699.0
31876.0
32050.0
32216.0
32395.0
32571.0
32748.0
32923.0
33097.0
33269.0
33446.0
33612.0
33789.0
33971.0
34137.0
34317.0
34487.0
34659.0
34836.0
35007.0
35185.0
35367.0
35544.0
35720.0
35902.0
36079.0
36259.0
36434.0
36616.0
36794.0
36970.0
37147.0
37320.0
37499.0
37678.0
37862.0
38044.0
38211.0
38378.0
38560.0
38744.0
38923.0
39098.0
39264.0
39446.0
39630.0
39796.0
39976.0
40158.0
40327.0
40503.0
40678.0
40839.0
41006.0
41190.0
41364.0
41539.0
41719.0
41901.0
42078.0
42260.0
42435.0
42606.0
42779.0
42961.0
43135.0
43305.0
43487.0
43669.0
43844.0
44022.0
44200.0
44368.0
44537.0
44709.0
44888.0
45070.0
45238.0
45408.0
45580.0
45755.0
45926.0
46105.0
46279.0
46463.0
46645.0
46791.0
46963.0
47141.0
47318.0
47497.0
47681.0
47865.0
48040.0
48219.0
48373.0
48548.0
48725.0
48907.0
49087.0
49267.0
49444.0
49628.0
49810.0
49982.0
50160.0
50337.0
50506.0
50671.0
50849.0
51031.0
51213.0
51393.0
51559.0
51743.0
51925.0
52105.0
52283.0
52450.0
52622.0
52798.0
52965.0
53136.0
53316.0
53483.0
53650.0
53834.0
54011.0
54188.0
54367.0
54551.0
54729.0
54911.0
55095.0
55270.0
55452.0
55614.0
55787.0
55947.0
56131.0
56313.0
56491.0
56664.0
56844.0
57013.0
57193.0
57364.0
57532.0
57716.0
57880.0
58062.0
58246.0
58413.0
58590.0
58767.0
58945.0
59117.0
59301.0
59476.0
59658.0
59828.0
59999.0
60171.0
60353.0
60529.0
60708.0
60881.0
61058.0
61228.0
61403.0
61578.0
61760.0
61938.0
62110.0
62281.0
62460.0
62616.0
62795.0
62964.0
63148.0
63332.0
63496.0
63680.0
63854.0
64026.0
64208.0
64382.0
64564.0
64744.0
64928.0
65103.0
65283.0
65457.0
65623.0
65805.0
65969.0
66147.0
66331.0
66504.0
66668.0
66850.0
67034.0
67216.0
67400.0
67580.0
67735.0
67903.0
68087.0
68250.0
68421.0
68576.0
68755.0
68909.0
69086.0
69261.0
69436.0
69609.0
69783.0
69962.0
70140.0
70313.0
70491.0
70657.0
70832.0
71005.0
71182.0
71356.0
71525.0
71685.0
71861.0
72016.0
72192.0
72371.0
72555.0
72727.0
72895.0
73077.0
73236.0
73420.0
73593.0
73770.0
73950.0
74125.0
74293.0
74477.0
74657.0
74834.0
75007.0
75181.0
75350.0
75527.0
75690.0
75852.0
76018.0
76198.0
76380.0
76558.0
76740.0
76915.0
77099.0
77272.0
77449.0
77621.0
77805.0
77972.0
78151.0
78333.0
78515.0
78697.0
78876.0
79053.0
79235.0
79415.0
79581.0
79761.0
79934.0
80111.0
80280.0
80450.0
80622.0
80801.0
80985.0
81160.0
81344.0
81524.0
81695.0
81874.0
82051.0
82208.0
82371.0
82551.0
82730.0
82905.0
83078.0
83249.0
83418.0
83596.0
83762.0
83937.0
84109.0
84288.0
84458.0
84634.0
84809.0
84993.0
85153.0
85320.0
85504.0
85688.0
85855.0
86025.0
86204.0
86386.0
86566.0
86744.0
86919.0
87093.0
87273.0
87435.0
87609.0
87765.0
87932.0
88114.0
88296.0
88460.0
88632.0
88816.0
88998.0
89170.0
89342.0
89495.0
89673.0
89853.0
90035.0
90196.0
90380.0
90564.0
90734.0
90916.0
91091.0
91265.0
91440.0
91600.0
91784.0
91966.0
92128.0
92303.0
92473.0
92647.0
92822.0
93000.0
93151.0
93326.0
93500.0
93650.0
93832.0
94016.0
94189.0
94355.0
94522.0
94696.0
94867.0
95045.0
95219.0
95398.0
95559.0
95730.0
95903.0
96085.0
96259.0
96439.0
96623.0
96783.0
96962.0
97142.0
97319.0
97493.0
97675.0
97849.0
98021.0
98181.0
98360.0
98533.0
98709.0
98887.0
99066.0
99238.0
99411.0
99595.0
99779.0
99959.0
100132.0
100314.0
100494.0
100673.0
100852.0
101034.0
101218.0
101395.0
101575.0
101740.0
101922.0
102100.0
102279.0
102450.0
102632.0
102798.0
102959.0
103138.0
103302.0
103476.0
103658.0
103825.0
104002.0
104175.0
104349.0
104514.0
104694.0
104871.0
105051.0
105233.0
105411.0
105588.0
105770.0
105949.0
106131.0
106303.0
106487.0
106671.0
106848.0
107026.0
107205.0
107389.0
107562.0
107736.0
107908.0
108083.0
108267.0
108442.0
108609.0
108784.0
108963.0
109143.0
109319.0
109498.0
109675.0
109859.0
110032.0
110211.0
110390.0
110574.0
110758.0
110927.0
111096.0
111266.0
111438.0
111618.0
111783.0
111944.0
112123.0
112300.0
112479.0
112653.0
112830.0
113002.0
113175.0
113342.0
113517.0
113701.0
113878.0
114053.0
114232.0
114381.0
114552.0
114725.0
114891.0
115067.0
115237.0
115417.0
115599.0
115774.0
115951.0
116122.0
116304.0
116483.0
116660.0
116834.0
117016.0
117181.0
117363.0
117541.0
117703.0
117877.0
118061.0
118237.0
118408.0
118585.0
118762.0
118946.0
119126.0
119306.0
119479.0
119661.0
119826.0
120005.0
120182.0
120358.0
120538.0
120716.0
120900.0
121075.0
121248.0
121430.0
121605.0
121780.0
121964.0
122136.0
122311.0
122479.0
122642.0
122819.0
122997.0
123172.0
123349.0
123524.0
123708.0
123888.0
124070.0
124250.0
124427.0
124605.0
124784.0
124947.0
125129.0
125306.0
125486.0
125655.0
125835.0
126019.0
126193.0
126368.0
126518.0
126683.0
126863.0
127036.0
127209.0
127386.0
127544.0
127726.0
127898.0
128080.0
128259.0
128438.0
128613.0
128792.0
128956.0
129138.0
129305.0
129477.0
129643.0
129822.0
130000.0
130168.0
130343.0
130518.0
130702.0
130884.0
131063.0
131240.0
131411.0
131560.0
131742.0
131915.0
132078.0
132254.0
132438.0
132605.0
132770.0
132940.0
133114.0
133283.0
133456.0
133627.0
133787.0
133966.0
134141.0
134311.0
134481.0
134654.0
134838.0
135017.0
135181.0
135340.0
135524.0
135701.0
135875.0
136047.0
136224.0
136404.0
136557.0
136725.0
136901.0
137074.0
137249.0
137422.0
137592.0
137766.0
137932.0
138114.0
138288.0
138463.0
138634.0
138808.0
138992.0
139142.0
139313.0
139467.0
139651.0
139829.0
140013.0
140179.0
140354.0
140536.0
140720.0
140887.0
141071.0
141253.0
141430.0
141602.0
141777.0
141954.0
142129.0
142299.0
142476.0
142660.0
142826.0
143000.0
143180.0
143362.0
143544.0
143726.0
143894.0
144067.0
144245.0
144402.0
144557.0
144720.0
144896.0
145073.0
145252.0
145427.0
145609.0
145758.0
145935.0
146104.0
146280.0
146460.0
146642.0
146816.0
146994.0
147174.0
147339.0
147504.0
147682.0
147866.0
148034.0
148198.0
148371.0
148539.0
148707.0
148869.0
149043.0
149215.0
149381.0
149563.0
149736.0
149911.0
150088.0
150272.0
150449.0
150628.0
150812.0
150980.0
151162.0
151336.0
151511.0
151671.0
151853.0
152028.0
152212.0
152396.0
152564.0
152746.0
152925.0
153097.0
153265.0
153427.0
153593.0
153761.0
153934.0
154114.0
154296.0
154480.0
154657.0
154822.0
154999.0
155176.0
155344.0
155524.0
155694.0
155871.0
156049.0
156204.0
156379.0
156552.0
156731.0
156900.0
157062.0
157226.0
157395.0
157577.0
157747.0
157919.0
158093.0
158275.0
158451.0
158629.0
158791.0
158973.0
159157.0
159341.0
159508.0
159686.0
159868.0
160033.0
160196.0
160367.0
160544.0
160708.0
160890.0
161065.0
161249.0
161420.0
161594.0
161776.0
161948.0
162128.0
162312.0
162491.0
162669.0
162849.0
163027.0
163198.0
163371.0
163544.0
163724.0
163895.0
164072.0
164256.0
164431.0
164608.0
164785.0
164969.0
165151.0
165329.0
165501.0
165673.0
165850.0
166015.0
166197.0
166369.0
166553.0
166729.0
166900.0
167075.0
167232.0
167400.0
167577.0
167735.0
167912.0
168081.0
168249.0
168425.0
168594.0
168753.0
168935.0
169119.0
169291.0
169466.0
169643.0
169825.0
170005.0
170173.0
170346.0
170519.0
170690.0
170863.0
171040.0
171205.0
171384.0
171566.0
171743.0
171914.0
172089.0
172257.0
172434.0
172595.0
172768.0
172952.0
173134.0
173311.0
173491.0
173657.0
173830.0
174014.0
174159.0
174317.0
174480.0
174662.0
174834.0
175018.0
175202.0
175384.0
175560.0
175742.0
175924.0
176101.0
176279.0
176452.0
176624.0
176806.0
176988.0
177158.0
177338.0
177513.0
177690.0
177872.0
178054.0
178225.0
178404.0
178586.0
178764.0
178935.0
179119.0
179296.0
179478.0
179658.0
179831.0
179995.0
180177.0
180359.0
180543.0
180709.0
180887.0
181058.0
181213.0
181383.0
181560.0
181740.0
181918.0
182089.0
182273.0
182452.0
182626.0
182802.0
182967.0
183136.0
183313.0
183488.0
183655.0
183837.0
184016.0
184188.0
184366.0
184523.0
184703.0
184879.0
185049.0
185227.0
185399.0
185574.0
185743.0
185923.0
186102.0
186272.0
186450.0
186632.0
186803.0
186967.0
187151.0
187333.0
187505.0
187680.0
187859.0
188036.0
188213.0
188372.0
188542.0
188726.0
188900.0
189082.0
189254.0
189424.0
189596.0
189773.0
189948.0
190118.0
190300.0
190468.0
190647.0
190831.0
191008.0
191176.0
191351.0
191535.0
191707.0
191887.0
192071.0
192246.0
192416.0
192593.0
192775.0
192947.0
193131.0
193304.0
193483.0
193663.0
193842.0
194020.0
194204.0
194376.0
194551.0
194735.0
194914.0
195078.0
195249.0
195431.0
195603.0
195769.0
195938.0
196110.0
196272.0
196452.0
196622.0
196790.0
196972.0
197156.0
197331.0
197490.0
197666.0
197845.0
198027.0
198199.0
198371.0
198551.0
198735.0
198910.0
199087.0
199256.0
199438.0
199593.0
199772.0
199956.0
200135.0
200319.0
200489.0
200655.0
200834.0
201012.0
201174.0
201349.0
201522.0
201701.0
201874.0
202049.0
202227.0
202402.0
202575.0
202745.0
202916.0
203093.0
203270.0
203434.0
203616.0
203795.0
203972.0
204149.0
204326.0
204505.0
204673.0
204855.0
205020.0
205186.0
205353.0
205532.0
205709.0
205887.0
206039.0
206211.0
206376.0
206558.0
206730.0
206894.0
207070.0
207240.0
207414.0
207592.0
207764.0
207939.0
208121.0
208305.0
208489.0
208662.0
208842.0
209013.0
209192.0
209374.0
209552.0
209724.0
209889.0
210071.0
210246.0
210412.0
210596.0
210770.0
210942.0
211121.0
211279.0
211448.0
211613.0
211785.0
211967.0
212132.0
212308.0
212488.0
212670.0
212845.0
213020.0
213190.0
213369.0
213546.0
213711.0
213876.0
214041.0
214223.0
214377.0
214554.0
214738.0
214922.0
215099.0
215266.0
215450.0
215629.0
215811.0
215947.0
216126.0
216300.0
216476.0
216651.0
216829.0
217011.0
217190.0
217367.0
217544.0
217724.0
217904.0
218076.0
218251.0
218421.0
218603.0
218780.0
218962.0
219132.0
219310.0
219482.0
219649.0
219833.0
220010.0
220185.0
220364.0
220548.0
220720.0
220897.0
221061.0
221245.0
221429.0
221606.0
221783.0
221965.0
222149.0
222325.0
222502.0
222681.0
222853.0
223012.0
223179.0
223356.0
223540.0
223717.0
223899.0
224055.0
224237.0
224412.0
224572.0
224747.0
224929.0
225093.0
225275.0
225459.0
225623.0
225805.0
225979.0
226154.0
226328.0
226512.0
226674.0
226847.0
227019.0
227170.0
227340.0
227515.0
227687.0
227869.0
228033.0
228217.0
228393.0
228569.0
228744.0
228922.0
229092.0
229260.0
229431.0
229613.0
229792.0
229958.0
230134.0
230298.0
230471.0
230651.0
230829.0
231011.0
231191.0
231375.0
231542.0
231721.0
231903.0
232087.0
232271.0
232435.0
232600.0
232772.0
232944.0
233118.0
233289.0
233457.0
233619.0
233793.0
233975.0
234154.0
234328.0
234500.0
234678.0
234846.0
235028.0
235203.0
235380.0
235557.0
235739.0
235921.0
236103.0
236272.0
236433.0
236604.0
236776.0
236949.0
237131.0
237304.0
237488.0
237664.0
237846.0
238024.0
238169.0
238338.0
238516.0
238691.0
238855.0
239034.0
239206.0
239388.0
239560.0
239717.0
239897.0
240045.0
240229.0
240406.0
240571.0
240690.0
240867.0
241051.0
241228.0
241412.0
241589.0
241768.0
241945.0
242120.0
242298.0
242465.0
242628.0
242787.0
242969.0
243149.0
243326.0
243510.0
243687.0
243862.0
244042.0
244215.0
244392.0
244576.0
244756.0
244925.0
245097.0
245277.0
245454.0
245627.0
245803.0
245987.0
246148.0
246323.0
246492.0
246667.0
246840.0
247008.0
247190.0
247362.0
247535.0
247711.0
247889.0
248066.0
248237.0
248408.0
248578.0
248760.0
248922.0
249096.0
249280.0
249462.0
249633.0
249796.0
249978.0
250129.0
250308.0
250478.0
250662.0
250846.0
251011.0
251195.0
251362.0
251520.0
251689.0
251869.0
252049.0
252228.0
252410.0
252590.0
252746.0
252930.0
253112.0
253283.0
253460.0
253637.0
253814.0
253981.0
254163.0
254337.0
254510.0
254687.0
