a = 0.5
g = 0.8
e = 0.1
random initial weights = false

-2702.0
-5186.0
-7484.0
-7949.0
-8502.0
-8940.0
-9389.0
-9269.0
-11682.0
-12204.0
-12629.0
-13179.0
-13656.0
-14069.0
-14482.0
-16897.0
-17329.0
-19744.0
-20160.0
-22575.0
-23005.0
-25408.0
-25833.0
-28243.0
-28074.0
-27898.0
-27731.0
-28152.0
-27978.0
-27805.0
-27627.0
-27459.0
-27281.0
-27105.0
-26934.0
-26756.0
-26578.0
-26409.0
-26238.0
-26062.0
-25884.0
-25706.0
-25528.0
-25350.0
-25172.0
-24994.0
-24820.0
-24647.0
-24473.0
-24295.0
-24117.0
-23946.0
-23773.0
-23597.0
-23421.0
-23243.0
-23065.0
-22891.0
-22713.0
-22537.0
-22361.0
-22183.0
-22007.0
-21829.0
-21655.0
-21491.0
-21318.0
-21148.0
-20974.0
-20800.0
-20624.0
-20446.0
-20270.0
-20097.0
-19919.0
-19751.0
-19578.0
-19400.0
-19222.0
-19044.0
-18866.0
-18692.0
-18525.0
-18347.0
-18175.0
-18001.0
-17823.0
-17647.0
-17469.0
-17295.0
-17117.0
-16943.0
-16765.0
-16587.0
-16411.0
-16233.0
-16060.0
-15884.0
-15710.0
-15532.0
-15354.0
-15180.0
-15004.0
-14826.0
-14650.0
-14474.0
-14296.0
-14118.0
-13942.0
-13768.0
-13594.0
-13416.0
-13243.0
-13065.0
-12889.0
-12711.0
-12544.0
-12366.0
-12192.0
-12021.0
-11843.0
-11667.0
-11493.0
-11317.0
-11139.0
-10961.0
-10785.0
-10609.0
-10433.0
-10257.0
-10084.0
-9908.0
-9732.0
-9559.0
-9387.0
-9223.0
-9045.0
-8869.0
-8691.0
-8513.0
-8342.0
-8166.0
-7988.0
-7810.0
-7632.0
-7460.0
-7284.0
-7106.0
-6928.0
-6755.0
-6577.0
-6401.0
-6223.0
-6045.0
-5869.0
-5691.0
-5513.0
-5340.0
-5164.0
-4986.0
-4810.0
-4634.0
-4456.0
-4278.0
-4102.0
-3926.0
-3750.0
-3577.0
-3401.0
-3229.0
-3053.0
-2877.0
-2699.0
-2523.0
-2349.0
-2175.0
-2002.0
-1824.0
-1646.0
-1472.0
-1296.0
-1118.0
-940.0
-767.0
-589.0
-411.0
-233.0
-59.0
117.0
295.0
473.0
649.0
827.0
1000.0
1176.0
1354.0
1532.0
1708.0
1880.0
2056.0
2234.0
2410.0
2588.0
2764.0
2942.0
3120.0
3298.0
3476.0
3654.0
3832.0
4008.0
4184.0
4360.0
4538.0
4714.0
4888.0
5066.0
5242.0
5420.0
5593.0
5769.0
5945.0
6121.0
6279.0
6457.0
6633.0
6811.0
6989.0
7167.0
7338.0
7516.0
7694.0
7868.0
8044.0
8222.0
8396.0
8574.0
8752.0
8925.0
9103.0
9279.0
9455.0
9624.0
9800.0
9972.0
10150.0
10328.0
10502.0
10680.0
10858.0
11029.0
11205.0
11374.0
11545.0
11723.0
11897.0
12075.0
12251.0
12429.0
12590.0
12766.0
12942.0
13116.0
13292.0
13468.0
13646.0
13824.0
13997.0
14175.0
14351.0
14529.0
14705.0
14883.0
15057.0
15230.0
15408.0
15579.0
15757.0
15933.0
16111.0
16284.0
16462.0
16638.0
16816.0
16994.0
17166.0
17342.0
17513.0
17689.0
17861.0
18029.0
18205.0
18379.0
18555.0
18733.0
18906.0
19084.0
19257.0
19429.0
19607.0
19785.0
19963.0
20139.0
20310.0
20488.0
20666.0
20844.0
21022.0
21193.0
21355.0
21533.0
21707.0
21885.0
22061.0
22239.0
22407.0
22579.0
22755.0
22931.0
23105.0
23281.0
23459.0
23637.0
23813.0
23991.0
24169.0
24345.0
24509.0
24687.0
24865.0
25043.0
25219.0
25390.0
25566.0
25738.0
25916.0
26092.0
26268.0
26439.0
26615.0
26791.0
26962.0
27136.0
27305.0
27483.0
27661.0
27839.0
28010.0
28186.0
28364.0
28542.0
28716.0
28890.0
29066.0
29244.0
29422.0
29598.0
29774.0
29942.0
30120.0
30298.0
30471.0
30649.0
30827.0
31003.0
31177.0
31349.0
31520.0
31692.0
31870.0
32048.0
32226.0
32402.0
32575.0
32753.0
32929.0
33107.0
33285.0
33461.0
33630.0
33806.0
33984.0
34158.0
34336.0
34512.0
34688.0
34864.0
35042.0
35220.0
35398.0
35574.0
35752.0
35928.0
36104.0
36282.0
36458.0
36636.0
36814.0
36992.0
37163.0
37339.0
37515.0
37693.0
37866.0
38040.0
38216.0
38390.0
38566.0
38740.0
38916.0
39094.0
39272.0
39450.0
39626.0
39802.0
39978.0
40154.0
40332.0
40506.0
40684.0
40860.0
41036.0
41212.0
41386.0
41564.0
41740.0
41914.0
42090.0
42266.0
42434.0
42610.0
42786.0
42964.0
43142.0
43316.0
43494.0
43672.0
43850.0
44028.0
44204.0
44380.0
44556.0
44732.0
44908.0
45086.0
45262.0
45438.0
45616.0
45792.0
45968.0
46142.0
46320.0
46492.0
46670.0
46848.0
47026.0
47202.0
47373.0
47549.0
47725.0
47903.0
48071.0
48247.0
48425.0
48599.0
48775.0
48949.0
49125.0
49295.0
49465.0
49641.0
49813.0
49991.0
50164.0
50338.0
50512.0
50688.0
50866.0
51040.0
51214.0
51390.0
51566.0
51740.0
51918.0
52094.0
52268.0
52444.0
52622.0
52798.0
52976.0
53148.0
53324.0
53496.0
53674.0
53852.0
54026.0
54204.0
54380.0
54554.0
54732.0
54910.0
55088.0
55266.0
55442.0
55620.0
55796.0
55972.0
56150.0
56328.0
56506.0
56678.0
56856.0
57025.0
57201.0
57379.0
57549.0
57725.0
57903.0
58077.0
58253.0
58424.0
58600.0
58778.0
58956.0
59134.0
59308.0
59482.0
59660.0
59836.0
60010.0
60188.0
60362.0
60540.0
60718.0
60896.0
61072.0
61243.0
61421.0
61589.0
61762.0
61936.0
62109.0
62285.0
62463.0
62639.0
62810.0
62986.0
63159.0
63335.0
63506.0
63679.0
63855.0
64033.0
64209.0
64387.0
64565.0
64741.0
64917.0
65088.0
65259.0
65437.0
65611.0
65789.0
65965.0
66143.0
66312.0
66490.0
66666.0
66844.0
67017.0
67193.0
67367.0
67543.0
67721.0
67890.0
68059.0
68237.0
68413.0
68589.0
68763.0
68941.0
69117.0
69295.0
69471.0
69647.0
69823.0
70001.0
70175.0
70353.0
70523.0
70699.0
70877.0
71055.0
71233.0
71411.0
71587.0
71763.0
71936.0
72112.0
72282.0
72458.0
72634.0
72810.0
72986.0
73164.0
73342.0
73518.0
73696.0
73870.0
74046.0
74214.0
74392.0
74564.0
74740.0
74918.0
75092.0
75270.0
75448.0
75624.0
75796.0
75972.0
76146.0
76324.0
76502.0
76678.0
76856.0
77034.0
77210.0
77384.0
77556.0
77730.0
77906.0
78080.0
78256.0
78432.0
78606.0
78779.0
78957.0
79135.0
79313.0
79491.0
79667.0
79845.0
80023.0
80199.0
80373.0
80551.0
80729.0
80907.0
81083.0
81261.0
81439.0
81615.0
81788.0
81966.0
82144.0
82320.0
82498.0
82674.0
82850.0
83028.0
83206.0
83384.0
83562.0
83740.0
83914.0
84092.0
84268.0
84446.0
84622.0
84800.0
84976.0
85154.0
85332.0
85494.0
85670.0
85848.0
86026.0
86204.0
86376.0
86552.0
86730.0
86908.0
87074.0
87242.0
87413.0
87591.0
87769.0
87937.0
88113.0
88285.0
88461.0
88637.0
88810.0
88984.0
89156.0
89330.0
89508.0
89686.0
89864.0
90038.0
90216.0
90394.0
90566.0
90742.0
90913.0
91084.0
91260.0
91438.0
91612.0
91790.0
91966.0
92144.0
92322.0
92500.0
92676.0
92854.0
93032.0
93203.0
93381.0
93557.0
93735.0
93911.0
94089.0
94265.0
94437.0
94615.0
94793.0
94971.0
95138.0
95306.0
95482.0
95660.0
95836.0
96012.0
96188.0
96366.0
96544.0
96718.0
96889.0
97067.0
97243.0
97421.0
97593.0
97764.0
97942.0
98109.0
98283.0
98461.0
98639.0
98810.0
98988.0
99162.0
99340.0
99518.0
99694.0
99872.0
100037.0
100213.0
100380.0
100547.0
100720.0
100898.0
101076.0
101252.0
101430.0
101603.0
101776.0
101948.0
102124.0
102287.0
102463.0
102641.0
102819.0
102990.0
103168.0
103344.0
103520.0
103696.0
103874.0
104052.0
104218.0
104396.0
104570.0
104748.0
104922.0
105100.0
105274.0
105452.0
105628.0
105806.0
105980.0
106152.0
106326.0
106504.0
106682.0
106848.0
107022.0
107198.0
107374.0
107545.0
107717.0
107895.0
108064.0
108242.0
108414.0
108592.0
108762.0
108940.0
109112.0
109288.0
109466.0
109644.0
109822.0
109998.0
110176.0
110354.0
110530.0
110708.0
110886.0
111064.0
111240.0
111418.0
111594.0
111772.0
111950.0
112128.0
112306.0
112482.0
112660.0
112836.0
113012.0
113190.0
113364.0
113535.0
113713.0
113891.0
114065.0
114239.0
114411.0
114587.0
114765.0
114943.0
115121.0
115295.0
115471.0
115649.0
115827.0
116003.0
116179.0
116352.0
116530.0
116708.0
116886.0
117062.0
117240.0
117411.0
117585.0
117763.0
117939.0
118106.0
118280.0
118456.0
118634.0
118812.0
118990.0
119168.0
119346.0
119524.0
119697.0
119875.0
120047.0
120225.0
120403.0
120581.0
120757.0
120935.0
121113.0
121291.0
121469.0
121647.0
121818.0
121994.0
122170.0
122348.0
122518.0
122692.0
122863.0
123032.0
123208.0
123386.0
123564.0
123742.0
123918.0
124096.0
124270.0
124444.0
124622.0
124796.0
124974.0
125150.0
125320.0
125498.0
125676.0
125847.0
126021.0
126193.0
126366.0
126544.0
126720.0
126894.0
127070.0
127246.0
127422.0
127598.0
127774.0
127942.0
128116.0
128294.0
128472.0
128648.0
128826.0
129004.0
129177.0
129355.0
129522.0
129700.0
129869.0
130041.0
130219.0
130395.0
130565.0
130739.0
130917.0
131095.0
131273.0
131451.0
131627.0
131805.0
131981.0
132159.0
132335.0
132513.0
132691.0
132869.0
133037.0
133215.0
133391.0
133567.0
133745.0
133923.0
134101.0
134277.0
134453.0
134631.0
134802.0
134980.0
135156.0
135334.0
135512.0
135688.0
135864.0
136037.0
136215.0
136393.0
136571.0
136745.0
136923.0
137101.0
137279.0
137449.0
137625.0
137803.0
137981.0
138159.0
138333.0
138500.0
138678.0
138856.0
139023.0
139201.0
139379.0
139547.0
139716.0
139892.0
140068.0
140244.0
140420.0
140596.0
140774.0
140952.0
141130.0
141306.0
141482.0
141658.0
141834.0
142008.0
142186.0
142364.0
142542.0
142718.0
142891.0
143065.0
143243.0
143421.0
143597.0
143775.0
143953.0
144127.0
144300.0
144474.0
144650.0
144822.0
145000.0
145178.0
145356.0
145534.0
145712.0
145890.0
146064.0
146242.0
146416.0
146594.0
146770.0
146942.0
147118.0
147286.0
147464.0
147640.0
147814.0
147992.0
148168.0
148338.0
148516.0
148692.0
148870.0
149048.0
149226.0
149397.0
149573.0
149746.0
149924.0
150098.0
150276.0
150454.0
150625.0
150803.0
150975.0
151153.0
151331.0
151509.0
151687.0
151857.0
152031.0
152209.0
152387.0
152561.0
152737.0
152913.0
153087.0
153263.0
153439.0
153617.0
153795.0
153973.0
154147.0
154325.0
154501.0
154679.0
154855.0
155033.0
155209.0
155387.0
155563.0
155741.0
155919.0
156097.0
156275.0
156453.0
156627.0
156803.0
156981.0
157151.0
157327.0
157505.0
157683.0
157861.0
158033.0
158211.0
158389.0
158567.0
158738.0
158914.0
159090.0
159266.0
159440.0
159609.0
159787.0
159961.0
160137.0
160315.0
160493.0
160669.0
160847.0
161021.0
161199.0
161377.0
161555.0
161733.0
161911.0
162085.0
162263.0
162441.0
162617.0
162795.0
162968.0
163146.0
163320.0
163496.0
163674.0
163847.0
164025.0
164199.0
164370.0
164539.0
164711.0
164882.0
165056.0
165228.0
165406.0
165584.0
165760.0
165938.0
166110.0
166286.0
166464.0
166636.0
166814.0
166990.0
167166.0
167336.0
167510.0
167682.0
167856.0
168032.0
168208.0
168386.0
168562.0
168733.0
168904.0
169082.0
169258.0
169436.0
169606.0
169784.0
169962.0
170140.0
170316.0
170488.0
170662.0
170840.0
171016.0
171192.0
171370.0
171542.0
171720.0
171891.0
172065.0
172239.0
172415.0
172593.0
172769.0
172947.0
173121.0
173297.0
173475.0
173653.0
173821.0
173994.0
174170.0
174346.0
174520.0
174696.0
174869.0
175045.0
175223.0
175390.0
175568.0
175746.0
175924.0
176097.0
176273.0
176447.0
176625.0
176801.0
176977.0
177155.0
177333.0
177511.0
177687.0
177863.0
178041.0
178219.0
178388.0
178566.0
178744.0
178917.0
179095.0
179271.0
179438.0
179611.0
179780.0
179958.0
180136.0
180314.0
180492.0
180668.0
180844.0
181020.0
181198.0
181369.0
181547.0
181725.0
181903.0
182079.0
182249.0
182422.0
182591.0
182769.0
182945.0
183121.0
183299.0
183472.0
183648.0
183826.0
184002.0
184180.0
184358.0
184536.0
184714.0
184892.0
185068.0
185239.0
185411.0
185587.0
185763.0
185939.0
186113.0
186291.0
186467.0
186643.0
186819.0
186997.0
187175.0
187351.0
187525.0
187701.0
187873.0
188049.0
188223.0
188401.0
188570.0
188746.0
188922.0
189098.0
189272.0
189446.0
189622.0
189800.0
189976.0
190154.0
190330.0
190504.0
190682.0
190856.0
191030.0
191206.0
191382.0
191560.0
191738.0
191914.0
192092.0
192270.0
192448.0
192622.0
192800.0
192971.0
193147.0
193321.0
193492.0
193666.0
193844.0
194022.0
194198.0
194374.0
194546.0
194717.0
194893.0
195069.0
195247.0
195425.0
195603.0
195779.0
195957.0
196133.0
196311.0
196484.0
196658.0
196834.0
197012.0
197188.0
197364.0
197542.0
197716.0
197894.0
198065.0
198241.0
198412.0
198590.0
198768.0
198941.0
199117.0
199293.0
199471.0
199647.0
199823.0
200001.0
200173.0
200351.0
200529.0
200705.0
200883.0
201061.0
201239.0
201415.0
201588.0
201764.0
201942.0
202118.0
202296.0
202470.0
202648.0
202826.0
203002.0
203178.0
203352.0
203528.0
203706.0
203882.0
204046.0
204218.0
204391.0
204567.0
204745.0
204923.0
205094.0
205268.0
205444.0
205618.0
205796.0
205970.0
206148.0
206322.0
206498.0
206674.0
206852.0
207028.0
207204.0
207382.0
207560.0
207736.0
207912.0
208083.0
208259.0
208435.0
208607.0
208783.0
208961.0
209139.0
209317.0
209491.0
209669.0
209845.0
210021.0
210197.0
210375.0
210551.0
210729.0
210907.0
211085.0
211263.0
211436.0
211612.0
211788.0
211959.0
212135.0
212313.0
212489.0
212665.0
212841.0
213019.0
213197.0
213373.0
213551.0
213729.0
213905.0
214083.0
214249.0
214425.0
214603.0
214776.0
214942.0
215111.0
215289.0
215465.0
215639.0
215813.0
215982.0
216160.0
216334.0
216510.0
216682.0
216860.0
217038.0
217216.0
217392.0
217568.0
217744.0
217922.0
218098.0
218276.0
218452.0
218630.0
218808.0
218982.0
219156.0
219327.0
219503.0
219681.0
219855.0
220031.0
220209.0
220383.0
220561.0
220732.0
220908.0
221086.0
221264.0
221440.0
221613.0
221779.0
221955.0
222121.0
222299.0
222470.0
222648.0
222822.0
222996.0
223165.0
223339.0
223515.0
223689.0
223867.0
224033.0
224205.0
224383.0
224561.0
224737.0
224915.0
225088.0
225266.0
225444.0
225622.0
225798.0
225974.0
226150.0
226328.0
226506.0
226684.0
226860.0
227038.0
227214.0
227392.0
227568.0
227746.0
227919.0
228097.0
228273.0
228449.0
228620.0
228791.0
228967.0
229143.0
229321.0
229479.0
229657.0
229835.0
230006.0
230184.0
230362.0
