a = 0.2
g = 0.8
e = 0.5
random initial weights = true

-1146.0
-1612.0
-2306.0
-2816.0
-3332.0
-3867.0
-4311.0
-5479.0
-5939.0
-6648.0
-7153.0
-7610.0
-8215.0
-8680.0
-9339.0
-9819.0
-10349.0
-10831.0
-13379.0
-13898.0
-14436.0
-14923.0
-15380.0
-15809.0
-16312.0
-16854.0
-17400.0
-17837.0
-18318.0
-18781.0
-19221.0
-19678.0
-20201.0
-20693.0
-20598.0
-21027.0
-21481.0
-21916.0
-22388.0
-22872.0
-22721.0
-23188.0
-23633.0
-24085.0
-24608.0
-25031.0
-25463.0
-26000.0
-25861.0
-26280.0
-26115.0
-26575.0
-27001.0
-27447.0
-27901.0
-27788.0
-27647.0
-27477.0
-27381.0
-27214.0
-27634.0
-27506.0
-27920.0
-28354.0
-28784.0
-29208.0
-29688.0
-30117.0
-30019.0
-29875.0
-29712.0
-29562.0
-29982.0
-30409.0
-30868.0
-31284.0
-31131.0
-30971.0
-30815.0
-30670.0
-30510.0
-30341.0
-30178.0
-30013.0
-29843.0
-29672.0
-29524.0
-29377.0
-29222.0
-29056.0
-28899.0
-28767.0
-28610.0
-28450.0
-28299.0
-28127.0
-27973.0
-27814.0
-27649.0
-27479.0
-27333.0
-27168.0
-27016.0
-26867.0
-26705.0
-26548.0
-26399.0
-26250.0
-26093.0
-25964.0
-25797.0
-25640.0
-25484.0
-25317.0
-25158.0
-24997.0
-24833.0
-24677.0
-24529.0
-24372.0
-24212.0
-24057.0
-23917.0
-23750.0
-23604.0
-23428.0
-23276.0
-23102.0
-22941.0
-22771.0
-22629.0
-22470.0
-22316.0
-22167.0
-22000.0
-21839.0
-21694.0
-21536.0
-21362.0
-21220.0
-21046.0
-20876.0
-20730.0
-20570.0
-20416.0
-20260.0
-20090.0
-19943.0
-19804.0
-19658.0
-19520.0
-19356.0
-19212.0
-19083.0
-18932.0
-18767.0
-18597.0
-18471.0
-18301.0
-18139.0
-17972.0
-17823.0
-17670.0
-17529.0
-17359.0
-17192.0
-17018.0
-16856.0
-16694.0
-16547.0
-16386.0
-16232.0
-16070.0
-15929.0
-15753.0
-15589.0
-15441.0
-15289.0
-15127.0
-14955.0
-14816.0
-14657.0
-14504.0
-14362.0
-14195.0
-14032.0
-13871.0
-13715.0
-13574.0
-13406.0
-13245.0
-13105.0
-12970.0
-12809.0
-12681.0
-12543.0
-12382.0
-12212.0
-12052.0
-11893.0
-11766.0
-11641.0
-11511.0
-11353.0
-11202.0
-11086.0
-10927.0
-10773.0
-10635.0
-10484.0
-10323.0
-10157.0
-9999.0
-9838.0
-9678.0
-9517.0
-9357.0
-9241.0
-9110.0
-8959.0
-8839.0
-8690.0
-8525.0
-8369.0
-8203.0
-8066.0
-7907.0
-7735.0
-7600.0
-7468.0
-7316.0
-7174.0
-7016.0
-6856.0
-6737.0
-6577.0
-6418.0
-6253.0
-6087.0
-5935.0
-5764.0
-5595.0
-5454.0
-5284.0
-5123.0
-4977.0
-4829.0
-4676.0
-4558.0
-4411.0
-4261.0
-4130.0
-3969.0
-3822.0
-3648.0
-3494.0
-3349.0
-3189.0
-3028.0
-2858.0
-2702.0
-2553.0
-2393.0
-2242.0
-2083.0
-1915.0
-1750.0
-1578.0
-1413.0
-1259.0
-1115.0
-943.0
-809.0
-658.0
-497.0
-341.0
-193.0
-64.0
95.0
269.0
424.0
564.0
724.0
869.0
1013.0
1171.0
1329.0
1497.0
1658.0
1801.0
1942.0
2087.0
2229.0
2383.0
2503.0
2675.0
2824.0
2972.0
3121.0
3280.0
3436.0
3587.0
3752.0
3868.0
4005.0
4175.0
4334.0
4510.0
4651.0
4817.0
4986.0
5129.0
5299.0
5463.0
5600.0
5758.0
5895.0
6051.0
6219.0
6388.0
6553.0
6713.0
6864.0
7017.0
7176.0
7313.0
7485.0
7612.0
7744.0
7912.0
8086.0
8250.0
8396.0
8570.0
8732.0
8844.0
9003.0
9149.0
9263.0
9424.0
9581.0
9728.0
9869.0
10023.0
10191.0
10337.0
10487.0
10652.0
10820.0
10937.0
11043.0
11215.0
11353.0
11506.0
11672.0
11826.0
11979.0
12138.0
12280.0
12454.0
12619.0
12783.0
12959.0
13091.0
13239.0
13413.0
13572.0
13730.0
13899.0
14046.0
14216.0
14379.0
14499.0
14653.0
14809.0
14941.0
15084.0
15258.0
15427.0
15582.0
15743.0
15882.0
16056.0
16207.0
16370.0
16527.0
16665.0
16821.0
16979.0
17131.0
17284.0
17456.0
17600.0
17756.0
17900.0
18041.0
18201.0
18370.0
18511.0
18672.0
18835.0
18989.0
19146.0
19297.0
19428.0
19578.0
19734.0
19867.0
20020.0
20185.0
20340.0
20503.0
20660.0
20832.0
20978.0
21122.0
21273.0
21436.0
21573.0
21733.0
21895.0
22034.0
22204.0
22366.0
22537.0
22693.0
22850.0
23001.0
23147.0
23289.0
23460.0
23593.0
23754.0
23909.0
24076.0
24206.0
24354.0
24516.0
24679.0
24840.0
25007.0
25173.0
25324.0
25460.0
25602.0
25778.0
25886.0
26058.0
26222.0
26373.0
26520.0
26659.0
26783.0
26934.0
27098.0
27248.0
27374.0
27516.0
27675.0
27831.0
28007.0
28146.0
28305.0
28473.0
28638.0
28797.0
28956.0
29109.0
29256.0
29419.0
29557.0
29719.0
29863.0
30031.0
30197.0
30312.0
30473.0
30620.0
30770.0
30926.0
31081.0
31224.0
31368.0
31487.0
31639.0
31798.0
31929.0
32073.0
32242.0
32371.0
32520.0
32696.0
32832.0
32992.0
33153.0
33314.0
33468.0
33636.0
33778.0
33937.0
34078.0
34250.0
34422.0
34550.0
34703.0
34858.0
35026.0
35191.0
35358.0
35526.0
35670.0
35804.0
35949.0
36119.0
36277.0
36444.0
36598.0
36705.0
36865.0
37019.0
37163.0
37323.0
37487.0
37642.0
37808.0
37972.0
38142.0
38282.0
38446.0
38618.0
38779.0
38931.0
39099.0
39254.0
39430.0
39587.0
39718.0
39873.0
40030.0
40202.0
40335.0
40486.0
40634.0
40806.0
40968.0
41123.0
41266.0
41414.0
41561.0
41695.0
41865.0
42033.0
42178.0
42325.0
42461.0
42624.0
42776.0
42921.0
43081.0
43247.0
43404.0
43532.0
43686.0
43840.0
43996.0
44140.0
44312.0
44456.0
44607.0
44756.0
44921.0
45083.0
45227.0
45389.0
45539.0
45693.0
45859.0
45991.0
46123.0
46247.0
46408.0
46582.0
46742.0
46904.0
47059.0
47191.0
47355.0
47498.0
47622.0
47777.0
47942.0
48087.0
48238.0
48403.0
48568.0
48729.0
48858.0
49001.0
49139.0
49302.0
49447.0
49606.0
49748.0
49873.0
50047.0
50209.0
50357.0
50517.0
50664.0
50831.0
50992.0
51136.0
51266.0
51438.0
51580.0
51746.0
51887.0
52036.0
52206.0
52362.0
52521.0
52681.0
52832.0
53004.0
53174.0
53323.0
53476.0
53629.0
53803.0
53938.0
54080.0
54248.0
54415.0
54579.0
54721.0
54880.0
55014.0
55173.0
55329.0
55487.0
55639.0
55777.0
55868.0
56028.0
56163.0
56328.0
56494.0
56656.0
56792.0
56966.0
57091.0
57245.0
57401.0
57569.0
57710.0
57882.0
58049.0
58169.0
58303.0
58459.0
58603.0
58771.0
58939.0
59086.0
59218.0
59387.0
59561.0
59719.0
59891.0
60052.0
60201.0
60373.0
60491.0
60641.0
60806.0
60963.0
61120.0
61259.0
61424.0
61582.0
61742.0
61898.0
62027.0
62175.0
62327.0
62481.0
62630.0
62784.0
62896.0
63046.0
63214.0
63362.0
63529.0
63697.0
63862.0
64003.0
64161.0
64319.0
64467.0
64623.0
64784.0
64926.0
65098.0
65247.0
65419.0
65576.0
65709.0
65863.0
66014.0
66186.0
66344.0
66484.0
66633.0
66795.0
66954.0
67126.0
67286.0
67460.0
67608.0
67762.0
67927.0
68069.0
68220.0
68382.0
68550.0
68720.0
68857.0
69025.0
69157.0
69311.0
69474.0
69585.0
69733.0
69891.0
70044.0
70207.0
70365.0
70518.0
70685.0
70843.0
71002.0
71126.0
71278.0
71441.0
71591.0
71736.0
71877.0
72030.0
72197.0
72340.0
72510.0
72665.0
72833.0
72988.0
73133.0
73309.0
73451.0
73602.0
73758.0
73919.0
74075.0
74228.0
74400.0
74534.0
74676.0
74843.0
74970.0
75146.0
75308.0
75473.0
75595.0
75751.0
75880.0
76017.0
76182.0
76344.0
76501.0
76623.0
76769.0
76934.0
77081.0
77238.0
77402.0
77563.0
77726.0
77870.0
78040.0
78174.0
78344.0
78499.0
78664.0
78828.0
78979.0
79117.0
79261.0
79430.0
79582.0
79730.0
79878.0
80025.0
80187.0
80297.0
80453.0
80627.0
80787.0
80928.0
81080.0
81222.0
81390.0
81534.0
81703.0
81843.0
81979.0
82145.0
82300.0
82441.0
82604.0
82743.0
82917.0
83071.0
83213.0
83370.0
83518.0
83652.0
83802.0
83963.0
84129.0
84269.0
84413.0
84566.0
84719.0
84882.0
85050.0
85205.0
85354.0
85494.0
85659.0
85811.0
85968.0
86126.0
86268.0
86413.0
86569.0
86727.0
86875.0
86978.0
87142.0
87285.0
87416.0
87574.0
87736.0
87896.0
88038.0
88190.0
88335.0
88465.0
88614.0
88773.0
88922.0
89083.0
89233.0
89382.0
89540.0
89699.0
89849.0
89996.0
90157.0
90329.0
90490.0
90651.0
90795.0
90935.0
91083.0
91249.0
91398.0
91558.0
91722.0
91860.0
92020.0
92157.0
92319.0
92481.0
92639.0
92785.0
92947.0
93107.0
93260.0
93436.0
93577.0
93732.0
93859.0
94008.0
94156.0
94326.0
94474.0
94605.0
94767.0
94933.0
95066.0
95236.0
95381.0
95533.0
95681.0
95843.0
96009.0
96151.0
96291.0
96463.0
96635.0
96807.0
96940.0
97102.0
97260.0
97411.0
97585.0
97744.0
97904.0
98042.0
98197.0
98323.0
98483.0
98642.0
98807.0
98977.0
99135.0
99298.0
99462.0
99629.0
99767.0
99937.0
100045.0
100185.0
100329.0
100479.0
100649.0
100807.0
100962.0
101131.0
101283.0
101449.0
101600.0
101763.0
101906.0
102062.0
102199.0
102340.0
102492.0
102636.0
102784.0
102956.0
103123.0
103291.0
103440.0
103598.0
103760.0
103918.0
104081.0
104242.0
104375.0
104534.0
104694.0
104847.0
105003.0
105149.0
105307.0
105451.0
105617.0
105774.0
105930.0
106083.0
106239.0
106409.0
106515.0
106684.0
106841.0
107000.0
107170.0
107331.0
107447.0
107606.0
107748.0
107913.0
108028.0
108198.0
108355.0
108518.0
108677.0
108758.0
108887.0
109016.0
109185.0
109342.0
109512.0
109663.0
109809.0
109973.0
110140.0
110298.0
110465.0
110625.0
110784.0
110951.0
111111.0
111241.0
111396.0
111560.0
111701.0
111867.0
112031.0
112185.0
112346.0
112493.0
112620.0
112794.0
112958.0
113121.0
113263.0
113417.0
113589.0
113737.0
113900.0
114059.0
114207.0
114365.0
114521.0
114676.0
114815.0
114952.0
115106.0
115262.0
115426.0
115593.0
115744.0
115898.0
116038.0
116186.0
116327.0
116485.0
116628.0
116800.0
116941.0
117073.0
117225.0
117378.0
117545.0
117678.0
117847.0
117994.0
118155.0
118313.0
118489.0
118647.0
118803.0
118977.0
119086.0
119251.0
119412.0
119553.0
119695.0
119842.0
119994.0
120145.0
120317.0
120481.0
120651.0
120821.0
120997.0
121139.0
121306.0
121471.0
121632.0
121759.0
121921.0
122083.0
122242.0
122398.0
122520.0
122686.0
122852.0
122976.0
123130.0
123272.0
123443.0
123588.0
123743.0
123895.0
124056.0
124220.0
124378.0
124546.0
124708.0
124831.0
124976.0
125114.0
125261.0
125429.0
125597.0
125758.0
125923.0
126091.0
126259.0
126420.0
126581.0
126744.0
126903.0
127062.0
127222.0
127375.0
127522.0
127687.0
127843.0
128010.0
128180.0
128327.0
128479.0
128644.0
128799.0
128973.0
129145.0
129315.0
129442.0
129609.0
129763.0
129907.0
130075.0
130239.0
130364.0
130529.0
130664.0
130809.0
130965.0
131137.0
131305.0
131473.0
131636.0
131803.0
131918.0
132094.0
132231.0
132337.0
132478.0
132634.0
132756.0
132926.0
133085.0
133249.0
133403.0
133539.0
133707.0
133850.0
133992.0
134162.0
134306.0
134457.0
134617.0
134748.0
134918.0
135071.0
135239.0
135386.0
135512.0
135677.0
135840.0
136002.0
136171.0
136333.0
136486.0
136656.0
136795.0
136887.0
137054.0
137193.0
137345.0
137510.0
137662.0
137829.0
137995.0
138137.0
138266.0
138421.0
138589.0
138749.0
138889.0
139041.0
139208.0
139361.0
139507.0
139664.0
139824.0
139990.0
140146.0
140303.0
140471.0
140623.0
140787.0
140931.0
141107.0
141283.0
141418.0
141563.0
141734.0
141892.0
142054.0
142169.0
142325.0
142491.0
142646.0
142800.0
142941.0
143082.0
143240.0
143359.0
143502.0
143668.0
143835.0
143977.0
144141.0
144285.0
144437.0
144601.0
144759.0
144907.0
145059.0
145184.0
145299.0
145444.0
145608.0
145758.0
145906.0
146049.0
146211.0
146362.0
146523.0
146672.0
146831.0
146984.0
147134.0
147308.0
147454.0
147598.0
147751.0
147901.0
148030.0
148192.0
148352.0
148510.0
148660.0
148799.0
148952.0
149120.0
149290.0
149435.0
149567.0
149732.0
149908.0
150076.0
150222.0
150382.0
150530.0
150667.0
150835.0
150970.0
151136.0
151300.0
151470.0
151612.0
151784.0
151913.0
152058.0
152202.0
152362.0
152530.0
152683.0
152829.0
152974.0
153140.0
153304.0
153456.0
153619.0
153750.0
153896.0
154044.0
154218.0
154368.0
154504.0
154656.0
154810.0
154958.0
155112.0
155247.0
155416.0
155566.0
155725.0
155854.0
156009.0
156178.0
156335.0
156494.0
156642.0
156798.0
156941.0
157110.0
157267.0
157419.0
157582.0
157721.0
157886.0
158052.0
158228.0
158387.0
158543.0
158686.0
158853.0
159016.0
159185.0
159356.0
159510.0
159633.0
159790.0
159955.0
160092.0
160250.0
160409.0
160574.0
160733.0
160877.0
161032.0
161153.0
161286.0
161448.0
161608.0
161756.0
161917.0
162035.0
162202.0
162369.0
162538.0
162690.0
162857.0
163016.0
163167.0
163309.0
163465.0
163627.0
163770.0
163933.0
164094.0
164244.0
164372.0
164544.0
164707.0
164861.0
165012.0
165176.0
165305.0
165444.0
165601.0
165773.0
165938.0
166096.0
166245.0
166384.0
166536.0
166695.0
166854.0
166982.0
167128.0
167233.0
167395.0
167559.0
167696.0
167864.0
168009.0
168162.0
168315.0
168484.0
168639.0
168807.0
168975.0
169135.0
169292.0
169450.0
169608.0
169756.0
169925.0
170076.0
170231.0
170393.0
170543.0
170681.0
170800.0
170938.0
171085.0
171235.0
171349.0
171515.0
171664.0
171819.0
171965.0
172102.0
172252.0
172414.0
172562.0
172693.0
172861.0
172991.0
173158.0
173323.0
173470.0
173640.0
173802.0
173926.0
174096.0
174244.0
174406.0
174534.0
174689.0
174840.0
175003.0
175177.0
175322.0
175475.0
175623.0
175779.0
175941.0
176095.0
176237.0
176381.0
176547.0
176721.0
176878.0
177046.0
177188.0
177343.0
177505.0
177670.0
177816.0
177949.0
178092.0
178257.0
178401.0
178566.0
178726.0
178876.0
179028.0
179163.0
179327.0
179490.0
179649.0
179793.0
179941.0
180089.0
180243.0
180406.0
180577.0
180724.0
180887.0
181022.0
181177.0
181313.0
181480.0
181643.0
181808.0
181918.0
182092.0
182220.0
182360.0
182516.0
182661.0
182823.0
182981.0
183114.0
183258.0
183383.0
183541.0
183695.0
183853.0
183995.0
184159.0
184318.0
184479.0
184609.0
184760.0
184918.0
185076.0
185236.0
185397.0
185534.0
185671.0
185839.0
185958.0
186127.0
186299.0
186461.0
186623.0
186791.0
186956.0
187096.0
187235.0
187396.0
