a = 0.5
g = 0.2
e = 0.5
random initial weights = true

-2473.0
-3351.0
-3859.0
-4371.0
-5101.0
-5587.0
-6048.0
-6514.0
-7091.0
-6960.0
-6910.0
-6784.0
-6630.0
-7060.0
-6891.0
-7307.0
-7202.0
-7039.0
-6906.0
-6787.0
-6634.0
-6484.0
-6319.0
-6174.0
-6011.0
-5854.0
-5714.0
-5537.0
-5370.0
-5264.0
-5101.0
-4931.0
-4769.0
-4605.0
-4445.0
-4270.0
-4110.0
-3934.0
-3757.0
-3594.0
-3426.0
-3283.0
-3149.0
-2971.0
-2811.0
-2668.0
-2484.0
-2327.0
-2162.0
-1980.0
-1806.0
-1634.0
-1524.0
-1361.0
-1211.0
-1064.0
-899.0
-768.0
-596.0
-425.0
-264.0
-97.0
62.0
218.0
343.0
503.0
670.0
845.0
993.0
1159.0
1336.0
1499.0
1665.0
1845.0
1984.0
2048.0
2191.0
2350.0
2495.0
2626.0
2804.0
2982.0
3095.0
3240.0
3412.0
3590.0
3745.0
3912.0
4083.0
4260.0
4426.0
4581.0
4739.0
4896.0
5040.0
5216.0
5347.0
5488.0
5654.0
5838.0
6013.0
6185.0
6369.0
6531.0
6695.0
6867.0
7041.0
7204.0
7377.0
7550.0
7696.0
7842.0
8003.0
8170.0
8306.0
8477.0
8616.0
8766.0
8921.0
9095.0
9267.0
9446.0
9606.0
9765.0
9944.0
10068.0
10222.0
10389.0
10535.0
10706.0
10883.0
11032.0
11189.0
11343.0
11516.0
11672.0
11842.0
11988.0
12140.0
12299.0
12448.0
12590.0
12760.0
12944.0
13114.0
13277.0
13442.0
13601.0
13720.0
13880.0
14047.0
14224.0
14382.0
14554.0
14733.0
14907.0
15082.0
15226.0
15404.0
15577.0
15720.0
15887.0
16038.0
16171.0
16314.0
16498.0
16656.0
16814.0
16972.0
17134.0
17312.0
17464.0
17630.0
17797.0
17972.0
18154.0
18304.0
18483.0
18634.0
18807.0
18962.0
19124.0
19227.0
19384.0
19568.0
19736.0
19909.0
20084.0
20220.0
20399.0
20576.0
20753.0
20931.0
21107.0
21280.0
21439.0
21610.0
21774.0
21889.0
22064.0
22218.0
22377.0
22549.0
22705.0
22879.0
23045.0
23181.0
23319.0
23501.0
23675.0
23859.0
24025.0
24180.0
24351.0
24503.0
24672.0
24831.0
25005.0
25133.0
25315.0
25464.0
25609.0
25767.0
25940.0
26058.0
26229.0
26400.0
26575.0
26748.0
26923.0
27094.0
27270.0
27434.0
27552.0
27711.0
27868.0
28030.0
28166.0
28300.0
28455.0
28635.0
28804.0
28952.0
29127.0
29256.0
29438.0
29610.0
29776.0
29925.0
30107.0
30273.0
30457.0
30611.0
30765.0
30926.0
31077.0
31255.0
31419.0
31564.0
31729.0
31847.0
31980.0
32142.0
32298.0
32415.0
32565.0
32707.0
32866.0
33035.0
33159.0
33318.0
33497.0
33663.0
33833.0
34004.0
34163.0
34337.0
34467.0
34640.0
34799.0
34971.0
35136.0
35304.0
35477.0
35643.0
35783.0
35904.0
36079.0
36232.0
36409.0
36552.0
36701.0
36883.0
37033.0
37205.0
37364.0
37544.0
37702.0
37834.0
38001.0
38153.0
38316.0
38487.0
38660.0
38813.0
38992.0
39160.0
39320.0
39448.0
39599.0
39730.0
39867.0
40029.0
40203.0
40345.0
40517.0
40682.0
40844.0
41021.0
41200.0
41375.0
41521.0
41694.0
41837.0
42003.0
42179.0
42347.0
42503.0
42674.0
42845.0
43023.0
43170.0
43328.0
43485.0
43642.0
43815.0
43978.0
44151.0
44329.0
44461.0
44633.0
44800.0
44957.0
45099.0
45252.0
45434.0
45607.0
45756.0
45926.0
46081.0
46252.0
46391.0
46568.0
46690.0
46833.0
46996.0
47167.0
47324.0
47499.0
47663.0
47823.0
47988.0
48165.0
48335.0
48483.0
48615.0
48777.0
48959.0
49083.0
49254.0
49394.0
49548.0
49713.0
49851.0
50024.0
50194.0
50363.0
50547.0
50711.0
50868.0
51021.0
51192.0
51359.0
51527.0
51682.0
51841.0
51977.0
52113.0
52278.0
52453.0
52621.0
52743.0
52901.0
53054.0
53207.0
53312.0
53481.0
53638.0
53802.0
53897.0
54074.0
54212.0
54354.0
54529.0
54696.0
54861.0
55024.0
55175.0
55357.0
55532.0
55665.0
55814.0
55994.0
56176.0
56348.0
56511.0
56656.0
56833.0
56997.0
57177.0
57361.0
57526.0
57676.0
57837.0
57984.0
58148.0
58296.0
58475.0
58643.0
58805.0
58983.0
59135.0
59307.0
59474.0
59616.0
59715.0
59887.0
60060.0
60236.0
60383.0
60556.0
60699.0
60837.0
61006.0
61181.0
61347.0
61503.0
61678.0
61845.0
62027.0
62189.0
62351.0
62506.0
62657.0
62821.0
62976.0
63130.0
63285.0
63423.0
63595.0
63763.0
63908.0
64036.0
64183.0
64343.0
64503.0
64683.0
64862.0
65008.0
65151.0
65326.0
65498.0
65647.0
65791.0
65959.0
66136.0
66299.0
66461.0
66636.0
66751.0
66921.0
67070.0
67231.0
67376.0
67526.0
67708.0
67865.0
68014.0
68190.0
68349.0
68524.0
68653.0
68795.0
68960.0
69139.0
69308.0
69482.0
69653.0
69830.0
70005.0
70170.0
70329.0
70474.0
70619.0
70792.0
70962.0
71136.0
71308.0
71477.0
71643.0
71805.0
71956.0
72128.0
72259.0
72441.0
72618.0
72787.0
72936.0
73101.0
73279.0
73442.0
73593.0
73745.0
73893.0
74066.0
74232.0
74393.0
74566.0
74743.0
74918.0
75078.0
75221.0
75388.0
75558.0
75700.0
75843.0
75990.0
76169.0
76351.0
76515.0
76682.0
76807.0
76945.0
77118.0
77291.0
77446.0
77619.0
77792.0
77961.0
78112.0
78276.0
78460.0
78638.0
78806.0
78961.0
79126.0
79305.0
79455.0
79635.0
79812.0
79983.0
80127.0
80301.0
80451.0
80630.0
80794.0
80962.0
81099.0
81267.0
81399.0
81525.0
81696.0
81859.0
82034.0
82197.0
82342.0
82522.0
82702.0
82874.0
83049.0
83168.0
83333.0
83481.0
83641.0
83798.0
83931.0
84099.0
84262.0
84410.0
84592.0
84760.0
84913.0
85083.0
85247.0
85412.0
85594.0
85751.0
85926.0
86092.0
86255.0
86396.0
86576.0
86723.0
86899.0
87049.0
87222.0
87396.0
87540.0
87703.0
87840.0
88008.0
88179.0
88338.0
88447.0
88621.0
88793.0
88975.0
89131.0
89274.0
89449.0
89598.0
89751.0
89926.0
90070.0
90250.0
90391.0
90540.0
90682.0
90857.0
90989.0
91152.0
91308.0
91446.0
91618.0
91798.0
91971.0
92132.0
92299.0
92462.0
92629.0
92767.0
92930.0
93099.0
93260.0
93426.0
93580.0
93753.0
93914.0
94094.0
94253.0
94396.0
94553.0
94723.0
94895.0
95046.0
95196.0
95356.0
95509.0
95677.0
95854.0
96014.0
96183.0
96363.0
96535.0
96709.0
96889.0
97055.0
97196.0
97371.0
97542.0
97712.0
97890.0
98050.0
98225.0
98407.0
98571.0
98729.0
98908.0
99069.0
99253.0
99414.0
99556.0
99709.0
99862.0
100040.0
100210.0
100386.0
100570.0
100741.0
100921.0
101092.0
101264.0
101437.0
101599.0
101767.0
101926.0
102101.0
102260.0
102424.0
102590.0
102743.0
102914.0
103079.0
103249.0
103370.0
103552.0
103707.0
103865.0
104037.0
104187.0
104365.0
104485.0
104637.0
104792.0
104965.0
105086.0
105260.0
105437.0
105601.0
105759.0
105927.0
106095.0
106236.0
106394.0
106547.0
106714.0
106883.0
107043.0
107217.0
107385.0
107565.0
107728.0
107893.0
108046.0
108190.0
108361.0
108530.0
108690.0
108839.0
109004.0
109179.0
109321.0
109486.0
109652.0
109813.0
109968.0
110116.0
110291.0
110435.0
110597.0
110757.0
110887.0
111059.0
111213.0
111388.0
111534.0
111692.0
111852.0
112012.0
112165.0
112341.0
112509.0
112686.0
112842.0
113003.0
113164.0
113333.0
113498.0
113668.0
113842.0
114008.0
114167.0
114305.0
114473.0
114650.0
114804.0
114981.0
115158.0
115321.0
115487.0
115661.0
115826.0
116010.0
116149.0
116300.0
116449.0
116626.0
116784.0
116942.0
117119.0
117281.0
117449.0
117610.0
117766.0
117922.0
118086.0
118251.0
118421.0
118596.0
118778.0
118918.0
119096.0
119276.0
119441.0
119612.0
119759.0
119904.0
120053.0
120231.0
120393.0
120550.0
120734.0
120894.0
121070.0
121248.0
121411.0
121561.0
121731.0
121897.0
122040.0
122197.0
122362.0
122540.0
122718.0
122885.0
123045.0
123217.0
123393.0
123565.0
123731.0
123901.0
124061.0
124199.0
124351.0
124518.0
124678.0
124850.0
125027.0
125185.0
125348.0
125525.0
125675.0
125839.0
125992.0
126167.0
126342.0
126497.0
126660.0
126812.0
126978.0
127138.0
127310.0
127469.0
127632.0
127802.0
127958.0
128135.0
128292.0
128461.0
128627.0
128781.0
128960.0
129135.0
129312.0
129496.0
129656.0
129833.0
129987.0
130142.0
130288.0
130466.0
130629.0
130793.0
130938.0
131095.0
131275.0
131444.0
131617.0
131758.0
131930.0
132064.0
132217.0
132384.0
132543.0
132690.0
132852.0
133029.0
133187.0
133361.0
133541.0
133694.0
133845.0
133981.0
134143.0
134327.0
134493.0
134651.0
134807.0
134938.0
135083.0
135241.0
135417.0
135582.0
135752.0
135925.0
136098.0
136259.0
136419.0
136596.0
136763.0
136928.0
137088.0
137257.0
137424.0
137588.0
137740.0
137915.0
138082.0
138240.0
138417.0
138592.0
138762.0
138946.0
139121.0
139281.0
139431.0
139587.0
139763.0
139915.0
140087.0
140241.0
140423.0
140586.0
140760.0
140929.0
141090.0
141246.0
141419.0
141585.0
141740.0
141874.0
142049.0
142231.0
142387.0
142534.0
142697.0
142871.0
143041.0
143178.0
143360.0
143525.0
143671.0
143828.0
143990.0
144165.0
144319.0
144445.0
144613.0
144793.0
144940.0
145095.0
145261.0
145435.0
145595.0
145738.0
145910.0
146050.0
146205.0
146379.0
146556.0
146696.0
146861.0
147024.0
147183.0
147347.0
147520.0
147693.0
147819.0
147993.0
148143.0
148309.0
148461.0
148632.0
148794.0
148969.0
149117.0
149296.0
149480.0
149646.0
149809.0
149989.0
150171.0
150347.0
150508.0
150686.0
150815.0
150981.0
151070.0
151221.0
151400.0
151562.0
151732.0
151903.0
152060.0
152235.0
152394.0
152557.0
152741.0
152910.0
153079.0
153256.0
153429.0
153580.0
153758.0
153938.0
154093.0
154242.0
154394.0
154570.0
154742.0
154891.0
155063.0
155226.0
155401.0
155575.0
155749.0
155868.0
156045.0
156199.0
156372.0
156483.0
156660.0
156816.0
156958.0
157096.0
157232.0
157401.0
157559.0
157719.0
157887.0
158037.0
158199.0
158354.0
158483.0
158652.0
158808.0
158973.0
159157.0
159303.0
159451.0
159585.0
159756.0
159918.0
160087.0
160240.0
160398.0
160564.0
160732.0
160877.0
161044.0
161213.0
161343.0
161522.0
161693.0
161861.0
162030.0
162185.0
162359.0
162531.0
162690.0
162857.0
163023.0
163201.0
163366.0
163526.0
163687.0
163824.0
163985.0
164134.0
164272.0
164403.0
164566.0
164732.0
164909.0
165089.0
165224.0
165374.0
165544.0
165728.0
165867.0
166049.0
166229.0
166382.0
166557.0
166684.0
166846.0
167020.0
167195.0
167337.0
167491.0
167655.0
167837.0
167997.0
168153.0
168333.0
168498.0
168675.0
168807.0
168970.0
169134.0
169287.0
169441.0
169619.0
169788.0
169950.0
170118.0
170253.0
170432.0
170567.0
170731.0
170877.0
171040.0
171206.0
171388.0
171554.0
171712.0
171860.0
172019.0
172189.0
172337.0
172510.0
172660.0
172786.0
172963.0
173128.0
173300.0
173468.0
173632.0
173787.0
173945.0
174098.0
174258.0
174430.0
174581.0
174726.0
174889.0
175053.0
175214.0
175359.0
175534.0
175695.0
175875.0
176038.0
176199.0
176377.0
176545.0
176694.0
176852.0
177024.0
177167.0
177340.0
177505.0
177661.0
177841.0
177994.0
178165.0
178325.0
178507.0
178678.0
178825.0
178987.0
179136.0
179296.0
179450.0
179595.0
179775.0
179939.0
180112.0
180291.0
180448.0
180630.0
180783.0
180941.0
181099.0
181266.0
181441.0
181615.0
181760.0
181916.0
182079.0
182250.0
182425.0
182595.0
182756.0
182924.0
183076.0
183238.0
183380.0
183547.0
183720.0
183876.0
184041.0
184216.0
184395.0
184549.0
184701.0
184854.0
184996.0
185167.0
185324.0
185496.0
185671.0
185841.0
186015.0
186155.0
186310.0
186463.0
186617.0
186758.0
186921.0
187079.0
187248.0
187412.0
187563.0
187731.0
187893.0
188075.0
188246.0
188420.0
188561.0
188724.0
188872.0
189022.0
189197.0
189355.0
189520.0
189695.0
189860.0
190017.0
190187.0
190336.0
190478.0
190628.0
190808.0
190943.0
191093.0
191271.0
191440.0
191590.0
191756.0
191936.0
192102.0
192243.0
192421.0
192590.0
192736.0
192887.0
193059.0
193214.0
193360.0
193512.0
193691.0
193864.0
194046.0
194204.0
194366.0
194531.0
194693.0
194862.0
195006.0
195178.0
195347.0
195512.0
195676.0
195827.0
195984.0
196160.0
196332.0
196508.0
196685.0
196845.0
197020.0
197168.0
197325.0
197478.0
197640.0
197812.0
197989.0
198159.0
198339.0
198470.0
198643.0
198814.0
198976.0
199150.0
199323.0
199490.0
199667.0
199818.0
199941.0
200088.0
200259.0
200428.0
200595.0
200751.0
200880.0
201053.0
201211.0
201374.0
201538.0
201696.0
201817.0
201973.0
202125.0
202284.0
202462.0
202636.0
202804.0
202971.0
203129.0
203287.0
203461.0
203636.0
203816.0
203962.0
204117.0
204273.0
204430.0
204583.0
204740.0
204902.0
205051.0
205217.0
205381.0
205558.0
205718.0
205893.0
206042.0
206196.0
206323.0
206466.0
206638.0
206817.0
206969.0
207107.0
207291.0
207471.0
207645.0
207810.0
207978.0
208120.0
208287.0
208437.0
208610.0
208751.0
208917.0
209097.0
209268.0
209441.0
209581.0
209758.0
209897.0
210035.0
210179.0
210329.0
210486.0
210662.0
210807.0
210968.0
211141.0
211296.0
211451.0
211604.0
211777.0
211933.0
212100.0
212266.0
212425.0
212593.0
212749.0
212900.0
213060.0
213229.0
213376.0
213549.0
213725.0
213897.0
214061.0
214197.0
214374.0
214539.0
214699.0
214846.0
215006.0
215166.0
215326.0
215488.0
215657.0
215815.0
215974.0
216110.0
216278.0
216449.0
216616.0
216785.0
216931.0
217086.0
217250.0
217424.0
217560.0
217727.0
217884.0
218061.0
218227.0
218370.0
218543.0
218693.0
218855.0
219019.0
219199.0
219377.0
219540.0
219703.0
219878.0
220026.0
220159.0
220322.0
220489.0
220637.0
220802.0
220974.0
221139.0
221293.0
221460.0
221604.0
221774.0
221914.0
222081.0
222234.0
222413.0
222576.0
222755.0
222894.0
223068.0
223245.0
223415.0
223579.0
223744.0
223894.0
224049.0
224194.0
224319.0
224489.0
224650.0
224810.0
224986.0
225137.0
225305.0
225436.0
225610.0
225764.0
225935.0
226104.0
226278.0
226447.0
226618.0
226766.0
226943.0
227091.0
227273.0
227432.0
227537.0
227703.0
227880.0
228039.0
228212.0
228378.0
228552.0
228697.0
228874.0
229015.0
229174.0
229337.0
229489.0
229662.0
229839.0
229993.0
230157.0
230327.0
230481.0
230651.0
230796.0
230966.0
231150.0
231306.0
231409.0
231536.0
231647.0
231791.0
231958.0
