a = 0.2
g = 0.8
e = 0.5
random initial weights = false

-1093.0
-2625.0
-3467.0
-4730.0
-5179.0
-5808.0
-6296.0
-6986.0
-7519.0
-8137.0
-8693.0
-9256.0
-9765.0
-10252.0
-10909.0
-11346.0
-11844.0
-12349.0
-12851.0
-13351.0
-13849.0
-14380.0
-14961.0
-15513.0
-16024.0
-16463.0
-16956.0
-17510.0
-17511.0
-17964.0
-17826.0
-18244.0
-18793.0
-18739.0
-19164.0
-19741.0
-20179.0
-20670.0
-21228.0
-21065.0
-21508.0
-21977.0
-22393.0
-22898.0
-23359.0
-23841.0
-23698.0
-24120.0
-24545.0
-24441.0
-24861.0
-24764.0
-24612.0
-24469.0
-24306.0
-24145.0
-23995.0
-23869.0
-23730.0
-23585.0
-23465.0
-23325.0
-23213.0
-23064.0
-22895.0
-22719.0
-22566.0
-22469.0
-22337.0
-22167.0
-21995.0
-21856.0
-21696.0
-21534.0
-21366.0
-21208.0
-21072.0
-20940.0
-20797.0
-20642.0
-20497.0
-20353.0
-20204.0
-20042.0
-19874.0
-19717.0
-19547.0
-19384.0
-19215.0
-19076.0
-18940.0
-18776.0
-18622.0
-18484.0
-18338.0
-18170.0
-18002.0
-17844.0
-17689.0
-17517.0
-17358.0
-17186.0
-17019.0
-16851.0
-16690.0
-16532.0
-16370.0
-16205.0
-16041.0
-15895.0
-15730.0
-15572.0
-15406.0
-15239.0
-15075.0
-14930.0
-14787.0
-14625.0
-14520.0
-14367.0
-14227.0
-14084.0
-13916.0
-13748.0
-13578.0
-13411.0
-13267.0
-13124.0
-12952.0
-12804.0
-12656.0
-12489.0
-12321.0
-12158.0
-11984.0
-11831.0
-11674.0
-11526.0
-11361.0
-11241.0
-11079.0
-10945.0
-10783.0
-10616.0
-10448.0
-10285.0
-10121.0
-9959.0
-9796.0
-9653.0
-9495.0
-9336.0
-9173.0
-9029.0
-8874.0
-8703.0
-8562.0
-8408.0
-8247.0
-8080.0
-7923.0
-7751.0
-7611.0
-7490.0
-7406.0
-7236.0
-7083.0
-6927.0
-6761.0
-6599.0
-6433.0
-6270.0
-6113.0
-5965.0
-5793.0
-5633.0
-5471.0
-5297.0
-5133.0
-4965.0
-4803.0
-4645.0
-4474.0
-4358.0
-4226.0
-4070.0
-3921.0
-3756.0
-3593.0
-3432.0
-3279.0
-3124.0
-3014.0
-2847.0
-2699.0
-2555.0
-2386.0
-2249.0
-2078.0
-1922.0
-1766.0
-1597.0
-1461.0
-1319.0
-1160.0
-1018.0
-872.0
-735.0
-565.0
-408.0
-254.0
-93.0
63.0
235.0
401.0
540.0
682.0
832.0
988.0
1149.0
1308.0
1475.0
1649.0
1786.0
1945.0
2103.0
2253.0
2413.0
2583.0
2737.0
2896.0
3052.0
3220.0
3394.0
3518.0
3694.0
3832.0
3981.0
4135.0
4278.0
4442.0
4614.0
4769.0
4927.0
5087.0
5243.0
5406.0
5554.0
5718.0
5869.0
6006.0
6169.0
6339.0
6497.0
6669.0
6835.0
6991.0
7147.0
7316.0
7463.0
7622.0
7773.0
7920.0
8088.0
8248.0
8410.0
8569.0
8733.0
8907.0
9049.0
9219.0
9389.0
9535.0
9689.0
9834.0
9985.0
10149.0
10321.0
10474.0
10639.0
10773.0
10892.0
11057.0
11186.0
11351.0
11494.0
11658.0
11827.0
11981.0
12126.0
12280.0
12456.0
12626.0
12770.0
12942.0
13082.0
13252.0
13408.0
13574.0
13738.0
13905.0
14036.0
14206.0
14361.0
14497.0
14656.0
14826.0
14973.0
15113.0
15287.0
15452.0
15605.0
15746.0
15911.0
16067.0
16237.0
16382.0
16548.0
16720.0
16888.0
17034.0
17201.0
17358.0
17517.0
17667.0
17823.0
17939.0
18101.0
18269.0
18419.0
18571.0
18741.0
18895.0
19056.0
19223.0
19383.0
19545.0
19697.0
19845.0
20002.0
20138.0
20303.0
20455.0
20616.0
20771.0
20918.0
21082.0
21237.0
21391.0
21550.0
21719.0
21857.0
22019.0
22179.0
22346.0
22497.0
22653.0
22814.0
22961.0
23120.0
23294.0
23445.0
23599.0
23758.0
23930.0
24102.0
24219.0
24381.0
24533.0
24700.0
24833.0
24992.0
25098.0
25257.0
25425.0
25556.0
25720.0
25859.0
26016.0
26151.0
26308.0
26436.0
26605.0
26776.0
26940.0
27092.0
27240.0
27412.0
27566.0
27703.0
27858.0
27991.0
28135.0
28289.0
28446.0
28614.0
28785.0
28933.0
29105.0
29269.0
29428.0
29578.0
29739.0
29906.0
30063.0
30225.0
30396.0
30564.0
30708.0
30871.0
31042.0
31203.0
31363.0
31529.0
31660.0
31815.0
31975.0
32135.0
32309.0
32454.0
32609.0
32776.0
32918.0
33054.0
33204.0
33362.0
33506.0
33629.0
33782.0
33933.0
34068.0
34239.0
34407.0
34573.0
34721.0
34878.0
35031.0
35191.0
35352.0
35517.0
35671.0
35835.0
35998.0
36143.0
36313.0
36480.0
36634.0
36791.0
36961.0
37109.0
37265.0
37424.0
37586.0
37730.0
37817.0
37961.0
38104.0
38269.0
38425.0
38575.0
38714.0
38844.0
39005.0
39166.0
39326.0
39491.0
39660.0
39817.0
39989.0
40150.0
40303.0
40439.0
40583.0
40755.0
40929.0
41088.0
41241.0
41384.0
41556.0
41713.0
41872.0
42028.0
42191.0
42349.0
42513.0
42683.0
42852.0
43019.0
43171.0
43330.0
43496.0
43661.0
43823.0
43972.0
44144.0
44310.0
44480.0
44637.0
44813.0
44920.0
45076.0
45230.0
45402.0
45541.0
45715.0
45880.0
46037.0
46207.0
46372.0
46538.0
46700.0
46863.0
47025.0
47160.0
47288.0
47432.0
47588.0
47743.0
47905.0
48042.0
48187.0
48327.0
48494.0
48636.0
48797.0
48955.0
49114.0
49271.0
49414.0
49588.0
49706.0
49838.0
50005.0
50163.0
50312.0
50440.0
50614.0
50784.0
50946.0
51092.0
51255.0
51399.0
51551.0
51710.0
51884.0
52023.0
52161.0
52327.0
52491.0
52647.0
52809.0
52958.0
53102.0
53243.0
53402.0
53555.0
53714.0
53867.0
54032.0
54173.0
54335.0
54488.0
54643.0
54790.0
54917.0
55086.0
55247.0
55411.0
55501.0
55662.0
55831.0
55973.0
56132.0
56286.0
56416.0
56592.0
56749.0
56908.0
57065.0
57241.0
57405.0
57565.0
57718.0
57894.0
58052.0
58211.0
58376.0
58531.0
58698.0
58844.0
59015.0
59189.0
59340.0
59500.0
59661.0
59803.0
59979.0
60130.0
60298.0
60447.0
60609.0
60773.0
60940.0
61110.0
61262.0
61426.0
61585.0
61735.0
61905.0
62050.0
62212.0
62368.0
62508.0
62675.0
62849.0
62985.0
63161.0
63324.0
63490.0
63660.0
63813.0
63916.0
64056.0
64222.0
64386.0
64558.0
64710.0
64851.0
65025.0
65143.0
65301.0
65441.0
65596.0
65747.0
65893.0
66041.0
66190.0
66358.0
66492.0
66651.0
66762.0
66926.0
67096.0
67239.0
67407.0
67571.0
67727.0
67894.0
68064.0
68225.0
68377.0
68536.0
68688.0
68816.0
68959.0
69106.0
69265.0
69432.0
69568.0
69733.0
69866.0
70038.0
70191.0
70357.0
70515.0
70666.0
70817.0
70972.0
71129.0
71280.0
71442.0
71593.0
71755.0
71888.0
72056.0
72211.0
72322.0
72458.0
72610.0
72774.0
72950.0
73095.0
73264.0
73417.0
73574.0
73728.0
73893.0
74063.0
74218.0
74385.0
74506.0
74645.0
74813.0
74937.0
75089.0
75259.0
75422.0
75585.0
75759.0
75923.0
76081.0
76236.0
76403.0
76557.0
76729.0
76903.0
77059.0
77209.0
77327.0
77435.0
77592.0
77760.0
77887.0
78046.0
78198.0
78357.0
78503.0
78654.0
78799.0
78961.0
79083.0
79233.0
79390.0
79551.0
79723.0
79843.0
80005.0
80174.0
80329.0
80488.0
80647.0
80810.0
80969.0
81130.0
81275.0
81435.0
81602.0
81765.0
81922.0
82094.0
82257.0
82431.0
82590.0
82741.0
82905.0
83036.0
83202.0
83365.0
83522.0
83677.0
83832.0
83997.0
84167.0
84334.0
84504.0
84642.0
84790.0
84964.0
85132.0
85304.0
85463.0
85601.0
85761.0
85912.0
86047.0
86182.0
86334.0
86466.0
86624.0
86790.0
86954.0
87113.0
87251.0
87427.0
87588.0
87684.0
87842.0
88010.0
88165.0
88334.0
88494.0
88644.0
88792.0
88964.0
89105.0
89205.0
89374.0
89537.0
89700.0
89856.0
90008.0
90182.0
90321.0
90478.0
90650.0
90805.0
90955.0
91116.0
91269.0
91406.0
91576.0
91746.0
91892.0
92056.0
92203.0
92338.0
92500.0
92651.0
92782.0
92947.0
93110.0
93274.0
93409.0
93560.0
93723.0
93889.0
94041.0
94203.0
94375.0
94534.0
94670.0
94837.0
94981.0
95155.0
95317.0
95478.0
95585.0
95712.0
95884.0
96037.0
96207.0
96342.0
96514.0
96671.0
96818.0
96980.0
97138.0
97272.0
97430.0
97575.0
97738.0
97873.0
98043.0
98171.0
98312.0
98463.0
98615.0
98780.0
98934.0
99068.0
99235.0
99361.0
99500.0
99634.0
99796.0
99966.0
100064.0
100226.0
100400.0
100576.0
100727.0
100861.0
101020.0
101160.0
101330.0
101457.0
101611.0
101775.0
101933.0
102105.0
102260.0
102414.0
102564.0
102692.0
102856.0
103011.0
103164.0
103302.0
103425.0
103562.0
103728.0
103894.0
104047.0
104213.0
104336.0
104478.0
104636.0
104765.0
104883.0
105038.0
105200.0
105369.0
105529.0
105684.0
105845.0
105966.0
106098.0
106248.0
106410.0
106544.0
106712.0
106861.0
107006.0
107127.0
107276.0
107436.0
107587.0
107756.0
107922.0
108077.0
108237.0
108409.0
108538.0
108695.0
108858.0
109002.0
109156.0
109326.0
109485.0
109628.0
109768.0
109938.0
110077.0
110230.0
110398.0
110530.0
110685.0
110833.0
110980.0
111136.0
111289.0
111430.0
111565.0
111706.0
111870.0
112013.0
112149.0
112314.0
112456.0
112621.0
112760.0
112917.0
113080.0
113217.0
113387.0
113557.0
113721.0
113886.0
114025.0
114175.0
114329.0
114484.0
114656.0
114822.0
114963.0
115106.0
115244.0
115404.0
115569.0
115717.0
115880.0
116036.0
116182.0
116338.0
116493.0
116633.0
116784.0
116949.0
117081.0
117228.0
117389.0
117543.0
117696.0
117834.0
117946.0
118097.0
118253.0
118384.0
118560.0
118709.0
118872.0
119038.0
119185.0
119333.0
119477.0
119645.0
119809.0
119985.0
120147.0
120309.0
120458.0
120604.0
120755.0
120915.0
121087.0
121261.0
121414.0
121562.0
121711.0
121874.0
122036.0
122194.0
122364.0
122522.0
122687.0
122839.0
123011.0
123176.0
123331.0
123458.0
123621.0
123748.0
123865.0
124017.0
124160.0
124330.0
124484.0
124632.0
124791.0
124961.0
125097.0
125240.0
125381.0
125534.0
125682.0
125787.0
125957.0
126121.0
126276.0
126442.0
126612.0
126768.0
126924.0
127058.0
127230.0
127377.0
127529.0
127624.0
127791.0
127957.0
128106.0
128268.0
128422.0
128534.0
128674.0
128817.0
128987.0
129136.0
129283.0
129438.0
129603.0
129777.0
129944.0
130100.0
130227.0
130368.0
130499.0
130671.0
130792.0
130941.0
131070.0
131214.0
131352.0
131491.0
131624.0
131764.0
131932.0
132092.0
132236.0
132368.0
132508.0
132646.0
132810.0
132972.0
133125.0
133275.0
133396.0
133552.0
133704.0
133861.0
134007.0
134129.0
134301.0
134467.0
134631.0
134770.0
134944.0
135092.0
135252.0
135391.0
135540.0
135674.0
135826.0
135988.0
136137.0
136284.0
136400.0
136557.0
136685.0
136842.0
136998.0
137152.0
137293.0
137446.0
137582.0
137754.0
137921.0
138070.0
138219.0
138363.0
138523.0
138690.0
138848.0
139002.0
139145.0
139295.0
139423.0
139559.0
139729.0
139833.0
140003.0
140154.0
140310.0
140482.0
140644.0
140812.0
140969.0
141121.0
141291.0
141445.0
141617.0
141756.0
141850.0
141996.0
142166.0
142324.0
142495.0
142642.0
142778.0
142939.0
143094.0
143240.0
143373.0
143532.0
143688.0
143847.0
143985.0
144147.0
144313.0
144463.0
144631.0
144794.0
144950.0
145098.0
145255.0
145407.0
145562.0
145727.0
145894.0
146030.0
146200.0
146335.0
146478.0
146626.0
146794.0
146947.0
147095.0
147233.0
147381.0
147532.0
147700.0
147866.0
148028.0
148177.0
148341.0
148502.0
148667.0
148817.0
148967.0
149124.0
149273.0
149373.0
149489.0
149656.0
149805.0
149970.0
150124.0
150275.0
150431.0
150605.0
150741.0
150904.0
151056.0
151226.0
151398.0
151556.0
151693.0
151840.0
152003.0
152125.0
152291.0
152448.0
152622.0
152783.0
152944.0
153116.0
153276.0
153430.0
153588.0
153743.0
153879.0
154044.0
154201.0
154335.0
154511.0
154665.0
154809.0
154970.0
155127.0
155290.0
155446.0
155611.0
155763.0
155929.0
156084.0
156252.0
156412.0
156569.0
156730.0
156879.0
157019.0
157165.0
157291.0
157450.0
157608.0
157759.0
157910.0
158071.0
158235.0
158397.0
158571.0
158727.0
158880.0
159025.0
159160.0
159318.0
159478.0
159626.0
159767.0
159935.0
160102.0
160270.0
160417.0
160583.0
160731.0
160850.0
160963.0
161115.0
161278.0
161430.0
161584.0
161719.0
161878.0
162037.0
162192.0
162344.0
162480.0
162624.0
162789.0
162961.0
163135.0
163303.0
163462.0
163628.0
163782.0
163923.0
164060.0
164229.0
164385.0
164518.0
164667.0
164829.0
164994.0
165143.0
165298.0
165458.0
165624.0
165767.0
165916.0
166083.0
166232.0
166406.0
166562.0
166722.0
166877.0
167027.0
167174.0
167318.0
167460.0
167607.0
167737.0
167909.0
168075.0
168226.0
168379.0
168553.0
168725.0
168896.0
169066.0
169200.0
169331.0
169494.0
169637.0
169792.0
169931.0
170095.0
170248.0
170392.0
170560.0
170695.0
170837.0
170986.0
171153.0
171314.0
171461.0
171615.0
171748.0
171917.0
172071.0
172223.0
172382.0
172547.0
172711.0
172875.0
173020.0
173177.0
173327.0
173496.0
173664.0
173808.0
173960.0
174113.0
174232.0
174379.0
174526.0
174685.0
174835.0
174991.0
175152.0
175323.0
175483.0
175636.0
175781.0
175937.0
176096.0
176268.0
176429.0
176571.0
176726.0
176878.0
177044.0
177182.0
177326.0
177493.0
177665.0
177837.0
177995.0
178150.0
178301.0
178471.0
178619.0
178781.0
178929.0
179097.0
179250.0
179400.0
179557.0
179701.0
179847.0
180000.0
180136.0
180289.0
180449.0
180616.0
180767.0
180913.0
181068.0
181217.0
181355.0
181525.0
181684.0
181853.0
181994.0
182154.0
182297.0
182439.0
182590.0
182722.0
182866.0
183042.0
183201.0
183356.0
183512.0
183677.0
183838.0
183992.0
184150.0
184286.0
184454.0
184613.0
184761.0
184911.0
185060.0
185189.0
185343.0
185470.0
185638.0
185798.0
185947.0
186106.0
186267.0
186425.0
186584.0
186734.0
186895.0
187035.0
187164.0
187317.0
187436.0
187578.0
187732.0
187852.0
188000.0
188137.0
188299.0
188464.0
188611.0
188754.0
188912.0
189054.0
189203.0
189365.0
189502.0
189667.0
189820.0
189958.0
190115.0
190260.0
190402.0
190558.0
190699.0
190856.0
191021.0
191177.0
191329.0
191489.0
191617.0
191771.0
191928.0
192081.0
192226.0
192389.0
192555.0
192708.0
192867.0
193025.0
193189.0
193321.0
193465.0
193624.0
193768.0
193920.0
194030.0
194198.0
194357.0
194522.0
194658.0
194790.0
194937.0
195096.0
195223.0
195359.0
195533.0
195695.0
195839.0
195994.0
196142.0
196297.0
196443.0
196592.0
196764.0
196932.0
197098.0
197264.0
197420.0
197571.0
197733.0
197896.0
198044.0
198169.0
