a = 0.2
g = 0.2
e = 0.3
random initial weights = false

-743.0
-1362.0
-1889.0
-2431.0
-2919.0
-3478.0
-4117.0
-4615.0
-5055.0
-5572.0
-6032.0
-6511.0
-6976.0
-7408.0
-7918.0
-8371.0
-8791.0
-9236.0
-9713.0
-10175.0
-10596.0
-11040.0
-11472.0
-11976.0
-12444.0
-12887.0
-13357.0
-13792.0
-13694.0
-14108.0
-14530.0
-14949.0
-14778.0
-15191.0
-15090.0
-14920.0
-15372.0
-15213.0
-15033.0
-15449.0
-15308.0
-15126.0
-14956.0
-14779.0
-14613.0
-14443.0
-14264.0
-14674.0
-14517.0
-14344.0
-14756.0
-14590.0
-14408.0
-14231.0
-14071.0
-13892.0
-13718.0
-13540.0
-13356.0
-13187.0
-13003.0
-12831.0
-12656.0
-12481.0
-12310.0
-12147.0
-11965.0
-11790.0
-11613.0
-11456.0
-11276.0
-11118.0
-10939.0
-10755.0
-10584.0
-10400.0
-10230.0
-10055.0
-9878.0
-9701.0
-9517.0
-9375.0
-9219.0
-9044.0
-8882.0
-8700.0
-8528.0
-8358.0
-8178.0
-8020.0
-7844.0
-7667.0
-7491.0
-7318.0
-7139.0
-6991.0
-6816.0
-6641.0
-6465.0
-6290.0
-6106.0
-5954.0
-5825.0
-5646.0
-5480.0
-5300.0
-5136.0
-4999.0
-4815.0
-4645.0
-4465.0
-4296.0
-4121.0
-3941.0
-3769.0
-3613.0
-3438.0
-3270.0
-3090.0
-2928.0
-2746.0
-2569.0
-2387.0
-2212.0
-2033.0
-1865.0
-1707.0
-1525.0
-1347.0
-1175.0
-995.0
-818.0
-638.0
-454.0
-292.0
-131.0
53.0
232.0
395.0
572.0
756.0
936.0
1118.0
1295.0
1464.0
1648.0
1817.0
1972.0
2152.0
2316.0
2494.0
2668.0
2845.0
3029.0
3213.0
3384.0
3568.0
3731.0
3905.0
4087.0
4252.0
4430.0
4602.0
4761.0
4938.0
5110.0
5294.0
5476.0
5655.0
5827.0
6005.0
6170.0
6350.0
6525.0
6707.0
6884.0
6971.0
7155.0
7329.0
7513.0
7688.0
7837.0
8019.0
8192.0
8361.0
8531.0
8708.0
8884.0
9064.0
9241.0
9419.0
9601.0
9773.0
9955.0
10139.0
10321.0
10490.0
10667.0
10844.0
11014.0
11182.0
11350.0
11508.0
11680.0
11864.0
12048.0
12230.0
12412.0
12576.0
12734.0
12906.0
13083.0
13263.0
13440.0
13618.0
13800.0
13970.0
14154.0
14321.0
14498.0
14678.0
14858.0
15034.0
15195.0
15368.0
15545.0
15729.0
15903.0
16073.0
16250.0
16423.0
16603.0
16779.0
16963.0
17143.0
17302.0
17486.0
17656.0
17812.0
17989.0
18168.0
18343.0
18512.0
18684.0
18856.0
19040.0
19190.0
19369.0
19551.0
19724.0
19897.0
20070.0
20249.0
20431.0
20615.0
20799.0
20969.0
21151.0
21312.0
21496.0
21675.0
21845.0
22013.0
22190.0
22365.0
22540.0
22708.0
22876.0
23039.0
23223.0
23405.0
23566.0
23750.0
23934.0
24112.0
24286.0
24459.0
24641.0
24818.0
24978.0
25150.0
25318.0
25500.0
25684.0
25858.0
26019.0
26191.0
26368.0
26533.0
26697.0
26857.0
27016.0
27193.0
27365.0
27544.0
27714.0
27885.0
28054.0
28223.0
28397.0
28577.0
28741.0
28918.0
29100.0
29272.0
29441.0
29615.0
29790.0
29967.0
30146.0
30320.0
30497.0
30674.0
30811.0
30983.0
31160.0
31344.0
31524.0
31701.0
31863.0
32040.0
32215.0
32399.0
32579.0
32748.0
32926.0
33106.0
33283.0
33446.0
33614.0
33781.0
33949.0
34119.0
34298.0
34457.0
34632.0
34809.0
34986.0
35146.0
35321.0
35503.0
35687.0
35863.0
36037.0
36204.0
36383.0
36567.0
36736.0
36910.0
37094.0
37271.0
37453.0
37627.0
37809.0
37988.0
38170.0
38350.0
38521.0
38693.0
38865.0
39043.0
39212.0
39384.0
39564.0
39746.0
39930.0
40104.0
40272.0
40451.0
40631.0
40798.0
40976.0
41143.0
41327.0
41504.0
41684.0
41866.0
42039.0
42203.0
42378.0
42552.0
42712.0
42896.0
43078.0
43258.0
43438.0
43611.0
43795.0
43967.0
44124.0
44292.0
44467.0
44647.0
44824.0
45003.0
45175.0
45359.0
45539.0
45712.0
45892.0
46066.0
46227.0
46407.0
46586.0
46760.0
46942.0
47122.0
47306.0
47488.0
47661.0
47824.0
48003.0
48185.0
48369.0
48541.0
48718.0
48886.0
49058.0
49225.0
49407.0
49587.0
49754.0
49924.0
50108.0
50283.0
50459.0
50638.0
50822.0
50990.0
51172.0
51352.0
51532.0
51672.0
51847.0
52005.0
52189.0
52360.0
52537.0
52700.0
52873.0
53034.0
53216.0
53396.0
53575.0
53749.0
53921.0
54085.0
54269.0
54449.0
54618.0
54773.0
54940.0
55106.0
55270.0
55446.0
55592.0
55767.0
55949.0
56124.0
56301.0
56483.0
56660.0
56844.0
57023.0
57169.0
57349.0
57526.0
57703.0
57885.0
58059.0
58234.0
58416.0
58598.0
58772.0
58956.0
59128.0
59305.0
59478.0
59651.0
59826.0
60010.0
60187.0
60356.0
60531.0
60715.0
60892.0
61064.0
61248.0
61428.0
61608.0
61771.0
61953.0
62135.0
62305.0
62482.0
62666.0
62844.0
63019.0
63189.0
63341.0
63519.0
63701.0
63883.0
64063.0
64247.0
64422.0
64604.0
64783.0
64960.0
65133.0
65307.0
65489.0
65667.0
65839.0
66012.0
66187.0
66345.0
66524.0
66684.0
66859.0
67041.0
67225.0
67402.0
67567.0
67740.0
67920.0
68083.0
68258.0
68435.0
68619.0
68803.0
68967.0
69149.0
69324.0
69496.0
69676.0
69854.0
70036.0
70210.0
70365.0
70549.0
70731.0
70910.0
71090.0
71256.0
71421.0
71590.0
71764.0
71911.0
72078.0
72250.0
72432.0
72604.0
72786.0
72958.0
73130.0
73304.0
73488.0
73666.0
73831.0
74015.0
74185.0
74365.0
74549.0
74726.0
74890.0
75063.0
75247.0
75426.0
75604.0
75784.0
75943.0
76105.0
76287.0
76453.0
76602.0
76784.0
76959.0
77134.0
77318.0
77500.0
77678.0
77860.0
78031.0
78204.0
78386.0
78563.0
78740.0
78914.0
79089.0
79250.0
79426.0
79600.0
79780.0
79946.0
80119.0
80287.0
80459.0
80641.0
80825.0
80999.0
81181.0
81354.0
81531.0
81695.0
81879.0
82053.0
82230.0
82395.0
82557.0
82731.0
82906.0
83088.0
83270.0
83452.0
83614.0
83786.0
83960.0
84128.0
84305.0
84483.0
84658.0
84833.0
85012.0
85187.0
85367.0
85527.0
85704.0
85888.0
86061.0
86231.0
86403.0
86578.0
86757.0
86934.0
87116.0
87258.0
87430.0
87604.0
87781.0
87961.0
88139.0
88318.0
88492.0
88665.0
88844.0
89012.0
89181.0
89348.0
89505.0
89689.0
89853.0
90016.0
90187.0
90367.0
90546.0
90724.0
90898.0
91070.0
91250.0
91427.0
91600.0
91780.0
91962.0
92138.0
92322.0
92493.0
92671.0
92855.0
93012.0
93196.0
93340.0
93522.0
93706.0
93875.0
94055.0
94234.0
94407.0
94589.0
94752.0
94929.0
95097.0
95274.0
95456.0
95631.0
95811.0
95995.0
96159.0
96332.0
96507.0
96678.0
96849.0
97009.0
97189.0
97371.0
97553.0
97730.0
97910.0
98077.0
98254.0
98438.0
98620.0
98791.0
98961.0
99143.0
99325.0
99504.0
99671.0
99850.0
100030.0
100200.0
100382.0
100547.0
100729.0
100906.0
101072.0
101254.0
101429.0
101609.0
101786.0
101968.0
102150.0
102325.0
102503.0
102678.0
102856.0
103025.0
103196.0
103368.0
103530.0
103703.0
103866.0
104040.0
104220.0
104392.0
104565.0
104722.0
104904.0
105088.0
105267.0
105451.0
105624.0
105799.0
105976.0
106156.0
106335.0
106501.0
106680.0
106859.0
107036.0
107202.0
107384.0
107557.0
107728.0
107910.0
108094.0
108274.0
108458.0
108642.0
108824.0
108978.0
109142.0
109317.0
109491.0
109661.0
109833.0
110015.0
110189.0
110368.0
110537.0
110709.0
110877.0
111045.0
111194.0
111369.0
111546.0
111719.0
111889.0
112073.0
112255.0
112431.0
112604.0
112779.0
112954.0
113136.0
113318.0
113492.0
113657.0
113841.0
114021.0
114191.0
114353.0
114530.0
114706.0
114879.0
115046.0
115221.0
115381.0
115563.0
115747.0
115923.0
116102.0
116277.0
116457.0
116634.0
116800.0
116974.0
117158.0
117334.0
117506.0
117664.0
117843.0
118016.0
118188.0
118370.0
118539.0
118719.0
118887.0
119071.0
119248.0
119425.0
119583.0
119759.0
119943.0
120127.0
120304.0
120488.0
120670.0
120835.0
121013.0
121169.0
121346.0
121525.0
121701.0
121873.0
122044.0
122221.0
122392.0
122562.0
122728.0
122897.0
123068.0
123241.0
123421.0
123593.0
123756.0
123935.0
124110.0
124284.0
124426.0
124600.0
124778.0
124962.0
125144.0
125324.0
125475.0
125648.0
125821.0
126005.0
126184.0
126345.0
126522.0
126702.0
126866.0
127043.0
127216.0
127394.0
127563.0
127733.0
127910.0
128092.0
128240.0
128417.0
128597.0
128779.0
128954.0
129094.0
129273.0
129448.0
129623.0
129791.0
129975.0
130152.0
130322.0
130500.0
130674.0
130846.0
131019.0
131189.0
131364.0
131535.0
131710.0
131885.0
132054.0
132231.0
132408.0
132579.0
132754.0
132938.0
133117.0
133289.0
133455.0
133637.0
133806.0
133976.0
134144.0
134321.0
134503.0
134674.0
134840.0
135017.0
135196.0
135373.0
135545.0
135715.0
135889.0
136073.0
136247.0
136418.0
136593.0
136770.0
136942.0
137120.0
137281.0
137463.0
137643.0
137819.0
137999.0
138176.0
138360.0
138527.0
138707.0
138876.0
139038.0
139218.0
139389.0
139567.0
139736.0
139911.0
140093.0
140277.0
140447.0
140627.0
140789.0
140957.0
141125.0
141303.0
141487.0
141656.0
141815.0
141985.0
142160.0
142337.0
142512.0
142687.0
142869.0
143049.0
143226.0
143403.0
143587.0
143749.0
143929.0
144102.0
144271.0
144453.0
144635.0
144814.0
144985.0
145160.0
145322.0
145499.0
145681.0
145857.0
146036.0
146215.0
146384.0
146561.0
146736.0
146903.0
147082.0
147252.0
147434.0
147607.0
147774.0
147935.0
148115.0
148286.0
148466.0
148640.0
148816.0
149000.0
149184.0
149363.0
149545.0
149729.0
149911.0
150084.0
150266.0
150446.0
150624.0
150801.0
150960.0
151142.0
151309.0
151493.0
151664.0
151844.0
152021.0
152190.0
152366.0
152529.0
152706.0
152881.0
153052.0
153227.0
153409.0
153584.0
153743.0
153918.0
154083.0
154253.0
154430.0
154614.0
154791.0
154965.0
155135.0
155319.0
155497.0
155675.0
155853.0
156017.0
156201.0
156376.0
156560.0
156738.0
156903.0
157072.0
157247.0
157415.0
157599.0
157770.0
157945.0
158103.0
158275.0
158449.0
158628.0
158810.0
158989.0
159164.0
159338.0
159517.0
159687.0
159862.0
160044.0
160223.0
160402.0
160580.0
160748.0
160930.0
161103.0
161276.0
161448.0
161621.0
161803.0
161983.0
162157.0
162328.0
162505.0
162670.0
162832.0
163007.0
163179.0
163363.0
163536.0
163718.0
163890.0
164067.0
164214.0
164391.0
164575.0
164755.0
164913.0
165097.0
165255.0
165423.0
165603.0
165775.0
165955.0
166129.0
166292.0
166464.0
166633.0
166806.0
166990.0
167157.0
167339.0
167516.0
167687.0
167857.0
168018.0
168188.0
168368.0
168544.0
168719.0
168898.0
169082.0
169249.0
169427.0
169599.0
169770.0
169948.0
170126.0
170287.0
170471.0
170643.0
170816.0
170991.0
171156.0
171340.0
171506.0
171690.0
171870.0
172040.0
172217.0
172391.0
172557.0
172732.0
172912.0
173081.0
173255.0
173422.0
173590.0
173769.0
173938.0
174107.0
174289.0
174466.0
174645.0
174806.0
174981.0
175159.0
175323.0
175491.0
175675.0
175848.0
176028.0
176205.0
176389.0
176568.0
176741.0
176906.0
177083.0
177260.0
177444.0
177612.0
177785.0
177958.0
178133.0
178315.0
178499.0
178676.0
178855.0
179027.0
179209.0
179389.0
179560.0
179737.0
179910.0
180092.0
180267.0
180440.0
180617.0
180778.0
180947.0
181119.0
181282.0
181464.0
181640.0
181824.0
181992.0
182157.0
182332.0
182505.0
182684.0
182855.0
183029.0
183208.0
183385.0
183560.0
183729.0
183901.0
184081.0
184259.0
184432.0
184611.0
184773.0
184957.0
185139.0
185302.0
185479.0
185656.0
185822.0
186002.0
186164.0
186344.0
186524.0
186679.0
186863.0
187032.0
187196.0
187365.0
187545.0
187729.0
187890.0
188049.0
188222.0
188388.0
188572.0
188747.0
188927.0
189111.0
189286.0
189468.0
189635.0
189812.0
189990.0
190170.0
190345.0
190525.0
190695.0
190872.0
191030.0
191210.0
191389.0
191564.0
191740.0
191908.0
192064.0
192231.0
192410.0
192588.0
192765.0
192921.0
193098.0
193273.0
193457.0
193639.0
193816.0
193971.0
194153.0
194326.0
194496.0
194673.0
194840.0
194996.0
195178.0
195360.0
195520.0
195696.0
195859.0
196039.0
196213.0
196378.0
196554.0
196730.0
196897.0
197079.0
197261.0
197440.0
197620.0
197802.0
197974.0
198146.0
198310.0
198494.0
198678.0
198857.0
199021.0
199171.0
199344.0
199512.0
199690.0
199859.0
200022.0
200196.0
200380.0
200556.0
200714.0
200892.0
201070.0
201248.0
201422.0
201595.0
201765.0
201931.0
202103.0
202285.0
202458.0
202638.0
202807.0
202986.0
203163.0
203325.0
203499.0
203669.0
203853.0
204032.0
204201.0
204381.0
204548.0
204720.0
204889.0
205071.0
205253.0
205419.0
205596.0
205764.0
205942.0
206120.0
206299.0
206481.0
206659.0
206843.0
207016.0
207191.0
207373.0
207550.0
207728.0
207903.0
208082.0
208266.0
208450.0
208621.0
208798.0
208976.0
209140.0
209314.0
209481.0
209659.0
209832.0
210014.0
210198.0
210382.0
210561.0
210740.0
210912.0
211080.0
211253.0
211420.0
211600.0
211777.0
211959.0
212121.0
212293.0
212466.0
212638.0
212808.0
212988.0
213158.0
213335.0
213517.0
213694.0
213874.0
214054.0
214226.0
214394.0
214574.0
214753.0
214933.0
215108.0
215285.0
215438.0
215613.0
215787.0
215948.0
216126.0
216300.0
216473.0
216639.0
216813.0
216990.0
217160.0
217321.0
217500.0
217676.0
217856.0
218035.0
218214.0
218386.0
218568.0
218738.0
218911.0
219093.0
219256.0
219425.0
219597.0
219755.0
219935.0
220119.0
220293.0
220473.0
220636.0
220813.0
220983.0
221155.0
221339.0
221521.0
221692.0
221872.0
222045.0
222224.0
222406.0
222576.0
222756.0
222938.0
223108.0
223264.0
223422.0
223602.0
223765.0
223937.0
224099.0
224257.0
224439.0
224605.0
224789.0
224958.0
225128.0
225308.0
225476.0
225656.0
225819.0
225984.0
226155.0
226326.0
226510.0
226692.0
226863.0
227043.0
227227.0
227396.0
227518.0
227700.0
227875.0
228041.0
228223.0
228397.0
228569.0
228748.0
228911.0
229095.0
229277.0
229452.0
229630.0
229804.0
229988.0
230168.0
230342.0
230518.0
230692.0
230871.0
231042.0
231220.0
231397.0
231550.0
231730.0
231912.0
232092.0
232274.0
232444.0
232611.0
232786.0
232962.0
233142.0
233315.0
233493.0
233660.0
233842.0
234026.0
234204.0
234374.0
234536.0
234705.0
234858.0
235030.0
235210.0
235388.0
235555.0
235735.0
235913.0
236079.0
236242.0
236415.0
236599.0
236783.0
236967.0
237135.0
237314.0
237492.0
237662.0
