a = 0.8
g = 0.5
e = 0.3
random initial weights = true

-2908.0
-3531.0
-3997.0
-4581.0
-5015.0
-5473.0
-5901.0
-6350.0
-6802.0
-7258.0
-7692.0
-7557.0
-7382.0
-7208.0
-7030.0
-7482.0
-7314.0
-7130.0
-6948.0
-6778.0
-6617.0
-6441.0
-6257.0
-6077.0
-5910.0
-5730.0
-5556.0
-5382.0
-5213.0
-5029.0
-4866.0
-4688.0
-4506.0
-4328.0
-4149.0
-3972.0
-3790.0
-3624.0
-3457.0
-3281.0
-3105.0
-2926.0
-2747.0
-2565.0
-2395.0
-2235.0
-2057.0
-1883.0
-1711.0
-1539.0
-1357.0
-1173.0
-1003.0
-843.0
-663.0
-502.0
-322.0
-142.0
30.0
206.0
376.0
545.0
713.0
893.0
1077.0
1254.0
1417.0
1584.0
1751.0
1933.0
2113.0
2291.0
2464.0
2641.0
2819.0
2984.0
3149.0
3331.0
3483.0
3665.0
3847.0
4031.0
4206.0
4390.0
4558.0
4736.0
4915.0
5092.0
5276.0
5456.0
5609.0
5791.0
5975.0
6145.0
6317.0
6492.0
6666.0
6837.0
7014.0
7186.0
7363.0
7539.0
7719.0
7898.0
8063.0
8247.0
8400.0
8582.0
8743.0
8921.0
9100.0
9277.0
9459.0
9639.0
9814.0
9998.0
10174.0
10353.0
10533.0
10715.0
10884.0
10897.0
11081.0
11265.0
11443.0
11616.0
11783.0
11960.0
12144.0
12321.0
12495.0
12679.0
12841.0
13009.0
13188.0
13363.0
13540.0
13722.0
13896.0
14078.0
14257.0
14436.0
14614.0
14793.0
14973.0
15145.0
15322.0
15494.0
15664.0
15844.0
16024.0
16178.0
16360.0
16536.0
16720.0
16900.0
17077.0
17256.0
17426.0
17593.0
17761.0
17945.0
18120.0
18299.0
18483.0
18649.0
18809.0
18988.0
19156.0
19331.0
19513.0
19693.0
19861.0
20033.0
20211.0
20382.0
20560.0
20744.0
20924.0
21096.0
21273.0
21445.0
21605.0
21779.0
21941.0
22109.0
22275.0
22450.0
22630.0
22814.0
22988.0
23172.0
23344.0
23516.0
23696.0
23875.0
24052.0
24236.0
24405.0
24578.0
24756.0
24940.0
25122.0
25306.0
25485.0
25665.0
25849.0
26024.0
26208.0
26379.0
26551.0
26719.0
26897.0
27077.0
27254.0
27429.0
27606.0
27788.0
27972.0
28156.0
28336.0
28500.0
28680.0
28860.0
29036.0
29197.0
29375.0
29557.0
29733.0
29907.0
30062.0
30246.0
30425.0
30590.0
30769.0
30919.0
31098.0
31282.0
31459.0
31641.0
31811.0
31988.0
32168.0
32352.0
32530.0
32696.0
32865.0
33040.0
33219.0
33396.0
33573.0
33741.0
33921.0
34099.0
34259.0
34409.0
34582.0
34751.0
34930.0
35098.0
35275.0
35452.0
35631.0
35801.0
35975.0
36157.0
36334.0
36505.0
36689.0
36853.0
37035.0
37214.0
37394.0
37569.0
37749.0
37924.0
38085.0
38260.0
38428.0
38608.0
38788.0
38965.0
39144.0
39328.0
39486.0
39665.0
39835.0
39992.0
40174.0
40358.0
40540.0
40719.0
40890.0
41059.0
41231.0
41415.0
41580.0
41764.0
41937.0
42114.0
42294.0
42469.0
42653.0
42828.0
43005.0
43185.0
43362.0
43528.0
43712.0
43882.0
44057.0
44231.0
44392.0
44568.0
44748.0
44928.0
45107.0
45282.0
45459.0
45629.0
45813.0
45997.0
46162.0
46339.0
46493.0
46673.0
46855.0
47034.0
47202.0
47384.0
47568.0
47746.0
47925.0
48107.0
48280.0
48459.0
48639.0
48819.0
48992.0
49169.0
49321.0
49494.0
49674.0
49845.0
50020.0
50193.0
50373.0
50552.0
50713.0
50883.0
51053.0
51228.0
51394.0
51564.0
51741.0
51909.0
52093.0
52268.0
52436.0
52605.0
52779.0
52958.0
53137.0
53307.0
53476.0
53660.0
53837.0
54015.0
54197.0
54370.0
54538.0
54715.0
54886.0
55066.0
55240.0
55412.0
55590.0
55765.0
55936.0
56099.0
56272.0
56447.0
56629.0
56797.0
56972.0
57149.0
57326.0
57506.0
57686.0
57859.0
58004.0
58188.0
58362.0
58518.0
58681.0
58861.0
59039.0
59217.0
59399.0
59576.0
59748.0
59927.0
60107.0
60289.0
60462.0
60646.0
60799.0
60965.0
61125.0
61301.0
61468.0
61650.0
61809.0
61993.0
62167.0
62329.0
62496.0
62676.0
62852.0
63018.0
63181.0
63363.0
63543.0
63711.0
63889.0
64061.0
64243.0
64423.0
64605.0
64780.0
64948.0
65114.0
65285.0
65459.0
65634.0
65810.0
65977.0
66150.0
66329.0
66513.0
66681.0
66861.0
67033.0
67217.0
67383.0
67562.0
67721.0
67895.0
68075.0
68250.0
68414.0
68589.0
68773.0
68955.0
69137.0
69317.0
69501.0
69678.0
69847.0
70031.0
70209.0
70388.0
70572.0
70742.0
70904.0
71079.0
71258.0
71440.0
71609.0
71793.0
71972.0
72147.0
72325.0
72504.0
72682.0
72864.0
73040.0
73224.0
73383.0
73555.0
73734.0
73914.0
74098.0
74271.0
74448.0
74618.0
74795.0
74974.0
75158.0
75342.0
75522.0
75702.0
75876.0
76049.0
76200.0
76379.0
76558.0
76737.0
76914.0
77083.0
77251.0
77419.0
77598.0
77778.0
77955.0
78129.0
78311.0
78495.0
78662.0
78832.0
79012.0
79194.0
79378.0
79560.0
79740.0
79910.0
80083.0
80248.0
80428.0
80601.0
80775.0
80950.0
81113.0
81288.0
81460.0
81644.0
81816.0
81992.0
82174.0
82350.0
82528.0
82712.0
82894.0
83060.0
83225.0
83402.0
83561.0
83740.0
83912.0
84091.0
84267.0
84444.0
84626.0
84806.0
84972.0
85147.0
85329.0
85499.0
85666.0
85845.0
86019.0
86185.0
86348.0
86515.0
86682.0
86862.0
87034.0
87202.0
87372.0
87535.0
87717.0
87889.0
88073.0
88242.0
88422.0
88604.0
88774.0
88953.0
89108.0
89286.0
89459.0
89643.0
89823.0
90000.0
90182.0
90364.0
90544.0
90719.0
90891.0
91070.0
91252.0
91434.0
91616.0
91789.0
91965.0
92140.0
92311.0
92481.0
92631.0
92808.0
92966.0
93143.0
93325.0
93509.0
93691.0
93866.0
94043.0
94225.0
94380.0
94552.0
94729.0
94908.0
95090.0
95272.0
95456.0
95635.0
95814.0
95996.0
96180.0
96362.0
96546.0
96718.0
96887.0
97055.0
97237.0
97421.0
97598.0
97782.0
97948.0
98122.0
98300.0
98472.0
98654.0
98831.0
98993.0
99168.0
99352.0
99536.0
99702.0
99873.0
100044.0
100221.0
100398.0
100570.0
100748.0
100925.0
101102.0
101282.0
101454.0
101631.0
101815.0
101987.0
102157.0
102335.0
102517.0
102699.0
102878.0
103054.0
103225.0
103392.0
103558.0
103740.0
103922.0
104097.0
104268.0
104445.0
104622.0
104804.0
104970.0
105149.0
105326.0
105505.0
105687.0
105850.0
106029.0
106204.0
106363.0
106520.0
106698.0
106880.0
107057.0
107220.0
107385.0
107558.0
107738.0
107899.0
108072.0
108251.0
108414.0
108588.0
108770.0
108945.0
109123.0
109298.0
109466.0
109645.0
109827.0
109982.0
110161.0
110317.0
110497.0
110674.0
110827.0
111007.0
111187.0
111364.0
111537.0
111717.0
111891.0
112073.0
112245.0
112427.0
112605.0
112764.0
112942.0
113107.0
113287.0
113465.0
113628.0
113810.0
113990.0
114170.0
114346.0
114518.0
114697.0
114873.0
115053.0
115227.0
115395.0
115571.0
115746.0
115918.0
116079.0
116256.0
116430.0
116607.0
116787.0
116967.0
117145.0
117327.0
117504.0
117677.0
117848.0
118032.0
118214.0
118398.0
118569.0
118753.0
118902.0
119079.0
119256.0
119430.0
119610.0
119789.0
119959.0
120138.0
120316.0
120493.0
120677.0
120861.0
121036.0
121220.0
121400.0
121577.0
121737.0
121916.0
122088.0
122265.0
122430.0
122599.0
122777.0
122961.0
123143.0
123307.0
123477.0
123659.0
123829.0
124004.0
124177.0
124345.0
124527.0
124689.0
124871.0
125043.0
125215.0
125395.0
125577.0
125759.0
125929.0
126111.0
126281.0
126461.0
126641.0
126823.0
126998.0
127180.0
127348.0
127525.0
127705.0
127885.0
128051.0
128224.0
128389.0
128569.0
128746.0
128916.0
129081.0
129258.0
129434.0
129614.0
129787.0
129958.0
130137.0
130305.0
130483.0
130653.0
130833.0
131006.0
131183.0
131360.0
131535.0
131717.0
131894.0
132070.0
132239.0
132400.0
132577.0
132744.0
132926.0
133102.0
133282.0
133451.0
133628.0
133800.0
133982.0
134164.0
134346.0
134530.0
134710.0
134892.0
135062.0
135227.0
135401.0
135566.0
135739.0
135918.0
136083.0
136267.0
136449.0
136619.0
136792.0
136968.0
137147.0
137329.0
137511.0
137693.0
137863.0
138037.0
138205.0
138380.0
138547.0
138729.0
138902.0
139086.0
139266.0
139448.0
139627.0
139799.0
139979.0
140161.0
140330.0
140514.0
140689.0
140866.0
141048.0
141220.0
141387.0
141553.0
141727.0
141905.0
142089.0
142251.0
142421.0
142599.0
142767.0
142937.0
143099.0
143283.0
143467.0
143637.0
143819.0
144001.0
144185.0
144367.0
144542.0
144696.0
144873.0
145040.0
145216.0
145400.0
145571.0
145736.0
145904.0
146078.0
146257.0
146420.0
146588.0
146761.0
146936.0
147115.0
147297.0
147474.0
147656.0
147819.0
148001.0
148154.0
148336.0
148520.0
148696.0
148865.0
149044.0
149220.0
149398.0
149568.0
149745.0
149925.0
150092.0
150267.0
150444.0
150628.0
150807.0
150983.0
151153.0
151331.0
151497.0
151666.0
151846.0
152030.0
152207.0
152376.0
152552.0
152724.0
152895.0
153073.0
153245.0
153420.0
153595.0
153777.0
153954.0
154124.0
154288.0
154460.0
154633.0
154799.0
154970.0
155148.0
155330.0
155509.0
155687.0
155852.0
156021.0
156201.0
156372.0
156538.0
156720.0
156895.0
157079.0
157249.0
157418.0
157595.0
157775.0
157947.0
158129.0
158307.0
158489.0
158673.0
158844.0
159013.0
159179.0
159350.0
159525.0
159682.0
159855.0
160034.0
160197.0
160369.0
160544.0
160704.0
160883.0
161052.0
161231.0
161401.0
161573.0
161757.0
161926.0
162110.0
162278.0
162450.0
162618.0
162793.0
162956.0
163134.0
163309.0
163478.0
163639.0
163821.0
164001.0
164164.0
164348.0
164528.0
164700.0
164877.0
165059.0
165231.0
165408.0
165588.0
165770.0
165947.0
166127.0
166306.0
166486.0
166670.0
166847.0
167027.0
167187.0
167361.0
167523.0
167701.0
167883.0
168057.0
168235.0
168417.0
168596.0
168776.0
168946.0
169122.0
169306.0
169488.0
169650.0
169814.0
169989.0
170166.0
170345.0
170510.0
170692.0
170876.0
171058.0
171240.0
171410.0
171580.0
171758.0
171928.0
172104.0
172277.0
172459.0
172637.0
172819.0
172988.0
173162.0
173337.0
173509.0
173681.0
173858.0
174036.0
174211.0
174379.0
174553.0
174733.0
174903.0
175085.0
175260.0
175432.0
175614.0
175794.0
175976.0
176153.0
176323.0
176493.0
176677.0
176852.0
177019.0
177203.0
177378.0
177537.0
177719.0
177878.0
178053.0
178232.0
178408.0
178584.0
178761.0
178935.0
179112.0
179296.0
179473.0
179657.0
179832.0
180000.0
180174.0
180356.0
180533.0
180709.0
180883.0
181054.0
181236.0
181416.0
181600.0
181759.0
181943.0
182118.0
182285.0
182465.0
182639.0
182821.0
182989.0
183147.0
183323.0
183507.0
183687.0
183866.0
184031.0
184205.0
184389.0
184569.0
184751.0
184933.0
185108.0
185290.0
185465.0
185639.0
185823.0
186001.0
186157.0
186317.0
186496.0
186678.0
186847.0
187012.0
187190.0
187363.0
187522.0
187699.0
187876.0
188055.0
188222.0
188404.0
188586.0
188766.0
188941.0
189118.0
189296.0
189478.0
189655.0
189833.0
189996.0
190176.0
190349.0
190524.0
190704.0
190879.0
191038.0
191218.0
191388.0
191546.0
191728.0
191912.0
192065.0
192240.0
192417.0
192594.0
192763.0
192943.0
193116.0
193298.0
193480.0
193656.0
193836.0
194018.0
194190.0
194370.0
194550.0
194734.0
194909.0
195084.0
195254.0
195434.0
195609.0
195791.0
195965.0
196140.0
196317.0
196492.0
196672.0
196850.0
197016.0
197198.0
197364.0
197548.0
197730.0
197903.0
198085.0
198269.0
198444.0
198621.0
198805.0
198989.0
199159.0
199328.0
199508.0
199687.0
199862.0
200046.0
200223.0
200405.0
200587.0
200756.0
200936.0
201116.0
201291.0
201448.0
201627.0
201806.0
201983.0
202145.0
202320.0
202502.0
202677.0
202859.0
202999.0
203181.0
203358.0
203536.0
203698.0
203872.0
204050.0
204222.0
204406.0
204588.0
204759.0
204919.0
205103.0
205270.0
205441.0
205620.0
205796.0
205978.0
206162.0
206346.0
206530.0
206693.0
206869.0
207045.0
207229.0
207411.0
207591.0
207771.0
207953.0
208128.0
208305.0
208480.0
208664.0
208840.0
209013.0
209197.0
209375.0
209547.0
209727.0
209902.0
210071.0
210245.0
210417.0
210588.0
210762.0
210924.0
211106.0
211283.0
211456.0
211640.0
211822.0
211992.0
212176.0
212358.0
212518.0
212687.0
212867.0
213033.0
213197.0
213372.0
213544.0
213722.0
213897.0
214057.0
214232.0
214416.0
214591.0
214762.0
214942.0
215111.0
215286.0
215464.0
215631.0
215794.0
215974.0
216145.0
216323.0
216502.0
216677.0
216859.0
217043.0
217213.0
217384.0
217568.0
217726.0
217903.0
218078.0
218234.0
218416.0
218584.0
218764.0
218943.0
219123.0
219301.0
219480.0
219657.0
219841.0
220020.0
220197.0
220370.0
220545.0
220720.0
220900.0
221072.0
221248.0
221425.0
221605.0
221784.0
221966.0
222148.0
222328.0
222507.0
222691.0
222866.0
223045.0
223227.0
223403.0
223579.0
223758.0
223928.0
224098.0
224272.0
224452.0
224636.0
224803.0
224987.0
225142.0
225319.0
225490.0
225667.0
225829.0
226004.0
226184.0
226366.0
226543.0
226716.0
226891.0
227070.0
227249.0
227424.0
227602.0
227779.0
227955.0
228129.0
228307.0
228484.0
228661.0
228830.0
229014.0
229193.0
229373.0
229545.0
229712.0
229894.0
230067.0
230238.0
230412.0
230591.0
230771.0
230938.0
231122.0
231299.0
231466.0
231648.0
231821.0
231978.0
232157.0
232327.0
232509.0
232693.0
232867.0
233047.0
233226.0
233405.0
233582.0
233764.0
233932.0
234093.0
234275.0
234454.0
234627.0
234802.0
234984.0
235168.0
235344.0
235509.0
235686.0
235853.0
236037.0
236216.0
236394.0
236571.0
236739.0
236913.0
237079.0
237263.0
237447.0
237619.0
237790.0
237952.0
238121.0
238295.0
238468.0
238645.0
238805.0
238970.0
239144.0
239316.0
239481.0
239656.0
239840.0
240012.0
240185.0
240362.0
240540.0
240713.0
240897.0
241074.0
241256.0
241430.0
241610.0
241785.0
241957.0
242131.0
242311.0
242488.0
242659.0
242816.0
242991.0
243165.0
243336.0
243520.0
243683.0
243865.0
244049.0
244224.0
244401.0
244563.0
244747.0
244929.0
245109.0
245282.0
245456.0
245638.0
245822.0
245980.0
246158.0
246328.0
246512.0
246682.0
246849.0
247011.0
247164.0
247344.0
247521.0
247696.0
247872.0
248056.0
248236.0
248416.0
248590.0
248762.0
248936.0
249116.0
249291.0
249445.0
249620.0
249795.0
249948.0
250104.0
250271.0
250450.0
250619.0
250797.0
250981.0
251157.0
251317.0
251494.0
251669.0
251838.0
252008.0
252190.0
