a = 0.2
g = 0.5
e = 0.5
random initial weights = false

-758.0
-1351.0
-1824.0
-2386.0
-3183.0
-3818.0
-4354.0
-4782.0
-5339.0
-5857.0
-6352.0
-6760.0
-7236.0
-7842.0
-8330.0
-8796.0
-8696.0
-9134.0
-9592.0
-10081.0
-10520.0
-10340.0
-10762.0
-10629.0
-10473.0
-10305.0
-10165.0
-9985.0
-9829.0
-9659.0
-9487.0
-9343.0
-9174.0
-9009.0
-8843.0
-8659.0
-8526.0
-8417.0
-8276.0
-8122.0
-7962.0
-7821.0
-7654.0
-7502.0
-7323.0
-7141.0
-7017.0
-6843.0
-6699.0
-6537.0
-6378.0
-6203.0
-6039.0
-5887.0
-5724.0
-5581.0
-5425.0
-5274.0
-5105.0
-4935.0
-4761.0
-4593.0
-4437.0
-4270.0
-4106.0
-3940.0
-3771.0
-3604.0
-3448.0
-3281.0
-3110.0
-2936.0
-2765.0
-2588.0
-2411.0
-2240.0
-2084.0
-1928.0
-1760.0
-1596.0
-1430.0
-1276.0
-1097.0
-926.0
-748.0
-625.0
-478.0
-322.0
-150.0
7.0
173.0
355.0
502.0
631.0
797.0
972.0
1142.0
1299.0
1467.0
1628.0
1784.0
1935.0
2105.0
2258.0
2419.0
2569.0
2741.0
2920.0
3075.0
3251.0
3428.0
3596.0
3771.0
3928.0
4082.0
4247.0
4396.0
4477.0
4625.0
4795.0
4969.0
5093.0
5265.0
5418.0
5585.0
5662.0
5831.0
5987.0
6129.0
6300.0
6451.0
6623.0
6790.0
6970.0
7132.0
7314.0
7455.0
7627.0
7800.0
7963.0
8126.0
8258.0
8416.0
8592.0
8754.0
8914.0
9005.0
9165.0
9349.0
9531.0
9678.0
9782.0
9957.0
10113.0
10263.0
10405.0
10570.0
10736.0
10907.0
11069.0
11214.0
11376.0
11560.0
11698.0
11882.0
12062.0
12220.0
12391.0
12544.0
12686.0
12854.0
13014.0
13168.0
13326.0
13494.0
13659.0
13798.0
13965.0
14116.0
14268.0
14432.0
14593.0
14762.0
14876.0
15036.0
15207.0
15380.0
15546.0
15712.0
15845.0
15993.0
16112.0
16279.0
16438.0
16607.0
16786.0
16955.0
17079.0
17253.0
17379.0
17536.0
17705.0
17865.0
18031.0
18182.0
18358.0
18515.0
18690.0
18864.0
19028.0
19179.0
19333.0
19483.0
19650.0
19817.0
19991.0
20175.0
20347.0
20513.0
20663.0
20821.0
20980.0
21135.0
21295.0
21452.0
21617.0
21796.0
21946.0
22071.0
22234.0
22387.0
22545.0
22704.0
22888.0
23061.0
23236.0
23358.0
23532.0
23661.0
23831.0
23968.0
24111.0
24264.0
24430.0
24556.0
24720.0
24843.0
25002.0
25151.0
25269.0
25425.0
25583.0
25758.0
25930.0
26110.0
26274.0
26446.0
26615.0
26779.0
26938.0
27115.0
27286.0
27458.0
27625.0
27781.0
27953.0
28121.0
28258.0
28427.0
28589.0
28737.0
28892.0
29057.0
29209.0
29349.0
29495.0
29643.0
29810.0
29977.0
30138.0
30299.0
30464.0
30636.0
30779.0
30952.0
31117.0
31297.0
31453.0
31619.0
31748.0
31908.0
32078.0
32251.0
32405.0
32585.0
32757.0
32923.0
33061.0
33243.0
33412.0
33580.0
33732.0
33882.0
34044.0
34202.0
34365.0
34522.0
34677.0
34853.0
35005.0
35125.0
35284.0
35464.0
35634.0
35818.0
35981.0
36129.0
36279.0
36449.0
36575.0
36731.0
36909.0
37041.0
37189.0
37364.0
37533.0
37707.0
37862.0
37974.0
38134.0
38302.0
38480.0
38654.0
38821.0
38991.0
39142.0
39310.0
39479.0
39636.0
39804.0
39973.0
40132.0
40270.0
40439.0
40592.0
40760.0
40935.0
41099.0
41265.0
41445.0
41610.0
41765.0
41944.0
42116.0
42286.0
42448.0
42609.0
42768.0
42879.0
43024.0
43187.0
43351.0
43510.0
43682.0
43839.0
44019.0
44203.0
44360.0
44540.0
44710.0
44877.0
45055.0
45216.0
45374.0
45519.0
45673.0
45842.0
46007.0
46175.0
46313.0
46472.0
46635.0
46810.0
46986.0
47140.0
47317.0
47485.0
47644.0
47817.0
47997.0
48139.0
48314.0
48486.0
48646.0
48810.0
48953.0
49111.0
49282.0
49454.0
49632.0
49751.0
49879.0
50053.0
50189.0
50350.0
50534.0
50707.0
50856.0
51004.0
51135.0
51297.0
51469.0
51628.0
51787.0
51956.0
52113.0
52290.0
52455.0
52619.0
52783.0
52958.0
53124.0
53245.0
53413.0
53579.0
53719.0
53901.0
54078.0
54222.0
54376.0
54509.0
54681.0
54845.0
55027.0
55191.0
55363.0
55535.0
55684.0
55849.0
56003.0
56166.0
56325.0
56492.0
56670.0
56838.0
57010.0
57153.0
57314.0
57486.0
57656.0
57822.0
57970.0
58118.0
58288.0
58456.0
58604.0
58764.0
58930.0
59080.0
59252.0
59399.0
59565.0
59740.0
59911.0
60091.0
60267.0
60407.0
60579.0
60716.0
60785.0
60926.0
61096.0
61278.0
61444.0
61609.0
61775.0
61953.0
62065.0
62235.0
62417.0
62592.0
62763.0
62883.0
63032.0
63195.0
63372.0
63554.0
63736.0
63862.0
64041.0
64209.0
64339.0
64512.0
64678.0
64846.0
65021.0
65161.0
65340.0
65493.0
65675.0
65839.0
65992.0
66149.0
66309.0
66460.0
66632.0
66785.0
66947.0
67104.0
67271.0
67448.0
67630.0
67807.0
67984.0
68157.0
68320.0
68493.0
68659.0
68837.0
69004.0
69162.0
69340.0
69502.0
69681.0
69817.0
69999.0
70148.0
70306.0
70479.0
70641.0
70797.0
70968.0
71140.0
71315.0
71481.0
71645.0
71827.0
71985.0
72140.0
72297.0
72460.0
72602.0
72775.0
72906.0
73068.0
73241.0
73392.0
73560.0
73720.0
73838.0
74015.0
74185.0
74351.0
74508.0
74630.0
74780.0
74894.0
75039.0
75213.0
75372.0
75524.0
75660.0
75812.0
75990.0
76149.0
76319.0
76462.0
76615.0
76787.0
76930.0
77097.0
77274.0
77392.0
77533.0
77658.0
77819.0
77964.0
78124.0
78273.0
78450.0
78625.0
78788.0
78934.0
79109.0
79275.0
79455.0
79631.0
79789.0
79937.0
80107.0
80272.0
80442.0
80614.0
80798.0
80954.0
81088.0
81264.0
81410.0
81575.0
81722.0
81881.0
82043.0
82215.0
82360.0
82487.0
82653.0
82820.0
82974.0
83117.0
83289.0
83460.0
83630.0
83794.0
83942.0
84103.0
84256.0
84412.0
84574.0
84735.0
84917.0
85077.0
85245.0
85381.0
85551.0
85719.0
85860.0
86001.0
86141.0
86307.0
86482.0
86640.0
86812.0
86981.0
87138.0
87300.0
87447.0
87615.0
87773.0
87942.0
88119.0
88288.0
88449.0
88599.0
88756.0
88936.0
89093.0
89268.0
89452.0
89609.0
89783.0
89949.0
90124.0
90295.0
90472.0
90642.0
90793.0
90945.0
91118.0
91272.0
91444.0
91583.0
91736.0
91912.0
92084.0
92242.0
92396.0
92568.0
92702.0
92875.0
93052.0
93231.0
93382.0
93539.0
93705.0
93875.0
94026.0
94161.0
94318.0
94486.0
94647.0
94818.0
94967.0
95130.0
95279.0
95440.0
95597.0
95752.0
95910.0
96080.0
96257.0
96428.0
96597.0
96742.0
96922.0
97096.0
97253.0
97418.0
97557.0
97737.0
97921.0
98098.0
98273.0
98418.0
98567.0
98718.0
98873.0
99018.0
99180.0
99349.0
99513.0
99674.0
99849.0
100017.0
100185.0
100329.0
100468.0
100631.0
100746.0
100919.0
101072.0
101202.0
101372.0
101537.0
101685.0
101865.0
102018.0
102168.0
102340.0
102496.0
102665.0
102817.0
102992.0
103169.0
103321.0
103481.0
103639.0
103807.0
103942.0
104088.0
104268.0
104434.0
104598.0
104755.0
104907.0
105091.0
105257.0
105423.0
105579.0
105752.0
105932.0
106081.0
106229.0
106384.0
106566.0
106739.0
106894.0
107059.0
107227.0
107401.0
107543.0
107716.0
107883.0
108054.0
108229.0
108393.0
108564.0
108728.0
108889.0
109062.0
109242.0
109419.0
109558.0
109702.0
109866.0
110037.0
110194.0
110355.0
110515.0
110692.0
110861.0
111034.0
111210.0
111380.0
111513.0
111693.0
111849.0
111997.0
112162.0
112332.0
112498.0
112649.0
112818.0
112980.0
113136.0
113318.0
113493.0
113649.0
113818.0
113992.0
114111.0
114286.0
114442.0
114617.0
114775.0
114927.0
115107.0
115260.0
115430.0
115596.0
115757.0
115941.0
116108.0
116272.0
116417.0
116578.0
116719.0
116882.0
117057.0
117223.0
117388.0
117549.0
117726.0
117893.0
118073.0
118244.0
118417.0
118561.0
118745.0
118904.0
119040.0
119193.0
119364.0
119538.0
119708.0
119872.0
120047.0
120205.0
120377.0
120536.0
120698.0
120819.0
120949.0
121111.0
121283.0
121441.0
121611.0
121755.0
121913.0
122053.0
122181.0
122332.0
122488.0
122635.0
122810.0
122967.0
123140.0
123312.0
123478.0
123621.0
123795.0
123971.0
124115.0
124248.0
124425.0
124594.0
124758.0
124931.0
125106.0
125284.0
125441.0
125581.0
125713.0
125879.0
126046.0
126183.0
126330.0
126507.0
126667.0
126815.0
126967.0
127146.0
127314.0
127468.0
127645.0
127815.0
127968.0
128140.0
128292.0
128465.0
128629.0
128800.0
128958.0
129137.0
129292.0
129456.0
129592.0
129762.0
129935.0
130110.0
130280.0
130422.0
130604.0
130773.0
130921.0
131089.0
131242.0
131421.0
131548.0
131713.0
131852.0
131944.0
132117.0
132293.0
132454.0
132616.0
132769.0
132917.0
133066.0
133221.0
133392.0
133560.0
133726.0
133862.0
134025.0
134177.0
134346.0
134509.0
134674.0
134817.0
134970.0
135148.0
135300.0
135475.0
135641.0
135798.0
135960.0
136110.0
136271.0
136449.0
136606.0
136785.0
136951.0
137082.0
137250.0
137416.0
137583.0
137734.0
137906.0
138074.0
138241.0
138413.0
138588.0
138732.0
138912.0
139075.0
139259.0
139413.0
139593.0
139740.0
139889.0
140003.0
140183.0
140342.0
140502.0
140663.0
140823.0
141001.0
141166.0
141345.0
141484.0
141648.0
141793.0
141934.0
142094.0
142256.0
142420.0
142597.0
142777.0
142918.0
143077.0
143193.0
143368.0
143536.0
143695.0
143853.0
144030.0
144198.0
144368.0
144528.0
144710.0
144882.0
145062.0
145232.0
145400.0
145567.0
145733.0
145909.0
146048.0
146204.0
146377.0
146554.0
146722.0
146874.0
147032.0
147190.0
147374.0
147508.0
147672.0
147819.0
147993.0
148149.0
148321.0
148495.0
148656.0
148805.0
148970.0
149139.0
149321.0
149486.0
149632.0
149784.0
149952.0
150111.0
150290.0
150449.0
150587.0
150731.0
150878.0
151046.0
151217.0
151395.0
151551.0
151692.0
151869.0
151996.0
152180.0
152359.0
152516.0
152686.0
152832.0
152988.0
153168.0
153346.0
153521.0
153689.0
153843.0
153988.0
154155.0
154311.0
154477.0
154655.0
154831.0
154997.0
155160.0
155319.0
155450.0
155611.0
155752.0
155916.0
156092.0
156263.0
156421.0
156600.0
156780.0
156957.0
157113.0
157290.0
157436.0
157600.0
157750.0
157919.0
158081.0
158239.0
158383.0
158548.0
158701.0
158885.0
159038.0
159202.0
159379.0
159540.0
159703.0
159880.0
160040.0
160208.0
160383.0
160557.0
160713.0
160890.0
161061.0
161236.0
161391.0
161549.0
161694.0
161858.0
162015.0
162179.0
162332.0
162488.0
162663.0
162827.0
162948.0
163105.0
163280.0
163447.0
163607.0
163763.0
163917.0
164099.0
164267.0
164444.0
164603.0
164737.0
164883.0
165051.0
165210.0
165375.0
165550.0
165720.0
165897.0
166076.0
166203.0
166368.0
166542.0
166695.0
166855.0
167007.0
167176.0
167339.0
167512.0
167683.0
167865.0
168040.0
168196.0
168340.0
168507.0
168658.0
168827.0
169005.0
169166.0
169334.0
169495.0
169646.0
169823.0
169979.0
170161.0
170333.0
170503.0
170648.0
170798.0
170941.0
171099.0
171263.0
171435.0
171583.0
171706.0
171878.0
172044.0
172178.0
172349.0
172507.0
172673.0
172834.0
173006.0
173150.0
173303.0
173454.0
173618.0
173759.0
173878.0
174049.0
174215.0
174389.0
174569.0
174742.0
174907.0
175054.0
175216.0
175387.0
175526.0
175689.0
175863.0
176040.0
176208.0
176346.0
176505.0
176676.0
176821.0
176996.0
177162.0
177326.0
177498.0
177676.0
177844.0
178012.0
178161.0
178337.0
178510.0
178675.0
178845.0
179009.0
179191.0
179356.0
179464.0
179617.0
179771.0
179933.0
180086.0
180259.0
180415.0
180583.0
180754.0
180923.0
181089.0
181219.0
181392.0
181549.0
181693.0
181851.0
182025.0
182194.0
182376.0
182549.0
182707.0
182851.0
183030.0
183190.0
183343.0
183505.0
183681.0
183861.0
184036.0
184205.0
184339.0
184489.0
184632.0
184778.0
184936.0
185111.0
185252.0
185387.0
185554.0
185684.0
185866.0
186035.0
186215.0
186390.0
186542.0
186715.0
186854.0
187014.0
187196.0
187348.0
187513.0
187673.0
187837.0
187999.0
188176.0
188317.0
188465.0
188619.0
188783.0
188961.0
189143.0
189301.0
189471.0
189630.0
189790.0
189956.0
190128.0
190277.0
190457.0
190623.0
190800.0
190956.0
191129.0
191304.0
191484.0
191622.0
191795.0
191951.0
192128.0
192290.0
192441.0
192608.0
192773.0
192901.0
193076.0
193238.0
193356.0
193514.0
193688.0
193870.0
194050.0
194228.0
194408.0
194568.0
194726.0
194868.0
195036.0
195207.0
195367.0
195541.0
195702.0
195868.0
196028.0
196190.0
196342.0
196503.0
196683.0
196857.0
197026.0
197200.0
197366.0
197517.0
197692.0
197833.0
197960.0
198123.0
198266.0
198369.0
198518.0
198700.0
198882.0
199031.0
199183.0
199341.0
199523.0
199678.0
199845.0
200015.0
200188.0
200348.0
200493.0
200660.0
200795.0
200934.0
201089.0
201255.0
201402.0
201565.0
201700.0
201862.0
202027.0
202185.0
202355.0
202525.0
202693.0
202851.0
203021.0
203197.0
203320.0
203487.0
203649.0
203804.0
203947.0
204099.0
204275.0
204420.0
204580.0
204723.0
204876.0
205022.0
205193.0
205349.0
205505.0
205673.0
205848.0
206028.0
206191.0
206365.0
206537.0
206670.0
206846.0
207010.0
207123.0
207271.0
207431.0
207608.0
207765.0
207917.0
208087.0
208247.0
208406.0
208537.0
208715.0
208869.0
208978.0
209136.0
209295.0
209435.0
209596.0
209757.0
209932.0
210077.0
210221.0
210388.0
210530.0
210694.0
210831.0
210991.0
211126.0
211261.0
211423.0
211581.0
211705.0
211843.0
212016.0
212191.0
212371.0
212474.0
212640.0
212818.0
212991.0
213159.0
213323.0
213481.0
213653.0
213813.0
213995.0
214160.0
214319.0
214458.0
214636.0
214792.0
214969.0
215142.0
215319.0
215483.0
215660.0
215797.0
215957.0
216134.0
216300.0
216452.0
216612.0
216796.0
216960.0
217132.0
217304.0
217453.0
217633.0
217773.0
217940.0
218119.0
218284.0
218427.0
218588.0
218770.0
218950.0
219120.0
219281.0
219427.0
219595.0
219710.0
219883.0
220065.0
220233.0
220390.0
220540.0
220694.0
220850.0
221011.0
221175.0
221317.0
221456.0
221636.0
221820.0
221981.0
222140.0
222281.0
222424.0
222591.0
222769.0
222941.0
223107.0
223284.0
223412.0
223585.0
223741.0
223895.0
224060.0
224242.0
224406.0
224550.0
224715.0
224874.0
225041.0
225182.0
225357.0
225514.0
225660.0
225810.0
225956.0
226112.0
226267.0
226427.0
226607.0
226759.0
226922.0
