a = 0.5
g = 0.5
e = 0.5
random initial weights = false

-940.0
-3400.0
-4217.0
-4707.0
-5286.0
-5746.0
-6249.0
-6701.0
-7188.0
-7665.0
-8203.0
-8645.0
-9073.0
-9609.0
-10062.0
-10485.0
-10906.0
-11328.0
-11816.0
-12276.0
-12742.0
-13196.0
-13622.0
-13466.0
-13302.0
-13739.0
-13575.0
-13450.0
-13296.0
-13731.0
-13573.0
-13988.0
-14453.0
-14308.0
-14148.0
-13986.0
-13867.0
-13708.0
-14137.0
-14565.0
-15009.0
-14899.0
-14768.0
-14608.0
-14446.0
-14294.0
-14120.0
-13948.0
-13788.0
-13629.0
-13464.0
-13290.0
-13119.0
-12969.0
-12806.0
-12669.0
-12508.0
-12349.0
-12192.0
-12037.0
-11884.0
-11738.0
-11568.0
-11410.0
-11234.0
-11077.0
-10953.0
-10783.0
-10609.0
-10457.0
-10308.0
-10147.0
-9980.0
-9815.0
-9654.0
-9489.0
-9323.0
-9162.0
-9016.0
-8850.0
-8678.0
-8528.0
-8358.0
-8191.0
-8025.0
-7860.0
-7691.0
-7547.0
-7388.0
-7238.0
-7089.0
-6917.0
-6782.0
-6616.0
-6458.0
-6288.0
-6128.0
-5963.0
-5804.0
-5650.0
-5479.0
-5311.0
-5158.0
-5009.0
-4842.0
-4688.0
-4540.0
-4381.0
-4267.0
-4102.0
-3930.0
-3760.0
-3626.0
-3492.0
-3336.0
-3188.0
-3023.0
-2876.0
-2704.0
-2538.0
-2369.0
-2205.0
-2041.0
-1870.0
-1711.0
-1558.0
-1398.0
-1236.0
-1095.0
-940.0
-786.0
-630.0
-468.0
-299.0
-135.0
25.0
198.0
330.0
500.0
634.0
789.0
945.0
1110.0
1278.0
1447.0
1617.0
1779.0
1955.0
2126.0
2288.0
2447.0
2616.0
2775.0
2932.0
3036.0
3202.0
3347.0
3514.0
3678.0
3847.0
4014.0
4143.0
4309.0
4458.0
4619.0
4785.0
4942.0
5107.0
5266.0
5431.0
5590.0
5756.0
5909.0
6083.0
6238.0
6406.0
6558.0
6713.0
6879.0
7035.0
7163.0
7325.0
7481.0
7625.0
7765.0
7932.0
8096.0
8249.0
8405.0
8552.0
8717.0
8889.0
9038.0
9153.0
9313.0
9460.0
9603.0
9766.0
9935.0
10101.0
10268.0
10430.0
10590.0
10725.0
10886.0
11052.0
11213.0
11375.0
11529.0
11695.0
11873.0
12047.0
12216.0
12377.0
12549.0
12705.0
12865.0
13037.0
13197.0
13349.0
13515.0
13672.0
13842.0
14001.0
14163.0
14333.0
14489.0
14661.0
14831.0
14973.0
15114.0
15271.0
15418.0
15583.0
15748.0
15909.0
16054.0
16223.0
16392.0
16559.0
16716.0
16880.0
17033.0
17182.0
17345.0
17508.0
17672.0
17839.0
18012.0
18186.0
18338.0
18508.0
18672.0
18834.0
18987.0
19132.0
19300.0
19442.0
19607.0
19735.0
19885.0
20044.0
20196.0
20360.0
20525.0
20688.0
20842.0
21018.0
21168.0
21294.0
21448.0
21601.0
21764.0
21938.0
22105.0
22283.0
22448.0
22622.0
22787.0
22944.0
23098.0
23256.0
23418.0
23564.0
23723.0
23891.0
24059.0
24229.0
24394.0
24556.0
24715.0
24873.0
25001.0
25164.0
25334.0
25499.0
25656.0
25808.0
25962.0
26138.0
26292.0
26446.0
26601.0
26766.0
26938.0
27104.0
27254.0
27405.0
27570.0
27727.0
27874.0
28041.0
28208.0
28361.0
28515.0
28654.0
28817.0
28973.0
29117.0
29283.0
29432.0
29593.0
29754.0
29914.0
30050.0
30194.0
30366.0
30531.0
30670.0
30829.0
30995.0
31159.0
31327.0
31485.0
31663.0
31831.0
31994.0
32155.0
32316.0
32484.0
32638.0
32803.0
32974.0
33141.0
33290.0
33441.0
33611.0
33783.0
33946.0
34114.0
34262.0
34431.0
34572.0
34711.0
34879.0
35048.0
35222.0
35366.0
35505.0
35663.0
35837.0
36001.0
36171.0
36338.0
36474.0
36644.0
36816.0
36936.0
37095.0
37273.0
37432.0
37595.0
37760.0
37882.0
38043.0
38213.0
38371.0
38542.0
38711.0
38868.0
39011.0
39185.0
39356.0
39506.0
39671.0
39835.0
40009.0
40174.0
40345.0
40519.0
40690.0
40843.0
41009.0
41165.0
41341.0
41491.0
41632.0
41777.0
41929.0
42097.0
42244.0
42378.0
42539.0
42697.0
42869.0
43040.0
43195.0
43367.0
43524.0
43702.0
43838.0
43993.0
44138.0
44305.0
44477.0
44646.0
44778.0
44942.0
45101.0
45266.0
45404.0
45539.0
45705.0
45865.0
46014.0
46175.0
46342.0
46508.0
46672.0
46846.0
47011.0
47132.0
47266.0
47418.0
47548.0
47703.0
47870.0
48032.0
48185.0
48318.0
48473.0
48580.0
48721.0
48882.0
49040.0
49192.0
49361.0
49463.0
49618.0
49751.0
49925.0
50089.0
50251.0
50408.0
50575.0
50747.0
50905.0
51057.0
51224.0
51393.0
51557.0
51694.0
51844.0
52015.0
52181.0
52350.0
52524.0
52648.0
52784.0
52954.0
53128.0
53306.0
53474.0
53635.0
53805.0
53970.0
54135.0
54299.0
54454.0
54626.0
54795.0
54937.0
55109.0
55275.0
55421.0
55576.0
55737.0
55889.0
56052.0
56228.0
56354.0
56481.0
56634.0
56789.0
56958.0
57106.0
57268.0
57418.0
57578.0
57742.0
57886.0
58054.0
58165.0
58318.0
58473.0
58644.0
58800.0
58971.0
59118.0
59283.0
59454.0
59616.0
59758.0
59923.0
60075.0
60206.0
60355.0
60521.0
60672.0
60838.0
60987.0
61142.0
61309.0
61453.0
61603.0
61760.0
61929.0
62087.0
62242.0
62418.0
62576.0
62743.0
62909.0
63076.0
63235.0
63380.0
63537.0
63697.0
63864.0
64019.0
64176.0
64343.0
64507.0
64668.0
64814.0
64983.0
65155.0
65311.0
65463.0
65622.0
65798.0
65964.0
66116.0
66278.0
66450.0
66612.0
66771.0
66945.0
67089.0
67235.0
67369.0
67541.0
67708.0
67873.0
68037.0
68177.0
68328.0
68473.0
68619.0
68779.0
68944.0
69109.0
69285.0
69440.0
69589.0
69732.0
69868.0
70009.0
70174.0
70319.0
70487.0
70617.0
70789.0
70959.0
71119.0
71289.0
71455.0
71617.0
71788.0
71938.0
72087.0
72237.0
72407.0
72544.0
72678.0
72852.0
73012.0
73155.0
73326.0
73473.0
73625.0
73799.0
73960.0
74106.0
74273.0
74441.0
74553.0
74701.0
74869.0
75038.0
75200.0
75322.0
75486.0
75638.0
75794.0
75950.0
76101.0
76250.0
76392.0
76559.0
76704.0
76876.0
77048.0
77202.0
77378.0
77528.0
77692.0
77868.0
78038.0
78135.0
78299.0
78460.0
78622.0
78765.0
78939.0
79108.0
79272.0
79445.0
79609.0
79783.0
79961.0
80113.0
80282.0
80441.0
80578.0
80740.0
80911.0
81085.0
81230.0
81402.0
81567.0
81725.0
81899.0
82049.0
82211.0
82376.0
82535.0
82696.0
82866.0
83030.0
83168.0
83324.0
83471.0
83630.0
83776.0
83930.0
84098.0
84268.0
84433.0
84589.0
84758.0
84901.0
85067.0
85239.0
85407.0
85541.0
85696.0
85864.0
86018.0
86174.0
86327.0
86492.0
86659.0
86827.0
86992.0
87161.0
87333.0
87493.0
87662.0
87840.0
88006.0
88173.0
88343.0
88515.0
88674.0
88846.0
89016.0
89170.0
89337.0
89468.0
89609.0
89762.0
89934.0
90080.0
90249.0
90391.0
90557.0
90711.0
90879.0
91046.0
91204.0
91315.0
91491.0
91641.0
91785.0
91932.0
92089.0
92260.0
92393.0
92551.0
92720.0
92882.0
93033.0
93194.0
93368.0
93527.0
93677.0
93853.0
94005.0
94154.0
94332.0
94488.0
94666.0
94833.0
94983.0
95153.0
95325.0
95489.0
95603.0
95772.0
95937.0
96103.0
96241.0
96393.0
96548.0
96715.0
96870.0
97038.0
97196.0
97362.0
97496.0
97654.0
97817.0
97983.0
98148.0
98305.0
98466.0
98632.0
98803.0
98933.0
99066.0
99235.0
99393.0
99571.0
99732.0
99885.0
100056.0
100211.0
100362.0
100501.0
100656.0
100819.0
100970.0
101137.0
101299.0
101421.0
101593.0
101751.0
101877.0
102036.0
102210.0
102375.0
102551.0
102727.0
102870.0
103002.0
103167.0
103300.0
103457.0
103615.0
103782.0
103947.0
104112.0
104250.0
104403.0
104562.0
104729.0
104893.0
105054.0
105216.0
105362.0
105536.0
105667.0
105791.0
105942.0
106101.0
106240.0
106401.0
106554.0
106709.0
106874.0
107007.0
107159.0
107304.0
107455.0
107613.0
107773.0
107944.0
108109.0
108285.0
108463.0
108628.0
108790.0
108941.0
109094.0
109254.0
109373.0
109520.0
109678.0
109822.0
109951.0
110098.0
110231.0
110396.0
110570.0
110734.0
110906.0
111051.0
111188.0
111333.0
111496.0
111663.0
111832.0
111971.0
112140.0
112264.0
112419.0
112564.0
112691.0
112861.0
113017.0
113157.0
113300.0
113444.0
113606.0
113767.0
113907.0
114071.0
114214.0
114383.0
114544.0
114679.0
114820.0
114987.0
115157.0
115330.0
115489.0
115595.0
115726.0
115895.0
116071.0
116239.0
116399.0
116564.0
116696.0
116846.0
117016.0
117181.0
117332.0
117469.0
117639.0
117808.0
117963.0
118088.0
118254.0
118421.0
118579.0
118742.0
118896.0
119043.0
119198.0
119363.0
119533.0
119697.0
119865.0
120022.0
120189.0
120353.0
120508.0
120675.0
120844.0
121018.0
121190.0
121355.0
121520.0
121691.0
121867.0
122037.0
122189.0
122356.0
122524.0
122688.0
122818.0
122950.0
123101.0
123252.0
123418.0
123585.0
123757.0
123905.0
124066.0
124233.0
124400.0
124563.0
124717.0
124873.0
125032.0
125186.0
125348.0
125508.0
125661.0
125806.0
125956.0
126119.0
126278.0
126448.0
126599.0
126738.0
126900.0
127027.0
127188.0
127347.0
127504.0
127640.0
127796.0
127972.0
128130.0
128276.0
128448.0
128589.0
128726.0
128900.0
129048.0
129207.0
129371.0
129530.0
129692.0
129837.0
129955.0
130124.0
130288.0
130439.0
130588.0
130752.0
130907.0
131076.0
131231.0
131394.0
131551.0
131706.0
131857.0
132029.0
132188.0
132346.0
132508.0
132656.0
132819.0
132966.0
133125.0
133285.0
133452.0
133619.0
133785.0
133949.0
134104.0
134254.0
134421.0
134570.0
134739.0
134908.0
135075.0
135243.0
135409.0
135561.0
135737.0
135905.0
136062.0
136214.0
136371.0
136545.0
136704.0
136871.0
137022.0
137178.0
137342.0
137515.0
137687.0
137840.0
138000.0
138159.0
138312.0
138452.0
138609.0
138764.0
138919.0
139076.0
139217.0
139337.0
139496.0
139627.0
139797.0
139965.0
140129.0
140289.0
140431.0
140596.0
140724.0
140885.0
141005.0
141166.0
141300.0
141434.0
141600.0
141765.0
141936.0
142098.0
142265.0
142419.0
142576.0
142722.0
142894.0
143057.0
143212.0
143372.0
143503.0
143670.0
143830.0
143976.0
144127.0
144265.0
144405.0
144574.0
144680.0
144847.0
145001.0
145150.0
145299.0
145455.0
145623.0
145784.0
145941.0
146105.0
146267.0
146441.0
146597.0
146764.0
146931.0
147092.0
147262.0
147434.0
147582.0
147736.0
147898.0
148038.0
148203.0
148375.0
148531.0
148707.0
148861.0
149013.0
149138.0
149296.0
149448.0
149601.0
149772.0
149919.0
150019.0
150177.0
150339.0
150502.0
150666.0
150808.0
150968.0
151136.0
151308.0
151474.0
151623.0
151770.0
151941.0
152105.0
152261.0
152415.0
152570.0
152713.0
152889.0
153054.0
153222.0
153371.0
153536.0
153706.0
153860.0
154025.0
154183.0
154339.0
154513.0
154657.0
154829.0
155001.0
155157.0
155328.0
155496.0
155637.0
155771.0
155920.0
156072.0
156232.0
156388.0
156554.0
156723.0
156890.0
157058.0
157232.0
157396.0
157552.0
157687.0
157852.0
157956.0
158128.0
158295.0
158455.0
158613.0
158784.0
158916.0
159080.0
159244.0
159422.0
159590.0
159750.0
159910.0
160057.0
160228.0
160381.0
160525.0
160682.0
160854.0
161021.0
161178.0
161338.0
161490.0
161664.0
161824.0
161974.0
162136.0
162301.0
162463.0
162608.0
162763.0
162933.0
163094.0
163245.0
163411.0
163573.0
163742.0
163873.0
164005.0
164179.0
164349.0
164502.0
164655.0
164811.0
164983.0
165153.0
165322.0
165480.0
165650.0
165808.0
165970.0
166132.0
166280.0
166428.0
166598.0
166736.0
166892.0
167054.0
167179.0
167350.0
167493.0
167657.0
167810.0
167972.0
168136.0
168284.0
168441.0
168595.0
168750.0
168909.0
169060.0
169228.0
169392.0
169550.0
169711.0
169863.0
170036.0
170175.0
170330.0
170497.0
170638.0
170803.0
170970.0
171116.0
171269.0
171415.0
171589.0
171721.0
171881.0
172042.0
172197.0
172347.0
172500.0
172662.0
172827.0
172985.0
173152.0
173306.0
173465.0
173618.0
173733.0
173861.0
174018.0
174189.0
174359.0
174514.0
174685.0
174857.0
175011.0
175161.0
175320.0
175472.0
175639.0
175797.0
175949.0
176093.0
176243.0
176413.0
176568.0
176730.0
176897.0
177064.0
177211.0
177367.0
177538.0
177697.0
177861.0
178010.0
178160.0
178325.0
178486.0
178648.0
178817.0
178955.0
179120.0
179280.0
179448.0
179606.0
179769.0
179906.0
180068.0
180228.0
180390.0
180530.0
180686.0
180847.0
181019.0
181167.0
181323.0
181491.0
181650.0
181828.0
181995.0
182169.0
182327.0
182482.0
182638.0
182810.0
182975.0
183145.0
183312.0
183435.0
183590.0
183764.0
183935.0
184109.0
184265.0
184429.0
184561.0
184732.0
184880.0
185056.0
185210.0
185377.0
185538.0
185681.0
185849.0
186009.0
186138.0
186312.0
186478.0
186634.0
186791.0
186953.0
187089.0
187217.0
187368.0
187525.0
187689.0
187844.0
187987.0
188159.0
188278.0
188431.0
188587.0
188729.0
188891.0
189033.0
189172.0
189344.0
189520.0
189684.0
189855.0
190011.0
190169.0
190328.0
190495.0
190664.0
190809.0
190958.0
191118.0
191250.0
191416.0
191564.0
191719.0
191882.0
192047.0
192210.0
192364.0
192528.0
192676.0
192807.0
192956.0
193100.0
193252.0
193412.0
193557.0
193724.0
193885.0
194053.0
194225.0
194399.0
194533.0
194659.0
194819.0
194991.0
195163.0
195329.0
195490.0
195642.0
195803.0
195959.0
196118.0
196278.0
196452.0
196621.0
196793.0
196966.0
197124.0
197285.0
197450.0
197596.0
197767.0
197929.0
198107.0
198266.0
198422.0
198554.0
198717.0
198883.0
199047.0
199217.0
199375.0
199542.0
199686.0
199841.0
199987.0
200154.0
200328.0
200458.0
200630.0
200793.0
200957.0
201123.0
201252.0
201416.0
201576.0
201734.0
201876.0
202042.0
202189.0
202351.0
202529.0
202683.0
202848.0
203018.0
203177.0
203349.0
203513.0
203683.0
203833.0
204003.0
204166.0
204304.0
204468.0
204626.0
204798.0
204944.0
205090.0
205253.0
205396.0
205545.0
205695.0
205829.0
205980.0
206152.0
206328.0
206500.0
206668.0
206813.0
206975.0
207135.0
207311.0
207474.0
207631.0
207784.0
207953.0
208121.0
208281.0
208445.0
208593.0
208755.0
208924.0
209089.0
209248.0
209424.0
209584.0
209751.0
209914.0
210072.0
210236.0
210401.0
210559.0
210722.0
210880.0
211056.0
211218.0
211359.0
211518.0
211679.0
211835.0
211978.0
212124.0
212294.0
212468.0
212620.0
212782.0
212942.0
213112.0
213275.0
213444.0
213605.0
213763.0
213933.0
214105.0
214262.0
214430.0
214594.0
214766.0
214929.0
215102.0
215264.0
215408.0
215571.0
