a = 0.2
g = 0.8
e = 0.5
random initial weights = false

-861.0
-3355.0
-4181.0
-4768.0
-5207.0
-5886.0
-6353.0
-7027.0
-7475.0
-8057.0
-8498.0
-8945.0
-9418.0
-9879.0
-10342.0
-10766.0
-11215.0
-11705.0
-11634.0
-11596.0
-12041.0
-12486.0
-12955.0
-13422.0
-13839.0
-14274.0
-14747.0
-15208.0
-15654.0
-16134.0
-16559.0
-16995.0
-17522.0
-17968.0
-17817.0
-18253.0
-18724.0
-18610.0
-18452.0
-18313.0
-18147.0
-17998.0
-17847.0
-17697.0
-17531.0
-17948.0
-18387.0
-18239.0
-18105.0
-17987.0
-17845.0
-17686.0
-17545.0
-17393.0
-17231.0
-17660.0
-17492.0
-17333.0
-17188.0
-17029.0
-16870.0
-16766.0
-16607.0
-16448.0
-16295.0
-16183.0
-16010.0
-15874.0
-15727.0
-15596.0
-15443.0
-15290.0
-15142.0
-14995.0
-14835.0
-14686.0
-14512.0
-14356.0
-14204.0
-14051.0
-13892.0
-13736.0
-13588.0
-13417.0
-13250.0
-13086.0
-12921.0
-12760.0
-12588.0
-12446.0
-12285.0
-12201.0
-12055.0
-11889.0
-11725.0
-11556.0
-11385.0
-11226.0
-11062.0
-10935.0
-10773.0
-10633.0
-10472.0
-10319.0
-10145.0
-9976.0
-9836.0
-9703.0
-9551.0
-9414.0
-9247.0
-9073.0
-8910.0
-8738.0
-8597.0
-8434.0
-8291.0
-8137.0
-7971.0
-7833.0
-7705.0
-7553.0
-7385.0
-7225.0
-7087.0
-6926.0
-6772.0
-6606.0
-6436.0
-6281.0
-6122.0
-5978.0
-5824.0
-5679.0
-5513.0
-5392.0
-5236.0
-5081.0
-4903.0
-4753.0
-4610.0
-4432.0
-4284.0
-4106.0
-3930.0
-3783.0
-3612.0
-3444.0
-3288.0
-3122.0
-2966.0
-2825.0
-2676.0
-2505.0
-2360.0
-2193.0
-2082.0
-1930.0
-1783.0
-1629.0
-1490.0
-1327.0
-1196.0
-1028.0
-862.0
-719.0
-562.0
-427.0
-258.0
-99.0
38.0
208.0
356.0
506.0
674.0
840.0
989.0
1161.0
1323.0
1489.0
1647.0
1819.0
1978.0
2116.0
2268.0
2429.0
2584.0
2752.0
2909.0
3079.0
3248.0
3404.0
3549.0
3696.0
3860.0
4024.0
4168.0
4293.0
4450.0
4623.0
4777.0
4894.0
5062.0
5217.0
5385.0
5505.0
5668.0
5846.0
6012.0
6168.0
6297.0
6432.0
6580.0
6745.0
6878.0
7037.0
7164.0
7316.0
7473.0
7617.0
7795.0
7941.0
8099.0
8244.0
8400.0
8556.0
8716.0
8874.0
9026.0
9195.0
9339.0
9483.0
9620.0
9771.0
9943.0
10109.0
10283.0
10449.0
10603.0
10768.0
10936.0
11109.0
11268.0
11425.0
11590.0
11740.0
11893.0
12042.0
12199.0
12341.0
12503.0
12656.0
12808.0
12958.0
13117.0
13275.0
13451.0
13566.0
13703.0
13849.0
14000.0
14125.0
14292.0
14450.0
14619.0
14721.0
14874.0
15046.0
15215.0
15381.0
15544.0
15701.0
15872.0
16037.0
16194.0
16359.0
16524.0
16677.0
16840.0
17007.0
17162.0
17316.0
17473.0
17627.0
17780.0
17926.0
18098.0
18244.0
18402.0
18558.0
18728.0
18904.0
19074.0
19207.0
19356.0
19499.0
19671.0
19834.0
19971.0
20126.0
20277.0
20408.0
20581.0
20746.0
20910.0
21073.0
21237.0
21404.0
21578.0
21750.0
21903.0
22073.0
22239.0
22386.0
22537.0
22686.0
22836.0
22992.0
23158.0
23314.0
23474.0
23639.0
23810.0
23978.0
24095.0
24260.0
24432.0
24604.0
24768.0
24902.0
25078.0
25223.0
25397.0
25543.0
25696.0
25831.0
25973.0
26147.0
26291.0
26455.0
26580.0
26731.0
26877.0
27040.0
27209.0
27366.0
27524.0
27693.0
27867.0
28011.0
28185.0
28342.0
28479.0
28634.0
28782.0
28914.0
29063.0
29220.0
29354.0
29467.0
29633.0
29792.0
29901.0
30069.0
30209.0
30385.0
30524.0
30689.0
30840.0
31008.0
31172.0
31325.0
31501.0
31667.0
31834.0
31988.0
32130.0
32285.0
32448.0
32592.0
32739.0
32883.0
33034.0
33207.0
33360.0
33511.0
33676.0
33839.0
34007.0
34168.0
34344.0
34490.0
34640.0
34803.0
34975.0
35126.0
35279.0
35435.0
35567.0
35736.0
35900.0
36076.0
36224.0
36377.0
36523.0
36691.0
36849.0
36995.0
37173.0
37347.0
37491.0
37643.0
37804.0
37953.0
38093.0
38258.0
38414.0
38574.0
38741.0
38875.0
39028.0
39171.0
39315.0
39467.0
39619.0
39775.0
39943.0
40108.0
40242.0
40382.0
40535.0
40680.0
40843.0
41003.0
41164.0
41331.0
41477.0
41636.0
41797.0
41940.0
42097.0
42250.0
42418.0
42569.0
42703.0
42867.0
43031.0
43201.0
43355.0
43529.0
43657.0
43821.0
43966.0
44140.0
44272.0
44432.0
44582.0
44739.0
44903.0
45059.0
45231.0
45386.0
45558.0
45726.0
45888.0
46020.0
46186.0
46353.0
46505.0
46665.0
46796.0
46963.0
47127.0
47294.0
47447.0
47621.0
47795.0
47967.0
48104.0
48278.0
48447.0
48615.0
48763.0
48931.0
49104.0
49243.0
49408.0
49561.0
49720.0
49867.0
50041.0
50217.0
50350.0
50513.0
50646.0
50817.0
50941.0
51100.0
51270.0
51429.0
51556.0
51707.0
51875.0
52040.0
52195.0
52360.0
52527.0
52685.0
52855.0
53006.0
53176.0
53329.0
53492.0
53645.0
53816.0
53979.0
54138.0
54300.0
54464.0
54629.0
54774.0
54917.0
55078.0
55224.0
55377.0
55519.0
55670.0
55840.0
56002.0
56170.0
56346.0
56500.0
56632.0
56789.0
56946.0
57106.0
57242.0
57392.0
57557.0
57729.0
57894.0
58037.0
58211.0
58378.0
58543.0
58712.0
58868.0
59034.0
59191.0
59365.0
59531.0
59683.0
59818.0
59968.0
60137.0
60276.0
60398.0
60574.0
60719.0
60890.0
61056.0
61214.0
61382.0
61526.0
61685.0
61823.0
61991.0
62165.0
62328.0
62458.0
62620.0
62772.0
62942.0
63087.0
63232.0
63373.0
63535.0
63695.0
63853.0
64003.0
64171.0
64345.0
64516.0
64681.0
64817.0
64982.0
65154.0
65298.0
65467.0
65621.0
65777.0
65948.0
66100.0
66260.0
66428.0
66604.0
66769.0
66934.0
67063.0
67205.0
67363.0
67499.0
67646.0
67820.0
67984.0
68105.0
68273.0
68401.0
68568.0
68717.0
68870.0
69038.0
69211.0
69354.0
69523.0
69680.0
69847.0
69978.0
70146.0
70293.0
70440.0
70609.0
70754.0
70928.0
71080.0
71247.0
71397.0
71543.0
71691.0
71850.0
71997.0
72167.0
72337.0
72505.0
72643.0
72813.0
72982.0
73154.0
73295.0
73462.0
73617.0
73785.0
73950.0
74117.0
74269.0
74438.0
74601.0
74747.0
74917.0
75083.0
75257.0
75420.0
75578.0
75731.0
75868.0
76020.0
76194.0
76365.0
76520.0
76659.0
76818.0
76994.0
77153.0
77314.0
77478.0
77624.0
77768.0
77923.0
78069.0
78196.0
78336.0
78493.0
78633.0
78789.0
78956.0
79118.0
79259.0
79432.0
79594.0
79758.0
79918.0
80089.0
80261.0
80428.0
80584.0
80726.0
80887.0
81051.0
81223.0
81391.0
81543.0
81703.0
81840.0
82009.0
82159.0
82322.0
82496.0
82642.0
82788.0
82962.0
83132.0
83260.0
83429.0
83596.0
83751.0
83902.0
84063.0
84235.0
84390.0
84558.0
84723.0
84866.0
85005.0
85176.0
85346.0
85501.0
85673.0
85847.0
86006.0
86176.0
86320.0
86480.0
86645.0
86789.0
86940.0
87110.0
87275.0
87435.0
87607.0
87778.0
87944.0
88100.0
88260.0
88412.0
88552.0
88718.0
88887.0
89040.0
89206.0
89368.0
89525.0
89679.0
89818.0
89954.0
90110.0
90264.0
90418.0
90594.0
90758.0
90930.0
91101.0
91263.0
91406.0
91578.0
91722.0
91881.0
92032.0
92181.0
92326.0
92477.0
92629.0
92797.0
92961.0
93114.0
93279.0
93448.0
93607.0
93771.0
93935.0
94108.0
94274.0
94414.0
94562.0
94712.0
94878.0
95011.0
95183.0
95350.0
95505.0
95668.0
95838.0
96001.0
96150.0
96320.0
96487.0
96661.0
96815.0
96960.0
97112.0
97258.0
97403.0
97577.0
97714.0
97880.0
98051.0
98221.0
98385.0
98542.0
98699.0
98845.0
99021.0
99180.0
99356.0
99528.0
99677.0
99831.0
100002.0
100141.0
100308.0
100447.0
100621.0
100783.0
100946.0
101111.0
101283.0
101409.0
101535.0
101708.0
101856.0
102013.0
102165.0
102316.0
102465.0
102618.0
102789.0
102954.0
103108.0
103267.0
103428.0
103585.0
103738.0
103904.0
104073.0
104222.0
104358.0
104492.0
104648.0
104795.0
104951.0
105109.0
105276.0
105430.0
105606.0
105764.0
105940.0
106091.0
106254.0
106406.0
106568.0
106731.0
106903.0
107075.0
107203.0
107359.0
107509.0
107679.0
107841.0
108009.0
108185.0
108355.0
108512.0
108677.0
108847.0
109015.0
109191.0
109351.0
109508.0
109623.0
109763.0
109935.0
110101.0
110256.0
110434.0
110604.0
110761.0
110919.0
111049.0
111199.0
111332.0
111500.0
111643.0
111754.0
111924.0
112089.0
112221.0
112384.0
112532.0
112688.0
112848.0
112953.0
113120.0
113252.0
113421.0
113565.0
113729.0
113901.0
114060.0
114227.0
114390.0
114558.0
114718.0
114844.0
114986.0
115155.0
115304.0
115472.0
115650.0
115789.0
115957.0
116107.0
116275.0
116451.0
116614.0
116784.0
116950.0
117099.0
117273.0
117435.0
117593.0
117761.0
117922.0
118090.0
118260.0
118427.0
118594.0
118761.0
118907.0
119080.0
119243.0
119404.0
119567.0
119737.0
119880.0
120054.0
120228.0
120390.0
120543.0
120705.0
120863.0
121032.0
121197.0
121369.0
121526.0
121680.0
121835.0
121983.0
122143.0
122308.0
122458.0
122619.0
122775.0
122926.0
123082.0
123240.0
123401.0
123554.0
123692.0
123854.0
124002.0
124169.0
124326.0
124504.0
124670.0
124838.0
125009.0
125169.0
125345.0
125496.0
125648.0
125795.0
125969.0
126139.0
126260.0
126432.0
126585.0
126748.0
126903.0
127046.0
127193.0
127367.0
127536.0
127710.0
127863.0
128016.0
128183.0
128329.0
128503.0
128675.0
128816.0
128976.0
129140.0
129305.0
129449.0
129568.0
129719.0
129891.0
130038.0
130186.0
130350.0
130494.0
130655.0
130792.0
130927.0
131074.0
131201.0
131362.0
131512.0
131671.0
131831.0
131993.0
132132.0
132282.0
132435.0
132591.0
132761.0
132921.0
133071.0
133195.0
133345.0
133519.0
133672.0
133837.0
133998.0
134156.0
134328.0
134478.0
134638.0
134769.0
134941.0
135096.0
135235.0
135395.0
135530.0
135692.0
135838.0
136014.0
136173.0
136351.0
136514.0
136682.0
136830.0
136967.0
137140.0
137298.0
137410.0
137570.0
137735.0
137903.0
138060.0
138226.0
138388.0
138523.0
138667.0
138841.0
138977.0
139145.0
139280.0
139440.0
139600.0
139767.0
139945.0
140080.0
140211.0
140379.0
140536.0
140686.0
140844.0
141002.0
141166.0
141340.0
141459.0
141617.0
141777.0
141939.0
142115.0
142291.0
142467.0
142609.0
142765.0
142890.0
143045.0
143177.0
143346.0
143492.0
143654.0
143794.0
143961.0
144117.0
144251.0
144410.0
144560.0
144709.0
144872.0
145021.0
145155.0
145292.0
145451.0
145620.0
145794.0
145956.0
146126.0
146293.0
146450.0
146609.0
146748.0
146918.0
147070.0
147216.0
147372.0
147523.0
147671.0
147791.0
147937.0
148081.0
148221.0
148367.0
148537.0
148701.0
148866.0
149027.0
149195.0
149346.0
149520.0
149683.0
149810.0
149971.0
150092.0
150201.0
150368.0
150538.0
150698.0
150820.0
150983.0
151147.0
151301.0
151462.0
151617.0
151791.0
151924.0
152090.0
152257.0
152390.0
152541.0
152699.0
152845.0
153009.0
153162.0
153328.0
153493.0
153655.0
153818.0
153977.0
154142.0
154297.0
154457.0
154613.0
154783.0
154954.0
155100.0
155243.0
155398.0
155534.0
155698.0
155874.0
156021.0
156179.0
156330.0
156484.0
156650.0
156800.0
156960.0
157111.0
157273.0
157403.0
157541.0
157692.0
157845.0
158001.0
158164.0
158338.0
158503.0
158663.0
158819.0
158985.0
159141.0
159260.0
159436.0
159608.0
159750.0
159901.0
160022.0
160141.0
160305.0
160462.0
160625.0
160757.0
160922.0
161057.0
161229.0
161387.0
161542.0
161713.0
161866.0
161999.0
162153.0
162327.0
162484.0
162622.0
162781.0
162955.0
163113.0
163284.0
163451.0
163611.0
163744.0
163906.0
164080.0
164235.0
164396.0
164567.0
164728.0
164889.0
165055.0
165219.0
165370.0
165536.0
165701.0
165859.0
166015.0
166173.0
166332.0
166478.0
166633.0
166795.0
166959.0
167101.0
167267.0
167409.0
167548.0
167716.0
167885.0
168021.0
168191.0
168344.0
168501.0
168664.0
168827.0
168989.0
169154.0
169315.0
169477.0
169632.0
169804.0
169959.0
170112.0
170277.0
170432.0
170590.0
170757.0
170915.0
171037.0
171194.0
171361.0
171522.0
171698.0
171854.0
172024.0
172173.0
172334.0
172490.0
172647.0
172807.0
172958.0
173126.0
173292.0
173459.0
173627.0
173782.0
173953.0
174114.0
174269.0
174429.0
174573.0
174744.0
174922.0
175090.0
175248.0
175413.0
175570.0
175742.0
175916.0
176078.0
176256.0
176412.0
176560.0
176727.0
176887.0
177050.0
177200.0
177363.0
177503.0
177662.0
177834.0
178008.0
178177.0
178345.0
178472.0
178642.0
178790.0
178961.0
179102.0
179251.0
179380.0
179542.0
179681.0
179803.0
179934.0
180071.0
180242.0
180388.0
180552.0
180716.0
180864.0
181030.0
181194.0
181349.0
181491.0
181661.0
181830.0
181987.0
182153.0
182287.0
182439.0
182586.0
182719.0
182879.0
183042.0
183203.0
183364.0
183518.0
183690.0
183842.0
184013.0
184175.0
184326.0
184499.0
184669.0
184807.0
184945.0
185093.0
185252.0
185403.0
185555.0
185711.0
185857.0
186009.0
186174.0
186299.0
186461.0
186633.0
186787.0
186959.0
187116.0
187274.0
187435.0
187605.0
187767.0
187916.0
188073.0
188220.0
188377.0
188538.0
188712.0
188877.0
189027.0
189188.0
189347.0
189511.0
189658.0
189832.0
189999.0
190170.0
190337.0
190507.0
190656.0
190825.0
190975.0
191132.0
191292.0
191458.0
191597.0
191761.0
191915.0
192065.0
192241.0
192406.0
192573.0
192732.0
192900.0
193067.0
193221.0
193368.0
193541.0
193709.0
193876.0
194039.0
194210.0
194362.0
194524.0
194684.0
194844.0
195020.0
195160.0
195314.0
195470.0
195636.0
195800.0
195946.0
196111.0
196284.0
196424.0
196588.0
196751.0
196902.0
197057.0
197212.0
197349.0
197500.0
197667.0
197828.0
197978.0
198112.0
198271.0
198427.0
198599.0
198752.0
198907.0
199072.0
199228.0
199395.0
199562.0
199722.0
199870.0
199993.0
200157.0
200299.0
200440.0
200586.0
200752.0
200908.0
201084.0
201252.0
201402.0
201553.0
201710.0
201843.0
202019.0
202179.0
202331.0
202457.0
202624.0
202786.0
202946.0
203100.0
203243.0
203393.0
203547.0
203696.0
203864.0
204037.0
204203.0
204342.0
204510.0
204677.0
204843.0
204971.0
205135.0
205302.0
205472.0
205620.0
205779.0
205953.0
206113.0
206277.0
206448.0
206611.0
206757.0
206915.0
207071.0
207214.0
207343.0
207510.0
207646.0
207801.0
207961.0
208099.0
208267.0
208403.0
208491.0
208624.0
