a = 0.5
g = 0.5
e = 0.1
random initial weights = true

-689.0
-1355.0
-1952.0
-2440.0
-2928.0
-3356.0
-3826.0
-4305.0
-4758.0
-5168.0
-5588.0
-5439.0
-5854.0
-6274.0
-6688.0
-6522.0
-6343.0
-6159.0
-5975.0
-5791.0
-5607.0
-5423.0
-5239.0
-5057.0
-4873.0
-4689.0
-4507.0
-4323.0
-4146.0
-3962.0
-3778.0
-3594.0
-3410.0
-3226.0
-3052.0
-2875.0
-2696.0
-2514.0
-2330.0
-2148.0
-1969.0
-1785.0
-1601.0
-1417.0
-1235.0
-1051.0
-874.0
-695.0
-516.0
-332.0
-153.0
31.0
215.0
387.0
571.0
755.0
937.0
1114.0
1298.0
1474.0
1658.0
1842.0
2014.0
2194.0
2376.0
2560.0
2740.0
2920.0
3099.0
3276.0
3454.0
3638.0
3822.0
4004.0
4186.0
4370.0
4552.0
4736.0
4918.0
5097.0
5273.0
5457.0
5641.0
5815.0
5999.0
6183.0
6367.0
6549.0
6728.0
6900.0
7079.0
7263.0
7447.0
7631.0
7813.0
7992.0
8172.0
8356.0
8536.0
8716.0
8894.0
9076.0
9260.0
9442.0
9626.0
9810.0
9994.0
10178.0
10355.0
10532.0
10709.0
10893.0
11070.0
11252.0
11429.0
11613.0
11790.0
11970.0
12148.0
12327.0
12506.0
12690.0
12864.0
13048.0
13232.0
13411.0
13593.0
13777.0
13961.0
14139.0
14323.0
14505.0
14687.0
14866.0
15044.0
15228.0
15412.0
15596.0
15780.0
15952.0
16136.0
16320.0
16504.0
16683.0
16863.0
17041.0
17225.0
17409.0
17593.0
17777.0
17961.0
18136.0
18316.0
18500.0
18679.0
18863.0
19035.0
19217.0
19396.0
19568.0
19747.0
19926.0
20110.0
20294.0
20476.0
20660.0
20842.0
21026.0
21208.0
21392.0
21571.0
21755.0
21934.0
22118.0
22297.0
22470.0
22654.0
22838.0
23022.0
23206.0
23383.0
23567.0
23746.0
23930.0
24114.0
24298.0
24477.0
24661.0
24841.0
25025.0
25209.0
25393.0
25577.0
25761.0
25945.0
26129.0
26309.0
26491.0
26675.0
26859.0
27043.0
27227.0
27411.0
27591.0
27773.0
27957.0
28141.0
28320.0
28504.0
28686.0
28870.0
29054.0
29236.0
29410.0
29594.0
29776.0
29953.0
30137.0
30321.0
30505.0
30689.0
30873.0
31057.0
31239.0
31423.0
31605.0
31789.0
31971.0
32155.0
32339.0
32523.0
32695.0
32875.0
33059.0
33243.0
33421.0
33596.0
33776.0
33953.0
34132.0
34314.0
34496.0
34680.0
34864.0
35048.0
35232.0
35414.0
35596.0
35780.0
35964.0
36148.0
36332.0
36511.0
36688.0
36872.0
37054.0
37236.0
37415.0
37597.0
37779.0
37963.0
38147.0
38329.0
38513.0
38697.0
38879.0
39061.0
39241.0
39421.0
39603.0
39785.0
39969.0
40148.0
40327.0
40507.0
40689.0
40871.0
41055.0
41239.0
41423.0
41607.0
41789.0
41968.0
42150.0
42325.0
42509.0
42693.0
42870.0
43054.0
43236.0
43418.0
43602.0
43782.0
43961.0
44145.0
44327.0
44511.0
44684.0
44866.0
45050.0
45234.0
45408.0
45588.0
45772.0
45952.0
46129.0
46308.0
46492.0
46671.0
46855.0
47039.0
47218.0
47395.0
47579.0
47763.0
47947.0
48124.0
48304.0
48482.0
48664.0
48848.0
49028.0
49207.0
49389.0
49573.0
49748.0
49932.0
50111.0
50295.0
50472.0
50656.0
50840.0
51024.0
51199.0
51383.0
51567.0
51746.0
51930.0
52114.0
52293.0
52475.0
52646.0
52830.0
53005.0
53189.0
53369.0
53551.0
53733.0
53917.0
54096.0
54278.0
54462.0
54631.0
54808.0
54990.0
55174.0
55356.0
55538.0
55715.0
55893.0
56077.0
56259.0
56443.0
56625.0
56809.0
56993.0
57175.0
57344.0
57524.0
57708.0
57892.0
58076.0
58260.0
58442.0
58616.0
58798.0
58980.0
59164.0
59348.0
59532.0
59705.0
59889.0
60073.0
60257.0
60439.0
60623.0
60807.0
60987.0
61169.0
61353.0
61537.0
61719.0
61901.0
62080.0
62259.0
62443.0
62620.0
62804.0
62981.0
63165.0
63347.0
63531.0
63713.0
63897.0
64079.0
64261.0
64443.0
64627.0
64811.0
64991.0
65168.0
65350.0
65529.0
65713.0
65897.0
66081.0
66265.0
66449.0
66633.0
66815.0
66999.0
67183.0
67365.0
67547.0
67720.0
67898.0
68078.0
68260.0
68439.0
68623.0
68807.0
68989.0
69171.0
69355.0
69539.0
69716.0
69900.0
70084.0
70268.0
70447.0
70631.0
70815.0
70999.0
71183.0
71365.0
71547.0
71721.0
71903.0
72087.0
72266.0
72448.0
72625.0
72809.0
72991.0
73175.0
73349.0
73533.0
73717.0
73896.0
74080.0
74257.0
74439.0
74623.0
74803.0
74983.0
75167.0
75351.0
75533.0
75717.0
75901.0
76085.0
76267.0
76437.0
76621.0
76805.0
76982.0
77166.0
77350.0
77529.0
77708.0
77890.0
78074.0
78258.0
78440.0
78624.0
78803.0
78982.0
79162.0
79341.0
79520.0
79704.0
79888.0
80070.0
80254.0
80438.0
80622.0
80806.0
80990.0
81172.0
81356.0
81533.0
81715.0
81897.0
82077.0
82261.0
82440.0
82622.0
82806.0
82988.0
83172.0
83356.0
83536.0
83720.0
83904.0
84083.0
84267.0
84451.0
84635.0
84817.0
84999.0
85183.0
85367.0
85551.0
85731.0
85915.0
86099.0
86281.0
86465.0
86644.0
86828.0
87007.0
87191.0
87373.0
87557.0
87741.0
87923.0
88107.0
88291.0
88475.0
88657.0
88841.0
89025.0
89209.0
89388.0
89572.0
89747.0
89931.0
90115.0
90299.0
90481.0
90663.0
90847.0
91031.0
91213.0
91397.0
91581.0
91761.0
91945.0
92124.0
92306.0
92490.0
92674.0
92858.0
93037.0
93221.0
93405.0
93589.0
93773.0
93957.0
94141.0
94320.0
94499.0
94681.0
94865.0
95049.0
95231.0
95415.0
95599.0
95773.0
95957.0
96141.0
96318.0
96500.0
96674.0
96856.0
97040.0
97219.0
97403.0
97587.0
97771.0
97945.0
98129.0
98313.0
98495.0
98679.0
98858.0
99042.0
99226.0
99410.0
99594.0
99767.0
99949.0
100133.0
100315.0
100493.0
100673.0
100857.0
101041.0
101223.0
101407.0
101591.0
101768.0
101952.0
102132.0
102316.0
102500.0
102678.0
102862.0
103046.0
103230.0
103414.0
103598.0
103782.0
103964.0
104144.0
104328.0
104510.0
104685.0
104865.0
105047.0
105229.0
105413.0
105597.0
105775.0
105959.0
106138.0
106322.0
106504.0
106681.0
106860.0
107030.0
107210.0
107392.0
107576.0
107754.0
107938.0
108122.0
108306.0
108490.0
108672.0
108856.0
109040.0
109222.0
109399.0
109583.0
109767.0
109951.0
110130.0
110314.0
110498.0
110680.0
110862.0
111041.0
111225.0
111407.0
111589.0
111766.0
111948.0
112127.0
112311.0
112490.0
112672.0
112856.0
113040.0
113220.0
113404.0
113588.0
113762.0
113946.0
114130.0
114314.0
114498.0
114673.0
114855.0
115029.0
115211.0
115385.0
115569.0
115753.0
115935.0
116115.0
116292.0
116476.0
116655.0
116837.0
117021.0
117205.0
117389.0
117573.0
117753.0
117937.0
118119.0
118303.0
118482.0
118664.0
118844.0
119026.0
119210.0
119390.0
119574.0
119756.0
119936.0
120115.0
120299.0
120479.0
120663.0
120845.0
121025.0
121205.0
121389.0
121573.0
121757.0
121936.0
122120.0
122304.0
122486.0
122670.0
122847.0
123029.0
123213.0
123392.0
123574.0
123758.0
123940.0
124124.0
124303.0
124487.0
124669.0
124848.0
125027.0
125211.0
125395.0
125574.0
125758.0
125937.0
126121.0
126303.0
126487.0
126671.0
126855.0
127035.0
127207.0
127391.0
127575.0
127759.0
127941.0
128125.0
128307.0
128483.0
128660.0
128839.0
129023.0
129207.0
129391.0
129564.0
129748.0
129927.0
130111.0
130295.0
130475.0
130659.0
130843.0
131027.0
131209.0
131393.0
131577.0
131759.0
131941.0
132118.0
132302.0
132486.0
132668.0
132852.0
133034.0
133218.0
133393.0
133575.0
133759.0
133941.0
134125.0
134305.0
134484.0
134668.0
134850.0
135034.0
135218.0
135402.0
135575.0
135759.0
135941.0
136121.0
136303.0
136487.0
136667.0
136846.0
137030.0
137214.0
137398.0
137580.0
137762.0
137946.0
138130.0
138307.0
138489.0
138671.0
138855.0
139032.0
139212.0
139396.0
139580.0
139764.0
139946.0
140126.0
140308.0
140492.0
140676.0
140860.0
141040.0
141217.0
141401.0
141583.0
141765.0
141945.0
142129.0
142313.0
142497.0
142681.0
142861.0
143045.0
143229.0
143413.0
143595.0
143779.0
143954.0
144131.0
144313.0
144497.0
144676.0
144858.0
145042.0
145226.0
145406.0
145590.0
145770.0
145949.0
146133.0
146317.0
146499.0
146678.0
146862.0
147046.0
147228.0
147410.0
147583.0
147767.0
147949.0
148128.0
148312.0
148496.0
148680.0
148864.0
149048.0
149228.0
149410.0
149594.0
149778.0
149960.0
150139.0
150321.0
150505.0
150682.0
150866.0
151046.0
151230.0
151414.0
151593.0
151775.0
151959.0
152143.0
152327.0
152511.0
152695.0
152874.0
153058.0
153237.0
153421.0
153605.0
153789.0
153971.0
154150.0
154334.0
154516.0
154696.0
154880.0
155064.0
155248.0
155432.0
155614.0
155798.0
155982.0
156166.0
156348.0
156530.0
156712.0
156886.0
157068.0
157252.0
157434.0
157618.0
157802.0
157986.0
158170.0
158354.0
158533.0
158712.0
158896.0
159078.0
159262.0
159446.0
159630.0
159814.0
159998.0
160177.0
160359.0
160543.0
160727.0
160907.0
161091.0
161275.0
161459.0
161641.0
161814.0
161998.0
162180.0
162359.0
162541.0
162718.0
162902.0
163079.0
163263.0
163445.0
163624.0
163797.0
163981.0
164165.0
164347.0
164531.0
164713.0
164893.0
165070.0
165247.0
165429.0
165613.0
165797.0
165979.0
166161.0
166343.0
166525.0
166709.0
166893.0
167077.0
167261.0
167445.0
167625.0
167800.0
167984.0
168168.0
168348.0
168520.0
168702.0
168886.0
169049.0
169233.0
169417.0
169601.0
169785.0
169969.0
170153.0
170330.0
170512.0
170691.0
170875.0
171059.0
171243.0
171427.0
171607.0
171791.0
171973.0
172157.0
172341.0
172523.0
172707.0
172878.0
173062.0
173237.0
173416.0
173598.0
173782.0
173962.0
174142.0
174324.0
174506.0
174690.0
174874.0
175056.0
175238.0
175420.0
175604.0
175788.0
175970.0
176144.0
176326.0
176510.0
176694.0
176878.0
177060.0
177244.0
177424.0
177600.0
177772.0
177954.0
178138.0
178320.0
178504.0
178688.0
178867.0
179051.0
179235.0
179419.0
179603.0
179787.0
179966.0
180150.0
180334.0
180511.0
180693.0
180877.0
181059.0
181231.0
181415.0
181597.0
181781.0
181965.0
182145.0
182329.0
182508.0
182692.0
182876.0
183049.0
183233.0
183413.0
183592.0
183776.0
183949.0
184131.0
184315.0
184497.0
184681.0
184860.0
185031.0
185210.0
185394.0
185568.0
185752.0
185936.0
186120.0
186304.0
186486.0
186670.0
186852.0
187034.0
187216.0
187393.0
187570.0
187752.0
187934.0
188116.0
188300.0
188479.0
188661.0
188845.0
189025.0
189209.0
189393.0
189577.0
189761.0
189945.0
190127.0
190306.0
190490.0
190674.0
190858.0
191035.0
191217.0
191401.0
191585.0
191767.0
191944.0
192123.0
192307.0
192491.0
192668.0
192847.0
193031.0
193210.0
193390.0
193566.0
193745.0
193929.0
194113.0
194297.0
194479.0
194663.0
194845.0
195029.0
195213.0
195397.0
195581.0
195765.0
195947.0
196131.0
196310.0
196492.0
196674.0
196856.0
197036.0
197218.0
197402.0
197586.0
197763.0
197947.0
198126.0
198305.0
198485.0
198667.0
198846.0
199030.0
199209.0
199393.0
199577.0
199759.0
199943.0
200125.0
200309.0
200488.0
200672.0
200856.0
201035.0
201217.0
201401.0
201585.0
201767.0
201949.0
202124.0
202308.0
202485.0
202664.0
202848.0
203032.0
203216.0
203400.0
203579.0
203763.0
203945.0
204127.0
204311.0
204495.0
204672.0
204851.0
205035.0
205219.0
205403.0
205582.0
205766.0
205946.0
206130.0
206314.0
206496.0
206680.0
206864.0
207048.0
207230.0
207407.0
207591.0
207773.0
207957.0
208139.0
208321.0
208503.0
208682.0
208856.0
209031.0
209215.0
209399.0
209581.0
209765.0
209949.0
210126.0
210310.0
210494.0
210663.0
210847.0
211029.0
211211.0
211395.0
211574.0
211751.0
211928.0
212110.0
212294.0
212478.0
212662.0
212844.0
213028.0
213207.0
213386.0
213563.0
213743.0
213927.0
214106.0
214283.0
214463.0
214647.0
214831.0
215013.0
215197.0
215377.0
215559.0
215739.0
215923.0
216107.0
216291.0
216473.0
216652.0
216836.0
217020.0
217202.0
217384.0
217568.0
217750.0
217932.0
218116.0
218300.0
218482.0
218661.0
218843.0
219025.0
219209.0
219387.0
219569.0
219753.0
219937.0
220121.0
220303.0
220485.0
220669.0
220853.0
221037.0
221216.0
221400.0
221582.0
221759.0
221943.0
222123.0
222305.0
222489.0
222671.0
222855.0
223039.0
223223.0
223405.0
223587.0
223771.0
223955.0
224137.0
224308.0
224492.0
224676.0
224858.0
225038.0
225217.0
225401.0
225583.0
225767.0
225949.0
226129.0
226313.0
226490.0
226668.0
226852.0
227034.0
227218.0
227400.0
227584.0
227766.0
227938.0
228122.0
228304.0
228483.0
228665.0
228849.0
229033.0
229217.0
229401.0
229585.0
229762.0
229944.0
230116.0
230291.0
230475.0
230659.0
230841.0
231025.0
231209.0
231393.0
231577.0
231761.0
231943.0
232120.0
232298.0
232482.0
232664.0
232846.0
233028.0
233212.0
233394.0
233578.0
233760.0
233939.0
234121.0
234303.0
234485.0
234664.0
234843.0
235025.0
235207.0
235389.0
235568.0
235750.0
235934.0
236118.0
236302.0
236484.0
236668.0
236848.0
237030.0
237214.0
237393.0
237573.0
237757.0
237941.0
238125.0
238305.0
238480.0
238657.0
238832.0
239016.0
239191.0
239370.0
239554.0
239734.0
239908.0
240092.0
240276.0
240460.0
240639.0
240823.0
241007.0
241191.0
241373.0
241557.0
241729.0
241913.0
242095.0
242279.0
242461.0
242643.0
242827.0
243004.0
243188.0
243367.0
243545.0
243727.0
243909.0
244093.0
244277.0
244454.0
244638.0
244815.0
244999.0
245183.0
245365.0
245549.0
245733.0
245917.0
246101.0
246285.0
246462.0
246646.0
246828.0
247012.0
247194.0
247378.0
247557.0
247739.0
247923.0
248107.0
248291.0
248473.0
248652.0
248831.0
249015.0
249199.0
249381.0
249565.0
249749.0
249931.0
250113.0
250297.0
250479.0
250663.0
250847.0
251026.0
251210.0
251387.0
251571.0
251753.0
251930.0
252114.0
252293.0
252472.0
252646.0
252828.0
253007.0
253186.0
253366.0
253548.0
253732.0
253916.0
254093.0
254273.0
254455.0
254637.0
254812.0
254992.0
255176.0
255360.0
255544.0
255728.0
255912.0
256091.0
256270.0
256447.0
256631.0
256815.0
256995.0
257167.0
257349.0
257533.0
257708.0
257892.0
258076.0
258260.0
258439.0
258619.0
258803.0
258977.0
259161.0
259343.0
259525.0
259707.0
259891.0
260075.0
260254.0
260438.0
260620.0
260804.0
260978.0
261162.0
261346.0
261528.0
261712.0
261896.0
262078.0
262262.0
262444.0
262628.0
262810.0
262992.0
263176.0
