a = 0.2
g = 0.2
e = 0.3
random initial weights = true

-2540.0
-3415.0
-4276.0
-4775.0
-5361.0
-5956.0
-8519.0
-9021.0
-9560.0
-9999.0
-10438.0
-10880.0
-11529.0
-12014.0
-12506.0
-12965.0
-13526.0
-13953.0
-14454.0
-14939.0
-15452.0
-15889.0
-16428.0
-16890.0
-17322.0
-17883.0
-18328.0
-18775.0
-19217.0
-19643.0
-20077.0
-20566.0
-20436.0
-20896.0
-21366.0
-21817.0
-22336.0
-22760.0
-23218.0
-23712.0
-24212.0
-24637.0
-25112.0
-25541.0
-26018.0
-26463.0
-26926.0
-26794.0
-26651.0
-26530.0
-27007.0
-27435.0
-27866.0
-27717.0
-27567.0
-28001.0
-28448.0
-28916.0
-29344.0
-29771.0
-30193.0
-30657.0
-31086.0
-31533.0
-32022.0
-32472.0
-32889.0
-33304.0
-33719.0
-34141.0
-34563.0
-35026.0
-35461.0
-35878.0
-36329.0
-36781.0
-36653.0
-37126.0
-37547.0
-37990.0
-37853.0
-38272.0
-38710.0
-39141.0
-39574.0
-40044.0
-40491.0
-40926.0
-40770.0
-41202.0
-41058.0
-41495.0
-41344.0
-41761.0
-42201.0
-42642.0
-43066.0
-42914.0
-43370.0
-43200.0
-43637.0
-43466.0
-43322.0
-43757.0
-43587.0
-43998.0
-44422.0
-44259.0
-44684.0
-45120.0
-45543.0
-45385.0
-45810.0
-45672.0
-46089.0
-46528.0
-46952.0
-47390.0
-47803.0
-48218.0
-48641.0
-49080.0
-48913.0
-49346.0
-49792.0
-49631.0
-49482.0
-49905.0
-50335.0
-50763.0
-50597.0
-51031.0
-51473.0
-51324.0
-51148.0
-51569.0
-51402.0
-51817.0
-51653.0
-52081.0
-51953.0
-51794.0
-51627.0
-52066.0
-52488.0
-52318.0
-52738.0
-53166.0
-52996.0
-53409.0
-53841.0
-54296.0
-54716.0
-55127.0
-54955.0
-55392.0
-55216.0
-55636.0
-56066.0
-56500.0
-56915.0
-57332.0
-57754.0
-57618.0
-57468.0
-57301.0
-57134.0
-57556.0
-57969.0
-57793.0
-58212.0
-58048.0
-58465.0
-58893.0
-58727.0
-58553.0
-58970.0
-58812.0
-59250.0
-59103.0
-58933.0
-58774.0
-58610.0
-58434.0
-58263.0
-58094.0
-58513.0
-58942.0
-59374.0
-59813.0
-60244.0
-60102.0
-59934.0
-60384.0
-60822.0
-61250.0
-61663.0
-61491.0
-61327.0
-61167.0
-61009.0
-60845.0
-60671.0
-60493.0
-60328.0
-60158.0
-59997.0
-59823.0
-59672.0
-59498.0
-59337.0
-59189.0
-59026.0
-58869.0
-59286.0
-59711.0
-60124.0
-60561.0
-60989.0
-60829.0
-60690.0
-60523.0
-60363.0
-60185.0
-60018.0
-59853.0
-59684.0
-59510.0
-59338.0
-59168.0
-58990.0
-58816.0
-58661.0
-58487.0
-58318.0
-58731.0
-58570.0
-58394.0
-58227.0
-58060.0
-57891.0
-57719.0
-57549.0
-57381.0
-57213.0
-57037.0
-56876.0
-56707.0
-56531.0
-56353.0
-56179.0
-56083.0
-55905.0
-55735.0
-55568.0
-55452.0
-55278.0
-55100.0
-54922.0
-54764.0
-54590.0
-54412.0
-54234.0
-54056.0
-53880.0
-53717.0
-53553.0
-53401.0
-53229.0
-53651.0
-54064.0
-53892.0
-53728.0
-53559.0
-53389.0
-53213.0
-53037.0
-52878.0
-52709.0
-52542.0
-52384.0
-52211.0
-52033.0
-51869.0
-51698.0
-51528.0
-51352.0
-51176.0
-51016.0
-50842.0
-50682.0
-50511.0
-50353.0
-50175.0
-50010.0
-49836.0
-49660.0
-49484.0
-49311.0
-49141.0
-49565.0
-49978.0
-49813.0
-49648.0
-49478.0
-49302.0
-49142.0
-48964.0
-48795.0
-48623.0
-48454.0
-48286.0
-48116.0
-47940.0
-47768.0
-47602.0
-47438.0
-47273.0
-47117.0
-46948.0
-46791.0
-46620.0
-46464.0
-46290.0
-46114.0
-45947.0
-45777.0
-45607.0
-45433.0
-45259.0
-45081.0
-44922.0
-44755.0
-44579.0
-44405.0
-44236.0
-44060.0
-43886.0
-43712.0
-43536.0
-43365.0
-43194.0
-43018.0
-42851.0
-42682.0
-42524.0
-42350.0
-42172.0
-42007.0
-41844.0
-41671.0
-41497.0
-41332.0
-41156.0
-40982.0
-40822.0
-40654.0
-40482.0
-40320.0
-40144.0
-39966.0
-39793.0
-39615.0
-39451.0
-39284.0
-39110.0
-38932.0
-38756.0
-38602.0
-38424.0
-38279.0
-38111.0
-37935.0
-37778.0
-37614.0
-37461.0
-37283.0
-37127.0
-36983.0
-36810.0
-36641.0
-36472.0
-36298.0
-36120.0
-35948.0
-35772.0
-35605.0
-35431.0
-35281.0
-35107.0
-34942.0
-34777.0
-34619.0
-34457.0
-34304.0
-34132.0
-33967.0
-33791.0
-33625.0
-33461.0
-33287.0
-33126.0
-32950.0
-32777.0
-32601.0
-32429.0
-32257.0
-32093.0
-31936.0
-31769.0
-31591.0
-31420.0
-31242.0
-31075.0
-30903.0
-30731.0
-30555.0
-30377.0
-30208.0
-30044.0
-29868.0
-29700.0
-29529.0
-29360.0
-29192.0
-29020.0
-28850.0
-28676.0
-28510.0
-28336.0
-28160.0
-28004.0
-27830.0
-27661.0
-27494.0
-27328.0
-27154.0
-26978.0
-26807.0
-26629.0
-26465.0
-26289.0
-26119.0
-25946.0
-25770.0
-25609.0
-25435.0
-25263.0
-25087.0
-24922.0
-24748.0
-24575.0
-24407.0
-24233.0
-24062.0
-23906.0
-23737.0
-23563.0
-23393.0
-23233.0
-23059.0
-22887.0
-22709.0
-22536.0
-22360.0
-22197.0
-22028.0
-21856.0
-21682.0
-21518.0
-21340.0
-21169.0
-21006.0
-20836.0
-20663.0
-20504.0
-20343.0
-20165.0
-19996.0
-19831.0
-19665.0
-19501.0
-19325.0
-19168.0
-18992.0
-18831.0
-18658.0
-18482.0
-18308.0
-18130.0
-17969.0
-17822.0
-17649.0
-17477.0
-17304.0
-17130.0
-16954.0
-16785.0
-16613.0
-16443.0
-16267.0
-16097.0
-15921.0
-15755.0
-15577.0
-15401.0
-15241.0
-15067.0
-14895.0
-14725.0
-14549.0
-14378.0
-14210.0
-14039.0
-13870.0
-13696.0
-13518.0
-13354.0
-13182.0
-13012.0
-12846.0
-12686.0
-12512.0
-12344.0
-12174.0
-12008.0
-11856.0
-11690.0
-11520.0
-11342.0
-11170.0
-11008.0
-10842.0
-10673.0
-10501.0
-10329.0
-10153.0
-9975.0
-9799.0
-9644.0
-9479.0
-9307.0
-9133.0
-8968.0
-8800.0
-8632.0
-8460.0
-8286.0
-8112.0
-7936.0
-7769.0
-7605.0
-7449.0
-7287.0
-7111.0
-6944.0
-6766.0
-6595.0
-6419.0
-6248.0
-6086.0
-5915.0
-5758.0
-5590.0
-5416.0
-5244.0
-5066.0
-4892.0
-4720.0
-4554.0
-4378.0
-4209.0
-4045.0
-3874.0
-3698.0
-3536.0
-3362.0
-3195.0
-3017.0
-2850.0
-2677.0
-2515.0
-2374.0
-2211.0
-2042.0
-1864.0
-1706.0
-1532.0
-1354.0
-1189.0
-1019.0
-843.0
-669.0
-491.0
-322.0
-160.0
6.0
178.0
348.0
517.0
681.0
857.0
1023.0
1188.0
1360.0
1536.0
1695.0
1844.0
2022.0
2194.0
2367.0
2545.0
2716.0
2885.0
3057.0
3228.0
3396.0
3563.0
3737.0
3915.0
4091.0
4263.0
4427.0
4601.0
4759.0
4919.0
5093.0
5265.0
5434.0
5607.0
5774.0
5948.0
6113.0
6289.0
6458.0
6632.0
6805.0
6975.0
7141.0
7314.0
7492.0
7666.0
7838.0
8006.0
8184.0
8354.0
8519.0
8692.0
8868.0
9042.0
9201.0
9375.0
9549.0
9727.0
9877.0
10045.0
10217.0
10379.0
10550.0
10709.0
10875.0
11043.0
11212.0
11380.0
11552.0
11723.0
11894.0
12068.0
12244.0
12411.0
12583.0
12759.0
12925.0
13085.0
13259.0
13435.0
13611.0
13772.0
13948.0
14117.0
14274.0
14434.0
14612.0
14784.0
14951.0
15122.0
15292.0
15462.0
15631.0
15809.0
15978.0
16156.0
16316.0
16494.0
16668.0
16830.0
16987.0
17161.0
17326.0
17492.0
17663.0
17832.0
17995.0
18162.0
18335.0
18505.0
18667.0
18836.0
19012.0
19188.0
19364.0
19540.0
19710.0
19874.0
20045.0
20214.0
20382.0
20560.0
20726.0
20894.0
21072.0
21248.0
21420.0
21590.0
21762.0
21916.0
22089.0
22260.0
22434.0
22610.0
22786.0
22958.0
23130.0
23302.0
23478.0
23649.0
23822.0
23998.0
24169.0
24337.0
24509.0
24681.0
24850.0
25017.0
25189.0
25363.0
25518.0
25685.0
25858.0
26031.0
26202.0
26375.0
26553.0
26724.0
26894.0
27068.0
27241.0
27399.0
27564.0
27735.0
27913.0
28086.0
28259.0
28430.0
28599.0
28771.0
28947.0
29125.0
29301.0
29479.0
29647.0
29819.0
29995.0
30173.0
30351.0
30517.0
30695.0
30869.0
31031.0
31200.0
31367.0
31536.0
31710.0
31884.0
32056.0
32232.0
32405.0
32581.0
32743.0
32907.0
33069.0
33236.0
33412.0
33579.0
33737.0
33915.0
34093.0
34271.0
34445.0
34621.0
34792.0
34963.0
35134.0
35299.0
35472.0
35638.0
35805.0
35983.0
36156.0
36326.0
36487.0
36658.0
36834.0
37003.0
37179.0
37352.0
37512.0
37679.0
37847.0
38025.0
38179.0
38351.0
38527.0
38674.0
38839.0
39009.0
39180.0
39351.0
39529.0
39698.0
39864.0
40032.0
40203.0
40374.0
40543.0
40707.0
40877.0
41048.0
41219.0
41386.0
41558.0
41722.0
41889.0
42065.0
42238.0
42416.0
42588.0
42754.0
42918.0
43086.0
43264.0
43428.0
43583.0
43757.0
43924.0
44089.0
44252.0
44423.0
44593.0
44764.0
44936.0
45112.0
45271.0
45434.0
45602.0
45752.0
45924.0
46080.0
46254.0
46421.0
46597.0
46765.0
46932.0
47103.0
47272.0
47436.0
47614.0
47777.0
47946.0
48124.0
48273.0
48443.0
48610.0
48782.0
48943.0
49105.0
49279.0
49441.0
49615.0
49778.0
49948.0
50122.0
50300.0
50464.0
50633.0
50809.0
50963.0
51134.0
51312.0
51469.0
51638.0
51805.0
51981.0
52134.0
52304.0
52470.0
52646.0
52811.0
52987.0
53161.0
53339.0
53512.0
53680.0
53856.0
54025.0
54197.0
54370.0
54544.0
54713.0
54882.0
55055.0
55231.0
55402.0
55576.0
55750.0
55921.0
56094.0
56266.0
56429.0
56605.0
56772.0
56948.0
57124.0
57300.0
57465.0
57635.0
57811.0
57984.0
58155.0
58331.0
58496.0
58660.0
58834.0
59008.0
59177.0
59353.0
59523.0
59695.0
59865.0
60031.0
60209.0
60369.0
60545.0
60706.0
60880.0
61051.0
61227.0
61390.0
61564.0
61731.0
61905.0
62075.0
62245.0
62418.0
62590.0
62764.0
62926.0
63102.0
63269.0
63435.0
63588.0
63764.0
63934.0
64110.0
64270.0
64442.0
64601.0
64779.0
64949.0
65115.0
65262.0
65424.0
65602.0
65778.0
65941.0
66113.0
66282.0
66458.0
66632.0
66801.0
66973.0
67139.0
67306.0
67482.0
67653.0
67822.0
67996.0
68172.0
68346.0
68522.0
68688.0
68845.0
69016.0
69183.0
69359.0
69532.0
69704.0
69870.0
70020.0
70187.0
70365.0
70541.0
70713.0
70887.0
71058.0
71229.0
71395.0
71561.0
71739.0
71908.0
72080.0
72254.0
72405.0
72581.0
72753.0
72931.0
73107.0
73281.0
73453.0
73627.0
73787.0
73963.0
74135.0
74305.0
74479.0
74655.0
74829.0
75005.0
75177.0
75351.0
75523.0
75689.0
75865.0
76012.0
76176.0
76354.0
76526.0
76700.0
76872.0
77050.0
77228.0
77404.0
77576.0
77724.0
77888.0
78059.0
78223.0
78397.0
78573.0
78745.0
78919.0
79090.0
79258.0
79413.0
79587.0
79763.0
79910.0
80083.0
80245.0
80421.0
80589.0
80759.0
80928.0
81094.0
81268.0
81430.0
81603.0
81774.0
81941.0
82119.0
82287.0
82456.0
82627.0
82805.0
82973.0
83147.0
83314.0
83477.0
83651.0
83816.0
83988.0
84152.0
84306.0
84482.0
84660.0
84822.0
84995.0
85151.0
85323.0
85490.0
85653.0
85815.0
85988.0
86153.0
86329.0
86501.0
86668.0
86833.0
87005.0
87171.0
87330.0
87508.0
87682.0
87854.0
88022.0
88192.0
88370.0
88541.0
88717.0
88886.0
89051.0
89222.0
89386.0
89562.0
89740.0
89904.0
90072.0
90238.0
90397.0
90568.0
90738.0
90904.0
91078.0
91243.0
91419.0
91589.0
91763.0
91929.0
92096.0
92266.0
92426.0
92602.0
92771.0
92943.0
93098.0
93276.0
93454.0
93621.0
93799.0
93977.0
94151.0
94317.0
94484.0
94658.0
94832.0
95010.0
95184.0
95349.0
95514.0
95690.0
95864.0
96022.0
96200.0
96374.0
96538.0
96709.0
96883.0
97059.0
97212.0
97384.0
97548.0
97714.0
97884.0
98062.0
98240.0
98411.0
98574.0
98740.0
98905.0
99069.0
99235.0
99407.0
99583.0
99755.0
99928.0
100091.0
100263.0
100427.0
100598.0
100766.0
100930.0
101098.0
101267.0
101445.0
101621.0
101784.0
101956.0
102130.0
102306.0
102469.0
102643.0
102804.0
102976.0
103154.0
103328.0
103498.0
103668.0
103838.0
104004.0
104173.0
104346.0
104524.0
104694.0
104856.0
105030.0
105201.0
105377.0
105544.0
105708.0
105884.0
106045.0
106209.0
106385.0
106553.0
106729.0
106905.0
107083.0
107249.0
107417.0
107595.0
107762.0
107931.0
108109.0
108283.0
108459.0
108615.0
108777.0
108953.0
109131.0
109295.0
109457.0
109631.0
109805.0
109976.0
110146.0
110306.0
110480.0
110646.0
110807.0
110976.0
111146.0
111315.0
111479.0
111648.0
111814.0
111992.0
112161.0
112335.0
112511.0
112687.0
112849.0
113021.0
113188.0
113364.0
113535.0
113711.0
113879.0
114055.0
114222.0
114396.0
114563.0
114725.0
114903.0
115074.0
115246.0
115418.0
115581.0
115759.0
115899.0
116057.0
116231.0
116409.0
116573.0
116749.0
116908.0
117073.0
117231.0
117402.0
117580.0
117751.0
117925.0
118098.0
118272.0
118450.0
118613.0
118787.0
118960.0
119134.0
119312.0
119486.0
119657.0
119827.0
120001.0
120173.0
120345.0
120521.0
120699.0
120859.0
121035.0
121213.0
121384.0
121552.0
121724.0
121887.0
122054.0
122222.0
122389.0
122563.0
122739.0
122915.0
123093.0
123267.0
123443.0
123616.0
123766.0
123942.0
124106.0
124276.0
124446.0
124622.0
124800.0
124967.0
125140.0
125316.0
125488.0
125658.0
125821.0
125993.0
126158.0
126329.0
126503.0
126673.0
126841.0
127012.0
127166.0
127331.0
127503.0
127681.0
127851.0
128018.0
128175.0
128344.0
128514.0
128690.0
128868.0
129040.0
129194.0
129358.0
129527.0
129698.0
129870.0
130030.0
130208.0
130370.0
130536.0
130690.0
130864.0
131024.0
131198.0
131366.0
131523.0
131695.0
131864.0
132040.0
132208.0
132386.0
132560.0
132729.0
132892.0
133068.0
133235.0
133411.0
133572.0
133750.0
133921.0
134088.0
134246.0
134422.0
134590.0
134759.0
134928.0
135102.0
135267.0
135433.0
135609.0
135772.0
135937.0
136106.0
136273.0
136431.0
136600.0
136778.0
136948.0
137120.0
137286.0
137441.0
137611.0
137784.0
137956.0
138132.0
138302.0
138478.0
138649.0
138821.0
138995.0
139166.0
139333.0
139509.0
139677.0
139853.0
140025.0
140191.0
140367.0
140541.0
140698.0
140857.0
141023.0
141162.0
141329.0
141500.0
141676.0
141830.0
141998.0
142165.0
142334.0
142503.0
142665.0
142825.0
142992.0
143155.0
143325.0
143501.0
143674.0
143836.0
144005.0
144176.0
144336.0
144508.0
144679.0
144841.0
145013.0
145191.0
145358.0
145526.0
145692.0
145856.0
146030.0
146199.0
146362.0
146527.0
146703.0
146881.0
147048.0
147215.0
147383.0
147553.0
147717.0
147886.0
148040.0
148213.0
148391.0
148565.0
148722.0
148890.0
149056.0
149221.0
149395.0
149565.0
149739.0
149907.0
150075.0
150248.0
150413.0
150585.0
150755.0
150919.0
151092.0
151268.0
151438.0
151614.0
151785.0
151948.0
152111.0
152279.0
152455.0
152625.0
152797.0
152973.0
153147.0
153316.0
