a = 0.2
g = 0.8
e = 0.3
random initial weights = true

-768.0
-1744.0
-2276.0
-2855.0
-3501.0
-6053.0
-8726.0
-9202.0
-10092.0
-10732.0
-11274.0
-11756.0
-12257.0
-12726.0
-13297.0
-13763.0
-14325.0
-14805.0
-15248.0
-15719.0
-16146.0
-16623.0
-17076.0
-17611.0
-18091.0
-18512.0
-18946.0
-19367.0
-19912.0
-20339.0
-20775.0
-20617.0
-21031.0
-21499.0
-22023.0
-22437.0
-22883.0
-25285.0
-25732.0
-26158.0
-26637.0
-27081.0
-27551.0
-27992.0
-28422.0
-28854.0
-28692.0
-29108.0
-29532.0
-29985.0
-30407.0
-30861.0
-31307.0
-31737.0
-32245.0
-32668.0
-33102.0
-32976.0
-33407.0
-33235.0
-33091.0
-32969.0
-32805.0
-32640.0
-32501.0
-32917.0
-33358.0
-33190.0
-33032.0
-32867.0
-32715.0
-32539.0
-32969.0
-33388.0
-33228.0
-33063.0
-32893.0
-32728.0
-32563.0
-32986.0
-32847.0
-32684.0
-32515.0
-32348.0
-32200.0
-32031.0
-31874.0
-31712.0
-31553.0
-31386.0
-31217.0
-31043.0
-30867.0
-30701.0
-30534.0
-30370.0
-30207.0
-30040.0
-29871.0
-29706.0
-29534.0
-29363.0
-29191.0
-29017.0
-28850.0
-28690.0
-28540.0
-28366.0
-28190.0
-28023.0
-27862.0
-27690.0
-27521.0
-27356.0
-27182.0
-27018.0
-26846.0
-26701.0
-26531.0
-26375.0
-26215.0
-26041.0
-25878.0
-25713.0
-25546.0
-25375.0
-25213.0
-25047.0
-24877.0
-24708.0
-24543.0
-24367.0
-24204.0
-24039.0
-23865.0
-23698.0
-23545.0
-23379.0
-23210.0
-23039.0
-22875.0
-22703.0
-22540.0
-22380.0
-22230.0
-22054.0
-21882.0
-21717.0
-21543.0
-21373.0
-21222.0
-21050.0
-20876.0
-20709.0
-20546.0
-20383.0
-20207.0
-20035.0
-19875.0
-19701.0
-19533.0
-19365.0
-19189.0
-19027.0
-18851.0
-18677.0
-18512.0
-18366.0
-18196.0
-18022.0
-17852.0
-17688.0
-17517.0
-17343.0
-17175.0
-17007.0
-16839.0
-16678.0
-16504.0
-16337.0
-16173.0
-16015.0
-15848.0
-15681.0
-15509.0
-15344.0
-15186.0
-15021.0
-14851.0
-14681.0
-14514.0
-14342.0
-14166.0
-13994.0
-13820.0
-13653.0
-13486.0
-13314.0
-13142.0
-12968.0
-12807.0
-12645.0
-12469.0
-12301.0
-12129.0
-11953.0
-11788.0
-11616.0
-11454.0
-11289.0
-11115.0
-10946.0
-10774.0
-10598.0
-10442.0
-10273.0
-10099.0
-9929.0
-9753.0
-9581.0
-9415.0
-9249.0
-9075.0
-8910.0
-8734.0
-8560.0
-8400.0
-8228.0
-8058.0
-7900.0
-7726.0
-7552.0
-7378.0
-7219.0
-7052.0
-6880.0
-6713.0
-6550.0
-6376.0
-6204.0
-6042.0
-5868.0
-5704.0
-5532.0
-5358.0
-5182.0
-5024.0
-4855.0
-4696.0
-4528.0
-4362.0
-4198.0
-4044.0
-3870.0
-3707.0
-3538.0
-3362.0
-3195.0
-3023.0
-2859.0
-2703.0
-2538.0
-2371.0
-2205.0
-2029.0
-1873.0
-1705.0
-1531.0
-1365.0
-1191.0
-1017.0
-848.0
-690.0
-516.0
-344.0
-170.0
4.0
161.0
327.0
495.0
642.0
811.0
980.0
1151.0
1327.0
1499.0
1662.0
1813.0
1980.0
2132.0
2300.0
2463.0
2637.0
2802.0
2978.0
3147.0
3314.0
3472.0
3633.0
3809.0
3979.0
4144.0
4315.0
4479.0
4648.0
4819.0
4984.0
5146.0
5315.0
5482.0
5639.0
5804.0
5976.0
6146.0
6320.0
6488.0
6653.0
6825.0
6988.0
7148.0
7317.0
7485.0
7649.0
7816.0
7988.0
8154.0
8328.0
8494.0
8670.0
8834.0
8999.0
9169.0
9334.0
9498.0
9672.0
9842.0
10014.0
10175.0
10342.0
10518.0
10688.0
10844.0
11010.0
11181.0
11351.0
11517.0
11689.0
11858.0
12026.0
12195.0
12362.0
12530.0
12699.0
12870.0
13041.0
13204.0
13367.0
13539.0
13711.0
13879.0
14053.0
14214.0
14371.0
14547.0
14711.0
14885.0
15052.0
15210.0
15378.0
15537.0
15699.0
15873.0
16047.0
16202.0
16360.0
16524.0
16691.0
16861.0
17026.0
17191.0
17355.0
17527.0
17701.0
17868.0
18035.0
18199.0
18365.0
18541.0
18699.0
18868.0
19034.0
19210.0
19380.0
19554.0
19720.0
19894.0
20053.0
20211.0
20377.0
20539.0
20709.0
20879.0
21053.0
21227.0
21397.0
21567.0
21716.0
21874.0
22039.0
22209.0
22381.0
22553.0
22708.0
22870.0
23040.0
23211.0
23359.0
23524.0
23698.0
23867.0
24032.0
24196.0
24368.0
24542.0
24718.0
24892.0
25064.0
25231.0
25403.0
25571.0
25734.0
25908.0
26078.0
26244.0
26418.0
26586.0
26753.0
26910.0
27080.0
27254.0
27430.0
27596.0
27766.0
27930.0
28102.0
28263.0
28426.0
28585.0
28757.0
28929.0
29095.0
29267.0
29441.0
29615.0
29778.0
29933.0
30096.0
30268.0
30442.0
30616.0
30784.0
30956.0
31121.0
31295.0
31465.0
31641.0
31810.0
31984.0
32156.0
32311.0
32477.0
32651.0
32805.0
32972.0
33137.0
33303.0
33474.0
33650.0
33822.0
33992.0
34161.0
34335.0
34501.0
34661.0
34833.0
35007.0
35181.0
35357.0
35531.0
35695.0
35867.0
36039.0
36187.0
36348.0
36522.0
36685.0
36846.0
37017.0
37179.0
37349.0
37514.0
37674.0
37834.0
38006.0
38171.0
38345.0
38517.0
38685.0
38844.0
38995.0
39171.0
39340.0
39498.0
39661.0
39833.0
40005.0
40165.0
40330.0
40501.0
40673.0
40844.0
41012.0
41182.0
41345.0
41501.0
41673.0
41840.0
41983.0
42157.0
42327.0
42483.0
42653.0
42829.0
43003.0
43165.0
43334.0
43496.0
43654.0
43825.0
43976.0
44134.0
44308.0
44468.0
44639.0
44815.0
44991.0
45156.0
45326.0
45491.0
45650.0
45808.0
45970.0
46136.0
46284.0
46449.0
46617.0
46784.0
46956.0
47123.0
47285.0
47450.0
47624.0
47798.0
47957.0
48128.0
48304.0
48471.0
48643.0
48809.0
48964.0
49131.0
49299.0
49454.0
49613.0
49787.0
49948.0
50113.0
50287.0
50456.0
50628.0
50795.0
50966.0
51137.0
51304.0
51469.0
51635.0
51796.0
51944.0
52104.0
52265.0
52432.0
52602.0
52778.0
52941.0
53094.0
53261.0
53430.0
53600.0
53750.0
53918.0
54092.0
54251.0
54405.0
54576.0
54746.0
54918.0
55086.0
55260.0
55415.0
55584.0
55731.0
55900.0
56074.0
56248.0
56413.0
56585.0
56756.0
56921.0
57095.0
57250.0
57417.0
57591.0
57763.0
57926.0
58096.0
58253.0
58425.0
58597.0
58740.0
58900.0
59070.0
59242.0
59411.0
59582.0
59748.0
59918.0
60084.0
60258.0
60427.0
60599.0
60768.0
60942.0
61104.0
61276.0
61445.0
61614.0
61776.0
61937.0
62105.0
62260.0
62430.0
62593.0
62762.0
62904.0
63078.0
63254.0
63417.0
63580.0
63741.0
63910.0
64075.0
64245.0
64415.0
64589.0
64761.0
64925.0
65097.0
65257.0
65412.0
65586.0
65754.0
65921.0
66093.0
66257.0
66429.0
66593.0
66760.0
66934.0
67105.0
67274.0
67437.0
67602.0
67776.0
67945.0
68113.0
68281.0
68453.0
68622.0
68781.0
68939.0
69108.0
69265.0
69433.0
69588.0
69755.0
69913.0
70085.0
70238.0
70414.0
70586.0
70752.0
70917.0
71088.0
71256.0
71428.0
71586.0
71753.0
71919.0
72090.0
72260.0
72434.0
72604.0
72771.0
72938.0
73106.0
73250.0
73411.0
73582.0
73740.0
73910.0
74069.0
74232.0
74401.0
74570.0
74735.0
74905.0
75074.0
75238.0
75405.0
75571.0
75740.0
75891.0
76060.0
76228.0
76402.0
76578.0
76752.0
76914.0
77071.0
77247.0
77412.0
77567.0
77739.0
77915.0
78085.0
78257.0
78426.0
78600.0
78759.0
78931.0
79102.0
79272.0
79442.0
79612.0
79766.0
79927.0
80090.0
80262.0
80431.0
80601.0
80771.0
80941.0
81109.0
81283.0
81450.0
81622.0
81783.0
81945.0
82107.0
82270.0
82444.0
82616.0
82790.0
82964.0
83134.0
83303.0
83462.0
83615.0
83780.0
83950.0
84115.0
84275.0
84447.0
84611.0
84775.0
84945.0
85119.0
85286.0
85458.0
85634.0
85800.0
85969.0
86141.0
86313.0
86487.0
86624.0
86798.0
86961.0
87122.0
87293.0
87458.0
87619.0
87788.0
87960.0
88136.0
88306.0
88476.0
88640.0
88782.0
88949.0
89123.0
89299.0
89470.0
89615.0
89768.0
89929.0
90101.0
90262.0
90432.0
90596.0
90753.0
90919.0
91084.0
91245.0
91409.0
91573.0
91749.0
91918.0
92089.0
92263.0
92435.0
92594.0
92764.0
92940.0
93116.0
93282.0
93451.0
93608.0
93772.0
93941.0
94100.0
94264.0
94420.0
94592.0
94758.0
94928.0
95102.0
95276.0
95435.0
95603.0
95775.0
95943.0
96112.0
96269.0
96432.0
96608.0
96755.0
96917.0
97085.0
97252.0
97421.0
97597.0
97756.0
97927.0
98103.0
98274.0
98446.0
98622.0
98790.0
98959.0
99133.0
99278.0
99442.0
99614.0
99762.0
99922.0
100077.0
100253.0
100427.0
100592.0
100764.0
100933.0
101091.0
101261.0
101424.0
101600.0
101772.0
101934.0
102106.0
102267.0
102424.0
102590.0
102742.0
102902.0
103070.0
103230.0
103400.0
103567.0
103734.0
103905.0
104081.0
104241.0
104417.0
104577.0
104749.0
104909.0
105079.0
105248.0
105424.0
105591.0
105765.0
105939.0
106100.0
106274.0
106436.0
106602.0
106778.0
106944.0
107113.0
107287.0
107449.0
107609.0
107765.0
107925.0
108095.0
108266.0
108442.0
108614.0
108781.0
108955.0
109120.0
109294.0
109456.0
109605.0
109772.0
109939.0
110115.0
110283.0
110453.0
110611.0
110783.0
110955.0
111102.0
111271.0
111442.0
111612.0
111780.0
111951.0
112119.0
112295.0
112459.0
112633.0
112800.0
112963.0
113137.0
113308.0
113471.0
113627.0
113777.0
113953.0
114112.0
114281.0
114450.0
114608.0
114771.0
114943.0
115117.0
115293.0
115445.0
115600.0
115774.0
115936.0
116108.0
116282.0
116433.0
116603.0
116769.0
116938.0
117114.0
117284.0
117448.0
117593.0
117769.0
117936.0
118088.0
118257.0
118431.0
118599.0
118757.0
118929.0
119094.0
119270.0
119424.0
119584.0
119751.0
119925.0
120101.0
120264.0
120431.0
120605.0
120779.0
120951.0
121125.0
121299.0
121473.0
121643.0
121819.0
121988.0
122153.0
122316.0
122492.0
122653.0
122822.0
122992.0
123159.0
123318.0
123486.0
123660.0
123829.0
123989.0
124165.0
124327.0
124495.0
124667.0
124837.0
125009.0
125179.0
125353.0
125525.0
125693.0
125865.0
126037.0
126209.0
126383.0
126540.0
126709.0
126871.0
127043.0
127197.0
127359.0
127518.0
127681.0
127851.0
128027.0
128159.0
128330.0
128498.0
128665.0
128812.0
128965.0
129135.0
129283.0
129457.0
129624.0
129796.0
129968.0
130122.0
130294.0
130468.0
130638.0
130808.0
130973.0
131145.0
131319.0
131471.0
131645.0
131815.0
131987.0
132163.0
132323.0
132491.0
132667.0
132835.0
133000.0
133169.0
133345.0
133515.0
133687.0
133863.0
134018.0
134184.0
134352.0
134515.0
134685.0
134856.0
135030.0
135200.0
135372.0
135544.0
135707.0
135867.0
136029.0
136189.0
136363.0
136522.0
136677.0
136839.0
137010.0
137164.0
137336.0
137512.0
137678.0
137827.0
138003.0
138161.0
138329.0
138505.0
138675.0
138827.0
138992.0
139159.0
139331.0
139505.0
139675.0
139845.0
140021.0
140190.0
140359.0
140523.0
140697.0
140866.0
141037.0
141205.0
141376.0
141532.0
141700.0
141876.0
142052.0
142220.0
142388.0
142562.0
142724.0
142889.0
143061.0
143229.0
143398.0
143560.0
143730.0
143904.0
144070.0
144221.0
144393.0
144563.0
144733.0
144894.0
145048.0
145202.0
145363.0
145512.0
145674.0
145844.0
146012.0
146188.0
146354.0
146526.0
146689.0
146852.0
147024.0
147191.0
147360.0
147532.0
147691.0
147836.0
147999.0
148156.0
148328.0
148492.0
148661.0
148823.0
148990.0
149155.0
149327.0
149476.0
149639.0
149809.0
149961.0
150122.0
150296.0
150472.0
150629.0
150794.0
150949.0
151121.0
151279.0
151448.0
151611.0
151783.0
151950.0
152120.0
152274.0
152424.0
152594.0
152759.0
152928.0
153091.0
153258.0
153423.0
153593.0
153762.0
153936.0
154102.0
154267.0
154423.0
154597.0
154771.0
154947.0
155104.0
155272.0
155431.0
155605.0
155777.0
155951.0
156121.0
156293.0
156461.0
156626.0
156782.0
156954.0
157116.0
157278.0
157444.0
157616.0
157782.0
157947.0
158117.0
158273.0
158430.0
158593.0
158757.0
158931.0
159099.0
159273.0
159437.0
159613.0
159765.0
159941.0
160112.0
160288.0
160457.0
160621.0
160795.0
160952.0
161126.0
161289.0
161452.0
161616.0
161792.0
161964.0
162134.0
162275.0
162433.0
162603.0
162751.0
162920.0
163094.0
163245.0
163421.0
163595.0
163767.0
163937.0
164104.0
164276.0
164441.0
164604.0
164778.0
164931.0
165098.0
165261.0
165429.0
165586.0
165748.0
165913.0
166081.0
166240.0
166414.0
166570.0
166739.0
166910.0
167082.0
167258.0
167423.0
167591.0
167747.0
167923.0
168091.0
168252.0
168410.0
168570.0
168742.0
168916.0
169090.0
169255.0
169405.0
169573.0
169729.0
169905.0
170069.0
170236.0
170408.0
170569.0
170723.0
170893.0
171069.0
171209.0
171376.0
171539.0
171710.0
171869.0
172045.0
172215.0
172391.0
172547.0
172721.0
172895.0
173069.0
173239.0
173413.0
173582.0
173758.0
173934.0
174101.0
174271.0
174433.0
174607.0
174783.0
174954.0
175128.0
175299.0
175473.0
175645.0
175819.0
175983.0
176153.0
176310.0
176473.0
176635.0
176805.0
176964.0
177138.0
177295.0
177462.0
177632.0
177801.0
177965.0
178125.0
178290.0
178446.0
178615.0
178780.0
178952.0
179121.0
179289.0
179456.0
179612.0
179766.0
179922.0
180094.0
180263.0
180435.0
180593.0
180769.0
180936.0
181104.0
181280.0
181431.0
181600.0
181767.0
181934.0
182106.0
182274.0
182446.0
182602.0
182761.0
182933.0
183094.0
183261.0
183420.0
183588.0
183757.0
183914.0
184059.0
184233.0
184409.0
184579.0
184736.0
184896.0
185070.0
185229.0
185405.0
185569.0
185737.0
185904.0
186070.0
186242.0
186418.0
186592.0
186755.0
186927.0
187099.0
187264.0
187429.0
187596.0
187756.0
187901.0
188075.0
188243.0
188410.0
188586.0
188756.0
188922.0
189086.0
189262.0
189434.0
189599.0
189771.0
189943.0
190113.0
190283.0
190441.0
190609.0
190778.0
190946.0
191116.0
191275.0
191449.0
191613.0
191779.0
191951.0
192125.0
192292.0
192464.0
192633.0
192800.0
192974.0
193150.0
193326.0
193484.0
193645.0
193821.0
193980.0
194154.0
194313.0
194483.0
194650.0
194824.0
194989.0
195160.0
195332.0
195501.0
195672.0
195843.0
196003.0
196168.0
196335.0
196498.0
196646.0
196820.0
196968.0
197132.0
197302.0
197476.0
197648.0
197818.0
197969.0
198137.0
198297.0
198460.0
198621.0
198793.0
198949.0
199121.0
199293.0
199465.0
199635.0
199800.0
199953.0
200124.0
200294.0
200468.0
200637.0
200796.0
200951.0
201107.0
201277.0
201418.0
201587.0
201752.0
201923.0
202081.0
202245.0
202419.0
202593.0
202765.0
202934.0
203105.0
203281.0
203452.0
203609.0
203777.0
203945.0
