a = 0.2
g = 0.2
e = 0.1
random initial weights = false

-789.0
-1454.0
-1978.0
-4510.0
-5038.0
-5646.0
-6097.0
-6647.0
-7075.0
-7552.0
-8013.0
-8541.0
-8953.0
-9371.0
-9819.0
-10300.0
-10731.0
-11172.0
-11590.0
-12032.0
-12485.0
-12939.0
-13359.0
-13782.0
-14218.0
-14636.0
-15054.0
-15470.0
-15908.0
-16320.0
-16734.0
-16564.0
-16972.0
-16829.0
-16647.0
-17055.0
-17469.0
-17304.0
-17120.0
-17528.0
-17350.0
-17762.0
-18172.0
-17994.0
-17814.0
-18222.0
-18075.0
-17891.0
-17707.0
-17525.0
-17353.0
-17171.0
-17579.0
-17402.0
-17218.0
-17041.0
-16861.0
-16681.0
-16507.0
-16328.0
-16144.0
-15960.0
-15776.0
-15594.0
-15412.0
-15230.0
-15058.0
-14874.0
-14690.0
-14506.0
-14322.0
-14138.0
-13964.0
-13780.0
-13619.0
-13437.0
-13253.0
-13069.0
-12895.0
-12711.0
-12529.0
-12345.0
-12165.0
-11990.0
-11806.0
-11622.0
-11462.0
-11278.0
-11094.0
-10912.0
-10728.0
-10544.0
-10360.0
-10176.0
-9992.0
-9810.0
-9636.0
-9454.0
-9275.0
-9091.0
-8907.0
-8723.0
-8539.0
-8361.0
-8177.0
-7995.0
-7813.0
-7629.0
-7449.0
-7265.0
-7086.0
-6902.0
-6720.0
-6538.0
-6354.0
-6172.0
-5994.0
-5810.0
-5626.0
-5442.0
-5270.0
-5097.0
-4913.0
-4739.0
-4564.0
-4380.0
-4203.0
-4019.0
-3835.0
-3659.0
-3477.0
-3293.0
-3109.0
-2925.0
-2747.0
-2563.0
-2379.0
-2197.0
-2013.0
-1833.0
-1656.0
-1472.0
-1293.0
-1109.0
-925.0
-873.0
-689.0
-512.0
-328.0
-149.0
30.0
195.0
379.0
561.0
745.0
929.0
1106.0
1290.0
1472.0
1656.0
1840.0
2017.0
2201.0
2385.0
2569.0
2753.0
2930.0
3114.0
3298.0
3480.0
3657.0
3833.0
4010.0
4192.0
4371.0
4555.0
4737.0
4914.0
5088.0
5267.0
5449.0
5633.0
5812.0
5996.0
6180.0
6359.0
6543.0
6727.0
6911.0
7090.0
7274.0
7458.0
7642.0
7826.0
8008.0
8186.0
8354.0
8538.0
8720.0
8897.0
9081.0
9258.0
9440.0
9622.0
9799.0
9983.0
10167.0
10351.0
10527.0
10705.0
10889.0
11071.0
11255.0
11437.0
11621.0
11794.0
11978.0
12162.0
12344.0
12515.0
12699.0
12883.0
13065.0
13249.0
13428.0
13612.0
13796.0
13980.0
14162.0
14346.0
14528.0
14712.0
14891.0
15073.0
15257.0
15437.0
15621.0
15793.0
15977.0
16151.0
16330.0
16512.0
16694.0
16876.0
17058.0
17238.0
17422.0
17606.0
17790.0
17974.0
18158.0
18340.0
18519.0
18703.0
18887.0
19071.0
19255.0
19439.0
19623.0
19807.0
19991.0
20175.0
20359.0
20533.0
20717.0
20899.0
21083.0
21267.0
21442.0
21617.0
21801.0
21983.0
22157.0
22341.0
22525.0
22709.0
22893.0
23077.0
23261.0
23434.0
23616.0
23798.0
23982.0
24162.0
24346.0
24530.0
24709.0
24891.0
25065.0
25249.0
25433.0
25617.0
25801.0
25985.0
26165.0
26349.0
26531.0
26705.0
26882.0
27059.0
27243.0
27425.0
27609.0
27791.0
27973.0
28152.0
28332.0
28514.0
28693.0
28875.0
29057.0
29239.0
29418.0
29602.0
29786.0
29970.0
30154.0
30338.0
30522.0
30701.0
30885.0
31069.0
31251.0
31435.0
31614.0
31798.0
31982.0
32166.0
32350.0
32534.0
32706.0
32888.0
33072.0
33254.0
33424.0
33608.0
33792.0
33972.0
34156.0
34326.0
34510.0
34694.0
34878.0
35062.0
35244.0
35428.0
35612.0
35786.0
35968.0
36152.0
36330.0
36514.0
36694.0
36878.0
37062.0
37244.0
37428.0
37612.0
37796.0
37980.0
38157.0
38339.0
38523.0
38705.0
38889.0
39073.0
39257.0
39437.0
39621.0
39803.0
39979.0
40161.0
40343.0
40522.0
40699.0
40878.0
41062.0
41242.0
41417.0
41596.0
41778.0
41962.0
42144.0
42326.0
42510.0
42687.0
42867.0
43044.0
43224.0
43408.0
43585.0
43769.0
43949.0
44133.0
44317.0
44499.0
44681.0
44865.0
45049.0
45233.0
45412.0
45596.0
45780.0
45959.0
46143.0
46320.0
46504.0
46688.0
46872.0
47046.0
47230.0
47412.0
47594.0
47778.0
47955.0
48139.0
48318.0
48498.0
48680.0
48858.0
49040.0
49219.0
49401.0
49578.0
49760.0
49937.0
50121.0
50305.0
50489.0
50673.0
50857.0
51036.0
51220.0
51404.0
51577.0
51759.0
51941.0
52125.0
52309.0
52487.0
52664.0
52848.0
53030.0
53209.0
53391.0
53561.0
53745.0
53927.0
54109.0
54286.0
54470.0
54654.0
54833.0
55012.0
55196.0
55378.0
55562.0
55744.0
55928.0
56112.0
56296.0
56478.0
56657.0
56839.0
57023.0
57207.0
57382.0
57566.0
57745.0
57917.0
58101.0
58281.0
58463.0
58642.0
58826.0
59006.0
59190.0
59374.0
59553.0
59732.0
59914.0
60075.0
60259.0
60443.0
60627.0
60807.0
60989.0
61166.0
61350.0
61534.0
61718.0
61896.0
62080.0
62264.0
62448.0
62623.0
62801.0
62985.0
63169.0
63353.0
63530.0
63714.0
63898.0
64082.0
64247.0
64431.0
64615.0
64794.0
64973.0
65153.0
65337.0
65521.0
65705.0
65889.0
66069.0
66253.0
66432.0
66616.0
66795.0
66979.0
67163.0
67343.0
67527.0
67706.0
67890.0
68069.0
68253.0
68437.0
68617.0
68799.0
68983.0
69167.0
69346.0
69525.0
69709.0
69893.0
70077.0
70261.0
70445.0
70629.0
70811.0
70990.0
71172.0
71356.0
71538.0
71722.0
71906.0
72083.0
72267.0
72449.0
72633.0
72817.0
73001.0
73185.0
73367.0
73551.0
73730.0
73914.0
74098.0
74282.0
74459.0
74639.0
74823.0
75005.0
75189.0
75371.0
75553.0
75730.0
75910.0
76094.0
76278.0
76455.0
76639.0
76823.0
77007.0
77191.0
77375.0
77557.0
77741.0
77925.0
78109.0
78293.0
78477.0
78661.0
78843.0
79027.0
79211.0
79391.0
79565.0
79747.0
79931.0
80108.0
80292.0
80471.0
80648.0
80832.0
81016.0
81198.0
81382.0
81566.0
81743.0
81927.0
82109.0
82291.0
82475.0
82659.0
82841.0
83023.0
83207.0
83389.0
83573.0
83757.0
83941.0
84125.0
84309.0
84491.0
84670.0
84852.0
85028.0
85212.0
85391.0
85570.0
85754.0
85933.0
86115.0
86299.0
86471.0
86655.0
86839.0
87023.0
87202.0
87376.0
87560.0
87744.0
87928.0
88110.0
88290.0
88474.0
88646.0
88830.0
89014.0
89196.0
89380.0
89562.0
89746.0
89930.0
90114.0
90298.0
90482.0
90666.0
90848.0
91032.0
91216.0
91400.0
91584.0
91758.0
91940.0
92124.0
92308.0
92492.0
92676.0
92860.0
93042.0
93226.0
93410.0
93594.0
93778.0
93957.0
94137.0
94321.0
94500.0
94682.0
94862.0
95046.0
95230.0
95412.0
95596.0
95778.0
95962.0
96146.0
96330.0
96514.0
96691.0
96863.0
97047.0
97231.0
97410.0
97594.0
97776.0
97960.0
98140.0
98322.0
98504.0
98688.0
98870.0
99047.0
99229.0
99406.0
99585.0
99769.0
99953.0
100137.0
100312.0
100496.0
100680.0
100864.0
101048.0
101232.0
101416.0
101600.0
101775.0
101959.0
102141.0
102325.0
102509.0
102689.0
102868.0
103052.0
103236.0
103420.0
103604.0
103788.0
103972.0
104151.0
104335.0
104517.0
104699.0
104883.0
105062.0
105246.0
105428.0
105607.0
105791.0
105971.0
106148.0
106332.0
106516.0
106700.0
106879.0
107063.0
107247.0
107421.0
107603.0
107785.0
107964.0
108148.0
108324.0
108508.0
108688.0
108868.0
109052.0
109236.0
109413.0
109595.0
109779.0
109956.0
110135.0
110314.0
110498.0
110682.0
110866.0
111050.0
111234.0
111416.0
111598.0
111780.0
111955.0
112139.0
112323.0
112507.0
112686.0
112870.0
113054.0
113238.0
113417.0
113601.0
113785.0
113969.0
114153.0
114337.0
114521.0
114705.0
114887.0
115069.0
115253.0
115437.0
115619.0
115801.0
115985.0
116167.0
116351.0
116530.0
116712.0
116886.0
117065.0
117245.0
117429.0
117613.0
117797.0
117954.0
118131.0
118315.0
118490.0
118672.0
118849.0
119031.0
119215.0
119399.0
119578.0
119762.0
119946.0
120130.0
120312.0
120491.0
120665.0
120847.0
121019.0
121201.0
121385.0
121569.0
121753.0
121935.0
122119.0
122299.0
122483.0
122665.0
122849.0
123031.0
123208.0
123392.0
123567.0
123746.0
123926.0
124100.0
124277.0
124459.0
124643.0
124825.0
125009.0
125186.0
125370.0
125554.0
125733.0
125917.0
126101.0
126285.0
126469.0
126653.0
126837.0
127021.0
127205.0
127387.0
127571.0
127753.0
127935.0
128107.0
128286.0
128460.0
128644.0
128828.0
129010.0
129192.0
129371.0
129555.0
129739.0
129923.0
130107.0
130289.0
130473.0
130655.0
130839.0
131023.0
131205.0
131389.0
131571.0
131748.0
131932.0
132116.0
132300.0
132477.0
132661.0
132843.0
133027.0
133203.0
133385.0
133567.0
133751.0
133930.0
134114.0
134298.0
134482.0
134666.0
134850.0
135027.0
135211.0
135393.0
135577.0
135755.0
135932.0
136116.0
136300.0
136484.0
136666.0
136846.0
137030.0
137214.0
137398.0
137575.0
137755.0
137925.0
138109.0
138291.0
138466.0
138633.0
138810.0
138989.0
139163.0
139347.0
139521.0
139705.0
139879.0
140061.0
140243.0
140425.0
140602.0
140784.0
140968.0
141147.0
141329.0
141513.0
141692.0
141868.0
142052.0
142234.0
142416.0
142600.0
142784.0
142968.0
143150.0
143332.0
143514.0
143691.0
143873.0
144050.0
144230.0
144409.0
144593.0
144777.0
144961.0
145136.0
145320.0
145495.0
145677.0
145861.0
146045.0
146227.0
146411.0
146595.0
146779.0
146963.0
147147.0
147324.0
147501.0
147679.0
147863.0
148042.0
148224.0
148403.0
148587.0
148769.0
148953.0
149135.0
149312.0
149496.0
149680.0
149862.0
150041.0
150221.0
150405.0
150589.0
150768.0
150942.0
151126.0
151303.0
151487.0
151659.0
151843.0
152025.0
152209.0
152393.0
152564.0
152748.0
152932.0
153111.0
153295.0
153477.0
153659.0
153843.0
154025.0
154209.0
154393.0
154575.0
154759.0
154938.0
155117.0
155289.0
155469.0
155648.0
155832.0
156016.0
156195.0
156374.0
156552.0
156736.0
156908.0
157092.0
157274.0
157456.0
157635.0
157817.0
158001.0
158185.0
158369.0
158553.0
158732.0
158899.0
159083.0
159267.0
159451.0
159635.0
159819.0
160001.0
160185.0
160369.0
160551.0
160731.0
160915.0
161099.0
161279.0
161463.0
161647.0
161826.0
162010.0
162192.0
162376.0
162558.0
162742.0
162926.0
163110.0
163294.0
163471.0
163653.0
163818.0
164000.0
164180.0
164364.0
164548.0
164732.0
164914.0
165096.0
165280.0
165464.0
165646.0
165828.0
166012.0
166196.0
166375.0
166554.0
166736.0
166913.0
167097.0
167276.0
167460.0
167635.0
167817.0
168001.0
168185.0
168367.0
168549.0
168731.0
168915.0
169097.0
169281.0
169463.0
169638.0
169817.0
170001.0
170185.0
170367.0
170546.0
170730.0
170914.0
171096.0
171278.0
171462.0
171646.0
171825.0
172009.0
172191.0
172375.0
172555.0
172732.0
172916.0
173100.0
173282.0
173466.0
173648.0
173827.0
174011.0
174190.0
174374.0
174558.0
174742.0
174926.0
175110.0
175294.0
175473.0
175657.0
175833.0
176017.0
176196.0
176378.0
176560.0
176742.0
176924.0
177108.0
177287.0
177471.0
177655.0
177837.0
178015.0
178199.0
178376.0
178560.0
178744.0
178928.0
179112.0
179294.0
179470.0
179647.0
179824.0
180008.0
180192.0
180369.0
180549.0
180728.0
180908.0
181092.0
181274.0
181458.0
181638.0
181820.0
181999.0
182183.0
182363.0
182547.0
182729.0
182909.0
183093.0
183273.0
183457.0
183641.0
183825.0
184007.0
184186.0
184370.0
184552.0
184727.0
184911.0
185095.0
185279.0
185463.0
185647.0
185831.0
186015.0
186197.0
186381.0
186563.0
186745.0
186929.0
187113.0
187293.0
187477.0
187661.0
187840.0
188019.0
188201.0
188385.0
188564.0
188748.0
188932.0
189116.0
189296.0
189475.0
189649.0
189831.0
190008.0
190190.0
190369.0
190546.0
190730.0
190907.0
191084.0
191268.0
191443.0
191627.0
191806.0
191985.0
192169.0
192343.0
192527.0
192709.0
192893.0
193077.0
193249.0
193433.0
193617.0
193799.0
193983.0
194167.0
194346.0
194530.0
194714.0
194894.0
195078.0
195262.0
195446.0
195625.0
195809.0
195984.0
196166.0
196348.0
196532.0
196714.0
196896.0
197080.0
197264.0
197448.0
197632.0
197816.0
198000.0
198184.0
198368.0
198552.0
198736.0
198904.0
199081.0
199263.0
199442.0
199626.0
199810.0
199994.0
200171.0
200355.0
200539.0
200721.0
200900.0
201084.0
201266.0
201450.0
201634.0
201818.0
202002.0
202186.0
202370.0
202554.0
202738.0
202922.0
203106.0
203290.0
203474.0
203658.0
203838.0
204018.0
204202.0
204379.0
204561.0
204738.0
204922.0
205095.0
205250.0
205434.0
205618.0
205800.0
205984.0
206168.0
206352.0
206536.0
206720.0
206904.0
207083.0
207267.0
207451.0
207635.0
207812.0
207996.0
208180.0
208359.0
208534.0
208706.0
208890.0
209069.0
209248.0
209432.0
209614.0
209798.0
209980.0
210164.0
210342.0
210526.0
210708.0
210883.0
211067.0
211251.0
211435.0
211619.0
211803.0
211982.0
212161.0
212345.0
212529.0
212713.0
212897.0
213076.0
213258.0
213440.0
213624.0
213808.0
213990.0
214170.0
214354.0
214536.0
214715.0
214899.0
215078.0
215260.0
215444.0
215628.0
215812.0
215994.0
216174.0
216358.0
216542.0
216726.0
216905.0
217089.0
217273.0
217457.0
217641.0
217825.0
218009.0
218193.0
218377.0
218561.0
218740.0
218922.0
219106.0
219290.0
219472.0
219656.0
219835.0
220017.0
220201.0
220380.0
220552.0
220736.0
220913.0
221097.0
221269.0
221453.0
221635.0
221817.0
221994.0
222176.0
222360.0
222539.0
222721.0
222905.0
223089.0
223273.0
223457.0
223634.0
223811.0
223995.0
224175.0
224359.0
224543.0
224725.0
224909.0
225091.0
225275.0
225457.0
225641.0
225818.0
225997.0
226179.0
226358.0
226542.0
226726.0
226910.0
227094.0
227278.0
227462.0
227639.0
227823.0
228007.0
228191.0
228375.0
228559.0
228743.0
228925.0
229105.0
229285.0
229469.0
229648.0
229830.0
230009.0
230188.0
230372.0
230549.0
230733.0
230912.0
231096.0
231273.0
231452.0
231636.0
231816.0
231995.0
232174.0
232358.0
232542.0
232724.0
232906.0
233090.0
233274.0
233458.0
233638.0
233822.0
234004.0
234188.0
234372.0
234556.0
234738.0
234920.0
235099.0
235283.0
235463.0
235645.0
235829.0
236006.0
236190.0
236369.0
236546.0
236730.0
236910.0
237094.0
237274.0
237454.0
237638.0
237822.0
238006.0
238190.0
238374.0
238549.0
238731.0
238910.0
239082.0
239266.0
239450.0
239627.0
239809.0
239986.0
240170.0
240354.0
240538.0
240720.0
240898.0
241080.0
241255.0
241439.0
241623.0
241805.0
241987.0
242161.0
242343.0
242527.0
242709.0
242888.0
243067.0
243249.0
243433.0
243617.0
243801.0
243985.0
244169.0
244351.0
244533.0
244715.0
244899.0
245081.0
