a = 0.5
g = 0.2
e = 0.3
random initial weights = true

-1238.0
-1755.0
-2259.0
-2941.0
-3481.0
-4302.0
-5029.0
-5504.0
-5958.0
-6433.0
-6909.0
-7415.0
-7929.0
-8418.0
-8912.0
-9475.0
-9989.0
-10451.0
-10904.0
-11390.0
-11820.0
-12339.0
-12780.0
-13238.0
-13656.0
-13586.0
-14006.0
-13896.0
-14341.0
-14183.0
-14654.0
-15094.0
-15554.0
-15999.0
-16456.0
-16876.0
-17316.0
-17743.0
-18209.0
-18649.0
-19088.0
-19518.0
-19936.0
-20355.0
-20229.0
-20659.0
-21082.0
-21541.0
-21454.0
-21873.0
-22301.0
-22719.0
-23146.0
-23663.0
-24079.0
-24539.0
-24974.0
-25415.0
-25851.0
-26307.0
-26723.0
-26557.0
-26393.0
-26816.0
-26655.0
-27078.0
-26922.0
-27365.0
-27790.0
-28225.0
-28666.0
-29086.0
-28916.0
-28740.0
-28587.0
-29016.0
-28855.0
-28683.0
-28529.0
-28951.0
-29371.0
-29265.0
-29117.0
-28945.0
-28771.0
-28605.0
-28435.0
-28268.0
-28103.0
-27929.0
-27768.0
-27603.0
-27434.0
-27270.0
-27098.0
-26929.0
-27343.0
-27755.0
-28177.0
-28595.0
-28454.0
-28343.0
-28773.0
-29187.0
-29017.0
-28854.0
-28699.0
-28525.0
-28365.0
-28204.0
-28028.0
-27871.0
-27701.0
-27532.0
-27379.0
-27223.0
-27052.0
-26886.0
-26722.0
-26550.0
-26381.0
-26213.0
-26039.0
-25884.0
-25724.0
-25562.0
-25392.0
-25231.0
-25055.0
-24885.0
-24722.0
-24559.0
-24399.0
-24239.0
-24082.0
-23923.0
-23753.0
-23586.0
-23410.0
-23264.0
-23090.0
-22914.0
-22744.0
-22568.0
-22399.0
-22231.0
-22059.0
-21894.0
-21720.0
-21553.0
-21383.0
-21222.0
-21068.0
-20894.0
-20728.0
-20560.0
-20395.0
-20223.0
-20055.0
-19885.0
-19718.0
-19550.0
-19381.0
-19211.0
-19047.0
-18887.0
-18713.0
-18551.0
-18381.0
-18211.0
-18037.0
-17861.0
-17696.0
-17522.0
-17399.0
-17250.0
-17086.0
-16926.0
-16778.0
-16610.0
-16449.0
-16285.0
-16118.0
-15949.0
-15795.0
-15623.0
-15449.0
-15286.0
-15116.0
-14946.0
-14783.0
-14616.0
-14452.0
-14280.0
-14122.0
-13948.0
-13787.0
-13619.0
-13465.0
-13297.0
-13127.0
-12957.0
-12785.0
-12613.0
-12441.0
-12267.0
-12091.0
-11938.0
-11780.0
-11616.0
-11456.0
-11280.0
-11110.0
-10944.0
-10770.0
-10601.0
-10456.0
-10287.0
-10111.0
-9942.0
-9775.0
-9601.0
-9429.0
-9257.0
-9083.0
-8933.0
-8759.0
-8591.0
-8448.0
-8281.0
-8120.0
-7944.0
-7779.0
-7603.0
-7445.0
-7298.0
-7130.0
-6956.0
-6791.0
-6617.0
-6447.0
-6273.0
-6099.0
-5941.0
-5774.0
-5598.0
-5436.0
-5270.0
-5102.0
-4928.0
-4758.0
-4584.0
-4416.0
-4252.0
-4084.0
-3932.0
-3781.0
-3617.0
-3451.0
-3287.0
-3133.0
-2973.0
-2808.0
-2636.0
-2470.0
-2304.0
-2140.0
-1989.0
-1829.0
-1657.0
-1485.0
-1328.0
-1152.0
-981.0
-809.0
-637.0
-461.0
-290.0
-116.0
55.0
201.0
363.0
530.0
691.0
858.0
1022.0
1194.0
1358.0
1519.0
1693.0
1863.0
2025.0
2175.0
2328.0
2493.0
2669.0
2833.0
2992.0
3157.0
3313.0
3487.0
3645.0
3794.0
3935.0
4111.0
4283.0
4443.0
4592.0
4756.0
4924.0
5093.0
5265.0
5435.0
5607.0
5769.0
5933.0
6091.0
6247.0
6419.0
6584.0
6748.0
6918.0
7090.0
7262.0
7420.0
7591.0
7753.0
7924.0
8087.0
8247.0
8421.0
8591.0
8767.0
8935.0
9089.0
9258.0
9432.0
9602.0
9776.0
9942.0
10094.0
10256.0
10407.0
10570.0
10728.0
10897.0
11064.0
11216.0
11386.0
11560.0
11736.0
11902.0
12069.0
12228.0
12396.0
12566.0
12735.0
12895.0
13069.0
13231.0
13394.0
13561.0
13735.0
13907.0
14060.0
14222.0
14388.0
14564.0
14738.0
14910.0
15076.0
15250.0
15412.0
15569.0
15743.0
15915.0
16077.0
16246.0
16415.0
16579.0
16751.0
16911.0
17076.0
17246.0
17415.0
17589.0
17755.0
17884.0
18060.0
18232.0
18402.0
18570.0
18738.0
18900.0
19059.0
19233.0
19384.0
19541.0
19712.0
19882.0
20051.0
20211.0
20383.0
20551.0
20725.0
20889.0
21061.0
21233.0
21395.0
21563.0
21729.0
21900.0
22067.0
22220.0
22377.0
22545.0
22713.0
22887.0
23063.0
23230.0
23397.0
23550.0
23717.0
23877.0
24051.0
24218.0
24375.0
24543.0
24711.0
24880.0
25056.0
25221.0
25390.0
25564.0
25727.0
25892.0
26064.0
26229.0
26387.0
26550.0
26686.0
26855.0
27020.0
27181.0
27357.0
27520.0
27694.0
27864.0
28040.0
28210.0
28372.0
28536.0
28693.0
28855.0
29014.0
29180.0
29352.0
29521.0
29688.0
29860.0
30023.0
30187.0
30354.0
30525.0
30696.0
30872.0
31035.0
31205.0
31376.0
31536.0
31710.0
31880.0
32051.0
32223.0
32388.0
32553.0
32713.0
32880.0
33045.0
33208.0
33380.0
33536.0
33689.0
33856.0
34026.0
34177.0
34351.0
34523.0
34697.0
34871.0
35043.0
35217.0
35373.0
35545.0
35710.0
35879.0
36055.0
36215.0
36387.0
36561.0
36720.0
36890.0
37060.0
37230.0
37396.0
37570.0
37742.0
37916.0
38090.0
38255.0
38410.0
38579.0
38748.0
38913.0
39085.0
39257.0
39429.0
39596.0
39756.0
39917.0
40082.0
40237.0
40413.0
40587.0
40757.0
40925.0
41099.0
41263.0
41435.0
41607.0
41776.0
41938.0
42101.0
42277.0
42436.0
42594.0
42760.0
42923.0
43093.0
43261.0
43421.0
43589.0
43763.0
43920.0
44087.0
44242.0
44412.0
44546.0
44711.0
44878.0
45049.0
45215.0
45384.0
45546.0
45709.0
45879.0
46048.0
46208.0
46374.0
46546.0
46720.0
46888.0
47058.0
47234.0
47406.0
47578.0
47752.0
47920.0
48088.0
48240.0
48401.0
48563.0
48725.0
48871.0
49043.0
49217.0
49391.0
49563.0
49737.0
49897.0
50053.0
50227.0
50380.0
50550.0
50716.0
50862.0
51031.0
51187.0
51331.0
51462.0
51626.0
51791.0
51963.0
52139.0
52311.0
52476.0
52632.0
52806.0
52961.0
53120.0
53287.0
53463.0
53634.0
53798.0
53970.0
54136.0
54308.0
54480.0
54654.0
54799.0
54946.0
55112.0
55284.0
55454.0
55610.0
55779.0
55942.0
56111.0
56269.0
56435.0
56595.0
56751.0
56922.0
57080.0
57237.0
57396.0
57563.0
57737.0
57905.0
58077.0
58251.0
58420.0
58582.0
58756.0
58907.0
59079.0
59246.0
59407.0
59573.0
59745.0
59916.0
60084.0
60254.0
60422.0
60596.0
60768.0
60929.0
61096.0
61266.0
61411.0
61585.0
61757.0
61919.0
62093.0
62260.0
62421.0
62593.0
62765.0
62934.0
63103.0
63270.0
63419.0
63591.0
63744.0
63916.0
64074.0
64250.0
64417.0
64581.0
64755.0
64922.0
65089.0
65251.0
65418.0
65588.0
65752.0
65920.0
66089.0
66256.0
66418.0
66590.0
66760.0
66919.0
67089.0
67263.0
67435.0
67602.0
67774.0
67934.0
68102.0
68267.0
68436.0
68606.0
68778.0
68947.0
69121.0
69279.0
69443.0
69613.0
69778.0
69954.0
70117.0
70280.0
70454.0
70616.0
70737.0
70907.0
71071.0
71237.0
71391.0
71561.0
71702.0
71855.0
72031.0
72197.0
72364.0
72532.0
72706.0
72855.0
73022.0
73192.0
73350.0
73514.0
73683.0
73855.0
74007.0
74157.0
74296.0
74459.0
74631.0
74780.0
74952.0
75117.0
75285.0
75455.0
75616.0
75790.0
75944.0
76115.0
76278.0
76445.0
76615.0
76784.0
76953.0
77108.0
77268.0
77438.0
77591.0
77754.0
77925.0
78089.0
78257.0
78433.0
78603.0
78763.0
78928.0
79087.0
79256.0
79421.0
79587.0
79741.0
79915.0
80073.0
80240.0
80401.0
80569.0
80738.0
80907.0
81066.0
81234.0
81400.0
81559.0
81733.0
81894.0
82061.0
82231.0
82398.0
82562.0
82726.0
82900.0
83072.0
83240.0
83412.0
83578.0
83739.0
83904.0
84054.0
84221.0
84390.0
84562.0
84736.0
84910.0
85071.0
85243.0
85411.0
85569.0
85739.0
85909.0
86055.0
86229.0
86396.0
86564.0
86734.0
86901.0
87060.0
87229.0
87401.0
87575.0
87743.0
87909.0
88075.0
88244.0
88418.0
88581.0
88740.0
88912.0
89082.0
89239.0
89407.0
89581.0
89736.0
89894.0
90064.0
90233.0
90402.0
90552.0
90719.0
90893.0
91059.0
91227.0
91383.0
91543.0
91715.0
91878.0
92043.0
92207.0
92379.0
92544.0
92688.0
92851.0
93025.0
93199.0
93364.0
93523.0
93699.0
93856.0
93997.0
94169.0
94329.0
94482.0
94651.0
94825.0
94993.0
95165.0
95326.0
95496.0
95672.0
95840.0
96011.0
96165.0
96319.0
96493.0
96651.0
96816.0
96988.0
97152.0
97324.0
97493.0
97667.0
97839.0
98005.0
98171.0
98326.0
98487.0
98655.0
98817.0
98987.0
99155.0
99315.0
99480.0
99649.0
99811.0
99983.0
100141.0
100315.0
100486.0
100644.0
100797.0
100973.0
101138.0
101310.0
101478.0
101650.0
101795.0
101952.0
102124.0
102294.0
102441.0
102610.0
102780.0
102950.0
103126.0
103295.0
103471.0
103645.0
103812.0
103983.0
104155.0
104317.0
104466.0
104619.0
104795.0
104956.0
105122.0
105279.0
105441.0
105617.0
105783.0
105948.0
106119.0
106275.0
106445.0
106600.0
106769.0
106934.0
107104.0
107269.0
107438.0
107599.0
107773.0
107937.0
108100.0
108260.0
108421.0
108588.0
108750.0
108922.0
109094.0
109266.0
109431.0
109602.0
109764.0
109933.0
110096.0
110249.0
110405.0
110574.0
110728.0
110904.0
111068.0
111242.0
111412.0
111572.0
111746.0
111922.0
112086.0
112260.0
112421.0
112597.0
112764.0
112933.0
113080.0
113247.0
113411.0
113577.0
113744.0
113915.0
114091.0
114267.0
114437.0
114611.0
114787.0
114957.0
115117.0
115289.0
115460.0
115614.0
115772.0
115944.0
116116.0
116286.0
116460.0
116620.0
116794.0
116968.0
117140.0
117301.0
117469.0
117635.0
117797.0
117958.0
118134.0
118308.0
118480.0
118634.0
118810.0
118975.0
119138.0
119298.0
119472.0
119637.0
119801.0
119975.0
120147.0
120297.0
120473.0
120647.0
120823.0
120995.0
121161.0
121329.0
121503.0
121674.0
121826.0
121991.0
122163.0
122330.0
122502.0
122673.0
122845.0
123012.0
123181.0
123342.0
123511.0
123683.0
123845.0
124004.0
124167.0
124327.0
124493.0
124660.0
124827.0
125003.0
125168.0
125333.0
125495.0
125662.0
125826.0
125998.0
126174.0
126342.0
126512.0
126677.0
126832.0
126998.0
127174.0
127340.0
127512.0
127679.0
127847.0
127999.0
128168.0
128339.0
128504.0
128662.0
128826.0
128993.0
129163.0
129320.0
129482.0
129641.0
129793.0
129962.0
130136.0
130308.0
130471.0
130638.0
130792.0
130957.0
131122.0
131274.0
131440.0
131614.0
131788.0
131956.0
132117.0
132275.0
132445.0
132615.0
132791.0
132954.0
133112.0
133270.0
133444.0
133616.0
133764.0
133940.0
134102.0
134271.0
134403.0
134577.0
134745.0
134921.0
135091.0
135261.0
135408.0
135580.0
135745.0
135913.0
136087.0
136247.0
136417.0
136589.0
136750.0
136918.0
137081.0
137245.0
137417.0
137584.0
137743.0
137912.0
138080.0
138250.0
138408.0
138575.0
138745.0
138911.0
139083.0
139259.0
139433.0
139595.0
139758.0
139929.0
140101.0
140268.0
140437.0
140604.0
140772.0
140918.0
141072.0
141244.0
141420.0
141576.0
141748.0
141913.0
142089.0
142256.0
142425.0
142593.0
142759.0
142927.0
143084.0
143258.0
143420.0
143592.0
143753.0
143925.0
144093.0
144263.0
144435.0
144607.0
144779.0
144951.0
145125.0
145301.0
145475.0
145640.0
145810.0
145974.0
146126.0
146300.0
146461.0
146633.0
146800.0
146970.0
147132.0
147304.0
147468.0
147640.0
147806.0
147967.0
148139.0
148309.0
148477.0
148647.0
148810.0
148979.0
149143.0
149307.0
149466.0
149640.0
149807.0
149979.0
150153.0
150325.0
150494.0
150670.0
150840.0
151012.0
151188.0
151357.0
151524.0
151682.0
151852.0
152012.0
152179.0
152346.0
152518.0
152692.0
152860.0
153020.0
153181.0
153353.0
153527.0
153697.0
153858.0
154019.0
154191.0
154352.0
154526.0
154700.0
154862.0
155032.0
155196.0
155361.0
155529.0
155697.0
155868.0
156035.0
156205.0
156367.0
156529.0
156692.0
156864.0
157026.0
157176.0
157350.0
157526.0
157698.0
157870.0
158032.0
158187.0
158357.0
158523.0
158690.0
158855.0
159026.0
159186.0
159358.0
159530.0
159706.0
159876.0
160050.0
160217.0
160388.0
160544.0
160718.0
160892.0
161068.0
161242.0
161410.0
161584.0
161739.0
161911.0
162085.0
162244.0
162413.0
162587.0
162750.0
162920.0
163094.0
163266.0
163440.0
163609.0
163783.0
163946.0
164111.0
164263.0
164431.0
164591.0
164750.0
164920.0
165076.0
165250.0
165426.0
165593.0
165764.0
165924.0
166095.0
166269.0
166434.0
166604.0
166780.0
166941.0
167097.0
167248.0
167418.0
167573.0
167747.0
167917.0
168093.0
168261.0
168423.0
168595.0
168767.0
168938.0
169114.0
169252.0
169411.0
169568.0
169738.0
169903.0
170079.0
170246.0
170417.0
170591.0
170763.0
170932.0
171106.0
171265.0
171422.0
171588.0
171755.0
171925.0
172089.0
172256.0
172421.0
172589.0
172751.0
172913.0
173072.0
173229.0
173403.0
173577.0
173753.0
173925.0
174089.0
174255.0
174429.0
174592.0
174755.0
174921.0
175084.0
175235.0
175407.0
175558.0
175725.0
175893.0
176056.0
176228.0
176375.0
176543.0
176710.0
176886.0
177048.0
177212.0
177381.0
177535.0
177711.0
177878.0
178043.0
178219.0
178384.0
178543.0
178719.0
178893.0
179067.0
179227.0
179401.0
179569.0
179727.0
179889.0
180065.0
180241.0
180415.0
180589.0
180757.0
180929.0
181093.0
181260.0
181429.0
181594.0
181770.0
181931.0
182097.0
182271.0
182434.0
182606.0
182776.0
182948.0
183118.0
183290.0
183454.0
183622.0
183785.0
183959.0
184135.0
184307.0
184467.0
184636.0
184801.0
184959.0
185131.0
185301.0
185464.0
185620.0
185792.0
185966.0
186142.0
186314.0
186488.0
186650.0
186826.0
186980.0
187145.0
187312.0
187477.0
187638.0
187799.0
187955.0
188129.0
188298.0
188470.0
188624.0
188796.0
188968.0
189140.0
189307.0
189478.0
189641.0
189813.0
189984.0
190158.0
190330.0
190491.0
190663.0
190832.0
191006.0
191162.0
191329.0
191499.0
191662.0
191825.0
191996.0
192148.0
192308.0
192463.0
192629.0
192793.0
192967.0
193134.0
193308.0
193469.0
193632.0
193800.0
193974.0
194148.0
194264.0
194430.0
194597.0
194767.0
194928.0
195098.0
195263.0
195422.0
195590.0
195760.0
195932.0
196101.0
196258.0
196434.0
196606.0
196767.0
196939.0
197101.0
197275.0
197451.0
197608.0
197778.0
197947.0
198104.0
198274.0
198437.0
198611.0
198772.0
198946.0
199111.0
199274.0
199427.0
199597.0
199767.0
199927.0
200097.0
200263.0
200425.0
200599.0
200773.0
200940.0
201105.0
201268.0
201431.0
201598.0
201762.0
201922.0
202098.0
202261.0
202425.0
202596.0
202746.0
202922.0
