a = 0.2
g = 0.5
e = 0.5
random initial weights = true

-2793.0
-5938.0
-6699.0
-7166.0
-7886.0
-8456.0
-9377.0
-9928.0
-10654.0
-11220.0
-11988.0
-12433.0
-13032.0
-13476.0
-14067.0
-14629.0
-15381.0
-15942.0
-16481.0
-17065.0
-17559.0
-18124.0
-18608.0
-19176.0
-19651.0
-20183.0
-20823.0
-21271.0
-21726.0
-22250.0
-22817.0
-23328.0
-23764.0
-24189.0
-24653.0
-25093.0
-25620.0
-26196.0
-26640.0
-27218.0
-27705.0
-28151.0
-28621.0
-29051.0
-29486.0
-29962.0
-30395.0
-30861.0
-31290.0
-31774.0
-32219.0
-32743.0
-33249.0
-33794.0
-34250.0
-34748.0
-35175.0
-35596.0
-36038.0
-35910.0
-36326.0
-36251.0
-36690.0
-37127.0
-37552.0
-38063.0
-38480.0
-38923.0
-39392.0
-39877.0
-40311.0
-40821.0
-41317.0
-41790.0
-41624.0
-42061.0
-41945.0
-42412.0
-42293.0
-42125.0
-41988.0
-41830.0
-41683.0
-41532.0
-41967.0
-41816.0
-41665.0
-41526.0
-41942.0
-42385.0
-42804.0
-42653.0
-42502.0
-42937.0
-42775.0
-42634.0
-43073.0
-43513.0
-43364.0
-43234.0
-43111.0
-43531.0
-43967.0
-44445.0
-44866.0
-44726.0
-44580.0
-45007.0
-45443.0
-45887.0
-45751.0
-45593.0
-45430.0
-45285.0
-45162.0
-45001.0
-44841.0
-44669.0
-44514.0
-44367.0
-44232.0
-44060.0
-43891.0
-43730.0
-43567.0
-43458.0
-43330.0
-43158.0
-43051.0
-42911.0
-42747.0
-42582.0
-42439.0
-42274.0
-42109.0
-42001.0
-41831.0
-41687.0
-41532.0
-41358.0
-41209.0
-41050.0
-40907.0
-40768.0
-40596.0
-40431.0
-40270.0
-40114.0
-39947.0
-39804.0
-39649.0
-39520.0
-39399.0
-39235.0
-39127.0
-38981.0
-38830.0
-38658.0
-38499.0
-38327.0
-38159.0
-37996.0
-37870.0
-37755.0
-37585.0
-37433.0
-37268.0
-37115.0
-36948.0
-36833.0
-36674.0
-36506.0
-36335.0
-36168.0
-35997.0
-35866.0
-35709.0
-35545.0
-35388.0
-35216.0
-35071.0
-34912.0
-34756.0
-34590.0
-34439.0
-34282.0
-34117.0
-33967.0
-33831.0
-33668.0
-33501.0
-33357.0
-33190.0
-33038.0
-32868.0
-32728.0
-32583.0
-32416.0
-32249.0
-32091.0
-31939.0
-31772.0
-31611.0
-31454.0
-31324.0
-31188.0
-31048.0
-30889.0
-30721.0
-30584.0
-30410.0
-30256.0
-30090.0
-29940.0
-29783.0
-29657.0
-29511.0
-29371.0
-29208.0
-29071.0
-28906.0
-28742.0
-28600.0
-28436.0
-28286.0
-28138.0
-27986.0
-27825.0
-27664.0
-27504.0
-27376.0
-27216.0
-27062.0
-26934.0
-26803.0
-26667.0
-26502.0
-26341.0
-26171.0
-26008.0
-25838.0
-25682.0
-25528.0
-25358.0
-25216.0
-25080.0
-24923.0
-24763.0
-24601.0
-24450.0
-24292.0
-24122.0
-23976.0
-23816.0
-23654.0
-23491.0
-23362.0
-23201.0
-23058.0
-22911.0
-22739.0
-22576.0
-22416.0
-22265.0
-22123.0
-21968.0
-21803.0
-21651.0
-21523.0
-21349.0
-21193.0
-21038.0
-20875.0
-20703.0
-20548.0
-20419.0
-20262.0
-20100.0
-19956.0
-19784.0
-19659.0
-19515.0
-19369.0
-19205.0
-19064.0
-18911.0
-18747.0
-18588.0
-18419.0
-18256.0
-18082.0
-17916.0
-17773.0
-17626.0
-17476.0
-17322.0
-17188.0
-17024.0
-16877.0
-16716.0
-16558.0
-16395.0
-16235.0
-16098.0
-15933.0
-15782.0
-15636.0
-15481.0
-15313.0
-15189.0
-15039.0
-14907.0
-14779.0
-14651.0
-14500.0
-14339.0
-14183.0
-14022.0
-13852.0
-13697.0
-13542.0
-13386.0
-13210.0
-13057.0
-12918.0
-12758.0
-12606.0
-12476.0
-12361.0
-12200.0
-12053.0
-11892.0
-11726.0
-11558.0
-11438.0
-11272.0
-11134.0
-10976.0
-10818.0
-10692.0
-10537.0
-10374.0
-10229.0
-10111.0
-9961.0
-9811.0
-9664.0
-9497.0
-9331.0
-9164.0
-9022.0
-8865.0
-8705.0
-8540.0
-8383.0
-8229.0
-8071.0
-7903.0
-7733.0
-7565.0
-7421.0
-7255.0
-7102.0
-6939.0
-6773.0
-6630.0
-6464.0
-6300.0
-6131.0
-5974.0
-5811.0
-5665.0
-5501.0
-5349.0
-5196.0
-5033.0
-4884.0
-4724.0
-4591.0
-4445.0
-4273.0
-4108.0
-3949.0
-3799.0
-3625.0
-3464.0
-3295.0
-3127.0
-3018.0
-2858.0
-2701.0
-2550.0
-2386.0
-2238.0
-2079.0
-1958.0
-1788.0
-1630.0
-1490.0
-1330.0
-1156.0
-1000.0
-850.0
-687.0
-524.0
-376.0
-237.0
-83.0
89.0
239.0
388.0
524.0
664.0
820.0
968.0
1113.0
1264.0
1417.0
1576.0
1725.0
1876.0
2040.0
2141.0
2299.0
2458.0
2611.0
2764.0
2906.0
3082.0
3243.0
3391.0
3559.0
3707.0
3832.0
3981.0
4148.0
4293.0
4458.0
4618.0
4764.0
4899.0
5057.0
5231.0
5363.0
5506.0
5664.0
5838.0
5966.0
6121.0
6254.0
6392.0
6531.0
6694.0
6868.0
6999.0
7141.0
7313.0
7460.0
7626.0
7776.0
7929.0
8082.0
8236.0
8387.0
8543.0
8695.0
8852.0
9000.0
9161.0
9328.0
9458.0
9586.0
9751.0
9916.0
10046.0
10195.0
10357.0
10531.0
10693.0
10842.0
10985.0
11149.0
11280.0
11452.0
11613.0
11763.0
11913.0
12051.0
12217.0
12387.0
12549.0
12707.0
12847.0
13005.0
13161.0
13297.0
13467.0
13633.0
13791.0
13946.0
14109.0
14248.0
14403.0
14539.0
14686.0
14845.0
14976.0
15142.0
15290.0
15409.0
15567.0
15725.0
15895.0
16038.0
16197.0
16362.0
16514.0
16684.0
16835.0
16970.0
17089.0
17234.0
17384.0
17560.0
17662.0
17818.0
17957.0
18121.0
18279.0
18444.0
18586.0
18748.0
18905.0
19039.0
19185.0
19335.0
19503.0
19648.0
19794.0
19953.0
20127.0
20299.0
20432.0
20592.0
20757.0
20867.0
21003.0
21153.0
21320.0
21472.0
21634.0
21783.0
21930.0
22104.0
22275.0
22435.0
22592.0
22762.0
22898.0
23052.0
23211.0
23365.0
23517.0
23679.0
23843.0
24005.0
24175.0
24345.0
24487.0
24648.0
24805.0
24968.0
25100.0
25253.0
25387.0
25534.0
25699.0
25847.0
25999.0
26145.0
26313.0
26469.0
26639.0
26804.0
26969.0
27111.0
27287.0
27446.0
27609.0
27776.0
27944.0
28092.0
28226.0
28382.0
28512.0
28618.0
28784.0
28939.0
29083.0
29236.0
29404.0
29572.0
29723.0
29890.0
30037.0
30171.0
30321.0
30469.0
30596.0
30739.0
30890.0
31062.0
31207.0
31379.0
31540.0
31697.0
31852.0
32013.0
32175.0
32314.0
32455.0
32591.0
32749.0
32898.0
33048.0
33201.0
33360.0
33491.0
33641.0
33780.0
33930.0
34092.0
34254.0
34398.0
34568.0
34740.0
34878.0
35026.0
35188.0
35346.0
35500.0
35640.0
35789.0
35949.0
36094.0
36228.0
36378.0
36540.0
36697.0
36842.0
36972.0
37131.0
37291.0
37452.0
37624.0
37774.0
37935.0
38091.0
38245.0
38369.0
38530.0
38692.0
38837.0
38992.0
39143.0
39311.0
39456.0
39604.0
39738.0
39901.0
40047.0
40196.0
40361.0
40531.0
40665.0
40809.0
40961.0
41133.0
41284.0
41443.0
41606.0
41771.0
41936.0
42094.0
42258.0
42391.0
42538.0
42694.0
42822.0
42990.0
43131.0
43295.0
43445.0
43573.0
43737.0
43893.0
44052.0
44212.0
44344.0
44494.0
44650.0
44811.0
44961.0
45078.0
45222.0
45363.0
45520.0
45692.0
45836.0
45968.0
46130.0
46306.0
46471.0
46647.0
46796.0
46970.0
47125.0
47275.0
47438.0
47603.0
47760.0
47928.0
48081.0
48243.0
48382.0
48536.0
48682.0
48844.0
49011.0
49170.0
49331.0
49489.0
49651.0
49812.0
49980.0
50137.0
50269.0
50435.0
50573.0
50729.0
50878.0
50994.0
51153.0
51321.0
51465.0
51623.0
51782.0
51934.0
52097.0
52266.0
52419.0
52580.0
52738.0
52877.0
53038.0
53194.0
53368.0
53521.0
53665.0
53788.0
53948.0
54111.0
54262.0
54420.0
54578.0
54700.0
54859.0
55033.0
55184.0
55315.0
55485.0
55647.0
55783.0
55897.0
56047.0
56189.0
56332.0
56482.0
56627.0
56786.0
56951.0
57105.0
57254.0
57403.0
57562.0
57710.0
57876.0
58010.0
58166.0
58326.0
58500.0
58647.0
58790.0
58962.0
59118.0
59272.0
59437.0
59587.0
59755.0
59897.0
60058.0
60215.0
60339.0
60485.0
60639.0
60809.0
60953.0
61117.0
61242.0
61395.0
61545.0
61712.0
61841.0
61981.0
62143.0
62294.0
62446.0
62605.0
62765.0
62911.0
63054.0
63197.0
63349.0
63496.0
63625.0
63733.0
63899.0
64066.0
64236.0
64410.0
64548.0
64699.0
64831.0
64999.0
65166.0
65330.0
65494.0
65654.0
65812.0
65963.0
66131.0
66300.0
66452.0
66600.0
66772.0
66938.0
67082.0
67250.0
67420.0
67585.0
67722.0
67881.0
68055.0
68213.0
68372.0
68503.0
68656.0
68820.0
68980.0
69141.0
69290.0
69423.0
69584.0
69731.0
69890.0
70048.0
70199.0
70360.0
70509.0
70656.0
70817.0
70984.0
71139.0
71297.0
71417.0
71574.0
71726.0
71861.0
72024.0
72174.0
72339.0
72475.0
72651.0
72794.0
72964.0
73109.0
73281.0
73453.0
73598.0
73768.0
73942.0
74095.0
74243.0
74375.0
74492.0
74660.0
74797.0
74956.0
75114.0
75251.0
75394.0
75542.0
75689.0
75815.0
75969.0
76129.0
76276.0
76434.0
76597.0
76754.0
76901.0
77066.0
77226.0
77393.0
77554.0
77724.0
77888.0
78050.0
78201.0
78341.0
78472.0
78616.0
78751.0
78897.0
79057.0
79203.0
79356.0
79502.0
79643.0
79808.0
79970.0
80113.0
80282.0
80419.0
80554.0
80698.0
80850.0
80997.0
81139.0
81272.0
81400.0
81564.0
81721.0
81870.0
82028.0
82184.0
82338.0
82491.0
82634.0
82783.0
82959.0
83125.0
83288.0
83447.0
83617.0
83777.0
83930.0
84093.0
84255.0
84401.0
84550.0
84711.0
84872.0
85017.0
85163.0
85302.0
85467.0
85604.0
85772.0
85935.0
86092.0
86259.0
86426.0
86582.0
86752.0
86904.0
87046.0
87197.0
87350.0
87493.0
87649.0
87820.0
87969.0
88115.0
88267.0
88373.0
88526.0
88686.0
88846.0
89016.0
89183.0
89326.0
89469.0
89594.0
89741.0
89903.0
90071.0
90219.0
90381.0
90548.0
90714.0
90867.0
91041.0
91178.0
91331.0
91435.0
91609.0
91773.0
91929.0
92097.0
92267.0
92422.0
92572.0
92730.0
92886.0
93034.0
93197.0
93361.0
93499.0
93650.0
93773.0
93923.0
94073.0
94201.0
94365.0
94520.0
94672.0
94823.0
94991.0
95137.0
95297.0
95460.0
95616.0
95784.0
95941.0
96092.0
96235.0
96374.0
96512.0
96667.0
96825.0
96973.0
97120.0
97296.0
97460.0
97626.0
97778.0
97938.0
98085.0
98248.0
98385.0
98543.0
98706.0
98871.0
99040.0
99216.0
99345.0
99497.0
99642.0
99795.0
99957.0
100099.0
100249.0
100404.0
100561.0
100697.0
100827.0
100988.0
101138.0
101300.0
101470.0
101637.0
101794.0
101948.0
102083.0
102241.0
102402.0
102553.0
102706.0
102862.0
102995.0
103111.0
103267.0
103419.0
103566.0
103732.0
103899.0
104050.0
104202.0
104337.0
104496.0
104664.0
104813.0
104965.0
105105.0
105259.0
105418.0
105590.0
105732.0
105875.0
106045.0
106171.0
106322.0
106487.0
106656.0
106827.0
106978.0
107145.0
107308.0
107480.0
107625.0
107799.0
107957.0
108097.0
108252.0
108415.0
108581.0
108726.0
108864.0
109020.0
109192.0
109354.0
109517.0
109661.0
109817.0
109965.0
110139.0
110298.0
110454.0
110582.0
110712.0
110855.0
110987.0
111138.0
111292.0
111458.0
111617.0
111755.0
111914.0
112060.0
112215.0
112358.0
112513.0
112667.0
112818.0
112983.0
113138.0
113300.0
113463.0
113632.0
113780.0
113926.0
114087.0
114252.0
114424.0
114600.0
114759.0
114893.0
115013.0
115140.0
115256.0
115396.0
115553.0
115670.0
115829.0
115997.0
116121.0
116263.0
116418.0
116575.0
116738.0
116895.0
117050.0
117188.0
117330.0
117489.0
117645.0
117802.0
117951.0
118119.0
118278.0
118439.0
118563.0
118737.0
118890.0
119049.0
119218.0
119374.0
119542.0
119688.0
119829.0
120005.0
120149.0
120300.0
120439.0
120595.0
120735.0
120877.0
121043.0
121182.0
121328.0
121488.0
121648.0
121803.0
121962.0
122082.0
122235.0
122377.0
122535.0
122700.0
122838.0
123003.0
123146.0
123308.0
123472.0
123631.0
123781.0
123933.0
124077.0
124230.0
124393.0
124544.0
124690.0
124830.0
124973.0
125117.0
125279.0
125447.0
125604.0
125758.0
125904.0
126056.0
126182.0
126334.0
126433.0
126593.0
126755.0
126897.0
127064.0
127232.0
127400.0
127568.0
127724.0
127887.0
128034.0
128193.0
128344.0
128491.0
128661.0
128835.0
129007.0
129163.0
129309.0
129449.0
129609.0
129783.0
129925.0
130097.0
130235.0
130384.0
130503.0
130652.0
130823.0
130920.0
131085.0
131222.0
131392.0
131553.0
131718.0
131829.0
131982.0
132154.0
132299.0
132465.0
132620.0
132762.0
132900.0
133041.0
133193.0
133318.0
133450.0
133613.0
133773.0
133930.0
134073.0
134229.0
134375.0
134539.0
134683.0
134825.0
134972.0
135135.0
135311.0
135468.0
135640.0
135796.0
135961.0
136116.0
136276.0
136430.0
136606.0
136759.0
136924.0
137088.0
137251.0
137387.0
137546.0
137688.0
137844.0
137981.0
138129.0
138282.0
138442.0
138614.0
138790.0
138934.0
139104.0
139264.0
139423.0
139597.0
139760.0
139902.0
140044.0
140204.0
140348.0
140504.0
140680.0
140839.0
140986.0
141115.0
141287.0
141440.0
141590.0
141723.0
141893.0
142041.0
142175.0
142336.0
142473.0
142624.0
142786.0
142927.0
143068.0
143220.0
143377.0
143541.0
143712.0
143842.0
143993.0
144148.0
144300.0
144463.0
144632.0
144744.0
144901.0
145037.0
145193.0
145358.0
145490.0
145650.0
145817.0
145952.0
146085.0
146223.0
146371.0
146502.0
146672.0
146821.0
146982.0
147149.0
147323.0
147468.0
147618.0
147757.0
147915.0
148074.0
148242.0
148387.0
148554.0
148709.0
148867.0
148987.0
149108.0
149256.0
149423.0
149578.0
149727.0
149889.0
150051.0
150192.0
150358.0
150504.0
150644.0
150815.0
150967.0
151107.0
151258.0
151413.0
151571.0
151739.0
151893.0
152043.0
152198.0
152352.0
152519.0
152684.0
152816.0
152971.0
153135.0
153291.0
153442.0
153592.0
153723.0
153870.0
154007.0
154158.0
154325.0
154480.0
154652.0
154820.0
154985.0
155142.0
155302.0
155447.0
155563.0
155710.0
155860.0
156030.0
156183.0
156310.0
156469.0
156612.0
156765.0
156923.0
157040.0
157206.0
157355.0
157507.0
157670.0
157828.0
157991.0
158151.0
158315.0
158479.0
158633.0
158800.0
158950.0
159124.0
159276.0
159420.0
159583.0
159734.0
159897.0
160014.0
160169.0
160339.0
160478.0
160650.0
160818.0
160973.0
161125.0
161282.0
161433.0
161595.0
161748.0
161907.0
162076.0
162244.0
162392.0
162541.0
162683.0
162823.0
162983.0
163144.0
163302.0
163474.0
163626.0
163789.0
163949.0
164104.0
164278.0
164450.0
164614.0
164785.0
164942.0
165102.0
165268.0
165433.0
165603.0
165751.0
165912.0
166084.0
166247.0
166371.0
166545.0
166679.0
166838.0
166990.0
167144.0
167280.0
