a = 0.5
g = 0.2
e = 0.1
random initial weights = false

-1511.0
-1973.0
-2413.0
-2887.0
-3343.0
-3793.0
-4245.0
-4676.0
-5103.0
-5542.0
-5965.0
-6384.0
-6219.0
-6627.0
-7051.0
-6877.0
-6855.0
-7275.0
-7102.0
-6920.0
-6736.0
-6557.0
-6420.0
-6236.0
-6059.0
-5875.0
-5691.0
-5507.0
-5325.0
-5141.0
-4957.0
-4792.0
-4608.0
-4426.0
-4242.0
-4060.0
-3889.0
-3707.0
-3525.0
-3341.0
-3162.0
-2983.0
-2799.0
-2620.0
-2441.0
-2257.0
-2073.0
-1889.0
-1727.0
-1548.0
-1364.0
-1180.0
-996.0
-816.0
-632.0
-448.0
-269.0
-90.0
87.0
269.0
453.0
627.0
806.0
990.0
1172.0
1354.0
1534.0
1716.0
1898.0
2082.0
2250.0
2434.0
2616.0
2796.0
2978.0
3160.0
3344.0
3526.0
3705.0
3876.0
4053.0
4237.0
4421.0
4605.0
4789.0
4971.0
5153.0
5337.0
5511.0
5690.0
5869.0
6049.0
6233.0
6415.0
6597.0
6779.0
6961.0
7145.0
7329.0
7511.0
7690.0
7874.0
8058.0
8242.0
8421.0
8605.0
8789.0
8973.0
9155.0
9339.0
9519.0
9698.0
9882.0
10061.0
10238.0
10422.0
10599.0
10783.0
10967.0
11149.0
11333.0
11515.0
11699.0
11878.0
12062.0
12246.0
12428.0
12602.0
12772.0
12954.0
13138.0
13322.0
13504.0
13686.0
13868.0
14052.0
14236.0
14420.0
14599.0
14783.0
14967.0
15151.0
15333.0
15517.0
15699.0
15871.0
16055.0
16239.0
16423.0
16607.0
16791.0
16975.0
17157.0
17339.0
17519.0
17703.0
17887.0
18071.0
18253.0
18426.0
18608.0
18792.0
18976.0
19160.0
19344.0
19526.0
19705.0
19884.0
20056.0
20240.0
20422.0
20604.0
20788.0
20960.0
21144.0
21323.0
21501.0
21685.0
21862.0
22042.0
22226.0
22401.0
22585.0
22769.0
22939.0
23123.0
23302.0
23486.0
23668.0
23842.0
24026.0
24210.0
24394.0
24576.0
24758.0
24933.0
25115.0
25299.0
25481.0
25658.0
25837.0
26016.0
26198.0
26382.0
26560.0
26744.0
26928.0
27112.0
27292.0
27476.0
27660.0
27844.0
28026.0
28208.0
28387.0
28569.0
28753.0
28937.0
29121.0
29305.0
29489.0
29668.0
29852.0
30036.0
30220.0
30404.0
30588.0
30765.0
30939.0
31121.0
31305.0
31484.0
31668.0
31850.0
32034.0
32218.0
32402.0
32579.0
32761.0
32945.0
33127.0
33309.0
33485.0
33669.0
33853.0
34037.0
34221.0
34400.0
34584.0
34766.0
34950.0
35127.0
35311.0
35493.0
35677.0
35859.0
36041.0
36220.0
36404.0
36583.0
36765.0
36947.0
37131.0
37315.0
37499.0
37681.0
37855.0
38033.0
38217.0
38396.0
38580.0
38762.0
38942.0
39126.0
39310.0
39494.0
39678.0
39860.0
40044.0
40226.0
40410.0
40594.0
40778.0
40962.0
41146.0
41330.0
41509.0
41691.0
41875.0
42059.0
42243.0
42420.0
42600.0
42784.0
42966.0
43150.0
43328.0
43506.0
43690.0
43869.0
44053.0
44235.0
44419.0
44603.0
44787.0
44971.0
45155.0
45339.0
45523.0
45702.0
45877.0
46059.0
46243.0
46427.0
46609.0
46793.0
46971.0
47155.0
47339.0
47523.0
47697.0
47867.0
48051.0
48235.0
48419.0
48592.0
48767.0
48944.0
49123.0
49307.0
49491.0
49675.0
49854.0
50036.0
50215.0
50390.0
50572.0
50756.0
50938.0
51122.0
51304.0
51488.0
51672.0
51856.0
52038.0
52220.0
52402.0
52582.0
52766.0
52950.0
53134.0
53318.0
53502.0
53686.0
53870.0
54052.0
54227.0
54407.0
54591.0
54770.0
54949.0
55126.0
55310.0
55492.0
55674.0
55858.0
56042.0
56220.0
56387.0
56571.0
56753.0
56918.0
57102.0
57284.0
57461.0
57645.0
57829.0
58013.0
58197.0
58381.0
58565.0
58745.0
58929.0
59113.0
59297.0
59481.0
59665.0
59849.0
60033.0
60217.0
60401.0
60580.0
60764.0
60944.0
61123.0
61303.0
61487.0
61669.0
61847.0
62031.0
62215.0
62392.0
62576.0
62758.0
62942.0
63121.0
63303.0
63487.0
63671.0
63855.0
64032.0
64216.0
64398.0
64570.0
64754.0
64938.0
65117.0
65301.0
65480.0
65662.0
65846.0
66028.0
66212.0
66396.0
66580.0
66764.0
66943.0
67125.0
67309.0
67493.0
67677.0
67859.0
68043.0
68227.0
68411.0
68595.0
68779.0
68958.0
69142.0
69324.0
69508.0
69692.0
69876.0
70055.0
70239.0
70423.0
70605.0
70787.0
70971.0
71155.0
71339.0
71523.0
71700.0
71884.0
72063.0
72247.0
72426.0
72605.0
72784.0
72966.0
73150.0
73334.0
73513.0
73697.0
73870.0
74047.0
74226.0
74403.0
74587.0
74766.0
74950.0
75129.0
75313.0
75485.0
75664.0
75846.0
76028.0
76205.0
76389.0
76568.0
76752.0
76936.0
77120.0
77304.0
77488.0
77670.0
77844.0
78019.0
78192.0
78374.0
78558.0
78742.0
78926.0
79104.0
79288.0
79472.0
79652.0
79836.0
80020.0
80204.0
80383.0
80565.0
80745.0
80929.0
81108.0
81290.0
81469.0
81653.0
81837.0
82021.0
82200.0
82384.0
82563.0
82747.0
82925.0
83107.0
83291.0
83475.0
83657.0
83836.0
84013.0
84197.0
84381.0
84565.0
84742.0
84926.0
85100.0
85284.0
85468.0
85650.0
85834.0
86011.0
86193.0
86377.0
86559.0
86743.0
86925.0
87109.0
87283.0
87465.0
87638.0
87822.0
88006.0
88179.0
88363.0
88545.0
88712.0
88896.0
89075.0
89254.0
89433.0
89611.0
89795.0
89979.0
90163.0
90347.0
90531.0
90715.0
90899.0
91083.0
91267.0
91449.0
91631.0
91815.0
91999.0
92179.0
92349.0
92533.0
92717.0
92901.0
93085.0
93264.0
93446.0
93625.0
93809.0
93988.0
94172.0
94354.0
94533.0
94710.0
94894.0
95076.0
95260.0
95444.0
95623.0
95807.0
95991.0
96175.0
96359.0
96536.0
96720.0
96904.0
97083.0
97267.0
97451.0
97635.0
97815.0
97999.0
98178.0
98362.0
98546.0
98730.0
98914.0
99098.0
99282.0
99462.0
99644.0
99823.0
100007.0
100191.0
100375.0
100557.0
100739.0
100923.0
101107.0
101286.0
101470.0
101654.0
101836.0
102018.0
102195.0
102379.0
102563.0
102745.0
102929.0
103113.0
103295.0
103477.0
103656.0
103840.0
104018.0
104202.0
104384.0
104568.0
104750.0
104925.0
105099.0
105283.0
105450.0
105632.0
105810.0
105994.0
106178.0
106362.0
106541.0
106723.0
106907.0
107086.0
107266.0
107450.0
107634.0
107818.0
107997.0
108181.0
108363.0
108547.0
108731.0
108915.0
109095.0
109279.0
109458.0
109642.0
109824.0
109999.0
110183.0
110367.0
110540.0
110724.0
110906.0
111088.0
111272.0
111454.0
111638.0
111817.0
112001.0
112183.0
112367.0
112549.0
112733.0
112912.0
113096.0
113280.0
113464.0
113644.0
113828.0
114008.0
114188.0
114372.0
114556.0
114740.0
114924.0
115108.0
115283.0
115467.0
115651.0
115835.0
116017.0
116199.0
116383.0
116567.0
116751.0
116919.0
117103.0
117287.0
117467.0
117651.0
117835.0
118014.0
118184.0
118358.0
118540.0
118724.0
118906.0
119088.0
119272.0
119456.0
119636.0
119820.0
119999.0
120183.0
120367.0
120542.0
120726.0
120910.0
121090.0
121269.0
121453.0
121637.0
121821.0
122005.0
122189.0
122371.0
122555.0
122729.0
122909.0
123091.0
123268.0
123452.0
123619.0
123801.0
123980.0
124160.0
124339.0
124523.0
124707.0
124891.0
125075.0
125252.0
125436.0
125613.0
125792.0
125976.0
126158.0
126340.0
126524.0
126708.0
126892.0
127076.0
127260.0
127444.0
127626.0
127810.0
127989.0
128168.0
128352.0
128536.0
128720.0
128904.0
129088.0
129267.0
129441.0
129623.0
129798.0
129980.0
130164.0
130348.0
130532.0
130714.0
130898.0
131075.0
131259.0
131443.0
131625.0
131809.0
131991.0
132175.0
132359.0
132538.0
132722.0
132904.0
133083.0
133265.0
133449.0
133631.0
133810.0
133989.0
134173.0
134357.0
134537.0
134716.0
134893.0
135077.0
135261.0
135443.0
135622.0
135806.0
135980.0
136164.0
136343.0
136522.0
136706.0
136890.0
137067.0
137249.0
137433.0
137617.0
137796.0
137980.0
138157.0
138341.0
138520.0
138704.0
138881.0
139063.0
139247.0
139429.0
139613.0
139797.0
139981.0
140163.0
140347.0
140531.0
140715.0
140899.0
141083.0
141260.0
141444.0
141618.0
141797.0
141981.0
142165.0
142349.0
142526.0
142705.0
142889.0
143071.0
143243.0
143423.0
143602.0
143782.0
143966.0
144150.0
144332.0
144516.0
144700.0
144877.0
145061.0
145245.0
145429.0
145601.0
145785.0
145964.0
146144.0
146326.0
146510.0
146688.0
146872.0
147054.0
147233.0
147410.0
147594.0
147778.0
147962.0
148141.0
148323.0
148505.0
148689.0
148873.0
149055.0
149234.0
149413.0
149597.0
149781.0
149965.0
150149.0
150331.0
150505.0
150687.0
150869.0
151053.0
151235.0
151410.0
151590.0
151772.0
151956.0
152140.0
152318.0
152497.0
152681.0
152865.0
153039.0
153223.0
153402.0
153586.0
153763.0
153945.0
154129.0
154311.0
154495.0
154677.0
154861.0
155045.0
155227.0
155411.0
155593.0
155772.0
155954.0
156136.0
156320.0
156502.0
156684.0
156868.0
157050.0
157234.0
157418.0
157597.0
157781.0
157965.0
158149.0
158329.0
158513.0
158697.0
158871.0
159050.0
159230.0
159414.0
159593.0
159777.0
159961.0
160145.0
160329.0
160506.0
160685.0
160864.0
161048.0
161232.0
161416.0
161600.0
161779.0
161963.0
162147.0
162324.0
162508.0
162692.0
162874.0
163058.0
163237.0
163421.0
163605.0
163779.0
163963.0
164145.0
164329.0
164508.0
164687.0
164871.0
165055.0
165237.0
165421.0
165605.0
165785.0
165969.0
166153.0
166337.0
166521.0
166700.0
166882.0
167061.0
167243.0
167425.0
167607.0
167789.0
167971.0
168155.0
168339.0
168521.0
168691.0
168870.0
169049.0
169233.0
169417.0
169601.0
169778.0
169962.0
170146.0
170326.0
170510.0
170694.0
170878.0
171057.0
171241.0
171425.0
171609.0
171793.0
171977.0
172161.0
172341.0
172521.0
172705.0
172889.0
173073.0
173257.0
173441.0
173618.0
173800.0
173984.0
174168.0
174350.0
174534.0
174714.0
174898.0
175082.0
175264.0
175439.0
175618.0
175802.0
175986.0
176170.0
176352.0
176536.0
176720.0
176904.0
177088.0
177255.0
177439.0
177623.0
177807.0
177986.0
178170.0
178354.0
178538.0
178720.0
178904.0
179084.0
179268.0
179452.0
179626.0
179805.0
179984.0
180168.0
180352.0
180536.0
180720.0
180904.0
181086.0
181270.0
181449.0
181631.0
181815.0
181992.0
182174.0
182356.0
182540.0
182719.0
182898.0
183080.0
183264.0
183448.0
183627.0
183809.0
183991.0
184173.0
184357.0
184541.0
184725.0
184909.0
185093.0
185277.0
185461.0
185640.0
185822.0
186001.0
186178.0
186360.0
186544.0
186724.0
186908.0
187092.0
187276.0
187460.0
187644.0
187828.0
188010.0
188194.0
188378.0
188555.0
188737.0
188916.0
189100.0
189284.0
189468.0
189652.0
189836.0
190015.0
190194.0
190378.0
190557.0
190739.0
190923.0
191096.0
191280.0
191459.0
191643.0
191825.0
192009.0
192193.0
192367.0
192549.0
192726.0
192910.0
193094.0
193278.0
193455.0
193632.0
193816.0
194000.0
194182.0
194357.0
194541.0
194720.0
194897.0
195081.0
195265.0
195449.0
195628.0
195805.0
195984.0
196168.0
196352.0
196534.0
196718.0
196902.0
197086.0
197268.0
197452.0
197636.0
197813.0
197990.0
198174.0
198356.0
198536.0
198715.0
198897.0
199081.0
199258.0
199440.0
199619.0
199798.0
199975.0
200150.0
200334.0
200514.0
200698.0
200880.0
201062.0
201239.0
201423.0
201605.0
201783.0
201967.0
202151.0
202335.0
202517.0
202701.0
202885.0
203064.0
203243.0
203418.0
203600.0
203784.0
203968.0
204152.0
204336.0
204520.0
204702.0
204884.0
205064.0
205241.0
205423.0
205602.0
205786.0
205970.0
206152.0
206331.0
206511.0
206695.0
206879.0
207063.0
207245.0
207429.0
207606.0
207785.0
207967.0
208134.0
208318.0
208500.0
208679.0
208856.0
209035.0
209219.0
209401.0
209585.0
209762.0
209946.0
210128.0
210312.0
210496.0
210680.0
210864.0
211046.0
211225.0
211409.0
211591.0
211775.0
211959.0
212143.0
212322.0
212496.0
212680.0
212864.0
213048.0
213232.0
213411.0
213588.0
213770.0
213952.0
214136.0
214315.0
214494.0
214678.0
214860.0
215044.0
215228.0
215412.0
215594.0
215778.0
215962.0
216142.0
216326.0
216510.0
216689.0
216873.0
217057.0
217239.0
217423.0
217607.0
217789.0
217973.0
218143.0
218323.0
218500.0
218682.0
218866.0
219050.0
219234.0
219416.0
219600.0
219779.0
219961.0
220140.0
220322.0
220504.0
220686.0
220870.0
221048.0
221232.0
221416.0
221600.0
221784.0
221966.0
222145.0
222327.0
222511.0
222688.0
222867.0
223051.0
223233.0
223417.0
223597.0
223776.0
223958.0
224135.0
224315.0
224497.0
224681.0
224863.0
225042.0
225224.0
225408.0
225590.0
225772.0
225951.0
226135.0
226317.0
226494.0
226671.0
226851.0
227033.0
227217.0
227401.0
227580.0
227764.0
227948.0
228130.0
228314.0
228498.0
228682.0
228866.0
229050.0
229232.0
229416.0
229596.0
229780.0
229957.0
230139.0
230314.0
230498.0
230682.0
230866.0
231041.0
231225.0
231407.0
231586.0
231770.0
231954.0
232136.0
232320.0
232502.0
232679.0
232861.0
233043.0
233227.0
233409.0
233588.0
233772.0
233947.0
234129.0
234307.0
234491.0
234675.0
234855.0
235039.0
235221.0
235403.0
235585.0
235765.0
235947.0
236131.0
236303.0
236487.0
236669.0
236851.0
237035.0
237214.0
237396.0
237580.0
237762.0
237939.0
238123.0
238302.0
238480.0
238657.0
238841.0
239025.0
239209.0
239393.0
239577.0
239761.0
239945.0
240127.0
240311.0
240495.0
240677.0
240859.0
241043.0
241225.0
241409.0
241591.0
241775.0
241959.0
242138.0
242315.0
242499.0
242683.0
242863.0
243043.0
243223.0
243407.0
243591.0
243775.0
243959.0
244141.0
244321.0
244505.0
244689.0
244871.0
245053.0
245237.0
245421.0
245595.0
245779.0
245963.0
246147.0
246327.0
246509.0
246693.0
246871.0
247055.0
247237.0
247421.0
247605.0
247784.0
247968.0
248152.0
248331.0
248515.0
248697.0
248881.0
249060.0
249244.0
249428.0
249612.0
249796.0
249978.0
250160.0
250342.0
250524.0
250706.0
250885.0
251067.0
251251.0
251425.0
251605.0
251789.0
251973.0
252153.0
252335.0
252517.0
252696.0
252880.0
253064.0
253246.0
253428.0
253612.0
253791.0
253970.0
254154.0
254338.0
254520.0
254702.0
254871.0
255050.0
255232.0
255414.0
255596.0
255780.0
255962.0
256142.0
256317.0
256501.0
256683.0
256865.0
257044.0
257226.0
257410.0
257594.0
257771.0
257955.0
258137.0
258316.0
258500.0
258684.0
258866.0
259050.0
259234.0
259413.0
259597.0
259776.0
259958.0
260135.0
260314.0
260498.0
260682.0
260866.0
261050.0
261229.0
261402.0
261586.0
261761.0
261945.0
