a = 0.8
g = 0.8
e = 0.5
random initial weights = true

-2661.0
-3289.0
-4002.0
-4519.0
-5075.0
-5527.0
-6044.0
-6472.0
-7125.0
-7566.0
-8044.0
-7890.0
-7758.0
-7592.0
-7443.0
-7280.0
-7157.0
-7018.0
-6879.0
-6726.0
-6554.0
-6390.0
-6218.0
-6074.0
-5911.0
-5746.0
-5591.0
-5434.0
-5281.0
-5139.0
-4966.0
-4794.0
-4635.0
-4453.0
-4286.0
-4137.0
-3995.0
-3858.0
-3692.0
-3558.0
-3381.0
-3255.0
-3092.0
-2912.0
-2761.0
-2582.0
-2411.0
-2260.0
-2274.0
-2092.0
-1926.0
-1755.0
-1594.0
-1421.0
-1263.0
-1105.0
-937.0
-785.0
-612.0
-450.0
-268.0
-107.0
37.0
165.0
318.0
479.0
656.0
803.0
966.0
1125.0
1282.0
1402.0
1528.0
1701.0
1836.0
2002.0
2175.0
2344.0
2492.0
2630.0
2775.0
2936.0
3113.0
3262.0
3441.0
3609.0
3769.0
3947.0
4100.0
4259.0
4416.0
4590.0
4756.0
4928.0
5075.0
5251.0
5425.0
5589.0
5760.0
5906.0
6086.0
6204.0
6352.0
6527.0
6689.0
6848.0
7015.0
7173.0
7357.0
7537.0
7709.0
7879.0
8025.0
8186.0
8309.0
8462.0
8609.0
8781.0
8932.0
9077.0
9254.0
9416.0
9572.0
9730.0
9870.0
10052.0
10219.0
10391.0
10562.0
10707.0
10863.0
11045.0
11227.0
11402.0
11573.0
11724.0
11908.0
12069.0
12249.0
12386.0
12539.0
12711.0
12882.0
13062.0
13222.0
13389.0
13567.0
13747.0
13908.0
14061.0
14240.0
14390.0
14556.0
14740.0
14909.0
15085.0
15219.0
15369.0
15538.0
15684.0
15833.0
15998.0
16161.0
16331.0
16494.0
16652.0
16786.0
16953.0
17107.0
17279.0
17449.0
17596.0
17756.0
17925.0
18046.0
18230.0
18396.0
18569.0
18739.0
18919.0
19099.0
19245.0
19414.0
19557.0
19720.0
19878.0
20049.0
20197.0
20312.0
20488.0
20653.0
20792.0
20968.0
21097.0
21260.0
21426.0
21600.0
21749.0
21922.0
22067.0
22249.0
22414.0
22578.0
22731.0
22908.0
23052.0
23211.0
23376.0
23540.0
23688.0
23853.0
24008.0
24167.0
24338.0
24469.0
24612.0
24782.0
24946.0
25114.0
25258.0
25436.0
25607.0
25773.0
25948.0
26078.0
26241.0
26403.0
26570.0
26750.0
26897.0
27077.0
27255.0
27426.0
27578.0
27753.0
27902.0
28081.0
28254.0
28378.0
28550.0
28691.0
28814.0
28975.0
29155.0
29309.0
29458.0
29602.0
29756.0
29905.0
30070.0
30228.0
30401.0
30569.0
30740.0
30891.0
31050.0
31210.0
31379.0
31534.0
31698.0
31867.0
32030.0
32200.0
32364.0
32529.0
32699.0
32868.0
33026.0
33183.0
33324.0
33483.0
33651.0
33828.0
34007.0
34180.0
34350.0
34484.0
34645.0
34821.0
34984.0
35128.0
35276.0
35438.0
35560.0
35734.0
35885.0
36024.0
36203.0
36376.0
36506.0
36660.0
36825.0
36982.0
37157.0
37322.0
37495.0
37656.0
37827.0
38009.0
38173.0
38324.0
38496.0
38646.0
38794.0
38963.0
39126.0
39285.0
39457.0
39625.0
39790.0
39963.0
40089.0
40236.0
40406.0
40573.0
40744.0
40904.0
41081.0
41244.0
41414.0
41577.0
41754.0
41896.0
42076.0
42239.0
42397.0
42575.0
42743.0
42894.0
42980.0
43080.0
43241.0
43405.0
43576.0
43746.0
43914.0
44061.0
44209.0
44381.0
44546.0
44701.0
44879.0
45059.0
45228.0
45404.0
45588.0
45753.0
45917.0
46092.0
46255.0
46426.0
46578.0
46750.0
46920.0
47080.0
47244.0
47426.0
47560.0
47698.0
47844.0
48019.0
48199.0
48355.0
48511.0
48670.0
48838.0
48998.0
49165.0
49342.0
49515.0
49675.0
49839.0
50000.0
50172.0
50349.0
50498.0
50663.0
50808.0
50978.0
51156.0
51314.0
51470.0
51637.0
51819.0
51990.0
52158.0
52328.0
52508.0
52692.0
52859.0
53022.0
53176.0
53351.0
53520.0
53693.0
53863.0
53966.0
54133.0
54269.0
54416.0
54584.0
54761.0
54925.0
55087.0
55234.0
55411.0
55583.0
55732.0
55891.0
56066.0
56217.0
56387.0
56547.0
56696.0
56854.0
57013.0
57160.0
57302.0
57468.0
57633.0
57802.0
57980.0
58150.0
58315.0
58461.0
58623.0
58781.0
58887.0
59035.0
59168.0
59299.0
59462.0
59635.0
59812.0
59974.0
60137.0
60308.0
60475.0
60647.0
60801.0
60929.0
61093.0
61254.0
61424.0
61598.0
61757.0
61918.0
62059.0
62208.0
62392.0
62563.0
62739.0
62890.0
63057.0
63223.0
63400.0
63566.0
63734.0
63877.0
64006.0
64182.0
64334.0
64509.0
64664.0
64822.0
64983.0
65158.0
65319.0
65484.0
65664.0
65826.0
65989.0
66145.0
66329.0
66495.0
66660.0
66810.0
66986.0
67129.0
67303.0
67466.0
67639.0
67810.0
67948.0
68116.0
68277.0
68441.0
68592.0
68753.0
68930.0
69102.0
69277.0
69447.0
69618.0
69774.0
69916.0
70082.0
70221.0
70378.0
70551.0
70705.0
70862.0
71044.0
71224.0
71404.0
71575.0
71699.0
71847.0
71983.0
72165.0
72268.0
72446.0
72569.0
72742.0
72887.0
73044.0
73216.0
73370.0
73536.0
73693.0
73861.0
74035.0
74212.0
74370.0
74513.0
74666.0
74805.0
74946.0
75106.0
75269.0
75440.0
75624.0
75796.0
75952.0
76101.0
76251.0
76413.0
76581.0
76732.0
76893.0
77071.0
77220.0
77388.0
77539.0
77717.0
77895.0
78032.0
78197.0
78364.0
78517.0
78691.0
78841.0
79006.0
79176.0
79356.0
79531.0
79703.0
79858.0
80031.0
80188.0
80347.0
80518.0
80683.0
80843.0
81025.0
81165.0
81335.0
81504.0
81675.0
81853.0
82009.0
82165.0
82322.0
82498.0
82675.0
82843.0
82996.0
83154.0
83324.0
83494.0
83647.0
83804.0
83975.0
84152.0
84327.0
84500.0
84675.0
84817.0
84995.0
85166.0
85332.0
85488.0
85642.0
85822.0
85987.0
86153.0
86335.0
86490.0
86668.0
86820.0
86985.0
87151.0
87316.0
87494.0
87666.0
87845.0
87998.0
88134.0
88223.0
88392.0
88567.0
88710.0
88882.0
89058.0
89206.0
89366.0
89546.0
89707.0
89857.0
90022.0
90202.0
90353.0
90515.0
90693.0
90862.0
91038.0
91213.0
91339.0
91481.0
91665.0
91826.0
91978.0
92134.0
92308.0
92475.0
92641.0
92819.0
92951.0
93100.0
93246.0
93381.0
93537.0
93662.0
93820.0
93980.0
94114.0
94282.0
94436.0
94604.0
94682.0
94859.0
95020.0
95191.0
95362.0
95521.0
95674.0
95834.0
96009.0
96159.0
96292.0
96441.0
96576.0
96722.0
96885.0
97029.0
97199.0
97360.0
97513.0
97670.0
97811.0
97983.0
98143.0
98305.0
98437.0
98598.0
98776.0
98955.0
99116.0
99288.0
99460.0
99644.0
99813.0
99956.0
100101.0
100281.0
100411.0
100585.0
100752.0
100922.0
101069.0
101241.0
101397.0
101559.0
101726.0
101901.0
102076.0
102231.0
102380.0
102544.0
102724.0
102894.0
103049.0
103217.0
103397.0
103577.0
103748.0
103916.0
104088.0
104256.0
104401.0
104556.0
104733.0
104905.0
105072.0
105214.0
105392.0
105551.0
105712.0
105881.0
106055.0
106213.0
106372.0
106546.0
106679.0
106858.0
106999.0
107160.0
107323.0
107489.0
107667.0
107838.0
108013.0
108170.0
108347.0
108525.0
108692.0
108825.0
108993.0
109156.0
109336.0
109503.0
109673.0
109844.0
110011.0
110167.0
110310.0
110479.0
110631.0
110813.0
110979.0
111159.0
111318.0
111444.0
111621.0
111771.0
111938.0
112081.0
112259.0
112428.0
112601.0
112773.0
112927.0
113107.0
113253.0
113410.0
113581.0
113758.0
113926.0
114073.0
114192.0
114359.0
114538.0
114705.0
114879.0
115022.0
115192.0
115337.0
115515.0
115666.0
115828.0
115969.0
116134.0
116295.0
116450.0
116628.0
116774.0
116954.0
117128.0
117295.0
117473.0
117639.0
117812.0
117971.0
118135.0
118287.0
118450.0
118625.0
118787.0
118942.0
119100.0
119260.0
119429.0
119586.0
119737.0
119907.0
120054.0
120208.0
120361.0
120537.0
120700.0
120878.0
121023.0
121183.0
121347.0
121500.0
121663.0
121836.0
121996.0
122170.0
122339.0
122504.0
122664.0
122815.0
122985.0
123129.0
123274.0
123429.0
123569.0
123739.0
123900.0
124067.0
124233.0
124375.0
124533.0
124704.0
124871.0
125045.0
125218.0
125396.0
125554.0
125722.0
125884.0
126054.0
126213.0
126369.0
126549.0
126715.0
126893.0
127033.0
127188.0
127357.0
127517.0
127649.0
127821.0
127998.0
128164.0
128305.0
128461.0
128606.0
128748.0
128901.0
129076.0
129227.0
129348.0
129506.0
129646.0
129781.0
129960.0
130130.0
130288.0
130458.0
130636.0
130807.0
130967.0
131136.0
131264.0
131425.0
131572.0
131735.0
131917.0
132077.0
132242.0
132417.0
132545.0
132699.0
132872.0
133054.0
133223.0
133392.0
133560.0
133734.0
133828.0
133989.0
134154.0
134292.0
134474.0
134644.0
134826.0
134994.0
135165.0
135305.0
135487.0
135651.0
135792.0
135936.0
136101.0
136259.0
136414.0
136560.0
136723.0
136879.0
137057.0
137224.0
137390.0
137555.0
137691.0
137853.0
138027.0
138201.0
138343.0
138476.0
138646.0
138805.0
138970.0
139089.0
139241.0
139415.0
139570.0
139735.0
139917.0
140069.0
140182.0
140350.0
140524.0
140661.0
140817.0
140990.0
141163.0
141331.0
141489.0
141669.0
141830.0
141997.0
142154.0
142328.0
142497.0
142674.0
142854.0
143038.0
143202.0
143360.0
143523.0
143681.0
143838.0
143984.0
144155.0
144308.0
144490.0
144661.0
144808.0
144968.0
145117.0
145287.0
145455.0
145624.0
145794.0
145961.0
146131.0
146287.0
146424.0
146551.0
146695.0
146830.0
146998.0
147132.0
147312.0
147492.0
147669.0
147829.0
147992.0
148151.0
148285.0
148451.0
148610.0
148794.0
148954.0
149116.0
149280.0
149372.0
149550.0
149705.0
149873.0
150049.0
150214.0
150369.0
150544.0
150693.0
150851.0
151010.0
151169.0
151331.0
151475.0
151621.0
151782.0
151959.0
152125.0
152282.0
152432.0
152595.0
152764.0
152906.0
153044.0
153203.0
153378.0
153543.0
153699.0
153874.0
154053.0
154199.0
154341.0
154514.0
154685.0
154854.0
155029.0
155196.0
155360.0
155507.0
155673.0
155825.0
155957.0
156131.0
156281.0
156434.0
156607.0
156771.0
156932.0
157111.0
157269.0
157403.0
157573.0
157738.0
157914.0
158084.0
158247.0
158410.0
158550.0
158708.0
158861.0
159031.0
159192.0
159336.0
159487.0
159660.0
159817.0
159979.0
160161.0
160255.0
160381.0
160537.0
160682.0
160845.0
161027.0
161167.0
161319.0
161492.0
161676.0
161844.0
162009.0
162163.0
162322.0
162484.0
162658.0
162816.0
162987.0
163146.0
163310.0
163459.0
163626.0
163790.0
163931.0
164083.0
164216.0
164376.0
164518.0
164687.0
164852.0
165026.0
165206.0
165370.0
165532.0
165711.0
165875.0
166011.0
166148.0
166309.0
166489.0
166633.0
166787.0
166947.0
167127.0
167307.0
167475.0
167641.0
167803.0
167967.0
168130.0
168290.0
168469.0
168618.0
168787.0
168954.0
169124.0
169289.0
169426.0
169601.0
169763.0
169929.0
170082.0
170262.0
170429.0
170598.0
170776.0
170941.0
171098.0
171232.0
171375.0
171557.0
171712.0
171889.0
172049.0
172205.0
172371.0
172544.0
172723.0
172883.0
173065.0
173245.0
173412.0
173566.0
173721.0
173876.0
174009.0
174168.0
174310.0
174482.0
174662.0
174836.0
174991.0
175164.0
175292.0
175462.0
175635.0
175806.0
175977.0
176137.0
176300.0
176462.0
176627.0
176760.0
176938.0
177118.0
177271.0
177416.0
177587.0
177740.0
177915.0
178088.0
178249.0
178411.0
178550.0
178732.0
178882.0
179059.0
179236.0
179411.0
179579.0
179759.0
179916.0
180082.0
180262.0
180442.0
180612.0
180751.0
180931.0
181111.0
181260.0
181409.0
181574.0
181720.0
181856.0
181998.0
182134.0
182303.0
182430.0
182601.0
182749.0
182924.0
183093.0
183230.0
183405.0
183549.0
183710.0
183885.0
184054.0
184197.0
184302.0
184486.0
184655.0
184825.0
184993.0
185165.0
185330.0
185460.0
185612.0
185771.0
185941.0
186100.0
186273.0
186429.0
186607.0
186781.0
186924.0
187093.0
187241.0
187406.0
187539.0
187721.0
187895.0
188068.0
188233.0
188396.0
188540.0
188719.0
188876.0
189040.0
189212.0
189373.0
189530.0
189691.0
189821.0
189982.0
190127.0
190291.0
190469.0
190587.0
190762.0
190938.0
191108.0
191236.0
191415.0
191594.0
191743.0
191916.0
192076.0
192240.0
192399.0
192581.0
192753.0
192926.0
193092.0
193210.0
193389.0
193558.0
193721.0
193897.0
194057.0
194225.0
194372.0
194550.0
194715.0
194890.0
195070.0
195233.0
195380.0
195537.0
195706.0
195872.0
196034.0
196194.0
196349.0
196486.0
196657.0
196823.0
196985.0
197143.0
197316.0
197478.0
197642.0
197810.0
197965.0
198122.0
198300.0
198469.0
198644.0
198736.0
198920.0
199080.0
199244.0
199426.0
199559.0
199729.0
199899.0
200065.0
200236.0
200403.0
200570.0
200736.0
200910.0
201085.0
201260.0
201429.0
201601.0
201765.0
201933.0
202088.0
202253.0
202410.0
202570.0
202737.0
202900.0
202997.0
203174.0
203303.0
203444.0
203617.0
203785.0
203958.0
204133.0
204311.0
204464.0
204631.0
204792.0
204967.0
205124.0
205281.0
205446.0
205608.0
205762.0
205917.0
206096.0
206255.0
206433.0
206572.0
206735.0
206907.0
207083.0
207252.0
207392.0
207551.0
207733.0
207884.0
208063.0
208229.0
208397.0
208562.0
208712.0
208884.0
209038.0
209183.0
209356.0
209530.0
209710.0
209886.0
210039.0
210217.0
210360.0
210492.0
210662.0
210838.0
211013.0
211172.0
211322.0
211483.0
211614.0
211798.0
211953.0
212116.0
212294.0
212464.0
212630.0
212803.0
212959.0
213137.0
213262.0
213416.0
213586.0
213746.0
213914.0
214082.0
214232.0
214390.0
214536.0
214697.0
214867.0
215032.0
215203.0
215340.0
215500.0
215674.0
215817.0
215980.0
216147.0
216319.0
216496.0
216675.0
216824.0
216975.0
217141.0
217301.0
217473.0
217649.0
217812.0
217968.0
218131.0
218273.0
218436.0
218609.0
218784.0
218956.0
219116.0
219282.0
219442.0
219566.0
219739.0
219899.0
220072.0
220221.0
220403.0
220580.0
220729.0
220895.0
221067.0
221243.0
221401.0
221576.0
221747.0
221925.0
222093.0
222268.0
222443.0
222576.0
222729.0
222898.0
223073.0
223241.0
223394.0
223552.0
223731.0
223881.0
224003.0
224172.0
224335.0
224493.0
224625.0
224802.0
224945.0
225109.0
225252.0
225432.0
225600.0
225780.0
225955.0
226113.0
226282.0
226455.0
226617.0
226766.0
226934.0
227094.0
227253.0
227396.0
227562.0
227723.0
227876.0
228056.0
228204.0
228371.0
228519.0
228668.0
228829.0
228985.0
229130.0
229291.0
229456.0
229635.0
229807.0
229987.0
230131.0
230302.0
230475.0
230629.0
230785.0
230935.0
231104.0
231266.0
231412.0
231568.0
231728.0
231877.0
232041.0
