a = 0.5
g = 0.8
e = 0.3
random initial weights = false

-1031.0
-4180.0
-4635.0
-5304.0
-5811.0
-6263.0
-6702.0
-7301.0
-7879.0
-8326.0
-8804.0
-9245.0
-9679.0
-10172.0
-10643.0
-11123.0
-11583.0
-12072.0
-12490.0
-12923.0
-13393.0
-13855.0
-14278.0
-14127.0
-13961.0
-14375.0
-14800.0
-14645.0
-15067.0
-15502.0
-15938.0
-16362.0
-16215.0
-16039.0
-16473.0
-16301.0
-16145.0
-15976.0
-15802.0
-15691.0
-15526.0
-15361.0
-15205.0
-15041.0
-14904.0
-14732.0
-14585.0
-14430.0
-14258.0
-14091.0
-13921.0
-13745.0
-13579.0
-13424.0
-13269.0
-13104.0
-12934.0
-12766.0
-12596.0
-12422.0
-12255.0
-12087.0
-11927.0
-11772.0
-11615.0
-11450.0
-11298.0
-11129.0
-10955.0
-10779.0
-10628.0
-10456.0
-10290.0
-10137.0
-9999.0
-9832.0
-9661.0
-9494.0
-9326.0
-9170.0
-9009.0
-8835.0
-8668.0
-8497.0
-8327.0
-8155.0
-7987.0
-7815.0
-7659.0
-7493.0
-7325.0
-7159.0
-6991.0
-6831.0
-6665.0
-6498.0
-6333.0
-6171.0
-5997.0
-5827.0
-5662.0
-5506.0
-5346.0
-5180.0
-5006.0
-4832.0
-4662.0
-4514.0
-4359.0
-4185.0
-4020.0
-3857.0
-3685.0
-3527.0
-3368.0
-3198.0
-3026.0
-2854.0
-2680.0
-2512.0
-2357.0
-2185.0
-2024.0
-1858.0
-1686.0
-1518.0
-1363.0
-1189.0
-1017.0
-848.0
-684.0
-518.0
-354.0
-178.0
-18.0
150.0
311.0
483.0
657.0
818.0
985.0
1157.0
1331.0
1505.0
1675.0
1837.0
1991.0
2167.0
2326.0
2500.0
2664.0
2831.0
3002.0
3172.0
3342.0
3487.0
3644.0
3811.0
3987.0
4154.0
4328.0
4500.0
4668.0
4838.0
5009.0
5177.0
5343.0
5515.0
5683.0
5857.0
6033.0
6203.0
6364.0
6529.0
6703.0
6873.0
7025.0
7199.0
7360.0
7532.0
7692.0
7853.0
8025.0
8184.0
8358.0
8534.0
8699.0
8863.0
9039.0
9204.0
9372.0
9542.0
9714.0
9890.0
10053.0
10218.0
10390.0
10560.0
10726.0
10893.0
11056.0
11223.0
11389.0
11559.0
11706.0
11865.0
12035.0
12211.0
12379.0
12548.0
12720.0
12877.0
13048.0
13218.0
13388.0
13555.0
13708.0
13882.0
14050.0
14208.0
14380.0
14540.0
14710.0
14848.0
15022.0
15198.0
15361.0
15531.0
15696.0
15866.0
16038.0
16212.0
16366.0
16536.0
16712.0
16880.0
17045.0
17212.0
17374.0
17541.0
17715.0
17869.0
18038.0
18199.0
18355.0
18527.0
18695.0
18861.0
19026.0
19191.0
19351.0
19515.0
19687.0
19854.0
20024.0
20192.0
20354.0
20524.0
20690.0
20860.0
21011.0
21181.0
21344.0
21497.0
21664.0
21838.0
22012.0
22159.0
22322.0
22492.0
22656.0
22828.0
22986.0
23148.0
23310.0
23482.0
23658.0
23815.0
23984.0
24154.0
24321.0
24484.0
24646.0
24820.0
24992.0
25156.0
25330.0
25491.0
25660.0
25824.0
25998.0
26166.0
26331.0
26507.0
26667.0
26838.0
27008.0
27182.0
27352.0
27524.0
27696.0
27870.0
28036.0
28208.0
28373.0
28536.0
28708.0
28878.0
29050.0
29209.0
29362.0
29534.0
29701.0
29864.0
30021.0
30195.0
30371.0
30530.0
30702.0
30876.0
31023.0
31195.0
31367.0
31541.0
31710.0
31880.0
32041.0
32199.0
32369.0
32539.0
32707.0
32879.0
33051.0
33213.0
33387.0
33550.0
33720.0
33896.0
34066.0
34214.0
34377.0
34541.0
34715.0
34883.0
35044.0
35212.0
35386.0
35552.0
35722.0
35890.0
36059.0
36224.0
36368.0
36544.0
36714.0
36884.0
37056.0
37209.0
37377.0
37547.0
37717.0
37889.0
38053.0
38214.0
38371.0
38543.0
38717.0
38882.0
39058.0
39225.0
39389.0
39548.0
39707.0
39879.0
40051.0
40220.0
40394.0
40566.0
40732.0
40904.0
41078.0
41234.0
41404.0
41568.0
41727.0
41886.0
42056.0
42225.0
42393.0
42567.0
42739.0
42915.0
43089.0
43255.0
43420.0
43592.0
43761.0
43925.0
44090.0
44262.0
44427.0
44599.0
44761.0
44925.0
45080.0
45256.0
45424.0
45596.0
45747.0
45911.0
46075.0
46244.0
46416.0
46582.0
46756.0
46920.0
47086.0
47256.0
47426.0
47600.0
47769.0
47936.0
48097.0
48269.0
48436.0
48593.0
48752.0
48900.0
49066.0
49240.0
49416.0
49590.0
49758.0
49928.0
50092.0
50254.0
50413.0
50585.0
50753.0
50921.0
51095.0
51249.0
51419.0
51587.0
51753.0
51920.0
52091.0
52256.0
52425.0
52599.0
52771.0
52934.0
53090.0
53266.0
53436.0
53605.0
53777.0
53943.0
54119.0
54286.0
54460.0
54629.0
54801.0
54973.0
55143.0
55314.0
55484.0
55654.0
55802.0
55960.0
56122.0
56293.0
56467.0
56628.0
56792.0
56961.0
57129.0
57301.0
57473.0
57635.0
57803.0
57970.0
58144.0
58307.0
58473.0
58640.0
58800.0
58974.0
59132.0
59302.0
59472.0
59644.0
59814.0
59986.0
60149.0
60309.0
60473.0
60640.0
60812.0
60986.0
61149.0
61315.0
61470.0
61636.0
61808.0
61968.0
62137.0
62309.0
62481.0
62655.0
62829.0
62993.0
63145.0
63314.0
63475.0
63643.0
63815.0
63983.0
64139.0
64311.0
64485.0
64638.0
64804.0
64974.0
65146.0
65307.0
65479.0
65643.0
65817.0
65985.0
66143.0
66307.0
66477.0
66643.0
66811.0
66958.0
67117.0
67283.0
67455.0
67603.0
67774.0
67938.0
68101.0
68273.0
68441.0
68605.0
68777.0
68944.0
69109.0
69272.0
69437.0
69607.0
69772.0
69942.0
70106.0
70275.0
70444.0
70616.0
70783.0
70947.0
71110.0
71280.0
71438.0
71604.0
71775.0
71945.0
72119.0
72284.0
72448.0
72590.0
72747.0
72921.0
73083.0
73232.0
73391.0
73545.0
73715.0
73885.0
74051.0
74223.0
74391.0
74563.0
74715.0
74885.0
75055.0
75211.0
75383.0
75557.0
75717.0
75884.0
76055.0
76225.0
76397.0
76552.0
76714.0
76886.0
77053.0
77203.0
77379.0
77542.0
77711.0
77875.0
78042.0
78207.0
78375.0
78541.0
78708.0
78880.0
79041.0
79192.0
79366.0
79534.0
79705.0
79870.0
80044.0
80210.0
80377.0
80537.0
80685.0
80854.0
81030.0
81196.0
81372.0
81548.0
81720.0
81882.0
82056.0
82209.0
82383.0
82540.0
82716.0
82880.0
83050.0
83215.0
83386.0
83543.0
83707.0
83881.0
84053.0
84215.0
84379.0
84541.0
84706.0
84876.0
85048.0
85210.0
85368.0
85525.0
85697.0
85858.0
86032.0
86206.0
86366.0
86537.0
86709.0
86885.0
87061.0
87214.0
87388.0
87540.0
87711.0
87879.0
88047.0
88215.0
88378.0
88536.0
88712.0
88875.0
89028.0
89193.0
89364.0
89519.0
89686.0
89845.0
90008.0
90182.0
90350.0
90515.0
90689.0
90865.0
91041.0
91217.0
91393.0
91567.0
91734.0
91897.0
92067.0
92236.0
92408.0
92573.0
92741.0
92917.0
93082.0
93253.0
93421.0
93591.0
93767.0
93941.0
94115.0
94282.0
94452.0
94624.0
94794.0
94966.0
95129.0
95298.0
95464.0
95631.0
95799.0
95968.0
96135.0
96300.0
96463.0
96637.0
96796.0
96966.0
97129.0
97298.0
97474.0
97648.0
97815.0
97989.0
98147.0
98321.0
98480.0
98639.0
98806.0
98974.0
99148.0
99304.0
99478.0
99644.0
99811.0
99981.0
100155.0
100293.0
100465.0
100637.0
100811.0
100976.0
101147.0
101316.0
101490.0
101655.0
101829.0
101994.0
102161.0
102337.0
102499.0
102659.0
102820.0
102991.0
103153.0
103327.0
103490.0
103655.0
103818.0
103986.0
104148.0
104307.0
104481.0
104644.0
104816.0
104987.0
105147.0
105319.0
105485.0
105649.0
105823.0
105989.0
106157.0
106322.0
106487.0
106663.0
106832.0
106993.0
107150.0
107318.0
107488.0
107647.0
107807.0
107975.0
108141.0
108308.0
108475.0
108634.0
108796.0
108972.0
109137.0
109305.0
109472.0
109631.0
109803.0
109955.0
110110.0
110282.0
110456.0
110626.0
110800.0
110967.0
111129.0
111301.0
111475.0
111651.0
111821.0
111993.0
112160.0
112332.0
112508.0
112680.0
112842.0
113011.0
113167.0
113339.0
113504.0
113638.0
113809.0
113963.0
114124.0
114298.0
114474.0
114641.0
114815.0
114989.0
115161.0
115335.0
115509.0
115675.0
115851.0
116016.0
116178.0
116336.0
116499.0
116670.0
116832.0
117004.0
117171.0
117337.0
117507.0
117683.0
117829.0
117994.0
118161.0
118322.0
118494.0
118632.0
118794.0
118970.0
119142.0
119314.0
119486.0
119658.0
119832.0
119994.0
120152.0
120282.0
120453.0
120617.0
120784.0
120954.0
121122.0
121290.0
121451.0
121621.0
121791.0
121963.0
122137.0
122296.0
122463.0
122637.0
122813.0
122985.0
123142.0
123303.0
123477.0
123653.0
123823.0
123986.0
124158.0
124329.0
124495.0
124669.0
124839.0
124999.0
125171.0
125347.0
125512.0
125664.0
125815.0
125978.0
126154.0
126326.0
126490.0
126657.0
126825.0
126992.0
127164.0
127331.0
127503.0
127668.0
127832.0
127995.0
128163.0
128335.0
128503.0
128660.0
128829.0
129003.0
129177.0
129345.0
129517.0
129681.0
129829.0
129986.0
130156.0
130318.0
130492.0
130649.0
130825.0
130995.0
131155.0
131327.0
131494.0
131664.0
131828.0
132002.0
132174.0
132344.0
132502.0
132674.0
132829.0
133001.0
133173.0
133340.0
133491.0
133667.0
133843.0
134015.0
134174.0
134309.0
134472.0
134638.0
134810.0
134979.0
135147.0
135307.0
135475.0
135620.0
135796.0
135966.0
136142.0
136308.0
136474.0
136650.0
136822.0
136994.0
137159.0
137318.0
137494.0
137654.0
137821.0
137993.0
138158.0
138321.0
138482.0
138636.0
138808.0
138971.0
139124.0
139291.0
139461.0
139624.0
139785.0
139941.0
140115.0
140281.0
140437.0
140607.0
140777.0
140947.0
141117.0
141279.0
141440.0
141611.0
141783.0
141955.0
142121.0
142297.0
142462.0
142624.0
142796.0
142968.0
143142.0
143312.0
143484.0
143658.0
143834.0
144005.0
144175.0
144326.0
144493.0
144662.0
144830.0
144998.0
145149.0
145323.0
145497.0
145658.0
145807.0
145981.0
146151.0
146321.0
146476.0
146629.0
146797.0
146964.0
147138.0
147308.0
147443.0
147607.0
147762.0
147934.0
148097.0
148249.0
148417.0
148587.0
148759.0
148925.0
149099.0
149262.0
149434.0
149598.0
149772.0
149940.0
150107.0
150275.0
150438.0
150602.0
150772.0
150946.0
151108.0
151277.0
151451.0
151623.0
151784.0
151956.0
152130.0
152297.0
152450.0
152618.0
152776.0
152950.0
153122.0
153296.0
153462.0
153627.0
153792.0
153966.0
154133.0
154307.0
154460.0
154617.0
154782.0
154951.0
155108.0
155282.0
155452.0
155626.0
155793.0
155956.0
156126.0
156289.0
156459.0
156629.0
156803.0
156970.0
157139.0
157313.0
157489.0
157657.0
157831.0
157993.0
158161.0
158325.0
158499.0
158647.0
158821.0
158974.0
159148.0
159314.0
159490.0
159653.0
159825.0
159992.0
160154.0
160316.0
160488.0
160646.0
160820.0
160992.0
161150.0
161322.0
161498.0
161660.0
161819.0
161982.0
162154.0
162301.0
162458.0
162619.0
162793.0
162952.0
163113.0
163277.0
163432.0
163599.0
163771.0
163930.0
164086.0
164243.0
164417.0
164591.0
164750.0
164922.0
165062.0
165222.0
165384.0
165554.0
165719.0
165873.0
166039.0
166208.0
166373.0
166540.0
166705.0
166876.0
167038.0
167193.0
167348.0
167515.0
167683.0
167855.0
168023.0
168197.0
168371.0
168541.0
168715.0
168885.0
169049.0
169219.0
169388.0
169544.0
169718.0
169879.0
170044.0
170208.0
170367.0
170536.0
170698.0
170872.0
171030.0
171201.0
171364.0
171530.0
171706.0
171876.0
172052.0
172222.0
172389.0
172559.0
172720.0
172892.0
173068.0
173240.0
173409.0
173581.0
173745.0
173901.0
174071.0
174241.0
174412.0
174574.0
174736.0
174903.0
175074.0
175245.0
175410.0
175584.0
175751.0
175923.0
176090.0
176258.0
176402.0
176572.0
176727.0
176890.0
177058.0
177227.0
177389.0
177557.0
177727.0
177898.0
178068.0
178235.0
178396.0
178562.0
178714.0
178877.0
179046.0
179213.0
179374.0
179548.0
179700.0
179860.0
180034.0
180194.0
180357.0
180524.0
180692.0
180866.0
181033.0
181193.0
181357.0
181525.0
181697.0
181858.0
182034.0
182206.0
182382.0
182547.0
182717.0
182883.0
183040.0
183205.0
183376.0
183552.0
183724.0
183888.0
184064.0
184232.0
184394.0
184553.0
184727.0
184896.0
185061.0
185231.0
185399.0
185552.0
185722.0
185896.0
186070.0
186239.0
186395.0
186546.0
186709.0
186872.0
187048.0
187210.0
187370.0
187532.0
187689.0
187848.0
188024.0
188196.0
188357.0
188516.0
188681.0
188843.0
189006.0
189178.0
189354.0
189524.0
189688.0
189855.0
190016.0
190190.0
190340.0
190499.0
190673.0
190842.0
191012.0
191175.0
191351.0
191525.0
191697.0
191865.0
192041.0
192215.0
192384.0
192558.0
192728.0
192896.0
193042.0
193204.0
193375.0
193545.0
193711.0
193881.0
194048.0
194198.0
194356.0
194530.0
194698.0
194865.0
195027.0
195194.0
195362.0
195531.0
195703.0
195867.0
196037.0
196213.0
196374.0
196539.0
196708.0
196861.0
197033.0
197194.0
197368.0
197535.0
197707.0
197867.0
198014.0
198178.0
198347.0
198510.0
198672.0
198841.0
199011.0
199181.0
199346.0
199522.0
199692.0
199864.0
200034.0
200201.0
200367.0
200539.0
200713.0
200873.0
201034.0
201201.0
201377.0
201551.0
201701.0
201873.0
202044.0
202215.0
202391.0
202556.0
202700.0
202866.0
203036.0
203208.0
203370.0
203541.0
203712.0
203851.0
204021.0
204188.0
204348.0
204520.0
204678.0
204841.0
205015.0
205179.0
205355.0
205524.0
205680.0
205850.0
206026.0
206190.0
206360.0
206534.0
206694.0
206866.0
207029.0
207194.0
207360.0
207523.0
207689.0
207859.0
208033.0
208188.0
208353.0
208521.0
208681.0
208843.0
209005.0
209161.0
209327.0
209487.0
209650.0
209820.0
209996.0
210164.0
210340.0
210507.0
210677.0
210837.0
211006.0
211167.0
211321.0
211489.0
211649.0
211814.0
211988.0
212151.0
212323.0
212484.0
212644.0
212804.0
212974.0
213137.0
213287.0
213452.0
213622.0
213796.0
213963.0
214123.0
214264.0
214438.0
214614.0
214771.0
214945.0
215101.0
215268.0
215429.0
215601.0
215772.0
215937.0
216109.0
216270.0
216442.0
216612.0
216768.0
216937.0
217105.0
217257.0
217421.0
217582.0
217752.0
217920.0
218090.0
218260.0
218432.0
218598.0
218766.0
218936.0
219105.0
219274.0
219436.0
219608.0
219780.0
219954.0
220128.0
220294.0
220457.0
220627.0
220790.0
220947.0
221119.0
221282.0
221434.0
221610.0
221780.0
221945.0
222105.0
222275.0
222449.0
222623.0
222780.0
222931.0
223097.0
223267.0
223420.0
223596.0
223761.0
223935.0
224086.0
224255.0
224429.0
224596.0
224772.0
224940.0
225112.0
225280.0
225451.0
225623.0
225790.0
225949.0
226123.0
226289.0
226453.0
226629.0
226803.0
226959.0
227123.0
227297.0
227461.0
