a = 0.5
g = 0.5
e = 0.3
random initial weights = true

-2760.0
-3403.0
-4269.0
-4759.0
-5235.0
-5905.0
-6461.0
-6924.0
-7489.0
-7930.0
-8363.0
-8933.0
-9456.0
-9965.0
-10425.0
-10944.0
-11383.0
-11841.0
-12282.0
-12725.0
-13194.0
-13610.0
-14085.0
-14513.0
-14971.0
-15394.0
-15226.0
-15672.0
-16111.0
-15984.0
-16412.0
-16293.0
-16716.0
-16579.0
-16991.0
-17411.0
-17834.0
-17662.0
-17502.0
-17921.0
-18347.0
-18761.0
-19262.0
-19092.0
-19508.0
-19346.0
-19178.0
-19006.0
-18835.0
-18667.0
-18493.0
-18319.0
-18150.0
-17987.0
-17813.0
-17646.0
-17475.0
-17303.0
-17144.0
-16977.0
-16810.0
-16640.0
-16478.0
-16313.0
-16137.0
-15974.0
-15804.0
-15648.0
-15481.0
-15317.0
-15152.0
-14988.0
-14829.0
-14671.0
-14517.0
-14356.0
-14182.0
-14010.0
-13844.0
-13678.0
-13504.0
-13328.0
-13186.0
-13012.0
-12840.0
-12670.0
-12498.0
-12344.0
-12170.0
-11996.0
-11832.0
-11660.0
-11499.0
-11323.0
-11160.0
-10995.0
-10847.0
-10681.0
-10510.0
-10342.0
-10176.0
-10000.0
-9848.0
-9676.0
-9505.0
-9335.0
-9166.0
-8994.0
-8820.0
-8655.0
-8492.0
-8322.0
-8153.0
-7987.0
-7813.0
-7642.0
-7470.0
-7310.0
-7136.0
-6971.0
-6809.0
-6637.0
-6473.0
-6310.0
-6146.0
-5974.0
-5798.0
-5630.0
-5492.0
-5325.0
-5165.0
-4989.0
-4817.0
-4641.0
-4490.0
-4323.0
-4154.0
-3989.0
-3821.0
-3651.0
-3481.0
-3307.0
-3131.0
-2963.0
-2794.0
-2620.0
-2460.0
-2288.0
-2121.0
-1951.0
-1781.0
-1609.0
-1439.0
-1265.0
-1100.0
-931.0
-755.0
-583.0
-415.0
-254.0
-92.0
78.0
249.0
421.0
581.0
755.0
927.0
1101.0
1275.0
1436.0
1604.0
1766.0
1934.0
2106.0
2262.0
2432.0
2604.0
2764.0
2929.0
3096.0
3272.0
3434.0
3601.0
3768.0
3933.0
4105.0
4277.0
4446.0
4598.0
4760.0
4924.0
5100.0
5267.0
5439.0
5609.0
5777.0
5942.0
6112.0
6281.0
6453.0
6623.0
6791.0
6961.0
7133.0
7309.0
7471.0
7629.0
7789.0
7961.0
8127.0
8299.0
8468.0
8635.0
8794.0
8955.0
9105.0
9268.0
9444.0
9620.0
9790.0
9964.0
10133.0
10295.0
10459.0
10625.0
10799.0
10967.0
11143.0
11309.0
11483.0
11652.0
11822.0
11988.0
12156.0
12319.0
12495.0
12669.0
12825.0
12987.0
13161.0
13335.0
13506.0
13673.0
13849.0
14007.0
14174.0
14336.0
14503.0
14673.0
14844.0
15015.0
15187.0
15339.0
15510.0
15675.0
15849.0
16023.0
16189.0
16358.0
16518.0
16686.0
16843.0
17012.0
17167.0
17341.0
17503.0
17672.0
17837.0
18002.0
18170.0
18329.0
18501.0
18675.0
18840.0
19000.0
19172.0
19346.0
19518.0
19692.0
19868.0
20028.0
20200.0
20372.0
20543.0
20710.0
20884.0
21058.0
21227.0
21397.0
21567.0
21734.0
21904.0
22075.0
22237.0
22409.0
22580.0
22750.0
22924.0
23100.0
23266.0
23434.0
23608.0
23782.0
23947.0
24117.0
24289.0
24461.0
24629.0
24801.0
24975.0
25136.0
25302.0
25472.0
25637.0
25806.0
25975.0
26141.0
26315.0
26491.0
26654.0
26821.0
26964.0
27126.0
27295.0
27469.0
27643.0
27795.0
27967.0
28141.0
28300.0
28466.0
28622.0
28776.0
28948.0
29108.0
29280.0
29445.0
29617.0
29789.0
29956.0
30117.0
30289.0
30455.0
30623.0
30779.0
30942.0
31107.0
31281.0
31451.0
31588.0
31760.0
31929.0
32099.0
32267.0
32441.0
32610.0
32777.0
32953.0
33109.0
33263.0
33434.0
33590.0
33748.0
33915.0
34085.0
34251.0
34423.0
34583.0
34748.0
34908.0
35078.0
35248.0
35408.0
35562.0
35727.0
35888.0
36040.0
36216.0
36381.0
36550.0
36710.0
36880.0
37044.0
37213.0
37381.0
37532.0
37695.0
37848.0
38018.0
38181.0
38348.0
38520.0
38672.0
38840.0
39004.0
39162.0
39329.0
39505.0
39670.0
39834.0
40005.0
40177.0
40334.0
40508.0
40682.0
40840.0
40996.0
41154.0
41316.0
41474.0
41646.0
41814.0
41981.0
42147.0
42316.0
42484.0
42656.0
42832.0
43008.0
43175.0
43345.0
43517.0
43682.0
43837.0
43999.0
44169.0
44336.0
44489.0
44654.0
44824.0
45000.0
45174.0
45342.0
45509.0
45680.0
45856.0
46024.0
46182.0
46344.0
46516.0
46673.0
46835.0
47011.0
47183.0
47353.0
47527.0
47676.0
47852.0
48028.0
48204.0
48353.0
48507.0
48667.0
48832.0
49003.0
49160.0
49318.0
49476.0
49635.0
49809.0
49974.0
50134.0
50306.0
50476.0
50645.0
50815.0
50961.0
51123.0
51292.0
51438.0
51610.0
51758.0
51926.0
52094.0
52261.0
52431.0
52605.0
52769.0
52941.0
53115.0
53270.0
53432.0
53602.0
53776.0
53943.0
54113.0
54287.0
54444.0
54613.0
54749.0
54916.0
55084.0
55256.0
55404.0
55569.0
55743.0
55902.0
56062.0
56227.0
56394.0
56546.0
56700.0
56874.0
57048.0
57220.0
57382.0
57556.0
57724.0
57878.0
58033.0
58197.0
58354.0
58522.0
58676.0
58841.0
59017.0
59175.0
59347.0
59508.0
59682.0
59837.0
60002.0
60156.0
60325.0
60494.0
60661.0
60826.0
60990.0
61160.0
61331.0
61488.0
61662.0
61833.0
62005.0
62179.0
62351.0
62523.0
62688.0
62858.0
63014.0
63190.0
63352.0
63519.0
63672.0
63844.0
64012.0
64183.0
64355.0
64523.0
64697.0
64873.0
65039.0
65204.0
65380.0
65538.0
65712.0
65867.0
66041.0
66212.0
66382.0
66545.0
66711.0
66864.0
67036.0
67212.0
67369.0
67530.0
67687.0
67843.0
68013.0
68162.0
68323.0
68493.0
68652.0
68817.0
68985.0
69156.0
69319.0
69488.0
69657.0
69829.0
70001.0
70156.0
70332.0
70495.0
70669.0
70834.0
70994.0
71150.0
71318.0
71487.0
71657.0
71801.0
71973.0
72147.0
72319.0
72488.0
72664.0
72827.0
72997.0
73160.0
73331.0
73493.0
73655.0
73808.0
73976.0
74137.0
74295.0
74465.0
74639.0
74815.0
74987.0
75155.0
75329.0
75499.0
75656.0
75830.0
76002.0
76176.0
76316.0
76469.0
76639.0
76809.0
76983.0
77134.0
77306.0
77461.0
77632.0
77804.0
77966.0
78142.0
78303.0
78479.0
78625.0
78797.0
78969.0
79145.0
79311.0
79485.0
79657.0
79829.0
79999.0
80164.0
80318.0
80490.0
80657.0
80831.0
80997.0
81171.0
81333.0
81509.0
81676.0
81840.0
82010.0
82168.0
82342.0
82516.0
82681.0
82855.0
83021.0
83182.0
83351.0
83521.0
83689.0
83851.0
84018.0
84177.0
84348.0
84518.0
84692.0
84862.0
85029.0
85203.0
85375.0
85540.0
85707.0
85869.0
86039.0
86206.0
86369.0
86533.0
86707.0
86877.0
87044.0
87218.0
87376.0
87542.0
87704.0
87867.0
88035.0
88201.0
88359.0
88535.0
88702.0
88872.0
89046.0
89218.0
89388.0
89553.0
89716.0
89882.0
90056.0
90225.0
90388.0
90550.0
90720.0
90889.0
91046.0
91210.0
91375.0
91545.0
91693.0
91865.0
92023.0
92174.0
92348.0
92520.0
92680.0
92854.0
93022.0
93188.0
93362.0
93532.0
93695.0
93864.0
94024.0
94196.0
94344.0
94518.0
94689.0
94861.0
95026.0
95194.0
95355.0
95522.0
95694.0
95864.0
96038.0
96189.0
96353.0
96529.0
96688.0
96858.0
97034.0
97208.0
97378.0
97554.0
97728.0
97899.0
98069.0
98241.0
98413.0
98589.0
98753.0
98929.0
99085.0
99254.0
99419.0
99593.0
99765.0
99923.0
100089.0
100246.0
100420.0
100585.0
100754.0
100926.0
101091.0
101261.0
101437.0
101603.0
101777.0
101942.0
102108.0
102273.0
102430.0
102602.0
102769.0
102937.0
103106.0
103273.0
103445.0
103604.0
103778.0
103913.0
104083.0
104235.0
104400.0
104569.0
104743.0
104893.0
105069.0
105240.0
105398.0
105570.0
105738.0
105914.0
106090.0
106262.0
106432.0
106599.0
106760.0
106924.0
107077.0
107249.0
107421.0
107583.0
107747.0
107921.0
108095.0
108267.0
108441.0
108608.0
108784.0
108953.0
109108.0
109272.0
109439.0
109606.0
109772.0
109940.0
110114.0
110282.0
110452.0
110618.0
110785.0
110942.0
111118.0
111285.0
111452.0
111611.0
111787.0
111956.0
112114.0
112279.0
112450.0
112624.0
112789.0
112948.0
113113.0
113281.0
113436.0
113596.0
113767.0
113941.0
114115.0
114285.0
114449.0
114621.0
114774.0
114942.0
115116.0
115288.0
115460.0
115626.0
115790.0
115964.0
116131.0
116294.0
116459.0
116635.0
116798.0
116968.0
117131.0
117296.0
117458.0
117632.0
117804.0
117973.0
118136.0
118312.0
118474.0
118635.0
118801.0
118971.0
119136.0
119293.0
119465.0
119619.0
119789.0
119943.0
120110.0
120275.0
120449.0
120618.0
120794.0
120961.0
121129.0
121277.0
121442.0
121610.0
121774.0
121944.0
122104.0
122268.0
122444.0
122601.0
122768.0
122928.0
123093.0
123255.0
123408.0
123573.0
123740.0
123910.0
124080.0
124250.0
124426.0
124594.0
124764.0
124936.0
125107.0
125268.0
125430.0
125606.0
125782.0
125944.0
126116.0
126279.0
126445.0
126619.0
126782.0
126954.0
127102.0
127262.0
127421.0
127589.0
127760.0
127919.0
128072.0
128244.0
128416.0
128588.0
128757.0
128921.0
129079.0
129255.0
129427.0
129599.0
129773.0
129937.0
130111.0
130285.0
130451.0
130627.0
130796.0
130966.0
131142.0
131318.0
131494.0
131651.0
131822.0
131996.0
132168.0
132342.0
132516.0
132686.0
132855.0
133027.0
133191.0
133356.0
133523.0
133680.0
133851.0
134025.0
134197.0
134356.0
134526.0
134665.0
134826.0
134974.0
135134.0
135299.0
135475.0
135647.0
135804.0
135978.0
136150.0
136326.0
136502.0
136672.0
136842.0
137016.0
137183.0
137353.0
137522.0
137686.0
137849.0
138015.0
138187.0
138361.0
138519.0
138665.0
138834.0
139003.0
139171.0
139343.0
139512.0
139683.0
139857.0
140021.0
140177.0
140346.0
140513.0
140689.0
140842.0
141007.0
141177.0
141353.0
141519.0
141690.0
141860.0
142025.0
142181.0
142326.0
142502.0
142669.0
142824.0
142985.0
143150.0
143315.0
143481.0
143648.0
143818.0
143960.0
144130.0
144302.0
144467.0
144639.0
144799.0
144956.0
145128.0
145293.0
145461.0
145627.0
145797.0
145962.0
146130.0
146304.0
146480.0
146646.0
146816.0
146988.0
147154.0
147326.0
147482.0
147644.0
147812.0
147981.0
148157.0
148322.0
148494.0
148664.0
148825.0
148997.0
149163.0
149331.0
149491.0
149663.0
149832.0
150000.0
150176.0
150339.0
150497.0
150666.0
150828.0
150991.0
151156.0
151326.0
151496.0
151670.0
151834.0
152008.0
152173.0
152340.0
152507.0
152681.0
152849.0
153015.0
153174.0
153331.0
153505.0
153664.0
153831.0
154002.0
154158.0
154324.0
154474.0
154618.0
154785.0
154948.0
155120.0
155283.0
155457.0
155629.0
155792.0
155963.0
156122.0
156284.0
156448.0
156618.0
156785.0
156947.0
157119.0
157295.0
157449.0
157623.0
157794.0
157962.0
158132.0
158306.0
158472.0
158637.0
158807.0
158966.0
159129.0
159301.0
159462.0
159629.0
159796.0
159972.0
160146.0
160310.0
160477.0
160642.0
160807.0
160983.0
161155.0
161319.0
161478.0
161649.0
161813.0
161976.0
162150.0
162318.0
162492.0
162654.0
162823.0
162974.0
163137.0
163301.0
163462.0
163634.0
163799.0
163965.0
164139.0
164313.0
164481.0
164657.0
164831.0
164995.0
165162.0
165332.0
165504.0
165674.0
165838.0
166014.0
166186.0
166344.0
166509.0
166685.0
166859.0
167031.0
167199.0
167371.0
167541.0
167715.0
167887.0
168061.0
168218.0
168394.0
168564.0
168734.0
168902.0
169076.0
169230.0
169404.0
169573.0
169747.0
169903.0
170079.0
170244.0
170402.0
170572.0
170744.0
170912.0
171072.0
171240.0
171414.0
171580.0
171749.0
171919.0
172079.0
172246.0
172411.0
172582.0
172748.0
172908.0
173075.0
173240.0
173412.0
173579.0
173740.0
173909.0
174067.0
174243.0
174404.0
174575.0
174749.0
174916.0
175092.0
175259.0
175435.0
175605.0
175767.0
175932.0
176103.0
176277.0
176432.0
176601.0
176777.0
176949.0
177107.0
177275.0
177442.0
177618.0
177780.0
177951.0
178117.0
178284.0
178458.0
178608.0
178780.0
178949.0
179118.0
179281.0
179446.0
179611.0
179763.0
179929.0
180105.0
180279.0
180445.0
180611.0
180779.0
180925.0
181099.0
181267.0
181437.0
181611.0
181783.0
181951.0
182123.0
182288.0
182449.0
182608.0
182780.0
182940.0
183101.0
183272.0
183446.0
183606.0
183782.0
183951.0
184122.0
184296.0
184470.0
184629.0
184798.0
184954.0
185122.0
185275.0
185438.0
185609.0
185785.0
185952.0
186116.0
186285.0
186445.0
186619.0
186784.0
186960.0
187125.0
187287.0
187451.0
187621.0
187773.0
187947.0
188107.0
188270.0
188431.0
188596.0
188764.0
188938.0
189112.0
189286.0
189460.0
189629.0
189803.0
189972.0
190135.0
190293.0
190465.0
190631.0
190801.0
190965.0
191137.0
191287.0
191449.0
191623.0
191799.0
191973.0
192142.0
192316.0
192488.0
192652.0
192809.0
192981.0
193146.0
193313.0
193476.0
193648.0
193816.0
193985.0
194155.0
194320.0
194480.0
194629.0
194796.0
194956.0
195130.0
195301.0
195469.0
195641.0
195817.0
195987.0
196157.0
196331.0
196495.0
196667.0
196837.0
197005.0
197166.0
197340.0
197506.0
197669.0
197833.0
197999.0
198162.0
198338.0
198512.0
198681.0
198850.0
199018.0
199188.0
199353.0
199525.0
199688.0
199859.0
200033.0
200207.0
200376.0
200546.0
200716.0
200878.0
201047.0
201215.0
201367.0
201535.0
201700.0
201867.0
202041.0
202215.0
202387.0
202559.0
202731.0
202898.0
203043.0
203209.0
203360.0
203534.0
203708.0
203876.0
204034.0
204196.0
204358.0
204523.0
204695.0
204860.0
205029.0
205195.0
205361.0
205524.0
205692.0
205860.0
206032.0
206194.0
206346.0
206518.0
206675.0
206836.0
207008.0
207177.0
207335.0
207509.0
207674.0
207832.0
207996.0
208170.0
208333.0
208500.0
208674.0
208844.0
208999.0
209167.0
209332.0
209501.0
209672.0
209842.0
210012.0
210165.0
210326.0
210473.0
210638.0
210807.0
210966.0
211127.0
211295.0
211469.0
211624.0
211781.0
211950.0
212110.0
212276.0
212452.0
212615.0
212774.0
212946.0
213120.0
213287.0
213459.0
213624.0
213796.0
213972.0
214139.0
214308.0
214482.0
214654.0
214826.0
214995.0
215147.0
215315.0
215478.0
215652.0
215813.0
215973.0
216138.0
216314.0
216485.0
216654.0
216824.0
216987.0
217163.0
217317.0
217489.0
217654.0
217812.0
217982.0
218153.0
218329.0
218493.0
218658.0
218809.0
218970.0
219136.0
219301.0
219471.0
219647.0
219815.0
219967.0
220136.0
220303.0
220461.0
220626.0
220794.0
220964.0
221128.0
221300.0
221470.0
221634.0
221792.0
221968.0
222132.0
222294.0
222448.0
222604.0
222778.0
222937.0
223079.0
223243.0
