a = 0.2
g = 0.2
e = 0.1
random initial weights = true

-2533.0
-3024.0
-5959.0
-6577.0
-7086.0
-7764.0
-8287.0
-9118.0
-9642.0
-10180.0
-10620.0
-11507.0
-11994.0
-12569.0
-13009.0
-13520.0
-14096.0
-14724.0
-15188.0
-15660.0
-16196.0
-16731.0
-17278.0
-17804.0
-18282.0
-18729.0
-19245.0
-19788.0
-20375.0
-20836.0
-21340.0
-21821.0
-22241.0
-22697.0
-23181.0
-23655.0
-24118.0
-24692.0
-25163.0
-25653.0
-26118.0
-26682.0
-27109.0
-27539.0
-28079.0
-28598.0
-29058.0
-29485.0
-29924.0
-30392.0
-30863.0
-31299.0
-31755.0
-32195.0
-32678.0
-33139.0
-33634.0
-34145.0
-34592.0
-35020.0
-35470.0
-35953.0
-36388.0
-36842.0
-37300.0
-37730.0
-38160.0
-38596.0
-39123.0
-39547.0
-39997.0
-40454.0
-40887.0
-41321.0
-41735.0
-42193.0
-42635.0
-43079.0
-43592.0
-44034.0
-43927.0
-44343.0
-44765.0
-45193.0
-45637.0
-46100.0
-46574.0
-46992.0
-47416.0
-47952.0
-48380.0
-48818.0
-49258.0
-49718.0
-50170.0
-50590.0
-51024.0
-51454.0
-51870.0
-52294.0
-52730.0
-53158.0
-53595.0
-53546.0
-53374.0
-53786.0
-54213.0
-54639.0
-55067.0
-55518.0
-55977.0
-56418.0
-56857.0
-56691.0
-57107.0
-57534.0
-57999.0
-58415.0
-58860.0
-59292.0
-59723.0
-60153.0
-60598.0
-61062.0
-61478.0
-61894.0
-62318.0
-62752.0
-63174.0
-63590.0
-64021.0
-64487.0
-64914.0
-65337.0
-65751.0
-66225.0
-66651.0
-67065.0
-67528.0
-67956.0
-68379.0
-68818.0
-69238.0
-69737.0
-70169.0
-70590.0
-71016.0
-71436.0
-71876.0
-71704.0
-72118.0
-72552.0
-72979.0
-73401.0
-73815.0
-74256.0
-74680.0
-75102.0
-75518.0
-75368.0
-75780.0
-76200.0
-76620.0
-77036.0
-77452.0
-77967.0
-78391.0
-78807.0
-79259.0
-79677.0
-79550.0
-79374.0
-79234.0
-79063.0
-79477.0
-79893.0
-80325.0
-80161.0
-80573.0
-81015.0
-80847.0
-81263.0
-81682.0
-82100.0
-82538.0
-82955.0
-82787.0
-83209.0
-83629.0
-84041.0
-84479.0
-84891.0
-85317.0
-85735.0
-85561.0
-85973.0
-85811.0
-86228.0
-86648.0
-86500.0
-86342.0
-86170.0
-86000.0
-85846.0
-86264.0
-86689.0
-86520.0
-86934.0
-86800.0
-86628.0
-87050.0
-87464.0
-87900.0
-87726.0
-87561.0
-87397.0
-87811.0
-87643.0
-87543.0
-87955.0
-87785.0
-88201.0
-88031.0
-88445.0
-88857.0
-89276.0
-89692.0
-90104.0
-90529.0
-90946.0
-91358.0
-91190.0
-91018.0
-90842.0
-90677.0
-90501.0
-90325.0
-90737.0
-90573.0
-90397.0
-90221.0
-90086.0
-89910.0
-89750.0
-89576.0
-89422.0
-89834.0
-89666.0
-89490.0
-89316.0
-89140.0
-88966.0
-88792.0
-89204.0
-89030.0
-88858.0
-88682.0
-89094.0
-88944.0
-88788.0
-88617.0
-88445.0
-88861.0
-88689.0
-88525.0
-88370.0
-88194.0
-88020.0
-87844.0
-87694.0
-87548.0
-87374.0
-87200.0
-87030.0
-87442.0
-87861.0
-87695.0
-87519.0
-87347.0
-87175.0
-86999.0
-86830.0
-86658.0
-86482.0
-86310.0
-86149.0
-85983.0
-85815.0
-85641.0
-85467.0
-85295.0
-85121.0
-84945.0
-84773.0
-84607.0
-84435.0
-84259.0
-84111.0
-83939.0
-83763.0
-84177.0
-84589.0
-85003.0
-84832.0
-85244.0
-85656.0
-85480.0
-85306.0
-85720.0
-85544.0
-85370.0
-85784.0
-86196.0
-86608.0
-86434.0
-86266.0
-86090.0
-85914.0
-85738.0
-85564.0
-85392.0
-85216.0
-85040.0
-84864.0
-84688.0
-84514.0
-84338.0
-84172.0
-83996.0
-83822.0
-83648.0
-83474.0
-83298.0
-83122.0
-82946.0
-82770.0
-82594.0
-82418.0
-82242.0
-82066.0
-81895.0
-81721.0
-81545.0
-81371.0
-81199.0
-81027.0
-80853.0
-80677.0
-80503.0
-80331.0
-80155.0
-79979.0
-79803.0
-79629.0
-79453.0
-79282.0
-79113.0
-78937.0
-78765.0
-78593.0
-78421.0
-78245.0
-78075.0
-77901.0
-77732.0
-77556.0
-77380.0
-77204.0
-77030.0
-76859.0
-76683.0
-76509.0
-76337.0
-76163.0
-75992.0
-75816.0
-75646.0
-75472.0
-75298.0
-75122.0
-74946.0
-74772.0
-74601.0
-74427.0
-74255.0
-74081.0
-73907.0
-73733.0
-73559.0
-73383.0
-73216.0
-73040.0
-72866.0
-72692.0
-72516.0
-72340.0
-72164.0
-71992.0
-71816.0
-71642.0
-71466.0
-71292.0
-71116.0
-70944.0
-70772.0
-70605.0
-70429.0
-70263.0
-70092.0
-69918.0
-69742.0
-69566.0
-69392.0
-69218.0
-69046.0
-68875.0
-68703.0
-68529.0
-68353.0
-68177.0
-68009.0
-67849.0
-67675.0
-67501.0
-67329.0
-67186.0
-67010.0
-66834.0
-66658.0
-66484.0
-66312.0
-66136.0
-65964.0
-65790.0
-65614.0
-65442.0
-65266.0
-65092.0
-64916.0
-64742.0
-64568.0
-64392.0
-64220.0
-64056.0
-63880.0
-63706.0
-63530.0
-63358.0
-63182.0
-63006.0
-62830.0
-62658.0
-62482.0
-62306.0
-62130.0
-61956.0
-61780.0
-61604.0
-61442.0
-61266.0
-61090.0
-60914.0
-60747.0
-60573.0
-60397.0
-60223.0
-60049.0
-59878.0
-59702.0
-59532.0
-59358.0
-59182.0
-59006.0
-58830.0
-58656.0
-58480.0
-58310.0
-58139.0
-57963.0
-57792.0
-57616.0
-57442.0
-57268.0
-57092.0
-56923.0
-56747.0
-56571.0
-56402.0
-56233.0
-56059.0
-55887.0
-55711.0
-55539.0
-55363.0
-55187.0
-55011.0
-54835.0
-54659.0
-54485.0
-54311.0
-54135.0
-53959.0
-53783.0
-53609.0
-53440.0
-53264.0
-53088.0
-52921.0
-52745.0
-52581.0
-52405.0
-52231.0
-52059.0
-51885.0
-51709.0
-51537.0
-51368.0
-51194.0
-51020.0
-50846.0
-50670.0
-50494.0
-50323.0
-50147.0
-49971.0
-49795.0
-49624.0
-49453.0
-49282.0
-49106.0
-48930.0
-48754.0
-48580.0
-48409.0
-48238.0
-48062.0
-47886.0
-47715.0
-47544.0
-47370.0
-47196.0
-47020.0
-46855.0
-46681.0
-46512.0
-46336.0
-46160.0
-45996.0
-45820.0
-45644.0
-45475.0
-45299.0
-45123.0
-44949.0
-44777.0
-44601.0
-44427.0
-44253.0
-44082.0
-43906.0
-43730.0
-43566.0
-43392.0
-43216.0
-43040.0
-42864.0
-42688.0
-42512.0
-42336.0
-42160.0
-41984.0
-41810.0
-41656.0
-41480.0
-41309.0
-41140.0
-40970.0
-40796.0
-40620.0
-40444.0
-40273.0
-40097.0
-39925.0
-39753.0
-39581.0
-39410.0
-39236.0
-39064.0
-38893.0
-38719.0
-38549.0
-38373.0
-38202.0
-38031.0
-37860.0
-37684.0
-37510.0
-37334.0
-37174.0
-37002.0
-36826.0
-36650.0
-36483.0
-36307.0
-36131.0
-35955.0
-35779.0
-35603.0
-35427.0
-35251.0
-35075.0
-34910.0
-34736.0
-34562.0
-34386.0
-34214.0
-34038.0
-33862.0
-33691.0
-33515.0
-33339.0
-33163.0
-32987.0
-32811.0
-32635.0
-32459.0
-32283.0
-32109.0
-31940.0
-31768.0
-31594.0
-31434.0
-31258.0
-31082.0
-30906.0
-30730.0
-30554.0
-30378.0
-30202.0
-30026.0
-29850.0
-29674.0
-29498.0
-29322.0
-29146.0
-28972.0
-28796.0
-28620.0
-28444.0
-28268.0
-28094.0
-27922.0
-27748.0
-27574.0
-27398.0
-27222.0
-27046.0
-26870.0
-26694.0
-26518.0
-26342.0
-26181.0
-26005.0
-25829.0
-25657.0
-25488.0
-25322.0
-25148.0
-24974.0
-24798.0
-24622.0
-24451.0
-24277.0
-24105.0
-23929.0
-23753.0
-23577.0
-23405.0
-23229.0
-23060.0
-22886.0
-22712.0
-22540.0
-22368.0
-22202.0
-22026.0
-21852.0
-21687.0
-21516.0
-21342.0
-21166.0
-20990.0
-20814.0
-20656.0
-20485.0
-20315.0
-20141.0
-19988.0
-19814.0
-19645.0
-19471.0
-19295.0
-19124.0
-18950.0
-18774.0
-18605.0
-18429.0
-18255.0
-18081.0
-17905.0
-17729.0
-17553.0
-17384.0
-17215.0
-17041.0
-16872.0
-16696.0
-16520.0
-16346.0
-16172.0
-16005.0
-15829.0
-15655.0
-15479.0
-15303.0
-15131.0
-14961.0
-14790.0
-14621.0
-14447.0
-14271.0
-14097.0
-13921.0
-13745.0
-13571.0
-13401.0
-13227.0
-13053.0
-12879.0
-12703.0
-12532.0
-12361.0
-12195.0
-12036.0
-11866.0
-11697.0
-11521.0
-11347.0
-11173.0
-10997.0
-10833.0
-10659.0
-10483.0
-10309.0
-10133.0
-9957.0
-9785.0
-9609.0
-9433.0
-9257.0
-9083.0
-8909.0
-8733.0
-8557.0
-8385.0
-8209.0
-8038.0
-7864.0
-7688.0
-7512.0
-7338.0
-7162.0
-6986.0
-6812.0
-6638.0
-6462.0
-6292.0
-6118.0
-5953.0
-5781.0
-5611.0
-5435.0
-5259.0
-5083.0
-4909.0
-4733.0
-4561.0
-4387.0
-4211.0
-4035.0
-3861.0
-3685.0
-3511.0
-3337.0
-3161.0
-2994.0
-2823.0
-2655.0
-2479.0
-2303.0
-2127.0
-1951.0
-1775.0
-1601.0
-1425.0
-1249.0
-1075.0
-901.0
-727.0
-553.0
-377.0
-201.0
-27.0
149.0
320.0
494.0
670.0
840.0
1014.0
1190.0
1361.0
1535.0
1709.0
1885.0
2061.0
2232.0
2399.0
2575.0
2749.0
2920.0
3096.0
3270.0
3446.0
3620.0
3796.0
3972.0
4146.0
4322.0
4498.0
4674.0
4848.0
5017.0
5193.0
5369.0
5545.0
5721.0
5897.0
6073.0
6247.0
6417.0
6591.0
6763.0
6937.0
7106.0
7276.0
7452.0
7618.0
7792.0
7961.0
8137.0
8305.0
8479.0
8655.0
8829.0
9005.0
9179.0
9353.0
9523.0
9699.0
9875.0
10047.0
10223.0
10399.0
10575.0
10751.0
10927.0
11101.0
11267.0
11437.0
11609.0
11768.0
11942.0
12116.0
12292.0
12438.0
12612.0
12786.0
12955.0
13131.0
13300.0
13474.0
13645.0
13819.0
13995.0
14167.0
14343.0
14519.0
14695.0
14869.0
15043.0
15219.0
15395.0
15571.0
15747.0
15919.0
16091.0
16267.0
16441.0
16615.0
16789.0
16965.0
17139.0
17315.0
17487.0
17663.0
17839.0
18013.0
18185.0
18361.0
18535.0
18711.0
18885.0
19059.0
19233.0
19404.0
19574.0
19748.0
19924.0
20094.0
20270.0
20446.0
20620.0
20796.0
20972.0
21148.0
21319.0
21495.0
21666.0
21842.0
22018.0
22192.0
22366.0
22540.0
22714.0
22890.0
23064.0
23240.0
23416.0
23592.0
23768.0
23944.0
24120.0
24296.0
24456.0
24630.0
24804.0
24978.0
25149.0
25323.0
25497.0
25673.0
25841.0
26008.0
26180.0
26356.0
26526.0
26702.0
26878.0
27054.0
27230.0
27406.0
27580.0
27756.0
27932.0
28108.0
28284.0
28455.0
28629.0
28803.0
28979.0
29151.0
29327.0
29497.0
29673.0
29849.0
30025.0
30201.0
30377.0
30551.0
30720.0
30896.0
31072.0
31244.0
31415.0
31589.0
31765.0
31939.0
32113.0
32287.0
32463.0
32639.0
32815.0
32991.0
33165.0
33341.0
33484.0
33658.0
33834.0
34010.0
34180.0
34354.0
34530.0
34706.0
34876.0
35050.0
35204.0
35373.0
35549.0
35720.0
35896.0
36070.0
36244.0
36420.0
36596.0
36768.0
36942.0
37113.0
37289.0
37463.0
37639.0
37815.0
37989.0
38160.0
38336.0
38508.0
38684.0
38856.0
39025.0
39164.0
39338.0
39507.0
39683.0
39857.0
40033.0
40204.0
40380.0
40554.0
40730.0
40906.0
41078.0
41249.0
41423.0
41599.0
41773.0
41949.0
42125.0
42290.0
42464.0
42636.0
42802.0
42968.0
43142.0
43318.0
43492.0
43668.0
43844.0
44020.0
44196.0
44370.0
44544.0
44720.0
44885.0
45057.0
45226.0
45400.0
45576.0
45752.0
45926.0
46100.0
46274.0
46443.0
46619.0
46793.0
46969.0
47143.0
47319.0
47491.0
47665.0
47839.0
48013.0
48187.0
48361.0
48535.0
48706.0
48874.0
49045.0
49221.0
49397.0
49571.0
49733.0
49907.0
50081.0
50255.0
50431.0
50607.0
50781.0
50957.0
51133.0
51300.0
51474.0
51650.0
51824.0
52000.0
52168.0
52342.0
52504.0
52680.0
52856.0
53030.0
53204.0
53380.0
53556.0
53730.0
53902.0
54076.0
54248.0
54422.0
54594.0
54761.0
54920.0
55096.0
55267.0
55441.0
55617.0
55791.0
55967.0
56141.0
56313.0
56489.0
56665.0
56839.0
57015.0
57189.0
57365.0
57539.0
57715.0
57891.0
58065.0
58237.0
58413.0
58589.0
58757.0
58923.0
59086.0
59256.0
59426.0
59600.0
59776.0
59947.0
60121.0
60295.0
60469.0
60638.0
60812.0
60983.0
61159.0
61335.0
61507.0
61678.0
61852.0
62028.0
62204.0
62380.0
62552.0
62726.0
62902.0
63078.0
63245.0
63417.0
63588.0
63760.0
63931.0
64105.0
64281.0
64457.0
64631.0
64807.0
64983.0
65159.0
65331.0
65505.0
65677.0
65851.0
66027.0
66201.0
66377.0
66553.0
66729.0
66903.0
67079.0
67255.0
67429.0
67601.0
67777.0
67944.0
68120.0
68294.0
68470.0
68644.0
68815.0
68989.0
69163.0
69339.0
69515.0
69691.0
69865.0
70041.0
70215.0
70391.0
70567.0
70741.0
70917.0
71093.0
71267.0
71441.0
71617.0
71791.0
71967.0
72143.0
72313.0
72487.0
72663.0
72839.0
73013.0
73187.0
73355.0
73531.0
73698.0
73874.0
74048.0
74224.0
74400.0
74574.0
74746.0
74922.0
75096.0
75267.0
75443.0
75619.0
75795.0
75969.0
76139.0
76315.0
76486.0
76658.0
76834.0
77010.0
77186.0
77360.0
77525.0
77701.0
77875.0
78046.0
78222.0
78393.0
78567.0
78743.0
78919.0
79093.0
79269.0
79427.0
79603.0
79777.0
79941.0
80117.0
80288.0
80464.0
80640.0
80814.0
80990.0
81166.0
81337.0
81509.0
81685.0
81861.0
82035.0
82209.0
82381.0
82548.0
82718.0
82890.0
83062.0
83236.0
83412.0
83583.0
83759.0
83933.0
84098.0
84274.0
84448.0
84622.0
84796.0
84970.0
85146.0
85322.0
85493.0
85657.0
85833.0
86009.0
86183.0
86359.0
86535.0
86711.0
86885.0
87055.0
87222.0
87398.0
87574.0
87750.0
87922.0
88091.0
88267.0
88441.0
88615.0
88789.0
88961.0
89137.0
89313.0
89482.0
89653.0
89823.0
89999.0
90175.0
90351.0
90525.0
90699.0
90870.0
91042.0
91213.0
91377.0
91541.0
91717.0
91893.0
92067.0
92243.0
92402.0
92578.0
92754.0
92930.0
93106.0
93282.0
93458.0
93634.0
93810.0
93986.0
94158.0
94334.0
94510.0
94684.0
94858.0
95025.0
95201.0
95375.0
95551.0
95727.0
95901.0
96077.0
96253.0
96420.0
96596.0
96765.0
96935.0
97109.0
97280.0
97456.0
97628.0
97804.0
97980.0
98154.0
98328.0
98502.0
98678.0
98850.0
99018.0
99190.0
99364.0
99540.0
99712.0
99886.0
100058.0
100234.0
100410.0
100584.0
100758.0
100930.0
101101.0
101265.0
101437.0
101611.0
101787.0
101963.0
102139.0
102313.0
102489.0
102665.0
102839.0
103013.0
103187.0
103363.0
103529.0
103703.0
103877.0
104053.0
104229.0
104379.0
104553.0
104727.0
104903.0
105073.0
105244.0
105399.0
105571.0
105747.0
105919.0
106090.0
106266.0
106438.0
106614.0
106776.0
106941.0
107115.0
107291.0
107465.0
107639.0
107815.0
107989.0
108165.0
108339.0
108511.0
108677.0
108853.0
109029.0
109205.0
109381.0
109555.0
109731.0
109907.0
110083.0
110259.0
110435.0
110609.0
110780.0
110951.0
111127.0
111299.0
111475.0
111646.0
111816.0
111992.0
112157.0
112333.0
112509.0
112685.0
112842.0
113018.0
113194.0
113368.0
113539.0
113715.0
113889.0
114065.0
114239.0
114413.0
114589.0
114750.0
114926.0
115098.0
115274.0
115443.0
115619.0
115790.0
115966.0
116142.0
116314.0
116490.0
116664.0
116840.0
117016.0
117190.0
117364.0
117531.0
117707.0
117883.0
118057.0
118233.0
118407.0
118583.0
118755.0
118931.0
119105.0
