a = 0.2
g = 0.5
e = 0.1
random initial weights = true

-755.0
-1295.0
-3845.0
-6360.0
-6889.0
-7326.0
-7804.0
-8324.0
-8771.0
-9244.0
-9674.0
-10177.0
-10589.0
-11015.0
-10847.0
-11255.0
-11681.0
-12095.0
-12505.0
-12381.0
-12205.0
-12625.0
-12464.0
-12872.0
-13282.0
-13114.0
-12932.0
-12756.0
-12578.0
-12992.0
-12812.0
-12630.0
-12448.0
-12269.0
-12097.0
-11913.0
-11733.0
-11549.0
-11365.0
-11181.0
-10997.0
-10813.0
-10633.0
-10449.0
-10267.0
-10151.0
-9967.0
-9785.0
-9601.0
-9417.0
-9238.0
-9058.0
-8874.0
-8690.0
-8511.0
-8327.0
-8147.0
-7972.0
-7788.0
-7604.0
-7422.0
-7238.0
-7059.0
-6877.0
-6695.0
-6511.0
-6327.0
-6149.0
-5975.0
-5791.0
-5611.0
-5440.0
-5261.0
-5081.0
-4904.0
-4720.0
-4536.0
-4357.0
-4173.0
-3989.0
-3810.0
-3628.0
-3456.0
-3283.0
-3101.0
-2922.0
-2738.0
-2556.0
-2372.0
-2188.0
-2004.0
-1822.0
-1638.0
-1454.0
-1270.0
-1086.0
-920.0
-738.0
-559.0
-375.0
-191.0
-17.0
167.0
351.0
535.0
717.0
901.0
1085.0
1267.0
1451.0
1635.0
1819.0
1988.0
2172.0
2356.0
2540.0
2724.0
2908.0
3090.0
3274.0
3458.0
3642.0
3824.0
4008.0
4190.0
4372.0
4556.0
4731.0
4913.0
5097.0
5276.0
5458.0
5642.0
5821.0
6005.0
6175.0
6359.0
6543.0
6727.0
6909.0
7091.0
7268.0
7445.0
7629.0
7813.0
7988.0
8167.0
8347.0
8531.0
8715.0
8899.0
9081.0
9265.0
9441.0
9625.0
9809.0
9991.0
10168.0
10352.0
10531.0
10703.0
10885.0
11069.0
11248.0
11432.0
11614.0
11798.0
11982.0
12157.0
12339.0
12516.0
12695.0
12877.0
13061.0
13245.0
13424.0
13590.0
13770.0
13954.0
14138.0
14322.0
14506.0
14688.0
14872.0
15052.0
15236.0
15420.0
15604.0
15788.0
15972.0
16149.0
16331.0
16515.0
16695.0
16879.0
17063.0
17242.0
17426.0
17610.0
17786.0
17955.0
18137.0
18321.0
18503.0
18687.0
18871.0
19055.0
19239.0
19421.0
19596.0
19780.0
19957.0
20132.0
20316.0
20498.0
20680.0
20862.0
21037.0
21221.0
21400.0
21584.0
21768.0
21950.0
22132.0
22316.0
22500.0
22682.0
22862.0
23044.0
23226.0
23410.0
23594.0
23778.0
23962.0
24144.0
24326.0
24505.0
24685.0
24869.0
25046.0
25225.0
25409.0
25588.0
25772.0
25954.0
26138.0
26322.0
26506.0
26690.0
26869.0
27051.0
27235.0
27412.0
27584.0
27764.0
27948.0
28130.0
28312.0
28489.0
28558.0
28740.0
28917.0
29101.0
29283.0
29467.0
29649.0
29831.0
30010.0
30194.0
30376.0
30553.0
30730.0
30914.0
31098.0
31282.0
31459.0
31633.0
31812.0
31996.0
32175.0
32359.0
32543.0
32727.0
32911.0
33095.0
33279.0
33463.0
33645.0
33829.0
34013.0
34190.0
34369.0
34553.0
34735.0
34910.0
35094.0
35278.0
35451.0
35635.0
35819.0
36003.0
36187.0
36369.0
36551.0
36733.0
36917.0
37096.0
37273.0
37455.0
37639.0
37821.0
38005.0
38187.0
38361.0
38543.0
38727.0
38906.0
39088.0
39272.0
39456.0
39640.0
39817.0
39991.0
40175.0
40354.0
40528.0
40712.0
40896.0
41080.0
41262.0
41444.0
41626.0
41810.0
41985.0
42169.0
42353.0
42533.0
42715.0
42897.0
43077.0
43261.0
43440.0
43624.0
43803.0
43987.0
44169.0
44351.0
44533.0
44715.0
44899.0
45083.0
45267.0
45447.0
45629.0
45811.0
45990.0
46167.0
46351.0
46535.0
46717.0
46894.0
47078.0
47262.0
47446.0
47630.0
47807.0
47991.0
48173.0
48357.0
48539.0
48721.0
48903.0
49087.0
49271.0
49446.0
49628.0
49812.0
49986.0
50170.0
50354.0
50528.0
50712.0
50894.0
51078.0
51262.0
51446.0
51630.0
51802.0
51981.0
52165.0
52349.0
52533.0
52713.0
52897.0
53081.0
53263.0
53440.0
53624.0
53808.0
53990.0
54174.0
54353.0
54537.0
54717.0
54901.0
55085.0
55269.0
55453.0
55630.0
55814.0
55996.0
56180.0
56364.0
56548.0
56730.0
56907.0
57091.0
57268.0
57447.0
57631.0
57815.0
57999.0
58178.0
58358.0
58534.0
58718.0
58902.0
59086.0
59270.0
59454.0
59636.0
59818.0
60002.0
60181.0
60365.0
60549.0
60728.0
60912.0
61096.0
61280.0
61462.0
61641.0
61825.0
62007.0
62191.0
62371.0
62543.0
62727.0
62911.0
63095.0
63279.0
63458.0
63637.0
63821.0
63994.0
64178.0
64362.0
64544.0
64718.0
64893.0
65072.0
65254.0
65436.0
65620.0
65792.0
65974.0
66156.0
66340.0
66522.0
66706.0
66890.0
67074.0
67251.0
67425.0
67609.0
67793.0
67975.0
68159.0
68341.0
68525.0
68709.0
68893.0
69077.0
69259.0
69436.0
69620.0
69799.0
69983.0
70162.0
70334.0
70518.0
70697.0
70881.0
71063.0
71240.0
71419.0
71594.0
71773.0
71957.0
72139.0
72316.0
72500.0
72684.0
72861.0
73045.0
73229.0
73413.0
73595.0
73773.0
73950.0
74134.0
74306.0
74490.0
74674.0
74856.0
75040.0
75224.0
75408.0
75592.0
75771.0
75955.0
76139.0
76321.0
76505.0
76689.0
76871.0
77055.0
77237.0
77421.0
77605.0
77774.0
77949.0
78122.0
78306.0
78488.0
78670.0
78854.0
79029.0
79206.0
79390.0
79572.0
79756.0
79935.0
80119.0
80301.0
80485.0
80669.0
80853.0
81032.0
81216.0
81391.0
81575.0
81754.0
81938.0
82122.0
82304.0
82488.0
82672.0
82854.0
83038.0
83215.0
83399.0
83581.0
83760.0
83942.0
84126.0
84310.0
84494.0
84676.0
84855.0
85037.0
85214.0
85391.0
85575.0
85759.0
85943.0
86117.0
86292.0
86474.0
86658.0
86840.0
87024.0
87208.0
87392.0
87574.0
87758.0
87940.0
88124.0
88308.0
88492.0
88671.0
88855.0
89037.0
89221.0
89405.0
89580.0
89764.0
89948.0
90130.0
90310.0
90492.0
90674.0
90858.0
91042.0
91220.0
91399.0
91572.0
91756.0
91940.0
92124.0
92306.0
92490.0
92674.0
92853.0
93030.0
93210.0
93394.0
93578.0
93762.0
93931.0
94111.0
94295.0
94479.0
94663.0
94847.0
95029.0
95213.0
95397.0
95581.0
95758.0
95940.0
96120.0
96304.0
96488.0
96666.0
96843.0
97022.0
97204.0
97383.0
97556.0
97735.0
97917.0
98101.0
98278.0
98448.0
98630.0
98812.0
98991.0
99173.0
99352.0
99536.0
99720.0
99904.0
100082.0
100266.0
100450.0
100634.0
100818.0
101002.0
101184.0
101361.0
101545.0
101729.0
101913.0
102097.0
102276.0
102458.0
102640.0
102824.0
103006.0
103188.0
103372.0
103556.0
103740.0
103922.0
104106.0
104283.0
104465.0
104647.0
104831.0
105009.0
105187.0
105369.0
105546.0
105730.0
105912.0
106094.0
106278.0
106462.0
106641.0
106819.0
107003.0
107187.0
107371.0
107555.0
107734.0
107918.0
108102.0
108286.0
108460.0
108644.0
108828.0
109010.0
109192.0
109376.0
109558.0
109742.0
109926.0
110110.0
110292.0
110476.0
110660.0
110842.0
111016.0
111193.0
111370.0
111550.0
111732.0
111914.0
112098.0
112282.0
112466.0
112648.0
112825.0
113009.0
113193.0
113377.0
113561.0
113745.0
113927.0
114109.0
114288.0
114470.0
114654.0
114829.0
115013.0
115197.0
115376.0
115560.0
115744.0
115928.0
116112.0
116292.0
116471.0
116655.0
116837.0
117021.0
117201.0
117380.0
117559.0
117743.0
117927.0
118104.0
118286.0
118470.0
118649.0
118833.0
119013.0
119197.0
119377.0
119554.0
119736.0
119920.0
120104.0
120288.0
120465.0
120634.0
120813.0
120997.0
121181.0
121361.0
121540.0
121724.0
121902.0
122086.0
122268.0
122447.0
122631.0
122803.0
122981.0
123165.0
123349.0
123533.0
123715.0
123899.0
124083.0
124267.0
124451.0
124635.0
124815.0
124999.0
125183.0
125365.0
125549.0
125729.0
125911.0
126089.0
126268.0
126452.0
126634.0
126818.0
127002.0
127184.0
127366.0
127546.0
127730.0
127912.0
128096.0
128280.0
128457.0
128639.0
128823.0
129005.0
129185.0
129358.0
129537.0
129721.0
129905.0
130087.0
130271.0
130450.0
130622.0
130806.0
130983.0
131167.0
131351.0
131535.0
131708.0
131892.0
132076.0
132260.0
132442.0
132626.0
132805.0
132979.0
133163.0
133343.0
133523.0
133705.0
133889.0
134073.0
134255.0
134439.0
134619.0
134797.0
134981.0
135161.0
135336.0
135520.0
135699.0
135881.0
136060.0
136242.0
136417.0
136599.0
136783.0
136960.0
137136.0
137315.0
137491.0
137675.0
137855.0
138039.0
138223.0
138405.0
138585.0
138767.0
138951.0
139135.0
139314.0
139496.0
139676.0
139860.0
140040.0
140224.0
140408.0
140590.0
140769.0
140946.0
141123.0
141307.0
141491.0
141673.0
141857.0
142041.0
142225.0
142404.0
142588.0
142772.0
142956.0
143140.0
143319.0
143501.0
143685.0
143869.0
144048.0
144232.0
144414.0
144593.0
144775.0
144959.0
145136.0
145318.0
145502.0
145686.0
145870.0
146054.0
146238.0
146422.0
146606.0
146790.0
146974.0
147156.0
147340.0
147524.0
147708.0
147890.0
148062.0
148244.0
148428.0
148612.0
148796.0
148973.0
149157.0
149339.0
149523.0
149700.0
149884.0
150060.0
150240.0
150419.0
150601.0
150783.0
150967.0
151151.0
151333.0
151517.0
151701.0
151878.0
152056.0
152238.0
152420.0
152604.0
152788.0
152972.0
153152.0
153336.0
153516.0
153700.0
153884.0
154061.0
154240.0
154424.0
154608.0
154787.0
154967.0
155144.0
155326.0
155510.0
155694.0
155878.0
156062.0
156246.0
156430.0
156614.0
156796.0
156980.0
157162.0
157341.0
157525.0
157704.0
157877.0
158059.0
158243.0
158427.0
158604.0
158788.0
158972.0
159154.0
159338.0
159522.0
159704.0
159888.0
160072.0
160256.0
160433.0
160617.0
160801.0
160985.0
161169.0
161351.0
161535.0
161719.0
161903.0
162082.0
162266.0
162448.0
162632.0
162816.0
163000.0
163175.0
163357.0
163541.0
163725.0
163909.0
164091.0
164275.0
164454.0
164638.0
164817.0
165001.0
165185.0
165362.0
165540.0
165724.0
165908.0
166090.0
166272.0
166456.0
166640.0
166824.0
167006.0
167190.0
167369.0
167553.0
167737.0
167921.0
168105.0
168289.0
168469.0
168653.0
168837.0
169021.0
169205.0
169384.0
169566.0
169750.0
169929.0
170111.0
170295.0
170468.0
170652.0
170836.0
171018.0
171202.0
171381.0
171565.0
171733.0
171915.0
172094.0
172278.0
172460.0
172644.0
172824.0
173006.0
173190.0
173372.0
173551.0
173730.0
173909.0
174093.0
174270.0
174437.0
174617.0
174799.0
174983.0
175165.0
175349.0
175533.0
175710.0
175889.0
176071.0
176253.0
176433.0
176615.0
176797.0
176981.0
177163.0
177345.0
177529.0
177709.0
177893.0
178077.0
178261.0
178438.0
178622.0
178804.0
178988.0
179170.0
179354.0
179538.0
179722.0
179899.0
180083.0
180265.0
180447.0
180631.0
180815.0
180997.0
181181.0
181361.0
181545.0
181729.0
181911.0
182093.0
182273.0
182450.0
182634.0
182816.0
182995.0
183177.0
183361.0
183543.0
183727.0
183907.0
184089.0
184271.0
184455.0
184637.0
184816.0
184990.0
185174.0
185358.0
185542.0
185726.0
185903.0
186087.0
186271.0
186453.0
186637.0
186821.0
187005.0
187185.0
187365.0
187545.0
187729.0
187911.0
188085.0
188267.0
188449.0
188633.0
188817.0
189001.0
189180.0
189357.0
189539.0
189713.0
189895.0
190075.0
190259.0
190443.0
190627.0
190802.0
190984.0
191168.0
191347.0
191531.0
191715.0
191899.0
192083.0
192267.0
192451.0
192635.0
192814.0
192998.0
193182.0
193366.0
193550.0
193732.0
193916.0
194098.0
194282.0
194461.0
194638.0
194822.0
195004.0
195186.0
195370.0
195554.0
195738.0
195922.0
196106.0
196290.0
196474.0
196654.0
196829.0
197006.0
197190.0
197372.0
197552.0
197736.0
197920.0
198097.0
198281.0
198465.0
198647.0
198826.0
199001.0
199183.0
199367.0
199549.0
199728.0
199912.0
200096.0
200275.0
200457.0
200641.0
200825.0
201009.0
201193.0
201373.0
201550.0
201734.0
201918.0
202102.0
202286.0
202468.0
202652.0
202836.0
203020.0
203204.0
203386.0
203568.0
203750.0
203934.0
204118.0
204300.0
204479.0
204663.0
204845.0
205029.0
205208.0
205392.0
205576.0
205760.0
205940.0
206124.0
206306.0
206479.0
206663.0
206842.0
207026.0
207210.0
207394.0
207573.0
207752.0
207936.0
208115.0
208299.0
208483.0
208663.0
208842.0
209026.0
209210.0
209394.0
209576.0
209760.0
209944.0
210128.0
210312.0
210491.0
210664.0
210841.0
211023.0
211197.0
211379.0
211563.0
211745.0
211915.0
212094.0
212278.0
212462.0
212637.0
212817.0
212999.0
213183.0
213363.0
213545.0
213729.0
213908.0
214092.0
214276.0
214460.0
214644.0
214828.0
215010.0
215188.0
215370.0
215554.0
215733.0
215912.0
216087.0
216271.0
216455.0
216639.0
216823.0
217003.0
217185.0
217369.0
217553.0
217730.0
217914.0
218093.0
218270.0
218454.0
218636.0
218820.0
219004.0
219188.0
219370.0
219549.0
219733.0
219915.0
220099.0
220279.0
220459.0
220639.0
220823.0
221007.0
221179.0
221361.0
221543.0
221727.0
221905.0
222087.0
222266.0
222450.0
222628.0
222812.0
222996.0
223175.0
223359.0
223538.0
223707.0
223882.0
224066.0
224250.0
224434.0
224618.0
224800.0
224979.0
225163.0
225341.0
225523.0
225707.0
225891.0
226075.0
226259.0
226441.0
226623.0
226807.0
226991.0
227173.0
227348.0
227525.0
227709.0
227893.0
228077.0
228261.0
228443.0
228627.0
228811.0
228993.0
229177.0
229361.0
229545.0
229729.0
229913.0
230093.0
230277.0
230461.0
230643.0
230823.0
231007.0
231191.0
231371.0
231555.0
231739.0
231921.0
232105.0
232287.0
232471.0
232655.0
232839.0
233023.0
233205.0
233389.0
233573.0
233752.0
233936.0
234115.0
234297.0
234479.0
234663.0
234847.0
235024.0
235201.0
235381.0
235561.0
235738.0
235920.0
236102.0
236286.0
236465.0
236649.0
236833.0
237017.0
237196.0
237378.0
237562.0
237746.0
237930.0
238107.0
238291.0
238470.0
238647.0
238819.0
238998.0
239182.0
239359.0
239543.0
239713.0
239897.0
240077.0
240261.0
240445.0
240627.0
240804.0
240981.0
241165.0
241349.0
241533.0
241717.0
241894.0
242076.0
242246.0
242423.0
242607.0
242786.0
242965.0
243147.0
243327.0
243511.0
243695.0
243877.0
244059.0
244243.0
244427.0
244609.0
244784.0
244963.0
245140.0
245324.0
245495.0
245677.0
245861.0
246041.0
246215.0
246397.0
246576.0
246760.0
246944.0
247128.0
247312.0
247496.0
247675.0
247857.0
248041.0
248225.0
248409.0
248593.0
248777.0
248961.0
249141.0
249325.0
249509.0
249693.0
249877.0
250061.0
250245.0
250422.0
250604.0
250788.0
250972.0
251156.0
251340.0
251520.0
251704.0
251888.0
252072.0
252252.0
252434.0
252616.0
252800.0
252984.0
253161.0
253341.0
253525.0
253702.0
253877.0
