a = 0.5
g = 0.2
e = 0.1
random initial weights = true

-669.0
-1204.0
-1716.0
-2303.0
-2750.0
-3380.0
-3818.0
-4284.0
-4728.0
-5160.0
-5639.0
-6102.0
-6531.0
-6969.0
-7403.0
-7838.0
-8280.0
-8696.0
-9121.0
-9550.0
-9968.0
-10410.0
-10824.0
-11243.0
-11685.0
-12102.0
-11928.0
-11755.0
-11587.0
-11997.0
-12415.0
-12237.0
-12059.0
-11881.0
-11701.0
-11533.0
-11355.0
-11175.0
-11002.0
-10822.0
-10642.0
-10462.0
-10289.0
-10109.0
-9941.0
-9761.0
-9583.0
-9411.0
-9242.0
-9062.0
-8891.0
-8711.0
-8549.0
-8374.0
-8196.0
-8016.0
-7853.0
-7675.0
-7500.0
-7320.0
-7150.0
-6974.0
-6798.0
-6624.0
-6449.0
-6269.0
-6094.0
-5918.0
-5747.0
-5567.0
-5393.0
-5239.0
-5059.0
-4883.0
-4705.0
-4525.0
-4345.0
-4167.0
-3987.0
-3811.0
-3638.0
-3458.0
-3280.0
-3102.0
-2922.0
-2742.0
-2564.0
-2386.0
-2211.0
-2031.0
-1853.0
-1673.0
-1493.0
-1315.0
-1135.0
-963.0
-783.0
-603.0
-423.0
-243.0
-72.0
96.0
276.0
456.0
636.0
811.0
987.0
1165.0
1345.0
1523.0
1698.0
1878.0
2058.0
2233.0
2408.0
2581.0
2761.0
2928.0
3108.0
3286.0
3464.0
3644.0
3819.0
3999.0
4175.0
4353.0
4525.0
4705.0
4883.0
5058.0
5238.0
5418.0
5577.0
5757.0
5937.0
6111.0
6289.0
6464.0
6644.0
6820.0
6995.0
7175.0
7353.0
7526.0
7706.0
7882.0
8062.0
8235.0
8413.0
8587.0
8760.0
8938.0
9114.0
9294.0
9472.0
9652.0
9832.0
10012.0
10192.0
10372.0
10550.0
10730.0
10910.0
11088.0
11268.0
11444.0
11619.0
11789.0
11964.0
12140.0
12318.0
12498.0
12676.0
12856.0
13034.0
13214.0
13381.0
13559.0
13739.0
13901.0
14076.0
14252.0
14432.0
14607.0
14778.0
14954.0
15132.0
15310.0
15486.0
15666.0
15834.0
16014.0
16176.0
16351.0
16531.0
16709.0
16889.0
17069.0
17244.0
17420.0
17595.0
17775.0
17951.0
18121.0
18294.0
18474.0
18654.0
18819.0
18994.0
19174.0
19350.0
19530.0
19710.0
19884.0
20064.0
20237.0
20415.0
20589.0
20769.0
20949.0
21127.0
21307.0
21487.0
21667.0
21845.0
22023.0
22203.0
22378.0
22558.0
22738.0
22914.0
23083.0
23252.0
23432.0
23608.0
23788.0
23968.0
24146.0
24319.0
24492.0
24668.0
24844.0
25010.0
25182.0
25360.0
25535.0
25715.0
25893.0
26073.0
26251.0
26426.0
26602.0
26776.0
26956.0
27134.0
27310.0
27482.0
27662.0
27842.0
28022.0
28202.0
28382.0
28560.0
28735.0
28905.0
29085.0
29265.0
29440.0
29616.0
29789.0
29969.0
30142.0
30317.0
30497.0
30675.0
30851.0
31031.0
31207.0
31387.0
31565.0
31743.0
31916.0
32092.0
32272.0
32450.0
32625.0
32805.0
32985.0
33160.0
33340.0
33515.0
33695.0
33873.0
34053.0
34231.0
34404.0
34580.0
34755.0
34935.0
35113.0
35293.0
35473.0
35653.0
35831.0
36011.0
36191.0
36366.0
36546.0
36726.0
36902.0
37082.0
37260.0
37433.0
37609.0
37789.0
37964.0
38140.0
38320.0
38495.0
38670.0
38850.0
39028.0
39208.0
39386.0
39548.0
39724.0
39895.0
40075.0
40253.0
40426.0
40606.0
40786.0
40961.0
41136.0
41312.0
41474.0
41654.0
41828.0
42001.0
42181.0
42359.0
42534.0
42714.0
42894.0
43072.0
43252.0
43432.0
43590.0
43768.0
43948.0
44113.0
44288.0
44466.0
44644.0
44824.0
45000.0
45180.0
45355.0
45535.0
45703.0
45878.0
46058.0
46238.0
46418.0
46596.0
46776.0
46951.0
47129.0
47309.0
47480.0
47658.0
47828.0
48008.0
48188.0
48361.0
48537.0
48717.0
48890.0
49070.0
49250.0
49428.0
49606.0
49784.0
49964.0
50144.0
50324.0
50504.0
50682.0
50860.0
51040.0
51218.0
51396.0
51571.0
51749.0
51925.0
52103.0
52281.0
52459.0
52639.0
52819.0
52999.0
53177.0
53355.0
53533.0
53708.0
53888.0
54068.0
54248.0
54428.0
54608.0
54788.0
54968.0
55143.0
55314.0
55492.0
55668.0
55846.0
56026.0
56204.0
56382.0
56562.0
56740.0
56918.0
57098.0
57273.0
57453.0
57629.0
57809.0
57985.0
58160.0
58338.0
58513.0
58691.0
58871.0
59049.0
59224.0
59402.0
59576.0
59756.0
59936.0
60114.0
60292.0
60472.0
60652.0
60830.0
61006.0
61184.0
61364.0
61544.0
61722.0
61902.0
62077.0
62257.0
62437.0
62617.0
62795.0
62973.0
63153.0
63333.0
63506.0
63686.0
63866.0
64039.0
64219.0
64399.0
64579.0
64757.0
64937.0
65117.0
65295.0
65475.0
65655.0
65833.0
66002.0
66182.0
66362.0
66538.0
66718.0
66893.0
67073.0
67251.0
67429.0
67609.0
67785.0
67965.0
68145.0
68312.0
68488.0
68668.0
68848.0
69028.0
69208.0
69386.0
69555.0
69735.0
69913.0
70087.0
70265.0
70445.0
70623.0
70798.0
70978.0
71151.0
71331.0
71502.0
71677.0
71851.0
72029.0
72209.0
72389.0
72567.0
72747.0
72927.0
73107.0
73287.0
73465.0
73643.0
73818.0
73991.0
74169.0
74347.0
74527.0
74707.0
74883.0
75063.0
75243.0
75423.0
75603.0
75781.0
75961.0
76141.0
76321.0
76499.0
76679.0
76852.0
77032.0
77212.0
77385.0
77563.0
77741.0
77921.0
78099.0
78271.0
78449.0
78629.0
78807.0
78987.0
79167.0
79347.0
79522.0
79698.0
79878.0
80056.0
80236.0
80409.0
80587.0
80765.0
80945.0
81120.0
81300.0
81480.0
81658.0
81838.0
82018.0
82198.0
82374.0
82552.0
82732.0
82912.0
83092.0
83272.0
83452.0
83630.0
83810.0
83990.0
84165.0
84343.0
84523.0
84696.0
84874.0
85052.0
85227.0
85407.0
85585.0
85765.0
85943.0
86123.0
86303.0
86483.0
86663.0
86839.0
87010.0
87180.0
87358.0
87533.0
87709.0
87887.0
88067.0
88240.0
88420.0
88600.0
88780.0
88958.0
89138.0
89318.0
89498.0
89678.0
89856.0
90036.0
90216.0
90389.0
90557.0
90730.0
90910.0
91088.0
91268.0
91446.0
91624.0
91804.0
91973.0
92151.0
92326.0
92502.0
92677.0
92857.0
93030.0
93210.0
93385.0
93565.0
93745.0
93920.0
94096.0
94276.0
94454.0
94634.0
94812.0
94988.0
95168.0
95348.0
95528.0
95708.0
95886.0
96060.0
96240.0
96420.0
96593.0
96773.0
96941.0
97117.0
97297.0
97472.0
97652.0
97832.0
98010.0
98190.0
98370.0
98548.0
98728.0
98904.0
99077.0
99255.0
99433.0
99611.0
99791.0
99969.0
100144.0
100322.0
100497.0
100675.0
100855.0
101030.0
101210.0
101390.0
101570.0
101746.0
101921.0
102099.0
102267.0
102445.0
102623.0
102803.0
102978.0
103144.0
103322.0
103500.0
103678.0
103858.0
104038.0
104216.0
104394.0
104574.0
104754.0
104934.0
105107.0
105282.0
105457.0
105637.0
105813.0
105993.0
106166.0
106344.0
106522.0
106702.0
106880.0
107053.0
107233.0
107413.0
107593.0
107773.0
107953.0
108124.0
108304.0
108482.0
108662.0
108842.0
109015.0
109195.0
109366.0
109546.0
109722.0
109900.0
110080.0
110260.0
110440.0
110620.0
110800.0
110975.0
111150.0
111330.0
111505.0
111685.0
111863.0
112043.0
112219.0
112392.0
112572.0
112752.0
112928.0
113108.0
113277.0
113457.0
113637.0
113815.0
113993.0
114173.0
114344.0
114524.0
114697.0
114869.0
115044.0
115224.0
115400.0
115578.0
115758.0
115938.0
116116.0
116296.0
116474.0
116654.0
116834.0
117014.0
117189.0
117369.0
117549.0
117725.0
117900.0
118080.0
118253.0
118431.0
118604.0
118784.0
118964.0
119144.0
119319.0
119487.0
119665.0
119845.0
120025.0
120200.0
120373.0
120553.0
120731.0
120896.0
121071.0
121249.0
121427.0
121600.0
121778.0
121956.0
122134.0
122312.0
122487.0
122662.0
122842.0
123022.0
123202.0
123382.0
123557.0
123739.0
123923.0
124103.0
124283.0
124457.0
124641.0
124825.0
125007.0
125184.0
125368.0
125548.0
125732.0
125916.0
126100.0
126284.0
126468.0
126652.0
126836.0
127020.0
127204.0
127388.0
127572.0
127752.0
127936.0
128120.0
128300.0
128479.0
128658.0
128838.0
129020.0
129202.0
129377.0
129556.0
129738.0
129920.0
130100.0
130284.0
130466.0
130650.0
130834.0
131018.0
131202.0
131384.0
131568.0
131752.0
131934.0
132118.0
132297.0
132474.0
132645.0
132829.0
133011.0
133190.0
133374.0
133551.0
133735.0
133919.0
134103.0
134287.0
134469.0
134641.0
134825.0
135007.0
135186.0
135370.0
135554.0
135738.0
135915.0
136099.0
136283.0
136467.0
136649.0
136833.0
137017.0
137199.0
137383.0
137565.0
137747.0
137931.0
138113.0
138297.0
138481.0
138660.0
138842.0
139026.0
139205.0
139387.0
139571.0
139755.0
139939.0
140123.0
140307.0
140491.0
140673.0
140855.0
141037.0
141221.0
141405.0
141589.0
141773.0
141957.0
142130.0
142310.0
142494.0
142676.0
142855.0
143039.0
143216.0
143391.0
143575.0
143747.0
143931.0
144115.0
144299.0
144479.0
144661.0
144845.0
145027.0
145209.0
145393.0
145575.0
145752.0
145934.0
146118.0
146292.0
146471.0
146653.0
146837.0
147019.0
147198.0
147377.0
147561.0
147743.0
147925.0
148109.0
148293.0
148473.0
148652.0
148836.0
149020.0
149197.0
149372.0
149556.0
149740.0
149924.0
150108.0
150292.0
150474.0
150658.0
150842.0
151024.0
151206.0
151390.0
151574.0
151756.0
151933.0
152117.0
152297.0
152481.0
152663.0
152842.0
153022.0
153199.0
153378.0
153562.0
153746.0
153930.0
154114.0
154296.0
154475.0
154659.0
154841.0
155023.0
155207.0
155391.0
155575.0
155751.0
155933.0
156115.0
156299.0
156483.0
156662.0
156841.0
157025.0
157209.0
157391.0
157575.0
157759.0
157943.0
158127.0
158311.0
158490.0
158674.0
158856.0
159040.0
159224.0
159400.0
159584.0
159763.0
159940.0
160122.0
160304.0
160483.0
160667.0
160839.0
161023.0
161207.0
161391.0
161570.0
161754.0
161933.0
162112.0
162292.0
162476.0
162660.0
162844.0
163028.0
163212.0
163396.0
163580.0
163764.0
163936.0
164120.0
164304.0
164478.0
164662.0
164844.0
165028.0
165210.0
165394.0
165576.0
165758.0
165942.0
166126.0
166305.0
166489.0
166668.0
166852.0
167036.0
167220.0
167404.0
167586.0
167770.0
167954.0
168131.0
168313.0
168497.0
168681.0
168863.0
169038.0
169215.0
169399.0
169583.0
169767.0
169951.0
170133.0
170317.0
170499.0
170683.0
170867.0
171049.0
171233.0
171417.0
171601.0
171781.0
171963.0
172135.0
172312.0
172496.0
172680.0
172864.0
173044.0
173228.0
173412.0
173589.0
173773.0
173957.0
174141.0
174325.0
174507.0
174691.0
174875.0
175057.0
175241.0
175425.0
175609.0
175788.0
175970.0
176142.0
176326.0
176510.0
176688.0
176867.0
177051.0
177235.0
177417.0
177597.0
177777.0
177961.0
178143.0
178325.0
178509.0
178688.0
178870.0
179054.0
179238.0
179422.0
179594.0
179773.0
179957.0
180141.0
180316.0
180496.0
180680.0
180864.0
181041.0
181225.0
181397.0
181581.0
181765.0
181949.0
182128.0
182300.0
182480.0
182664.0
182848.0
183030.0
183212.0
183396.0
183580.0
183764.0
183948.0
184132.0
184311.0
184495.0
184677.0
184861.0
185038.0
185222.0
185401.0
185576.0
185760.0
185944.0
186128.0
186310.0
186494.0
186678.0
186858.0
187040.0
187220.0
187404.0
187588.0
187765.0
187945.0
188129.0
188306.0
188488.0
188672.0
188854.0
189038.0
189222.0
189406.0
189590.0
189767.0
189946.0
190128.0
190308.0
190488.0
190672.0
190854.0
191033.0
191217.0
191401.0
191585.0
191769.0
191953.0
192132.0
192316.0
192498.0
192680.0
192862.0
193046.0
193221.0
193405.0
193587.0
193771.0
193955.0
194139.0
194323.0
194502.0
194684.0
194868.0
195052.0
195226.0
195410.0
195594.0
195778.0
195960.0
196144.0
196328.0
196512.0
196692.0
196876.0
197060.0
197244.0
197428.0
197612.0
197796.0
197970.0
198144.0
198328.0
198512.0
198691.0
198875.0
199059.0
199243.0
199427.0
199602.0
199786.0
199965.0
200149.0
200333.0
200517.0
200701.0
200883.0
201067.0
201249.0
201433.0
201603.0
201783.0
201967.0
202151.0
202335.0
202515.0
202697.0
202879.0
203063.0
203243.0
203427.0
203609.0
203793.0
203972.0
204156.0
204340.0
204524.0
204708.0
204890.0
205069.0
205251.0
205431.0
205615.0
205794.0
205978.0
206158.0
206340.0
206522.0
206706.0
206888.0
207072.0
207256.0
207440.0
207624.0
207803.0
207987.0
208169.0
208353.0
208537.0
208721.0
208905.0
209089.0
209273.0
209457.0
209641.0
209825.0
210009.0
210193.0
210377.0
210561.0
210745.0
210929.0
211111.0
211293.0
211477.0
211661.0
211838.0
212022.0
212206.0
212390.0
212569.0
212753.0
212935.0
213117.0
213301.0
213483.0
213667.0
213849.0
214033.0
214213.0
214397.0
214581.0
214765.0
214947.0
215126.0
215310.0
215490.0
215674.0
215858.0
216042.0
216222.0
216401.0
216578.0
216762.0
216946.0
217128.0
217312.0
217496.0
217676.0
217851.0
218026.0
218205.0
218387.0
218571.0
218750.0
218924.0
219108.0
219287.0
219466.0
219645.0
219827.0
220011.0
220195.0
220379.0
220563.0
220747.0
220929.0
221108.0
221292.0
221471.0
221653.0
221832.0
222016.0
222198.0
222380.0
222564.0
222748.0
222932.0
223112.0
223284.0
223463.0
223647.0
223831.0
224008.0
224192.0
224374.0
224551.0
224735.0
224919.0
225103.0
225287.0
225466.0
225650.0
225832.0
226011.0
226195.0
226374.0
226558.0
226740.0
226922.0
227097.0
227276.0
227460.0
227638.0
227822.0
227997.0
228179.0
228363.0
228547.0
228731.0
228915.0
229099.0
229283.0
229462.0
229641.0
229825.0
230009.0
230186.0
230370.0
230554.0
230738.0
230922.0
231106.0
231288.0
231467.0
231646.0
231825.0
232007.0
232191.0
232375.0
232559.0
232743.0
232925.0
233100.0
233280.0
233458.0
233640.0
233824.0
234006.0
234183.0
234363.0
234540.0
234722.0
234906.0
235090.0
235272.0
235454.0
235634.0
235818.0
235995.0
236179.0
236356.0
236534.0
236718.0
236902.0
237086.0
237270.0
237454.0
237636.0
237820.0
238004.0
238188.0
238370.0
238554.0
238738.0
238920.0
239104.0
239288.0
239462.0
239646.0
239830.0
240004.0
240188.0
240365.0
240549.0
240733.0
240917.0
241099.0
241283.0
241465.0
241647.0
241831.0
242013.0
242190.0
242369.0
242548.0
242732.0
242912.0
243092.0
243276.0
243455.0
243637.0
243816.0
244000.0
244178.0
244355.0
244537.0
244719.0
244896.0
245080.0
245262.0
245446.0
245630.0
245804.0
245988.0
246172.0
246356.0
246533.0
246712.0
246894.0
247076.0
247255.0
247439.0
247623.0
247803.0
247987.0
248171.0
248340.0
248524.0
248708.0
248887.0
249071.0
249251.0
249435.0
249612.0
249796.0
249971.0
250155.0
250335.0
250519.0
250703.0
250887.0
251069.0
251253.0
