a = 0.2
g = 0.5
e = 0.5
random initial weights = true

-658.0
-1652.0
-2296.0
-2830.0
-3517.0
-4164.0
-4664.0
-7151.0
-7581.0
-8026.0
-8605.0
-9096.0
-9516.0
-10154.0
-10648.0
-11089.0
-11590.0
-12011.0
-12481.0
-12915.0
-13386.0
-13876.0
-14361.0
-14796.0
-15251.0
-15722.0
-16139.0
-16022.0
-16458.0
-16977.0
-17433.0
-17863.0
-18292.0
-18726.0
-19154.0
-19594.0
-19484.0
-19905.0
-20347.0
-20805.0
-21243.0
-21715.0
-22143.0
-22574.0
-23029.0
-23501.0
-23929.0
-24364.0
-24823.0
-25266.0
-25141.0
-25574.0
-26021.0
-25878.0
-26298.0
-26140.0
-25971.0
-26449.0
-26284.0
-26712.0
-26583.0
-26999.0
-27436.0
-27306.0
-27800.0
-27641.0
-27463.0
-27315.0
-27742.0
-28170.0
-28035.0
-28474.0
-28909.0
-29355.0
-29194.0
-29020.0
-29465.0
-29309.0
-29141.0
-28976.0
-28835.0
-29259.0
-29695.0
-29526.0
-29424.0
-29256.0
-29115.0
-28957.0
-28802.0
-29219.0
-29092.0
-28918.0
-28763.0
-28630.0
-28482.0
-28336.0
-28185.0
-28011.0
-27845.0
-27715.0
-27563.0
-27399.0
-27238.0
-27083.0
-26924.0
-26767.0
-26599.0
-26434.0
-26267.0
-26109.0
-25961.0
-25801.0
-25627.0
-25455.0
-25304.0
-25155.0
-24985.0
-24830.0
-24710.0
-24561.0
-24394.0
-24236.0
-24084.0
-23932.0
-23768.0
-23627.0
-23489.0
-23326.0
-23160.0
-22990.0
-22829.0
-22659.0
-22492.0
-22332.0
-22161.0
-22016.0
-21844.0
-21676.0
-21507.0
-21354.0
-21208.0
-21050.0
-20886.0
-20751.0
-20589.0
-20424.0
-20275.0
-20143.0
-20016.0
-19856.0
-19708.0
-19546.0
-19377.0
-19241.0
-19097.0
-18939.0
-18777.0
-18611.0
-18477.0
-18340.0
-18176.0
-18013.0
-17852.0
-17681.0
-17519.0
-17357.0
-17215.0
-17057.0
-16897.0
-16737.0
-16594.0
-16425.0
-16251.0
-16085.0
-15916.0
-15747.0
-15582.0
-15435.0
-15272.0
-15109.0
-14933.0
-14766.0
-14596.0
-14442.0
-14277.0
-14099.0
-13948.0
-13774.0
-13605.0
-13439.0
-13282.0
-13111.0
-12970.0
-12813.0
-12677.0
-12520.0
-12366.0
-12201.0
-12034.0
-11869.0
-11701.0
-11545.0
-11408.0
-11262.0
-11108.0
-10938.0
-10780.0
-10606.0
-10448.0
-10285.0
-10131.0
-9992.0
-9823.0
-9673.0
-9528.0
-9364.0
-9192.0
-9023.0
-8868.0
-8697.0
-8542.0
-8375.0
-8217.0
-8093.0
-7922.0
-7761.0
-7624.0
-7453.0
-7289.0
-7162.0
-7022.0
-6873.0
-6709.0
-6558.0
-6395.0
-6247.0
-6077.0
-5912.0
-5759.0
-5590.0
-5422.0
-5253.0
-5137.0
-4963.0
-4823.0
-4670.0
-4513.0
-4365.0
-4209.0
-4092.0
-3932.0
-3759.0
-3593.0
-3419.0
-3264.0
-3117.0
-2943.0
-2790.0
-2621.0
-2454.0
-2319.0
-2155.0
-1987.0
-1821.0
-1652.0
-1494.0
-1329.0
-1164.0
-1008.0
-867.0
-700.0
-561.0
-416.0
-281.0
-107.0
42.0
202.0
340.0
507.0
679.0
827.0
984.0
1162.0
1324.0
1471.0
1637.0
1792.0
1955.0
2100.0
2267.0
2429.0
2572.0
2731.0
2887.0
3030.0
3153.0
3312.0
3483.0
3644.0
3810.0
3979.0
4130.0
4302.0
4478.0
4618.0
4785.0
4936.0
5087.0
5252.0
5403.0
5566.0
5730.0
5884.0
6040.0
6187.0
6337.0
6513.0
6668.0
6828.0
6980.0
7150.0
7319.0
7472.0
7630.0
7795.0
7934.0
8085.0
8212.0
8381.0
8542.0
8712.0
8836.0
9000.0
9153.0
9300.0
9468.0
9642.0
9811.0
9899.0
10050.0
10180.0
10344.0
10503.0
10661.0
10782.0
10947.0
11112.0
11238.0
11410.0
11569.0
11704.0
11859.0
12028.0
12196.0
12357.0
12521.0
12668.0
12813.0
12980.0
13146.0
13306.0
13461.0
13611.0
13775.0
13938.0
14085.0
14221.0
14366.0
14521.0
14673.0
14830.0
14989.0
15149.0
15321.0
15485.0
15628.0
15800.0
15966.0
16135.0
16287.0
16450.0
16618.0
16758.0
16930.0
17088.0
17238.0
17396.0
17562.0
17712.0
17860.0
18019.0
18191.0
18346.0
18510.0
18664.0
18834.0
19003.0
19168.0
19326.0
19452.0
19604.0
19735.0
19913.0
20069.0
20234.0
20396.0
20567.0
20706.0
20884.0
21049.0
21206.0
21349.0
21494.0
21668.0
21827.0
21950.0
22126.0
22281.0
22437.0
22591.0
22767.0
22945.0
23117.0
23288.0
23454.0
23612.0
23777.0
23955.0
24127.0
24253.0
24407.0
24566.0
24740.0
24900.0
25033.0
25175.0
25345.0
25507.0
25649.0
25798.0
25961.0
26105.0
26248.0
26410.0
26584.0
26758.0
26924.0
27076.0
27243.0
27419.0
27573.0
27749.0
27918.0
28084.0
28248.0
28376.0
28535.0
28686.0
28823.0
28974.0
29111.0
29277.0
29423.0
29591.0
29762.0
29897.0
30056.0
30205.0
30351.0
30520.0
30684.0
30831.0
30990.0
31144.0
31302.0
31462.0
31634.0
31787.0
31958.0
32132.0
32290.0
32444.0
32609.0
32743.0
32881.0
33034.0
33196.0
33363.0
33525.0
33688.0
33848.0
34020.0
34184.0
34362.0
34521.0
34690.0
34863.0
35023.0
35185.0
35341.0
35495.0
35615.0
35781.0
35940.0
36100.0
36260.0
36431.0
36600.0
36750.0
36893.0
37036.0
37201.0
37348.0
37520.0
37689.0
37815.0
37977.0
38129.0
38283.0
38445.0
38621.0
38785.0
38938.0
39084.0
39243.0
39412.0
39562.0
39697.0
39861.0
40026.0
40187.0
40343.0
40497.0
40657.0
40827.0
40965.0
41123.0
41295.0
41432.0
41529.0
41665.0
41799.0
41969.0
42112.0
42266.0
42426.0
42582.0
42706.0
42858.0
43028.0
43197.0
43347.0
43497.0
43604.0
43762.0
43917.0
44073.0
44238.0
44400.0
44563.0
44737.0
44910.0
45069.0
45223.0
45389.0
45546.0
45717.0
45870.0
46018.0
46167.0
46320.0
46481.0
46632.0
46798.0
46918.0
47087.0
47240.0
47409.0
47576.0
47735.0
47879.0
48044.0
48206.0
48377.0
48546.0
48715.0
48869.0
49027.0
49197.0
49354.0
49503.0
49649.0
49794.0
49916.0
50056.0
50230.0
50395.0
50569.0
50716.0
50880.0
51039.0
51188.0
51348.0
51497.0
51655.0
51825.0
51965.0
52137.0
52285.0
52457.0
52625.0
52790.0
52951.0
53112.0
53274.0
53403.0
53569.0
53733.0
53900.0
54060.0
54210.0
54379.0
54542.0
54686.0
54839.0
54989.0
55132.0
55289.0
55442.0
55620.0
55788.0
55956.0
56103.0
56252.0
56422.0
56554.0
56689.0
56854.0
57014.0
57182.0
57334.0
57500.0
57676.0
57850.0
58002.0
58178.0
58350.0
58512.0
58671.0
58826.0
58985.0
59131.0
59295.0
59453.0
59619.0
59784.0
59940.0
60084.0
60225.0
60357.0
60504.0
60663.0
60824.0
60991.0
61156.0
61293.0
61437.0
61588.0
61743.0
61905.0
62043.0
62202.0
62357.0
62525.0
62688.0
62836.0
63008.0
63163.0
63326.0
63477.0
63625.0
63790.0
63945.0
64109.0
64241.0
64413.0
64552.0
64721.0
64880.0
65009.0
65173.0
65345.0
65497.0
65663.0
65835.0
66006.0
66179.0
66355.0
66508.0
66676.0
66834.0
66990.0
67160.0
67334.0
67504.0
67658.0
67828.0
67987.0
68132.0
68281.0
68438.0
68583.0
68749.0
68909.0
69079.0
69199.0
69361.0
69508.0
69671.0
69841.0
69996.0
70137.0
70307.0
70471.0
70615.0
70726.0
70854.0
71020.0
71189.0
71351.0
71482.0
71629.0
71786.0
71949.0
72110.0
72233.0
72389.0
72563.0
72731.0
72873.0
73010.0
73181.0
73331.0
73488.0
73660.0
73792.0
73944.0
74114.0
74254.0
74407.0
74579.0
74716.0
74883.0
75055.0
75201.0
75375.0
75547.0
75704.0
75855.0
76014.0
76174.0
76343.0
76504.0
76669.0
76828.0
76992.0
77166.0
77316.0
77466.0
77624.0
77786.0
77940.0
78114.0
78275.0
78439.0
78592.0
78758.0
78904.0
79054.0
79196.0
79359.0
79527.0
79685.0
79835.0
80003.0
80169.0
80326.0
80498.0
80665.0
80803.0
80954.0
81122.0
81266.0
81431.0
81562.0
81727.0
81897.0
82062.0
82229.0
82394.0
82544.0
82695.0
82849.0
82979.0
83137.0
83313.0
83465.0
83606.0
83745.0
83902.0
84065.0
84216.0
84369.0
84504.0
84671.0
84810.0
84973.0
85133.0
85287.0
85414.0
85561.0
85727.0
85862.0
86030.0
86188.0
86354.0
86510.0
86676.0
86832.0
86999.0
87157.0
87315.0
87475.0
87595.0
87763.0
87914.0
88066.0
88218.0
88381.0
88536.0
88704.0
88874.0
89040.0
89203.0
89354.0
89492.0
89664.0
89814.0
89979.0
90130.0
90300.0
90466.0
90628.0
90778.0
90924.0
91079.0
91252.0
91426.0
91575.0
91742.0
91904.0
92044.0
92196.0
92357.0
92510.0
92682.0
92844.0
93009.0
93156.0
93324.0
93489.0
93658.0
93826.0
93970.0
94133.0
94247.0
94419.0
94582.0
94754.0
94908.0
95065.0
95225.0
95382.0
95560.0
95709.0
95870.0
96016.0
96161.0
96324.0
96469.0
96633.0
96798.0
96960.0
97125.0
97274.0
97443.0
97602.0
97771.0
97918.0
98074.0
98252.0
98390.0
98547.0
98708.0
98882.0
99047.0
99212.0
99346.0
99515.0
99665.0
99829.0
99984.0
100151.0
100312.0
100479.0
100632.0
100772.0
100925.0
101086.0
101256.0
101376.0
101552.0
101720.0
101879.0
102047.0
102205.0
102353.0
102519.0
102683.0
102841.0
103019.0
103175.0
103323.0
103501.0
103654.0
103817.0
103963.0
104117.0
104285.0
104455.0
104622.0
104744.0
104886.0
105044.0
105199.0
105373.0
105537.0
105707.0
105862.0
105993.0
106154.0
106324.0
106476.0
106630.0
106790.0
106939.0
107111.0
107280.0
107441.0
107591.0
107739.0
107883.0
108030.0
108199.0
108357.0
108519.0
108666.0
108837.0
108996.0
109170.0
109335.0
109513.0
109680.0
109846.0
110011.0
110156.0
110304.0
110476.0
110624.0
110770.0
110930.0
111073.0
111229.0
111403.0
111570.0
111722.0
111883.0
112028.0
112197.0
112358.0
112520.0
112678.0
112830.0
112951.0
113102.0
113263.0
113426.0
113595.0
113749.0
113920.0
114069.0
114234.0
114406.0
114496.0
114657.0
114829.0
114985.0
115142.0
115291.0
115465.0
115616.0
115785.0
115939.0
116087.0
116265.0
116429.0
116589.0
116703.0
116846.0
116994.0
117146.0
117310.0
117478.0
117647.0
117813.0
117970.0
118148.0
118320.0
118471.0
118626.0
118793.0
118945.0
119114.0
119282.0
119439.0
119583.0
119755.0
119915.0
120089.0
120215.0
120380.0
120531.0
120693.0
120853.0
121016.0
121177.0
121343.0
121503.0
121638.0
121814.0
121981.0
122138.0
122258.0
122417.0
122559.0
122712.0
122860.0
123013.0
123156.0
123317.0
123483.0
123652.0
123815.0
123981.0
124144.0
124304.0
124452.0
124617.0
124784.0
124944.0
125092.0
125256.0
125417.0
125573.0
125714.0
125869.0
126032.0
126198.0
126350.0
126522.0
126655.0
126795.0
126945.0
127108.0
127284.0
127423.0
127590.0
127754.0
127928.0
128079.0
128243.0
128394.0
128554.0
128726.0
128854.0
129012.0
129188.0
129345.0
129499.0
129666.0
129832.0
129999.0
130157.0
130302.0
130464.0
130634.0
130803.0
130963.0
131084.0
131256.0
131430.0
131592.0
131753.0
131921.0
132027.0
132194.0
132370.0
132544.0
132706.0
132877.0
133053.0
133207.0
133340.0
133511.0
133674.0
133813.0
133986.0
134160.0
134311.0
134458.0
134621.0
134777.0
134948.0
135105.0
135258.0
135416.0
135586.0
135757.0
135896.0
136043.0
136208.0
136376.0
136531.0
136687.0
136843.0
136998.0
137154.0
137323.0
137478.0
137646.0
137793.0
137954.0
138121.0
138275.0
138449.0
138615.0
138742.0
138902.0
139060.0
139238.0
139402.0
139569.0
139731.0
139900.0
140052.0
140204.0
140337.0
140505.0
140665.0
140843.0
141002.0
141147.0
141278.0
141445.0
141596.0
141748.0
141908.0
142076.0
142221.0
142383.0
142545.0
142721.0
142878.0
143041.0
143192.0
143360.0
143522.0
143681.0
143839.0
144008.0
144165.0
144331.0
144489.0
144646.0
144802.0
144955.0
145104.0
145258.0
145410.0
145571.0
145727.0
145894.0
146060.0
146236.0
146407.0
146542.0
146697.0
146809.0
146967.0
147132.0
147272.0
147418.0
147568.0
147717.0
147876.0
148001.0
148177.0
148353.0
148523.0
148675.0
148836.0
148994.0
149166.0
149333.0
149496.0
149660.0
149810.0
149970.0
150138.0
150301.0
150453.0
150618.0
150761.0
150906.0
151075.0
151225.0
151384.0
151551.0
151712.0
151867.0
152004.0
152167.0
152306.0
152443.0
152593.0
152754.0
152913.0
153038.0
153210.0
153352.0
153516.0
153596.0
153746.0
153875.0
154035.0
154180.0
154356.0
154523.0
154689.0
154847.0
155025.0
155176.0
155352.0
155510.0
155654.0
155818.0
155966.0
156144.0
156297.0
156461.0
156600.0
156754.0
156923.0
157076.0
157239.0
157400.0
157570.0
157735.0
157901.0
158068.0
158181.0
158346.0
158518.0
158692.0
158866.0
159004.0
159136.0
159300.0
159454.0
159608.0
159760.0
159929.0
160086.0
160236.0
160381.0
160552.0
160723.0
160885.0
161057.0
161228.0
161388.0
161550.0
161716.0
161865.0
162020.0
162146.0
162316.0
162486.0
162651.0
162815.0
162976.0
163132.0
163310.0
163472.0
163625.0
163783.0
163935.0
164101.0
164260.0
164418.0
164587.0
164749.0
164880.0
165027.0
165196.0
165350.0
165490.0
165625.0
165784.0
165950.0
166109.0
166267.0
166386.0
166548.0
166699.0
166840.0
167010.0
167176.0
167339.0
167502.0
167664.0
167840.0
167969.0
168123.0
168283.0
168448.0
168617.0
168783.0
168947.0
169102.0
169274.0
169422.0
169590.0
169751.0
169903.0
170065.0
170233.0
170409.0
170576.0
170732.0
170903.0
171072.0
171232.0
171403.0
171561.0
171718.0
171846.0
172024.0
172188.0
172345.0
172484.0
172656.0
172806.0
172972.0
173129.0
173294.0
173464.0
173596.0
173749.0
173898.0
174029.0
174191.0
174337.0
174492.0
174668.0
174842.0
175010.0
175171.0
175313.0
175463.0
175619.0
175786.0
175925.0
176082.0
176249.0
176410.0
176578.0
176745.0
176901.0
177074.0
177221.0
177384.0
177558.0
177718.0
177880.0
178037.0
178176.0
178347.0
178506.0
178682.0
178823.0
178965.0
179103.0
179251.0
179424.0
179587.0
179748.0
179895.0
180034.0
180182.0
180331.0
180507.0
180669.0
180832.0
180963.0
181134.0
181297.0
181466.0
181627.0
181790.0
181958.0
182126.0
182284.0
182449.0
182606.0
182768.0
182909.0
183069.0
183225.0
183387.0
183544.0
183692.0
183844.0
183993.0
184142.0
184285.0
184406.0
184573.0
184743.0
184916.0
185078.0
185246.0
185396.0
185534.0
185703.0
185881.0
186029.0
186150.0
186310.0
186476.0
186636.0
186810.0
186969.0
187127.0
187293.0
187431.0
187594.0
187725.0
187881.0
188042.0
188193.0
188352.0
188504.0
188671.0
188810.0
188977.0
189141.0
189304.0
189438.0
189603.0
189770.0
189932.0
190086.0
190253.0
190408.0
190536.0
190710.0
190868.0
191042.0
191209.0
191366.0
191531.0
191705.0
191860.0
192030.0
192188.0
192344.0
192504.0
192667.0
192806.0
