a = 0.5
g = 0.5
e = 0.1
random initial weights = false

-3170.0
-3723.0
-4187.0
-4777.0
-5265.0
-5281.0
-5740.0
-6250.0
-6689.0
-7133.0
-7698.0
-8181.0
-8642.0
-9101.0
-9530.0
-9993.0
-9918.0
-10330.0
-10782.0
-10642.0
-11063.0
-11513.0
-11944.0
-12364.0
-12791.0
-13272.0
-13713.0
-14181.0
-14025.0
-14437.0
-14318.0
-14730.0
-14606.0
-15018.0
-14858.0
-15292.0
-15714.0
-16137.0
-16571.0
-16987.0
-17403.0
-17821.0
-17660.0
-18080.0
-17940.0
-18352.0
-18195.0
-18024.0
-18441.0
-18286.0
-18114.0
-17938.0
-17762.0
-17586.0
-17432.0
-17256.0
-17087.0
-16913.0
-16739.0
-16563.0
-16391.0
-16217.0
-16045.0
-15869.0
-15693.0
-15519.0
-15345.0
-15169.0
-14998.0
-14827.0
-14651.0
-14480.0
-14306.0
-14137.0
-13965.0
-13791.0
-13615.0
-13446.0
-13272.0
-13096.0
-12922.0
-12746.0
-12587.0
-12413.0
-12239.0
-12071.0
-11895.0
-11719.0
-11543.0
-11367.0
-11193.0
-11019.0
-10843.0
-10669.0
-10493.0
-10326.0
-10150.0
-9974.0
-9798.0
-9624.0
-9448.0
-9272.0
-9096.0
-8922.0
-8746.0
-8570.0
-8403.0
-8229.0
-8053.0
-7877.0
-7709.0
-7535.0
-7363.0
-7198.0
-7028.0
-6856.0
-6680.0
-6512.0
-6347.0
-6171.0
-5995.0
-5819.0
-5645.0
-5471.0
-5295.0
-5123.0
-4949.0
-4777.0
-4601.0
-4429.0
-4257.0
-4085.0
-3909.0
-3735.0
-3561.0
-3387.0
-3213.0
-3039.0
-2865.0
-2689.0
-2518.0
-2342.0
-2173.0
-1999.0
-1823.0
-1647.0
-1482.0
-1306.0
-1130.0
-954.0
-780.0
-604.0
-428.0
-252.0
-85.0
87.0
246.0
420.0
590.0
753.0
929.0
1101.0
1277.0
1453.0
1629.0
1805.0
1981.0
2157.0
2333.0
2503.0
2679.0
2850.0
3026.0
3202.0
3378.0
3546.0
3713.0
3887.0
4061.0
4235.0
4411.0
4587.0
4763.0
4931.0
5107.0
5283.0
5459.0
5635.0
5809.0
5983.0
6159.0
6331.0
6503.0
6679.0
6855.0
7027.0
7198.0
7370.0
7544.0
7718.0
7892.0
8066.0
8237.0
8411.0
8583.0
8750.0
8924.0
9100.0
9271.0
9438.0
9600.0
9776.0
9948.0
10122.0
10298.0
10470.0
10646.0
10822.0
10998.0
11174.0
11348.0
11520.0
11694.0
11870.0
12046.0
12222.0
12394.0
12566.0
12742.0
12916.0
13090.0
13266.0
13440.0
13616.0
13790.0
13959.0
14133.0
14307.0
14479.0
14655.0
14824.0
15000.0
15174.0
15350.0
15522.0
15696.0
15867.0
16033.0
16209.0
16380.0
16554.0
16728.0
16902.0
17078.0
17254.0
17428.0
17602.0
17776.0
17950.0
18119.0
18295.0
18471.0
18645.0
18819.0
18988.0
19164.0
19340.0
19512.0
19686.0
19862.0
20038.0
20214.0
20390.0
20564.0
20733.0
20903.0
21079.0
21255.0
21425.0
21589.0
21761.0
21937.0
22113.0
22289.0
22461.0
22633.0
22807.0
22983.0
23159.0
23328.0
23502.0
23676.0
23843.0
24019.0
24195.0
24371.0
24545.0
24719.0
24895.0
25071.0
25245.0
25419.0
25593.0
25769.0
25943.0
26117.0
26291.0
26465.0
26641.0
26817.0
26991.0
27160.0
27336.0
27503.0
27677.0
27845.0
28021.0
28195.0
28371.0
28547.0
28723.0
28899.0
29075.0
29251.0
29425.0
29599.0
29775.0
29951.0
30127.0
30301.0
30477.0
30653.0
30827.0
31003.0
31179.0
31355.0
31531.0
31707.0
31883.0
32059.0
32233.0
32409.0
32583.0
32759.0
32929.0
33103.0
33279.0
33450.0
33626.0
33802.0
33978.0
34154.0
34324.0
34495.0
34669.0
34845.0
35021.0
35197.0
35373.0
35549.0
35723.0
35895.0
36069.0
36245.0
36421.0
36597.0
36771.0
36945.0
37113.0
37287.0
37456.0
37632.0
37799.0
37975.0
38149.0
38321.0
38493.0
38669.0
38845.0
39019.0
39195.0
39361.0
39537.0
39709.0
39880.0
40056.0
40232.0
40406.0
40582.0
40751.0
40927.0
41101.0
41277.0
41453.0
41629.0
41805.0
41979.0
42143.0
42314.0
42490.0
42661.0
42833.0
43009.0
43183.0
43355.0
43527.0
43701.0
43875.0
44051.0
44227.0
44403.0
44577.0
44753.0
44922.0
45096.0
45272.0
45446.0
45620.0
45796.0
45960.0
46136.0
46312.0
46488.0
46664.0
46836.0
47012.0
47188.0
47362.0
47538.0
47708.0
47877.0
48053.0
48224.0
48398.0
48572.0
48746.0
48922.0
49092.0
49266.0
49437.0
49611.0
49787.0
49963.0
50139.0
50309.0
50472.0
50642.0
50818.0
50990.0
51164.0
51340.0
51514.0
51688.0
51860.0
52036.0
52210.0
52386.0
52560.0
52736.0
52908.0
53084.0
53258.0
53432.0
53608.0
53778.0
53948.0
54124.0
54300.0
54476.0
54652.0
54828.0
55004.0
55173.0
55349.0
55525.0
55699.0
55875.0
56045.0
56221.0
56388.0
56564.0
56740.0
56916.0
57090.0
57260.0
57434.0
57610.0
57786.0
57962.0
58131.0
58305.0
58481.0
58655.0
58831.0
59007.0
59181.0
59355.0
59531.0
59705.0
59879.0
60049.0
60225.0
60399.0
60573.0
60747.0
60921.0
61092.0
61261.0
61435.0
61611.0
61783.0
61957.0
62131.0
62302.0
62478.0
62652.0
62828.0
62999.0
63175.0
63347.0
63523.0
63699.0
63868.0
64042.0
64211.0
64380.0
64556.0
64732.0
64904.0
65076.0
65241.0
65413.0
65589.0
65763.0
65933.0
66109.0
66285.0
66461.0
66635.0
66809.0
66983.0
67157.0
67333.0
67509.0
67681.0
67855.0
68031.0
68205.0
68376.0
68552.0
68728.0
68899.0
69075.0
69251.0
69425.0
69599.0
69771.0
69942.0
70118.0
70292.0
70461.0
70635.0
70807.0
70979.0
71155.0
71329.0
71501.0
71670.0
71846.0
72022.0
72194.0
72368.0
72544.0
72718.0
72889.0
73060.0
73229.0
73405.0
73579.0
73755.0
73929.0
74103.0
74277.0
74451.0
74627.0
74796.0
74972.0
75148.0
75318.0
75494.0
75668.0
75844.0
76018.0
76190.0
76361.0
76537.0
76713.0
76887.0
77057.0
77229.0
77405.0
77579.0
77748.0
77924.0
78100.0
78276.0
78450.0
78617.0
78793.0
78964.0
79136.0
79310.0
79482.0
79658.0
79832.0
80008.0
80182.0
80358.0
80534.0
80710.0
80884.0
81060.0
81232.0
81408.0
81582.0
81756.0
81932.0
82108.0
82280.0
82451.0
82627.0
82803.0
82979.0
83155.0
83331.0
83507.0
83676.0
83846.0
84017.0
84189.0
84361.0
84537.0
84709.0
84883.0
85057.0
85233.0
85407.0
85579.0
85755.0
85931.0
86107.0
86281.0
86457.0
86631.0
86807.0
86976.0
87152.0
87328.0
87504.0
87678.0
87852.0
88028.0
88204.0
88378.0
88546.0
88722.0
88896.0
89072.0
89246.0
89420.0
89596.0
89772.0
89946.0
90118.0
90288.0
90460.0
90636.0
90812.0
90986.0
91160.0
91336.0
91510.0
91684.0
91854.0
92025.0
92197.0
92371.0
92545.0
92721.0
92895.0
93062.0
93238.0
93414.0
93590.0
93766.0
93942.0
94116.0
94288.0
94458.0
94634.0
94805.0
94979.0
95153.0
95329.0
95492.0
95666.0
95838.0
96014.0
96190.0
96364.0
96540.0
96714.0
96888.0
97059.0
97235.0
97411.0
97585.0
97755.0
97931.0
98107.0
98281.0
98457.0
98633.0
98809.0
98985.0
99159.0
99333.0
99505.0
99679.0
99855.0
100031.0
100207.0
100381.0
100552.0
100724.0
100900.0
101076.0
101252.0
101426.0
101602.0
101778.0
101954.0
102128.0
102304.0
102478.0
102654.0
102825.0
102999.0
103170.0
103344.0
103518.0
103692.0
103864.0
104040.0
104214.0
104382.0
104542.0
104718.0
104894.0
105070.0
105246.0
105420.0
105596.0
105772.0
105948.0
106124.0
106300.0
106474.0
106650.0
106824.0
107000.0
107174.0
107344.0
107518.0
107694.0
107870.0
108044.0
108220.0
108396.0
108555.0
108731.0
108905.0
109074.0
109244.0
109420.0
109594.0
109763.0
109920.0
110096.0
110272.0
110448.0
110622.0
110798.0
110970.0
111140.0
111314.0
111490.0
111666.0
111842.0
112011.0
112187.0
112363.0
112539.0
112711.0
112885.0
113054.0
113226.0
113400.0
113567.0
113739.0
113915.0
114091.0
114263.0
114439.0
114608.0
114784.0
114960.0
115136.0
115312.0
115486.0
115658.0
115829.0
116001.0
116175.0
116351.0
116523.0
116697.0
116873.0
117044.0
117218.0
117394.0
117570.0
117744.0
117916.0
118085.0
118261.0
118437.0
118613.0
118789.0
118963.0
119137.0
119308.0
119484.0
119655.0
119825.0
120001.0
120169.0
120345.0
120514.0
120690.0
120861.0
121035.0
121211.0
121382.0
121551.0
121727.0
121903.0
122079.0
122253.0
122429.0
122605.0
122781.0
122957.0
123133.0
123307.0
123481.0
123652.0
123824.0
123998.0
124172.0
124343.0
124519.0
124691.0
124861.0
125025.0
125193.0
125369.0
125545.0
125719.0
125895.0
126069.0
126245.0
126421.0
126597.0
126766.0
126940.0
127116.0
127292.0
127451.0
127623.0
127799.0
127975.0
128149.0
128323.0
128499.0
128675.0
128849.0
129021.0
129197.0
129369.0
129536.0
129712.0
129888.0
130060.0
130234.0
130410.0
130584.0
130760.0
130936.0
131110.0
131286.0
131462.0
131638.0
131812.0
131986.0
132160.0
132326.0
132502.0
132678.0
132852.0
133028.0
133200.0
133374.0
133550.0
133726.0
133900.0
134076.0
134252.0
134423.0
134597.0
134771.0
134947.0
135119.0
135293.0
135469.0
135634.0
135808.0
135982.0
136158.0
136334.0
136510.0
136686.0
136860.0
137027.0
137201.0
137373.0
137547.0
137721.0
137895.0
138069.0
138241.0
138417.0
138593.0
138767.0
138939.0
139115.0
139287.0
139463.0
139635.0
139805.0
139981.0
140157.0
140333.0
140509.0
140685.0
140861.0
141037.0
141211.0
141387.0
141553.0
141725.0
141901.0
142077.0
142242.0
142411.0
142587.0
142758.0
142934.0
143110.0
143284.0
143460.0
143631.0
143807.0
143983.0
144157.0
144324.0
144493.0
144667.0
144843.0
145017.0
145191.0
145367.0
145543.0
145715.0
145882.0
146058.0
146234.0
146410.0
146581.0
146757.0
146933.0
147102.0
147278.0
147452.0
147624.0
147798.0
147974.0
148146.0
148322.0
148498.0
148672.0
148848.0
149024.0
149196.0
149372.0
149548.0
149724.0
149898.0
150074.0
150248.0
150424.0
150598.0
150774.0
150948.0
151124.0
151298.0
151470.0
151637.0
151813.0
151980.0
152154.0
152326.0
152500.0
152676.0
152852.0
153022.0
153198.0
153374.0
153550.0
153724.0
153900.0
154074.0
154245.0
154414.0
154584.0
154760.0
154936.0
155112.0
155281.0
155457.0
155631.0
155807.0
155983.0
156159.0
156333.0
156507.0
156681.0
156857.0
157033.0
157209.0
157383.0
157555.0
157731.0
157907.0
158081.0
158255.0
158424.0
158598.0
158774.0
158950.0
159126.0
159293.0
159467.0
159643.0
159817.0
159993.0
160169.0
160345.0
160510.0
160686.0
160860.0
161036.0
161212.0
161386.0
161560.0
161736.0
161912.0
162088.0
162264.0
162432.0
162608.0
162782.0
162958.0
163132.0
163308.0
163484.0
163658.0
163834.0
164010.0
164186.0
164362.0
164534.0
164705.0
164879.0
165055.0
165229.0
165398.0
165569.0
165745.0
165917.0
166088.0
166262.0
166438.0
166609.0
166783.0
166957.0
167131.0
167307.0
167481.0
167652.0
167828.0
168004.0
168178.0
168354.0
168518.0
168694.0
168868.0
169044.0
169214.0
169388.0
169562.0
169736.0
169912.0
170086.0
170258.0
170432.0
170608.0
170784.0
170960.0
171134.0
171310.0
171486.0
171662.0
171836.0
172003.0
172175.0
172344.0
172515.0
172689.0
172859.0
173035.0
173211.0
173385.0
173561.0
173737.0
173913.0
174084.0
174258.0
174434.0
174608.0
174782.0
174953.0
175129.0
175305.0
175475.0
175649.0
175823.0
175997.0
176173.0
176343.0
176517.0
176693.0
176869.0
177043.0
177219.0
177393.0
177569.0
177745.0
177919.0
178095.0
178269.0
178436.0
178610.0
178784.0
178954.0
179130.0
179306.0
179475.0
179647.0
179823.0
179992.0
180166.0
180342.0
180516.0
180686.0
180854.0
181030.0
181206.0
181378.0
181552.0
181728.0
181902.0
182074.0
182250.0
182426.0
182600.0
182774.0
182948.0
183118.0
183294.0
183468.0
183644.0
183820.0
183990.0
184164.0
184340.0
184509.0
184683.0
184857.0
185028.0
185204.0
185376.0
185550.0
185726.0
185898.0
186074.0
186250.0
186426.0
186602.0
186778.0
186954.0
187130.0
187302.0
187478.0
187654.0
187830.0
188001.0
188177.0
188351.0
188527.0
188703.0
188877.0
189053.0
189225.0
189392.0
189568.0
189742.0
189918.0
190085.0
190255.0
190425.0
190596.0
190772.0
190948.0
191120.0
191296.0
191472.0
191644.0
191820.0
191996.0
192172.0
192342.0
192514.0
192688.0
192864.0
193038.0
193214.0
193390.0
193566.0
193742.0
193918.0
194090.0
194266.0
194440.0
194611.0
194783.0
194959.0
195126.0
195302.0
195478.0
195654.0
195826.0
195998.0
196174.0
196350.0
196526.0
196698.0
196872.0
197048.0
197222.0
197396.0
197572.0
197748.0
197924.0
198096.0
198270.0
198446.0
198622.0
198796.0
198972.0
199146.0
199322.0
199488.0
199664.0
199838.0
200014.0
200190.0
200361.0
200533.0
200707.0
200883.0
201059.0
201235.0
201409.0
201585.0
201759.0
201935.0
202111.0
202287.0
202461.0
202632.0
202808.0
202984.0
203158.0
203330.0
203497.0
203668.0
203842.0
204016.0
204186.0
204362.0
204536.0
204712.0
204888.0
205058.0
205232.0
205404.0
205580.0
205754.0
205926.0
206100.0
206274.0
206448.0
206624.0
206798.0
206972.0
207148.0
207324.0
207498.0
207668.0
207844.0
208020.0
208196.0
208368.0
208544.0
208720.0
208896.0
209072.0
209248.0
209424.0
209600.0
209774.0
209950.0
210126.0
210300.0
210476.0
210652.0
210826.0
211002.0
211178.0
211354.0
211530.0
211704.0
211875.0
212047.0
212223.0
212397.0
212573.0
212747.0
212921.0
213093.0
213267.0
213443.0
213619.0
213791.0
213965.0
214141.0
214315.0
214489.0
214665.0
214837.0
215013.0
215189.0
215361.0
215537.0
215708.0
215884.0
216060.0
216226.0
216402.0
216578.0
216752.0
216926.0
217098.0
217274.0
217450.0
217626.0
217802.0
217976.0
218152.0
218328.0
218500.0
218676.0
218848.0
219024.0
219198.0
219374.0
219548.0
219724.0
219898.0
220069.0
220243.0
220419.0
220593.0
220769.0
220943.0
221115.0
221287.0
221463.0
221632.0
221808.0
221984.0
222160.0
222332.0
222504.0
222678.0
222852.0
223022.0
223198.0
223372.0
223548.0
223722.0
223896.0
224070.0
224246.0
224422.0
224594.0
224768.0
224939.0
225113.0
225287.0
225463.0
225639.0
225815.0
225991.0
226167.0
226339.0
226513.0
226689.0
226863.0
227039.0
227213.0
227389.0
227563.0
227737.0
227913.0
228085.0
228254.0
228430.0
228602.0
228778.0
228954.0
229125.0
229296.0
229472.0
229648.0
229824.0
229991.0
230165.0
230341.0
230515.0
230691.0
230867.0
231034.0
231206.0
231382.0
231556.0
231730.0
231906.0
232080.0
232256.0
232427.0
232603.0
232775.0
232949.0
233125.0
233296.0
233472.0
233648.0
233822.0
