a = 0.5
g = 0.5
e = 0.1
random initial weights = true

-621.0
-1515.0
-4074.0
-4651.0
-5281.0
-5719.0
-6284.0
-6745.0
-7265.0
-7728.0
-8182.0
-8616.0
-9058.0
-9540.0
-9997.0
-10464.0
-10914.0
-11332.0
-11797.0
-12223.0
-12651.0
-13077.0
-13509.0
-13958.0
-14422.0
-14855.0
-15312.0
-15755.0
-16169.0
-16585.0
-17011.0
-17466.0
-17949.0
-18365.0
-18783.0
-18615.0
-19027.0
-19447.0
-19893.0
-20321.0
-20741.0
-21173.0
-21591.0
-22007.0
-21835.0
-22274.0
-22102.0
-21928.0
-22340.0
-22184.0
-22010.0
-21834.0
-21660.0
-21486.0
-21310.0
-21138.0
-20962.0
-20786.0
-20610.0
-20436.0
-20260.0
-20084.0
-19912.0
-19736.0
-19562.0
-19386.0
-19212.0
-19038.0
-18862.0
-18686.0
-18512.0
-18336.0
-18160.0
-17984.0
-17810.0
-17634.0
-17458.0
-17282.0
-17110.0
-16934.0
-16758.0
-16587.0
-16411.0
-16239.0
-16063.0
-15889.0
-15713.0
-15537.0
-15363.0
-15189.0
-15018.0
-14844.0
-14672.0
-14496.0
-14322.0
-14146.0
-13972.0
-13798.0
-13622.0
-13448.0
-13272.0
-13096.0
-12920.0
-12744.0
-12568.0
-12392.0
-12216.0
-12040.0
-11864.0
-11712.0
-11538.0
-11376.0
-11200.0
-11024.0
-10848.0
-10677.0
-10501.0
-10329.0
-10155.0
-9981.0
-9805.0
-9638.0
-9464.0
-9288.0
-9112.0
-8936.0
-8760.0
-8586.0
-8410.0
-8241.0
-8067.0
-7891.0
-7717.0
-7541.0
-7367.0
-7191.0
-7025.0
-6854.0
-6678.0
-6507.0
-6331.0
-6159.0
-5983.0
-5807.0
-5631.0
-5461.0
-5289.0
-5113.0
-4939.0
-4767.0
-4593.0
-4424.0
-4252.0
-4082.0
-3906.0
-3732.0
-3558.0
-3382.0
-3206.0
-3037.0
-2863.0
-2694.0
-2518.0
-2342.0
-2173.0
-1997.0
-1821.0
-1645.0
-1475.0
-1306.0
-1132.0
-961.0
-787.0
-615.0
-439.0
-270.0
-94.0
82.0
258.0
429.0
605.0
781.0
957.0
1133.0
1309.0
1485.0
1659.0
1835.0
2011.0
2185.0
2361.0
2537.0
2713.0
2887.0
3063.0
3239.0
3415.0
3591.0
3765.0
3932.0
4106.0
4280.0
4456.0
4632.0
4806.0
4974.0
5150.0
5318.0
5490.0
5666.0
5842.0
6018.0
6194.0
6368.0
6542.0
6718.0
6888.0
7064.0
7240.0
7412.0
7583.0
7759.0
7935.0
8111.0
8285.0
8461.0
8632.0
8806.0
8980.0
9156.0
9332.0
9508.0
9682.0
9858.0
10029.0
10205.0
10381.0
10551.0
10719.0
10895.0
11069.0
11245.0
11421.0
11597.0
11766.0
11942.0
12113.0
12289.0
12465.0
12641.0
12813.0
12987.0
13159.0
13333.0
13509.0
13685.0
13857.0
14033.0
14209.0
14381.0
14557.0
14728.0
14904.0
15078.0
15252.0
15428.0
15602.0
15773.0
15937.0
16113.0
16287.0
16463.0
16637.0
16808.0
16984.0
17160.0
17330.0
17504.0
17664.0
17838.0
18014.0
18190.0
18366.0
18542.0
18716.0
18892.0
19066.0
19240.0
19416.0
19590.0
19766.0
19940.0
20112.0
20288.0
20454.0
20630.0
20806.0
20978.0
21152.0
21326.0
21493.0
21669.0
21843.0
22017.0
22184.0
22358.0
22530.0
22704.0
22878.0
23052.0
23224.0
23400.0
23576.0
23752.0
23924.0
24100.0
24276.0
24445.0
24621.0
24797.0
24973.0
25145.0
25319.0
25490.0
25666.0
25842.0
26014.0
26190.0
26366.0
26535.0
26709.0
26885.0
27054.0
27226.0
27402.0
27576.0
27747.0
27921.0
28097.0
28269.0
28443.0
28619.0
28795.0
28971.0
29145.0
29317.0
29488.0
29657.0
29828.0
30004.0
30180.0
30354.0
30523.0
30699.0
30875.0
31051.0
31225.0
31399.0
31575.0
31751.0
31922.0
32096.0
32272.0
32446.0
32620.0
32796.0
32970.0
33146.0
33312.0
33484.0
33658.0
33827.0
34003.0
34179.0
34348.0
34524.0
34700.0
34876.0
35052.0
35228.0
35402.0
35578.0
35750.0
35924.0
36096.0
36260.0
36432.0
36608.0
36770.0
36946.0
37122.0
37296.0
37470.0
37646.0
37815.0
37986.0
38157.0
38329.0
38505.0
38677.0
38851.0
39020.0
39194.0
39366.0
39538.0
39709.0
39885.0
40061.0
40233.0
40409.0
40585.0
40759.0
40935.0
41106.0
41282.0
41458.0
41634.0
41810.0
41979.0
42148.0
42324.0
42496.0
42670.0
42846.0
43022.0
43193.0
43369.0
43545.0
43721.0
43895.0
44069.0
44245.0
44416.0
44590.0
44766.0
44940.0
45116.0
45290.0
45461.0
45637.0
45813.0
45987.0
46163.0
46337.0
46502.0
46678.0
46854.0
47030.0
47206.0
47380.0
47546.0
47722.0
47898.0
48068.0
48244.0
48418.0
48590.0
48764.0
48935.0
49107.0
49283.0
49459.0
49635.0
49809.0
49985.0
50159.0
50333.0
50509.0
50685.0
50861.0
51037.0
51213.0
51389.0
51565.0
51739.0
51915.0
52086.0
52256.0
52430.0
52606.0
52774.0
52950.0
53124.0
53295.0
53471.0
53643.0
53817.0
53993.0
54167.0
54341.0
54517.0
54691.0
54862.0
55036.0
55210.0
55377.0
55545.0
55719.0
55895.0
56071.0
56247.0
56419.0
56590.0
56766.0
56938.0
57112.0
57288.0
57455.0
57629.0
57801.0
57975.0
58151.0
58327.0
58498.0
58670.0
58844.0
59020.0
59194.0
59370.0
59544.0
59720.0
59896.0
60070.0
60244.0
60416.0
60592.0
60768.0
60938.0
61112.0
61288.0
61460.0
61634.0
61805.0
61981.0
62155.0
62324.0
62500.0
62676.0
62852.0
63028.0
63202.0
63376.0
63552.0
63719.0
63893.0
64069.0
64245.0
64421.0
64597.0
64773.0
64949.0
65125.0
65301.0
65475.0
65651.0
65818.0
65985.0
66155.0
66331.0
66507.0
66683.0
66859.0
67035.0
67211.0
67383.0
67557.0
67724.0
67900.0
68076.0
68250.0
68426.0
68602.0
68778.0
68954.0
69130.0
69304.0
69480.0
69656.0
69832.0
70008.0
70184.0
70360.0
70536.0
70712.0
70883.0
71059.0
71231.0
71405.0
71581.0
71755.0
71929.0
72103.0
72279.0
72453.0
72625.0
72801.0
72977.0
73151.0
73325.0
73501.0
73675.0
73849.0
74025.0
74201.0
74371.0
74545.0
74721.0
74893.0
75069.0
75245.0
75421.0
75597.0
75771.0
75947.0
76121.0
76295.0
76467.0
76629.0
76805.0
76974.0
77150.0
77313.0
77489.0
77661.0
77835.0
78006.0
78182.0
78358.0
78532.0
78708.0
78884.0
79056.0
79227.0
79401.0
79577.0
79746.0
79922.0
80094.0
80270.0
80444.0
80620.0
80789.0
80965.0
81139.0
81311.0
81485.0
81659.0
81829.0
82005.0
82176.0
82352.0
82528.0
82704.0
82880.0
83054.0
83230.0
83404.0
83578.0
83754.0
83928.0
84104.0
84269.0
84445.0
84615.0
84791.0
84960.0
85131.0
85307.0
85483.0
85659.0
85835.0
86009.0
86181.0
86357.0
86533.0
86703.0
86877.0
87044.0
87218.0
87394.0
87570.0
87746.0
87922.0
88094.0
88268.0
88440.0
88611.0
88778.0
88954.0
89128.0
89302.0
89465.0
89641.0
89817.0
89991.0
90163.0
90339.0
90513.0
90687.0
90858.0
91034.0
91210.0
91384.0
91560.0
91731.0
91901.0
92077.0
92251.0
92427.0
92601.0
92777.0
92953.0
93129.0
93305.0
93481.0
93655.0
93827.0
94003.0
94179.0
94351.0
94527.0
94701.0
94873.0
95047.0
95223.0
95399.0
95575.0
95749.0
95925.0
96095.0
96267.0
96443.0
96619.0
96793.0
96965.0
97141.0
97317.0
97482.0
97656.0
97832.0
98008.0
98182.0
98349.0
98525.0
98701.0
98877.0
99047.0
99221.0
99397.0
99573.0
99747.0
99923.0
100099.0
100273.0
100447.0
100623.0
100790.0
100966.0
101140.0
101314.0
101490.0
101662.0
101833.0
102009.0
102185.0
102359.0
102531.0
102705.0
102881.0
103051.0
103227.0
103398.0
103572.0
103748.0
103924.0
104098.0
104270.0
104446.0
104622.0
104798.0
104972.0
105144.0
105318.0
105487.0
105663.0
105839.0
106015.0
106189.0
106365.0
106541.0
106717.0
106891.0
107065.0
107239.0
107415.0
107586.0
107760.0
107936.0
108110.0
108281.0
108457.0
108631.0
108807.0
108983.0
109159.0
109328.0
109497.0
109673.0
109849.0
110025.0
110197.0
110373.0
110547.0
110721.0
110897.0
111069.0
111243.0
111415.0
111589.0
111761.0
111937.0
112111.0
112285.0
112461.0
112637.0
112811.0
112987.0
113158.0
113332.0
113508.0
113684.0
113858.0
114034.0
114210.0
114384.0
114558.0
114734.0
114903.0
115079.0
115253.0
115425.0
115596.0
115772.0
115943.0
116117.0
116286.0
116462.0
116633.0
116807.0
116983.0
117159.0
117335.0
117511.0
117678.0
117854.0
118030.0
118204.0
118380.0
118556.0
118728.0
118902.0
119074.0
119243.0
119417.0
119589.0
119765.0
119941.0
120115.0
120291.0
120467.0
120637.0
120813.0
120984.0
121160.0
121334.0
121510.0
121686.0
121860.0
122036.0
122208.0
122384.0
122560.0
122734.0
122899.0
123075.0
123249.0
123420.0
123594.0
123770.0
123941.0
124117.0
124293.0
124467.0
124641.0
124813.0
124987.0
125161.0
125337.0
125513.0
125689.0
125863.0
126035.0
126205.0
126381.0
126555.0
126729.0
126905.0
127077.0
127251.0
127425.0
127601.0
127775.0
127951.0
128127.0
128303.0
128472.0
128648.0
128824.0
128996.0
129170.0
129344.0
129516.0
129692.0
129866.0
130042.0
130214.0
130390.0
130566.0
130738.0
130912.0
131084.0
131258.0
131434.0
131608.0
131780.0
131956.0
132120.0
132296.0
132468.0
132637.0
132806.0
132982.0
133156.0
133325.0
133501.0
133677.0
133853.0
134003.0
134172.0
134348.0
134519.0
134695.0
134864.0
135040.0
135216.0
135392.0
135568.0
135734.0
135910.0
136084.0
136260.0
136431.0
136605.0
136779.0
136955.0
137131.0
137296.0
137472.0
137641.0
137817.0
137982.0
138158.0
138334.0
138506.0
138680.0
138851.0
139027.0
139203.0
139377.0
139551.0
139727.0
139903.0
140077.0
140253.0
140429.0
140601.0
140777.0
140948.0
141120.0
141296.0
141472.0
141644.0
141818.0
141994.0
142168.0
142344.0
142520.0
142694.0
142870.0
143046.0
143212.0
143388.0
143564.0
143740.0
143916.0
144088.0
144255.0
144431.0
144605.0
144779.0
144955.0
145131.0
145307.0
145476.0
145652.0
145828.0
146002.0
146176.0
146348.0
146518.0
146694.0
146862.0
147033.0
147209.0
147385.0
147561.0
147737.0
147913.0
148089.0
148265.0
148437.0
148613.0
148784.0
148960.0
149124.0
149300.0
149474.0
149650.0
149824.0
149998.0
150168.0
150344.0
150516.0
150692.0
150866.0
151036.0
151210.0
151386.0
151560.0
151732.0
151906.0
152082.0
152258.0
152429.0
152605.0
152773.0
152949.0
153120.0
153294.0
153466.0
153638.0
153812.0
153984.0
154158.0
154334.0
154506.0
154680.0
154854.0
155028.0
155202.0
155376.0
155548.0
155722.0
155898.0
156067.0
156243.0
156419.0
156595.0
156771.0
156947.0
157121.0
157297.0
157466.0
157642.0
157818.0
157994.0
158170.0
158346.0
158518.0
158694.0
158870.0
159044.0
159220.0
159394.0
159570.0
159746.0
159920.0
160092.0
160268.0
160442.0
160618.0
160794.0
160961.0
161137.0
161311.0
161487.0
161659.0
161830.0
162004.0
162178.0
162354.0
162530.0
162706.0
162880.0
163051.0
163227.0
163403.0
163579.0
163751.0
163922.0
164098.0
164272.0
164448.0
164624.0
164794.0
164965.0
165139.0
165315.0
165491.0
165667.0
165843.0
166015.0
166191.0
166360.0
166534.0
166710.0
166886.0
167062.0
167233.0
167409.0
167585.0
167754.0
167930.0
168106.0
168280.0
168456.0
168628.0
168804.0
168980.0
169156.0
169328.0
169504.0
169680.0
169854.0
170030.0
170201.0
170377.0
170553.0
170729.0
170901.0
171075.0
171249.0
171425.0
171599.0
171771.0
171947.0
172121.0
172293.0
172469.0
172640.0
172809.0
172979.0
173149.0
173323.0
173497.0
173671.0
173847.0
174023.0
174199.0
174371.0
174547.0
174719.0
174895.0
175066.0
175236.0
175410.0
175584.0
175760.0
175936.0
176112.0
176283.0
176457.0
176627.0
176801.0
176977.0
177151.0
177325.0
177501.0
177675.0
177845.0
178021.0
178195.0
178369.0
178543.0
178714.0
178886.0
179062.0
179234.0
179408.0
179582.0
179758.0
179932.0
180106.0
180272.0
180442.0
180618.0
180787.0
180955.0
181114.0
181286.0
181462.0
181629.0
181805.0
181981.0
182157.0
182333.0
182507.0
182681.0
182855.0
183031.0
183207.0
183379.0
183553.0
183729.0
183905.0
184081.0
184255.0
184431.0
184605.0
184776.0
184943.0
185119.0
185293.0
185469.0
185643.0
185819.0
185991.0
186167.0
186343.0
186519.0
186693.0
186869.0
187045.0
187221.0
187395.0
187569.0
187743.0
187919.0
188088.0
188264.0
188440.0
188612.0
188788.0
188959.0
189135.0
189309.0
189478.0
189652.0
189828.0
190004.0
190178.0
190352.0
190518.0
190694.0
190866.0
191040.0
191212.0
191386.0
191560.0
191734.0
191906.0
192078.0
192252.0
192424.0
192598.0
192770.0
192946.0
193122.0
193294.0
193470.0
193646.0
193816.0
193990.0
194166.0
194340.0
194514.0
194690.0
194860.0
195029.0
195198.0
195374.0
195545.0
195717.0
195891.0
196067.0
196228.0
196400.0
196574.0
196748.0
196919.0
197093.0
197267.0
197443.0
197619.0
197793.0
197967.0
198137.0
198313.0
198484.0
198653.0
198829.0
198999.0
199173.0
199347.0
199521.0
199688.0
199858.0
200030.0
200204.0
200376.0
200552.0
200728.0
200904.0
201078.0
201252.0
201428.0
201604.0
201780.0
201951.0
202122.0
202296.0
202472.0
202644.0
202816.0
202992.0
203168.0
203344.0
203518.0
203690.0
203854.0
204030.0
204204.0
204378.0
204552.0
204728.0
204904.0
205080.0
205250.0
205426.0
205602.0
205778.0
205954.0
206130.0
206306.0
206482.0
206658.0
206832.0
207008.0
207184.0
207358.0
207534.0
207710.0
207882.0
208058.0
208229.0
208405.0
208579.0
208749.0
208925.0
209097.0
209273.0
209449.0
209623.0
209797.0
209973.0
210142.0
210318.0
210494.0
210670.0
210842.0
211014.0
211190.0
211366.0
211532.0
211708.0
211879.0
212053.0
212225.0
212399.0
212573.0
212749.0
212918.0
213094.0
213270.0
213444.0
213620.0
213796.0
213970.0
214142.0
214311.0
214487.0
214659.0
214835.0
215001.0
215173.0
215345.0
215521.0
215695.0
215871.0
216047.0
216223.0
216399.0
216575.0
216751.0
216927.0
217098.0
217272.0
217448.0
217617.0
217793.0
217964.0
218130.0
218302.0
218476.0
218650.0
218822.0
218993.0
219169.0
219343.0
219519.0
219689.0
219865.0
220039.0
220213.0
220387.0
220561.0
220737.0
220913.0
221087.0
221263.0
221439.0
221615.0
221784.0
221956.0
222132.0
222308.0
222484.0
222651.0
222820.0
222994.0
223161.0
223337.0
223513.0
223687.0
223858.0
224034.0
224210.0
224386.0
224562.0
224731.0
224905.0
225081.0
225251.0
225423.0
225599.0
225773.0
225947.0
226123.0
226297.0
226471.0
226643.0
226813.0
226989.0
227165.0
227341.0
227517.0
227691.0
227865.0
228041.0
228217.0
228382.0
228558.0
228734.0
228906.0
229078.0
229254.0
229428.0
229604.0
229780.0
229956.0
