a = 0.8
g = 0.5
e = 0.3
random initial weights = true

-890.0
-1419.0
-1879.0
-2366.0
-2893.0
-3404.0
-3935.0
-4390.0
-4881.0
-5395.0
-5923.0
-6381.0
-6821.0
-7281.0
-7742.0
-8188.0
-8656.0
-9073.0
-9513.0
-9965.0
-10395.0
-10816.0
-11257.0
-11718.0
-12159.0
-12648.0
-13106.0
-13548.0
-13962.0
-13808.0
-14222.0
-14646.0
-15071.0
-14922.0
-15358.0
-15806.0
-16230.0
-16656.0
-17100.0
-16951.0
-16790.0
-16622.0
-16478.0
-16302.0
-16126.0
-15952.0
-15788.0
-15632.0
-15470.0
-15318.0
-15152.0
-14982.0
-14810.0
-14660.0
-14488.0
-14343.0
-14178.0
-14006.0
-13859.0
-13689.0
-13519.0
-13345.0
-13175.0
-13013.0
-12855.0
-12690.0
-12535.0
-12365.0
-12193.0
-12021.0
-11853.0
-11683.0
-11513.0
-11337.0
-11171.0
-10999.0
-10840.0
-10673.0
-10499.0
-10337.0
-10175.0
-10006.0
-9832.0
-9663.0
-9499.0
-9325.0
-9157.0
-9011.0
-8839.0
-8667.0
-8502.0
-8326.0
-8168.0
-7992.0
-7816.0
-7645.0
-7480.0
-7304.0
-7138.0
-6983.0
-6821.0
-6658.0
-6490.0
-6336.0
-6169.0
-5993.0
-5830.0
-5658.0
-5503.0
-5335.0
-5165.0
-5002.0
-4850.0
-4680.0
-4510.0
-4341.0
-4171.0
-3999.0
-3835.0
-3666.0
-3500.0
-3330.0
-3163.0
-3004.0
-2832.0
-2658.0
-2504.0
-2361.0
-2196.0
-2031.0
-1880.0
-1711.0
-1535.0
-1359.0
-1193.0
-1037.0
-870.0
-696.0
-526.0
-365.0
-205.0
-31.0
129.0
301.0
459.0
635.0
788.0
954.0
1123.0
1285.0
1442.0
1616.0
1790.0
1966.0
2126.0
2283.0
2450.0
2616.0
2788.0
2953.0
3122.0
3293.0
3441.0
3603.0
3773.0
3938.0
4110.0
4274.0
4448.0
4620.0
4794.0
4961.0
5112.0
5273.0
5442.0
5612.0
5786.0
5954.0
6122.0
6291.0
6446.0
6615.0
6779.0
6955.0
7123.0
7282.0
7452.0
7619.0
7789.0
7958.0
8126.0
8295.0
8457.0
8629.0
8791.0
8956.0
9116.0
9279.0
9455.0
9624.0
9792.0
9964.0
10123.0
10299.0
10473.0
10645.0
10808.0
10980.0
11148.0
11314.0
11480.0
11643.0
11803.0
11960.0
12122.0
12289.0
12452.0
12618.0
12792.0
12959.0
13129.0
13300.0
13453.0
13623.0
13790.0
13956.0
14118.0
14288.0
14452.0
14616.0
14790.0
14966.0
15132.0
15294.0
15464.0
15638.0
15802.0
15965.0
16125.0
16290.0
16443.0
16605.0
16764.0
16924.0
17092.0
17268.0
17439.0
17598.0
17758.0
17934.0
18096.0
18272.0
18446.0
18613.0
18787.0
18961.0
19112.0
19284.0
19443.0
19617.0
19787.0
19959.0
20129.0
20297.0
20467.0
20637.0
20809.0
20975.0
21149.0
21315.0
21475.0
21630.0
21804.0
21974.0
22141.0
22309.0
22459.0
22625.0
22794.0
22960.0
23125.0
23301.0
23470.0
23644.0
23818.0
23986.0
24152.0
24326.0
24494.0
24657.0
24824.0
24994.0
25170.0
25341.0
25498.0
25659.0
25826.0
26002.0
26174.0
26343.0
26499.0
26660.0
26827.0
26996.0
27170.0
27329.0
27497.0
27632.0
27802.0
27966.0
28121.0
28293.0
28469.0
28636.0
28812.0
28979.0
29138.0
29301.0
29460.0
29634.0
29800.0
29972.0
30131.0
30294.0
30466.0
30635.0
30794.0
30963.0
31133.0
31302.0
31467.0
31641.0
31813.0
31979.0
32140.0
32297.0
32461.0
32631.0
32789.0
32953.0
33115.0
33271.0
33431.0
33602.0
33751.0
33900.0
34054.0
34204.0
34378.0
34548.0
34704.0
34880.0
35031.0
35207.0
35369.0
35539.0
35700.0
35874.0
36043.0
36207.0
36365.0
36533.0
36696.0
36855.0
37017.0
37185.0
37357.0
37520.0
37692.0
37861.0
38014.0
38188.0
38360.0
38518.0
38686.0
38843.0
39006.0
39180.0
39352.0
39509.0
39675.0
39844.0
40016.0
40175.0
40334.0
40493.0
40667.0
40829.0
41000.0
41166.0
41333.0
41505.0
41670.0
41836.0
42008.0
42177.0
42345.0
42517.0
42689.0
42857.0
43020.0
43182.0
43350.0
43522.0
43680.0
43827.0
43996.0
44166.0
44340.0
44512.0
44683.0
44835.0
44987.0
45159.0
45313.0
45482.0
45658.0
45825.0
45999.0
46171.0
46341.0
46492.0
46668.0
46833.0
47009.0
47177.0
47338.0
47512.0
47686.0
47850.0
48001.0
48171.0
48340.0
48503.0
48673.0
48849.0
49014.0
49177.0
49351.0
49519.0
49674.0
49840.0
50003.0
50156.0
50318.0
50484.0
50660.0
50808.0
50978.0
51145.0
51309.0
51479.0
51651.0
51813.0
51972.0
52137.0
52305.0
52479.0
52655.0
52829.0
52981.0
53155.0
53317.0
53489.0
53651.0
53812.0
53965.0
54141.0
54313.0
54485.0
54659.0
54820.0
54994.0
55164.0
55336.0
55500.0
55655.0
55827.0
55999.0
56168.0
56336.0
56512.0
56679.0
56850.0
57024.0
57183.0
57355.0
57515.0
57687.0
57835.0
57999.0
58166.0
58325.0
58499.0
58669.0
58841.0
59017.0
59186.0
59355.0
59529.0
59696.0
59849.0
60016.0
60192.0
60357.0
60533.0
60691.0
60850.0
61017.0
61188.0
61353.0
61520.0
61688.0
61864.0
62015.0
62183.0
62342.0
62513.0
62684.0
62858.0
63019.0
63191.0
63360.0
63534.0
63704.0
63858.0
64019.0
64186.0
64342.0
64511.0
64681.0
64830.0
65004.0
65180.0
65347.0
65516.0
65683.0
65855.0
66025.0
66199.0
66368.0
66533.0
66707.0
66859.0
67033.0
67209.0
67374.0
67541.0
67715.0
67889.0
68065.0
68236.0
68406.0
68578.0
68741.0
68902.0
69073.0
69231.0
69405.0
69568.0
69729.0
69897.0
70047.0
70202.0
70376.0
70546.0
70720.0
70894.0
71060.0
71234.0
71400.0
71565.0
71737.0
71899.0
72064.0
72229.0
72398.0
72574.0
72730.0
72886.0
73062.0
73230.0
73402.0
73562.0
73722.0
73892.0
74053.0
74215.0
74381.0
74553.0
74723.0
74897.0
75073.0
75235.0
75404.0
75580.0
75752.0
75919.0
76077.0
76246.0
76407.0
76559.0
76724.0
76882.0
77043.0
77213.0
77378.0
77543.0
77706.0
77871.0
78035.0
78197.0
78359.0
78533.0
78703.0
78871.0
79042.0
79212.0
79370.0
79534.0
79704.0
79876.0
80027.0
80190.0
80357.0
80522.0
80692.0
80863.0
81035.0
81211.0
81374.0
81536.0
81701.0
81875.0
82035.0
82209.0
82380.0
82548.0
82718.0
82885.0
83061.0
83227.0
83394.0
83562.0
83730.0
83900.0
84068.0
84244.0
84406.0
84578.0
84750.0
84922.0
85096.0
85272.0
85428.0
85599.0
85762.0
85936.0
86108.0
86249.0
86419.0
86585.0
86755.0
86929.0
87097.0
87267.0
87435.0
87598.0
87766.0
87935.0
88094.0
88262.0
88438.0
88607.0
88781.0
88948.0
89117.0
89280.0
89454.0
89620.0
89777.0
89940.0
90110.0
90284.0
90460.0
90628.0
90787.0
90957.0
91112.0
91280.0
91443.0
91611.0
91785.0
91953.0
92120.0
92296.0
92470.0
92635.0
92791.0
92954.0
93122.0
93298.0
93468.0
93640.0
93814.0
93986.0
94158.0
94325.0
94497.0
94667.0
94835.0
94991.0
95162.0
95328.0
95500.0
95674.0
95837.0
95997.0
96157.0
96329.0
96503.0
96675.0
96851.0
97008.0
97175.0
97349.0
97518.0
97688.0
97836.0
97999.0
98169.0
98340.0
98504.0
98652.0
98820.0
98987.0
99151.0
99308.0
99468.0
99622.0
99793.0
99967.0
100143.0
100312.0
100463.0
100639.0
100795.0
100954.0
101126.0
101289.0
101449.0
101616.0
101784.0
101934.0
102104.0
102276.0
102439.0
102594.0
102740.0
102897.0
103051.0
103225.0
103399.0
103573.0
103735.0
103907.0
104075.0
104251.0
104412.0
104584.0
104756.0
104925.0
105101.0
105259.0
105421.0
105586.0
105758.0
105930.0
106097.0
106273.0
106447.0
106616.0
106773.0
106937.0
107111.0
107260.0
107429.0
107599.0
107773.0
107923.0
108097.0
108254.0
108416.0
108584.0
108760.0
108930.0
109104.0
109268.0
109436.0
109596.0
109766.0
109938.0
110101.0
110270.0
110442.0
110616.0
110792.0
110966.0
111142.0
111309.0
111464.0
111634.0
111806.0
111976.0
112141.0
112302.0
112465.0
112621.0
112793.0
112952.0
113121.0
113297.0
113471.0
113647.0
113807.0
113975.0
114138.0
114314.0
114480.0
114632.0
114774.0
114945.0
115121.0
115295.0
115463.0
115630.0
115799.0
115975.0
116149.0
116318.0
116487.0
116648.0
116796.0
116966.0
117133.0
117297.0
117469.0
117641.0
117817.0
117979.0
118153.0
118308.0
118466.0
118636.0
118808.0
118978.0
119149.0
119316.0
119490.0
119660.0
119834.0
120003.0
120173.0
120333.0
120507.0
120679.0
120841.0
121011.0
121154.0
121330.0
121500.0
121672.0
121832.0
122001.0
122164.0
122336.0
122505.0
122679.0
122848.0
123015.0
123177.0
123339.0
123510.0
123670.0
123844.0
124018.0
124185.0
124357.0
124522.0
124696.0
124861.0
125020.0
125182.0
125354.0
125528.0
125690.0
125852.0
126012.0
126177.0
126353.0
126518.0
126688.0
126860.0
127030.0
127197.0
127365.0
127523.0
127686.0
127860.0
128022.0
128185.0
128346.0
128511.0
128676.0
128836.0
129012.0
129181.0
129345.0
129517.0
129691.0
129849.0
130015.0
130182.0
130347.0
130511.0
130685.0
130859.0
131008.0
131167.0
131341.0
131515.0
131680.0
131823.0
131995.0
132160.0
132325.0
132501.0
132642.0
132814.0
132984.0
133142.0
133310.0
133473.0
133637.0
133807.0
133981.0
134134.0
134306.0
134478.0
134634.0
134803.0
134963.0
135128.0
135291.0
135460.0
135629.0
135797.0
135951.0
136119.0
136288.0
136453.0
136625.0
136793.0
136965.0
137125.0
137291.0
137462.0
137636.0
137798.0
137954.0
138119.0
138284.0
138449.0
138619.0
138780.0
138949.0
139099.0
139262.0
139427.0
139601.0
139766.0
139933.0
140099.0
140275.0
140449.0
140609.0
140769.0
140918.0
141072.0
141234.0
141388.0
141560.0
141732.0
141897.0
142073.0
142243.0
142419.0
142593.0
142757.0
142921.0
143095.0
143263.0
143433.0
143605.0
143766.0
143922.0
144094.0
144260.0
144425.0
144595.0
144762.0
144925.0
145092.0
145262.0
145434.0
145608.0
145780.0
145950.0
146124.0
146300.0
146474.0
146634.0
146801.0
146964.0
147134.0
147299.0
147463.0
147635.0
147807.0
147981.0
148153.0
148325.0
148491.0
148656.0
148830.0
149000.0
149161.0
149333.0
149499.0
149673.0
149849.0
150016.0
150187.0
150357.0
150531.0
150703.0
150849.0
151012.0
151186.0
151352.0
151516.0
151685.0
151854.0
152022.0
152190.0
152353.0
152521.0
152682.0
152840.0
153008.0
153184.0
153354.0
153522.0
153686.0
153837.0
153998.0
154161.0
154333.0
154495.0
154651.0
154821.0
154995.0
155160.0
155336.0
155506.0
155682.0
155849.0
156009.0
156166.0
156331.0
156503.0
156665.0
156828.0
157000.0
157176.0
157346.0
157518.0
157680.0
157841.0
158002.0
158161.0
158332.0
158480.0
158641.0
158803.0
158970.0
159142.0
159306.0
159474.0
159633.0
159802.0
159965.0
160132.0
160295.0
160460.0
160623.0
160792.0
160956.0
161130.0
161297.0
161438.0
161610.0
161784.0
161960.0
162121.0
162288.0
162446.0
162616.0
162784.0
162943.0
163112.0
163282.0
163456.0
163620.0
163790.0
163964.0
164138.0
164289.0
164463.0
164610.0
164770.0
164934.0
165110.0
165284.0
165456.0
165630.0
165798.0
165960.0
166123.0
166290.0
166445.0
166617.0
166778.0
166948.0
167118.0
167292.0
167453.0
167627.0
167791.0
167962.0
168125.0
168285.0
168457.0
168621.0
168781.0
168941.0
169109.0
169281.0
169457.0
169627.0
169783.0
169955.0
170127.0
170296.0
170472.0
170648.0
170812.0
170986.0
171162.0
171334.0
171483.0
171642.0
171813.0
171958.0
172112.0
172267.0
172426.0
172600.0
172760.0
172934.0
173105.0
173277.0
173447.0
173621.0
173795.0
173955.0
174122.0
174287.0
174448.0
174614.0
174784.0
174953.0
175113.0
175272.0
175424.0
175595.0
175767.0
175939.0
176109.0
176274.0
176442.0
176610.0
176767.0
176943.0
177113.0
177277.0
177446.0
177602.0
177770.0
177946.0
178114.0
178269.0
178437.0
178595.0
178764.0
178935.0
179102.0
179258.0
179432.0
179602.0
179770.0
179932.0
180081.0
180251.0
180419.0
180574.0
180746.0
180918.0
181081.0
181249.0
181419.0
181586.0
181752.0
181902.0
182066.0
182223.0
182397.0
182548.0
182713.0
182875.0
183047.0
183218.0
183387.0
183542.0
183718.0
183888.0
184056.0
184209.0
184377.0
184549.0
184717.0
184885.0
185052.0
185213.0
185387.0
185563.0
185731.0
185905.0
186077.0
186237.0
186401.0
186570.0
186739.0
186909.0
187053.0
187214.0
187383.0
187553.0
187701.0
187871.0
188015.0
188175.0
188326.0
188492.0
188664.0
188814.0
188986.0
189152.0
189324.0
189492.0
189646.0
189817.0
189977.0
190147.0
190304.0
190467.0
190643.0
190815.0
190979.0
191155.0
191322.0
191492.0
191664.0
191826.0
191998.0
192169.0
192336.0
192503.0
192664.0
192819.0
192990.0
193162.0
193333.0
193497.0
193665.0
193816.0
193984.0
194156.0
194321.0
194491.0
194657.0
194829.0
194997.0
195168.0
195330.0
195502.0
195672.0
195835.0
196004.0
196176.0
196346.0
196520.0
196671.0
196840.0
197010.0
197172.0
197340.0
197508.0
197673.0
197844.0
198016.0
198185.0
198355.0
198529.0
198695.0
198864.0
199034.0
199200.0
199368.0
199542.0
199712.0
199876.0
200050.0
200217.0
200375.0
200546.0
200716.0
200886.0
201058.0
201223.0
201395.0
201556.0
201730.0
201899.0
202069.0
202239.0
202406.0
202571.0
202707.0
202868.0
203036.0
203204.0
203353.0
203527.0
203694.0
203866.0
204024.0
204200.0
204366.0
204535.0
204700.0
204863.0
205037.0
205207.0
205383.0
205554.0
205715.0
205883.0
206051.0
206225.0
206369.0
206541.0
206717.0
206893.0
207043.0
207211.0
207381.0
207555.0
207725.0
207901.0
208055.0
208221.0
208376.0
208544.0
208716.0
208878.0
209037.0
209201.0
209375.0
209546.0
209722.0
209871.0
210029.0
210189.0
210355.0
210517.0
210691.0
210858.0
211016.0
211173.0
211335.0
211496.0
211662.0
211833.0
212009.0
212180.0
212354.0
212530.0
212706.0
212878.0
213045.0
213209.0
213385.0
213547.0
213717.0
213878.0
214050.0
214226.0
214400.0
214567.0
214734.0
214906.0
215073.0
215236.0
215397.0
215559.0
215724.0
215898.0
216061.0
216233.0
216402.0
216570.0
216734.0
216904.0
217054.0
217221.0
217395.0
217567.0
217731.0
217896.0
218070.0
218246.0
218414.0
218584.0
218745.0
218909.0
219080.0
219242.0
219416.0
219582.0
219746.0
219906.0
220058.0
220224.0
220391.0
220563.0
220739.0
220898.0
221064.0
221238.0
221406.0
221580.0
221750.0
221914.0
222079.0
222251.0
222423.0
222588.0
222744.0
222920.0
223094.0
223268.0
223430.0
223601.0
223756.0
223928.0
224095.0
224269.0
224437.0
224607.0
224775.0
224944.0
225107.0
225270.0
225441.0
225601.0
225771.0
225934.0
226104.0
226278.0
