a = 0.5
g = 0.8
e = 0.1
random initial weights = false

-1343.0
-2307.0
-2784.0
-3337.0
-3840.0
-4355.0
-4964.0
-5401.0
-5916.0
-8343.0
-8854.0
-11338.0
-11781.0
-12221.0
-12721.0
-13139.0
-13568.0
-14025.0
-14462.0
-14882.0
-15304.0
-15763.0
-16197.0
-16702.0
-17160.0
-17602.0
-17452.0
-17276.0
-17688.0
-17544.0
-17370.0
-17790.0
-17628.0
-17466.0
-17296.0
-17136.0
-16991.0
-17405.0
-17237.0
-17063.0
-16887.0
-16711.0
-16537.0
-16361.0
-16185.0
-16009.0
-15837.0
-15667.0
-15497.0
-15343.0
-15173.0
-14997.0
-14821.0
-14647.0
-14471.0
-14295.0
-14119.0
-13945.0
-13769.0
-13597.0
-13423.0
-13249.0
-13073.0
-12901.0
-12729.0
-12553.0
-12381.0
-12207.0
-12033.0
-11864.0
-11688.0
-11519.0
-11348.0
-11172.0
-10996.0
-10820.0
-10646.0
-10470.0
-10294.0
-10122.0
-9951.0
-9775.0
-9601.0
-9427.0
-9251.0
-9082.0
-8906.0
-8730.0
-8558.0
-8386.0
-8216.0
-8040.0
-7869.0
-7693.0
-7523.0
-7347.0
-7173.0
-6997.0
-6823.0
-6649.0
-6478.0
-6306.0
-6158.0
-5984.0
-5813.0
-5637.0
-5461.0
-5289.0
-5115.0
-4939.0
-4765.0
-4589.0
-4426.0
-4254.0
-4080.0
-3911.0
-3735.0
-3559.0
-3383.0
-3209.0
-3033.0
-2859.0
-2683.0
-2507.0
-2339.0
-2163.0
-1991.0
-1819.0
-1643.0
-1469.0
-1295.0
-1125.0
-949.0
-780.0
-621.0
-449.0
-273.0
-99.0
77.0
251.0
423.0
599.0
775.0
951.0
1127.0
1297.0
1473.0
1645.0
1817.0
1991.0
2157.0
2329.0
2496.0
2670.0
2844.0
2997.0
3173.0
3347.0
3521.0
3692.0
3866.0
4038.0
4214.0
4390.0
4564.0
4738.0
4914.0
5090.0
5261.0
5437.0
5613.0
5785.0
5959.0
6133.0
6309.0
6478.0
6652.0
6828.0
7004.0
7178.0
7354.0
7530.0
7706.0
7882.0
8058.0
8230.0
8406.0
8573.0
8747.0
8921.0
9091.0
9265.0
9439.0
9613.0
9789.0
9965.0
10139.0
10315.0
10489.0
10665.0
10834.0
11010.0
11186.0
11355.0
11531.0
11698.0
11867.0
12043.0
12219.0
12393.0
12569.0
12743.0
12912.0
13088.0
13264.0
13440.0
13614.0
13788.0
13964.0
14127.0
14299.0
14475.0
14649.0
14825.0
14999.0
15169.0
15345.0
15519.0
15693.0
15864.0
16038.0
16214.0
16384.0
16554.0
16728.0
16904.0
17080.0
17256.0
17432.0
17604.0
17778.0
17950.0
18124.0
18300.0
18472.0
18648.0
18824.0
18994.0
19168.0
19344.0
19511.0
19681.0
19852.0
20028.0
20204.0
20380.0
20552.0
20728.0
20904.0
21078.0
21254.0
21426.0
21602.0
21778.0
21948.0
22122.0
22294.0
22466.0
22635.0
22811.0
22987.0
23163.0
23339.0
23511.0
23685.0
23859.0
24025.0
24201.0
24369.0
24538.0
24710.0
24886.0
25057.0
25233.0
25405.0
25577.0
25751.0
25925.0
26097.0
26273.0
26449.0
26623.0
26797.0
26971.0
27147.0
27321.0
27495.0
27671.0
27845.0
28016.0
28188.0
28364.0
28540.0
28714.0
28890.0
29066.0
29242.0
29418.0
29594.0
29768.0
29944.0
30115.0
30289.0
30461.0
30635.0
30811.0
30985.0
31159.0
31330.0
31501.0
31673.0
31847.0
32023.0
32197.0
32373.0
32541.0
32717.0
32893.0
33069.0
33245.0
33417.0
33591.0
33767.0
33943.0
34113.0
34287.0
34461.0
34635.0
34811.0
34982.0
35151.0
35327.0
35503.0
35677.0
35851.0
36025.0
36187.0
36361.0
36537.0
36713.0
36881.0
37055.0
37229.0
37403.0
37579.0
37755.0
37931.0
38100.0
38274.0
38448.0
38622.0
38796.0
38972.0
39144.0
39320.0
39496.0
39661.0
39837.0
40013.0
40189.0
40361.0
40535.0
40709.0
40885.0
41054.0
41230.0
41406.0
41582.0
41758.0
41930.0
42104.0
42278.0
42454.0
42630.0
42806.0
42980.0
43154.0
43330.0
43504.0
43680.0
43852.0
44022.0
44198.0
44374.0
44550.0
44717.0
44887.0
45063.0
45239.0
45411.0
45587.0
45759.0
45933.0
46109.0
46281.0
46455.0
46631.0
46805.0
46981.0
47157.0
47333.0
47509.0
47685.0
47859.0
48033.0
48205.0
48381.0
48557.0
48733.0
48905.0
49081.0
49257.0
49429.0
49605.0
49779.0
49955.0
50124.0
50300.0
50471.0
50645.0
50821.0
50995.0
51167.0
51343.0
51519.0
51695.0
51867.0
52043.0
52208.0
52382.0
52558.0
52730.0
52904.0
53070.0
53239.0
53410.0
53584.0
53758.0
53932.0
54108.0
54282.0
54458.0
54630.0
54806.0
54978.0
55145.0
55319.0
55491.0
55667.0
55836.0
56012.0
56182.0
56358.0
56534.0
56706.0
56882.0
57051.0
57227.0
57403.0
57579.0
57755.0
57931.0
58107.0
58283.0
58452.0
58622.0
58794.0
58970.0
59146.0
59322.0
59487.0
59659.0
59830.0
60002.0
60176.0
60350.0
60526.0
60702.0
60878.0
61049.0
61220.0
61396.0
61572.0
61744.0
61915.0
62091.0
62267.0
62438.0
62609.0
62785.0
62961.0
63137.0
63313.0
63487.0
63663.0
63839.0
64015.0
64191.0
64363.0
64530.0
64701.0
64872.0
65046.0
65220.0
65392.0
65568.0
65740.0
65914.0
66088.0
66260.0
66434.0
66606.0
66782.0
66956.0
67132.0
67306.0
67482.0
67658.0
67834.0
68010.0
68186.0
68360.0
68534.0
68710.0
68881.0
69051.0
69223.0
69397.0
69571.0
69743.0
69919.0
70086.0
70257.0
70433.0
70604.0
70778.0
70954.0
71128.0
71300.0
71472.0
71646.0
71822.0
71998.0
72174.0
72348.0
72522.0
72698.0
72874.0
73048.0
73222.0
73398.0
73574.0
73748.0
73920.0
74096.0
74272.0
74444.0
74616.0
74790.0
74964.0
75140.0
75309.0
75477.0
75653.0
75829.0
76001.0
76170.0
76342.0
76518.0
76694.0
76865.0
77041.0
77217.0
77393.0
77567.0
77739.0
77915.0
78089.0
78265.0
78441.0
78617.0
78791.0
78965.0
79136.0
79312.0
79488.0
79660.0
79836.0
80010.0
80181.0
80357.0
80531.0
80700.0
80874.0
81050.0
81226.0
81402.0
81571.0
81741.0
81915.0
82091.0
82267.0
82436.0
82606.0
82780.0
82952.0
83126.0
83302.0
83476.0
83648.0
83824.0
83996.0
84172.0
84346.0
84518.0
84694.0
84870.0
85042.0
85211.0
85380.0
85554.0
85730.0
85900.0
86071.0
86245.0
86417.0
86591.0
86763.0
86939.0
87113.0
87289.0
87460.0
87636.0
87812.0
87986.0
88162.0
88338.0
88514.0
88688.0
88864.0
89040.0
89216.0
89392.0
89568.0
89744.0
89916.0
90092.0
90268.0
90444.0
90620.0
90792.0
90968.0
91144.0
91320.0
91492.0
91668.0
91842.0
92018.0
92185.0
92361.0
92533.0
92707.0
92883.0
93057.0
93233.0
93405.0
93581.0
93755.0
93931.0
94103.0
94279.0
94453.0
94629.0
94805.0
94981.0
95153.0
95327.0
95497.0
95673.0
95842.0
96018.0
96194.0
96368.0
96542.0
96718.0
96892.0
97068.0
97238.0
97412.0
97583.0
97757.0
97931.0
98100.0
98276.0
98450.0
98626.0
98802.0
98978.0
99152.0
99328.0
99504.0
99678.0
99854.0
100028.0
100204.0
100380.0
100554.0
100721.0
100887.0
101061.0
101237.0
101413.0
101589.0
101765.0
101939.0
102111.0
102280.0
102454.0
102620.0
102789.0
102958.0
103134.0
103308.0
103484.0
103660.0
103834.0
104010.0
104186.0
104357.0
104533.0
104707.0
104881.0
105055.0
105229.0
105401.0
105575.0
105747.0
105921.0
106097.0
106267.0
106443.0
106619.0
106795.0
106971.0
107142.0
107318.0
107492.0
107668.0
107838.0
108012.0
108186.0
108360.0
108536.0
108712.0
108886.0
109060.0
109232.0
109408.0
109584.0
109758.0
109932.0
110108.0
110284.0
110460.0
110634.0
110810.0
110984.0
111160.0
111336.0
111510.0
111684.0
111858.0
112034.0
112210.0
112386.0
112556.0
112722.0
112894.0
113070.0
113246.0
113422.0
113594.0
113765.0
113941.0
114113.0
114289.0
114465.0
114637.0
114811.0
114987.0
115163.0
115335.0
115511.0
115687.0
115863.0
116035.0
116211.0
116385.0
116559.0
116733.0
116909.0
117080.0
117254.0
117428.0
117604.0
117776.0
117952.0
118126.0
118297.0
118473.0
118649.0
118823.0
118997.0
119173.0
119347.0
119518.0
119683.0
119859.0
120033.0
120202.0
120378.0
120554.0
120724.0
120900.0
121076.0
121240.0
121411.0
121587.0
121763.0
121937.0
122113.0
122287.0
122461.0
122628.0
122797.0
122971.0
123141.0
123312.0
123484.0
123658.0
123834.0
124008.0
124176.0
124352.0
124521.0
124695.0
124867.0
125043.0
125217.0
125393.0
125565.0
125741.0
125912.0
126086.0
126262.0
126434.0
126610.0
126784.0
126958.0
127132.0
127306.0
127480.0
127654.0
127826.0
127997.0
128168.0
128338.0
128512.0
128683.0
128857.0
129033.0
129209.0
129385.0
129556.0
129730.0
129904.0
130076.0
130243.0
130415.0
130585.0
130757.0
130931.0
131105.0
131274.0
131448.0
131624.0
131796.0
131972.0
132143.0
132319.0
132490.0
132666.0
132840.0
133016.0
133188.0
133357.0
133531.0
133705.0
133877.0
134051.0
134227.0
134403.0
134573.0
134749.0
134917.0
135091.0
135267.0
135439.0
135613.0
135787.0
135963.0
136139.0
136315.0
136491.0
136667.0
136841.0
137015.0
137191.0
137367.0
137541.0
137710.0
137886.0
138062.0
138234.0
138408.0
138582.0
138756.0
138932.0
139100.0
139274.0
139444.0
139620.0
139796.0
139972.0
140148.0
140317.0
140489.0
140663.0
140839.0
141015.0
141191.0
141365.0
141539.0
141713.0
141889.0
142065.0
142241.0
142417.0
142593.0
142769.0
142945.0
143119.0
143293.0
143469.0
143645.0
143819.0
143985.0
144155.0
144322.0
144498.0
144670.0
144846.0
145020.0
145194.0
145370.0
145525.0
145697.0
145868.0
146042.0
146213.0
146387.0
146563.0
146737.0
146911.0
147085.0
147261.0
147437.0
147613.0
147785.0
147956.0
148132.0
148308.0
148480.0
148656.0
148832.0
149006.0
149182.0
149356.0
149532.0
149702.0
149872.0
150048.0
150224.0
150400.0
150576.0
150746.0
150918.0
151087.0
151257.0
151431.0
151607.0
151781.0
151957.0
152133.0
152309.0
152485.0
152659.0
152835.0
153011.0
153180.0
153356.0
153528.0
153704.0
153880.0
154056.0
154227.0
154403.0
154577.0
154753.0
154923.0
155095.0
155269.0
155438.0
155614.0
155790.0
155966.0
156140.0
156316.0
156487.0
156663.0
156839.0
157008.0
157182.0
157356.0
157532.0
157708.0
157884.0
158056.0
158225.0
158399.0
158573.0
158749.0
158925.0
159101.0
159275.0
159446.0
159622.0
159791.0
159967.0
160143.0
160319.0
160493.0
160667.0
160843.0
161011.0
161185.0
161361.0
161537.0
161708.0
161884.0
162060.0
162236.0
162410.0
162586.0
162760.0
162936.0
163112.0
163286.0
163462.0
163638.0
163812.0
163988.0
164157.0
164333.0
164505.0
164681.0
164857.0
165031.0
165203.0
165379.0
165555.0
165731.0
165901.0
166075.0
166249.0
166425.0
166592.0
166768.0
166944.0
167116.0
167292.0
167468.0
167644.0
167818.0
167994.0
168170.0
168346.0
168520.0
168691.0
168862.0
169036.0
169210.0
169386.0
169562.0
169736.0
169912.0
170086.0
170260.0
170434.0
170610.0
170786.0
170957.0
171133.0
171307.0
171483.0
171653.0
171829.0
172005.0
172181.0
172357.0
172529.0
172699.0
172867.0
173034.0
173210.0
173386.0
173562.0
173736.0
173912.0
174081.0
174252.0
174426.0
174602.0
174772.0
174946.0
175122.0
175298.0
175474.0
175650.0
175824.0
175995.0
176169.0
176340.0
176516.0
176692.0
176868.0
177040.0
177214.0
177386.0
177562.0
177736.0
177910.0
178086.0
178262.0
178436.0
178610.0
178786.0
178962.0
179138.0
179314.0
179485.0
179654.0
179830.0
180006.0
180180.0
180356.0
180532.0
180706.0
180882.0
181056.0
181230.0
181406.0
181577.0
181751.0
181918.0
182092.0
182268.0
182440.0
182616.0
182785.0
182957.0
183129.0
183305.0
183474.0
183648.0
183822.0
183998.0
184169.0
184343.0
184519.0
184693.0
184867.0
185043.0
185219.0
185395.0
185569.0
185737.0
185913.0
186085.0
186259.0
186431.0
186605.0
186779.0
186955.0
187131.0
187302.0
187476.0
187650.0
187824.0
188000.0
188176.0
188350.0
188524.0
188696.0
188872.0
189046.0
189220.0
189394.0
189566.0
189742.0
189914.0
190086.0
190262.0
190438.0
190612.0
190788.0
190964.0
191138.0
191312.0
191488.0
191664.0
191840.0
192014.0
192190.0
192360.0
192536.0
192712.0
192886.0
193062.0
193231.0
193403.0
193577.0
193753.0
193924.0
194100.0
194269.0
194436.0
194610.0
194779.0
194953.0
195129.0
195305.0
195481.0
195655.0
195831.0
196007.0
196171.0
196345.0
196521.0
196697.0
196871.0
197047.0
197223.0
197399.0
197573.0
197745.0
197919.0
198095.0
198271.0
198447.0
198618.0
198787.0
198958.0
199134.0
199310.0
199486.0
199660.0
199834.0
200006.0
200180.0
200354.0
200528.0
200704.0
200878.0
201052.0
201224.0
201396.0
201567.0
201743.0
201919.0
202090.0
202264.0
202440.0
202616.0
202792.0
202964.0
203138.0
203312.0
203478.0
203652.0
203828.0
204002.0
204178.0
204354.0
204530.0
204706.0
204880.0
205052.0
205226.0
205402.0
205578.0
205752.0
205926.0
206100.0
206274.0
206450.0
206626.0
206802.0
206978.0
207145.0
207321.0
207495.0
207671.0
207847.0
208023.0
208197.0
208364.0
208538.0
208714.0
208886.0
209053.0
209227.0
209396.0
209572.0
209744.0
209909.0
210085.0
210259.0
210433.0
210605.0
210779.0
210955.0
211131.0
211307.0
211483.0
211659.0
211833.0
212009.0
212183.0
212354.0
212528.0
212704.0
212869.0
213043.0
213219.0
213391.0
213563.0
213737.0
213913.0
214089.0
214265.0
214432.0
214602.0
214776.0
214950.0
215126.0
215300.0
215472.0
215646.0
215814.0
215988.0
216164.0
216340.0
216516.0
216686.0
216857.0
217031.0
217207.0
217383.0
217557.0
217733.0
217909.0
218085.0
218261.0
218433.0
218607.0
218783.0
218957.0
219129.0
219303.0
219479.0
219653.0
219829.0
220005.0
220179.0
220355.0
220531.0
220707.0
220881.0
221057.0
221233.0
221407.0
221581.0
221755.0
221926.0
222102.0
222273.0
222449.0
222625.0
222797.0
222973.0
223149.0
223325.0
223501.0
223677.0
223851.0
224025.0
224201.0
224377.0
224548.0
224722.0
224893.0
225067.0
225241.0
225417.0
225591.0
225760.0
225936.0
226105.0
226279.0
226449.0
226625.0
226796.0
226972.0
227148.0
227322.0
227498.0
227669.0
227843.0
228019.0
228193.0
228367.0
228543.0
228717.0
228891.0
229067.0
229236.0
229412.0
229588.0
229758.0
229921.0
230092.0
230268.0
230440.0
230616.0
230785.0
230961.0
231135.0
231311.0
231487.0
231658.0
231830.0
232004.0
232178.0
232352.0
232522.0
232698.0
232872.0
233048.0
233222.0
233394.0
233568.0
233742.0
233916.0
234092.0
234266.0
234442.0
234616.0
234790.0
234964.0
235135.0
235311.0
235483.0
235659.0
235835.0
236002.0
236174.0
236348.0
236524.0
236696.0
