a = 0.2
g = 0.5
e = 0.5
random initial weights = false

-160.0
-3294.0
-4312.0
-4814.0
-5597.0
-6465.0
-6932.0
-7475.0
-8343.0
-9321.0
-9952.0
-10458.0
-10912.0
-11415.0
-11965.0
-12466.0
-12975.0
-13414.0
-13952.0
-14428.0
-14957.0
-15520.0
-16254.0
-16688.0
-17177.0
-17597.0
-18107.0
-18542.0
-19016.0
-19563.0
-19990.0
-20477.0
-20933.0
-21402.0
-21885.0
-22323.0
-22872.0
-23324.0
-23807.0
-24333.0
-24812.0
-25239.0
-25767.0
-26296.0
-26742.0
-27164.0
-27686.0
-28159.0
-28597.0
-29028.0
-29462.0
-29970.0
-29868.0
-30297.0
-30773.0
-31244.0
-31735.0
-32184.0
-32655.0
-33076.0
-33553.0
-34009.0
-33926.0
-33766.0
-34214.0
-34056.0
-33903.0
-34340.0
-34182.0
-34016.0
-34477.0
-34905.0
-35366.0
-35814.0
-36228.0
-36669.0
-37142.0
-37561.0
-38068.0
-38494.0
-38938.0
-39391.0
-39237.0
-39682.0
-40197.0
-40620.0
-40524.0
-40371.0
-40853.0
-41306.0
-41763.0
-41615.0
-41445.0
-41385.0
-41221.0
-41062.0
-40931.0
-40811.0
-40659.0
-40518.0
-40356.0
-40186.0
-40638.0
-40491.0
-40336.0
-40242.0
-40688.0
-40525.0
-40373.0
-40230.0
-40071.0
-39915.0
-39781.0
-39632.0
-39462.0
-39316.0
-39145.0
-39044.0
-38872.0
-38707.0
-38570.0
-38402.0
-38245.0
-38146.0
-37972.0
-37805.0
-37640.0
-37498.0
-37376.0
-37230.0
-37074.0
-36953.0
-36788.0
-36620.0
-36454.0
-36298.0
-36141.0
-35975.0
-35818.0
-35659.0
-35510.0
-35346.0
-35182.0
-35042.0
-34890.0
-34741.0
-34590.0
-34428.0
-34265.0
-34095.0
-33943.0
-33789.0
-33618.0
-33462.0
-33294.0
-33120.0
-32960.0
-32791.0
-32658.0
-32534.0
-32419.0
-32262.0
-32112.0
-31951.0
-31801.0
-31655.0
-31497.0
-31328.0
-31154.0
-30980.0
-30849.0
-30705.0
-30556.0
-30396.0
-30222.0
-30053.0
-29884.0
-29762.0
-29610.0
-29450.0
-29302.0
-29179.0
-29005.0
-28838.0
-28720.0
-28550.0
-28386.0
-28238.0
-28064.0
-27927.0
-27770.0
-27615.0
-27454.0
-27291.0
-27149.0
-26991.0
-26872.0
-26706.0
-26544.0
-26413.0
-26243.0
-26073.0
-25913.0
-25759.0
-25595.0
-25440.0
-25320.0
-25159.0
-24995.0
-24846.0
-24690.0
-24553.0
-24390.0
-24261.0
-24126.0
-23961.0
-23798.0
-23648.0
-23485.0
-23311.0
-23155.0
-23003.0
-22862.0
-22699.0
-22525.0
-22370.0
-22222.0
-22052.0
-21900.0
-21747.0
-21573.0
-21412.0
-21265.0
-21126.0
-20954.0
-20785.0
-20625.0
-20464.0
-20309.0
-20158.0
-20013.0
-19855.0
-19693.0
-19538.0
-19385.0
-19231.0
-19061.0
-18940.0
-18772.0
-18636.0
-18490.0
-18320.0
-18165.0
-18006.0
-17858.0
-17704.0
-17532.0
-17383.0
-17211.0
-17047.0
-16913.0
-16751.0
-16575.0
-16414.0
-16249.0
-16098.0
-15944.0
-15804.0
-15662.0
-15526.0
-15397.0
-15232.0
-15064.0
-14916.0
-14772.0
-14625.0
-14490.0
-14322.0
-14169.0
-14032.0
-13882.0
-13724.0
-13563.0
-13426.0
-13254.0
-13100.0
-12945.0
-12804.0
-12641.0
-12510.0
-12374.0
-12215.0
-12046.0
-11898.0
-11771.0
-11626.0
-11502.0
-11353.0
-11205.0
-11046.0
-10910.0
-10756.0
-10603.0
-10429.0
-10259.0
-10099.0
-9942.0
-9794.0
-9642.0
-9487.0
-9322.0
-9159.0
-8991.0
-8822.0
-8656.0
-8532.0
-8400.0
-8259.0
-8093.0
-7944.0
-7798.0
-7655.0
-7483.0
-7319.0
-7156.0
-7018.0
-6854.0
-6705.0
-6553.0
-6414.0
-6261.0
-6113.0
-5948.0
-5801.0
-5659.0
-5501.0
-5333.0
-5189.0
-5028.0
-4871.0
-4725.0
-4554.0
-4396.0
-4239.0
-4063.0
-3927.0
-3753.0
-3585.0
-3428.0
-3284.0
-3129.0
-2976.0
-2826.0
-2677.0
-2508.0
-2337.0
-2186.0
-2038.0
-1876.0
-1744.0
-1589.0
-1421.0
-1256.0
-1084.0
-914.0
-747.0
-599.0
-463.0
-312.0
-154.0
-22.0
130.0
225.0
387.0
508.0
644.0
760.0
927.0
1098.0
1249.0
1370.0
1528.0
1687.0
1850.0
2012.0
2168.0
2316.0
2482.0
2644.0
2809.0
2979.0
3135.0
3309.0
3470.0
3624.0
3785.0
3952.0
4118.0
4279.0
4438.0
4591.0
4765.0
4930.0
5092.0
5236.0
5392.0
5546.0
5707.0
5858.0
5986.0
6131.0
6303.0
6442.0
6600.0
6745.0
6906.0
7031.0
7192.0
7336.0
7494.0
7620.0
7771.0
7936.0
8110.0
8266.0
8405.0
8551.0
8696.0
8851.0
8974.0
9150.0
9265.0
9425.0
9509.0
9661.0
9831.0
9987.0
10143.0
10305.0
10475.0
10644.0
10790.0
10949.0
11063.0
11215.0
11367.0
11509.0
11647.0
11804.0
11912.0
12043.0
12158.0
12323.0
12464.0
12612.0
12769.0
12938.0
13101.0
13255.0
13427.0
13582.0
13720.0
13880.0
14030.0
14180.0
14336.0
14508.0
14666.0
14826.0
14992.0
15143.0
15302.0
15457.0
15603.0
15740.0
15880.0
16041.0
16217.0
16351.0
16487.0
16620.0
16778.0
16913.0
17068.0
17229.0
17392.0
17555.0
17706.0
17844.0
18010.0
18162.0
18331.0
18491.0
18622.0
18776.0
18929.0
19081.0
19226.0
19361.0
19523.0
19681.0
19812.0
19975.0
20112.0
20231.0
20347.0
20510.0
20646.0
20793.0
20947.0
21092.0
21254.0
21418.0
21577.0
21729.0
21875.0
22037.0
22176.0
22342.0
22492.0
22657.0
22787.0
22956.0
23090.0
23249.0
23404.0
23555.0
23685.0
23850.0
24013.0
24162.0
24336.0
24489.0
24652.0
24819.0
24975.0
25134.0
25294.0
25463.0
25611.0
25776.0
25942.0
26100.0
26260.0
26432.0
26587.0
26745.0
26894.0
27068.0
27236.0
27399.0
27557.0
27724.0
27851.0
28011.0
28178.0
28352.0
28526.0
28668.0
28806.0
28980.0
29112.0
29277.0
29427.0
29603.0
29766.0
29920.0
30078.0
30215.0
30363.0
30490.0
30649.0
30823.0
30986.0
31136.0
31288.0
31454.0
31598.0
31765.0
31914.0
32065.0
32171.0
32308.0
32457.0
32631.0
32794.0
32951.0
33111.0
33276.0
33435.0
33595.0
33750.0
33922.0
34087.0
34243.0
34406.0
34570.0
34728.0
34880.0
35039.0
35211.0
35356.0
35518.0
35666.0
35836.0
35991.0
36145.0
36295.0
36460.0
36621.0
36783.0
36943.0
37103.0
37270.0
37431.0
37587.0
37736.0
37881.0
38026.0
38195.0
38369.0
38538.0
38671.0
38818.0
38964.0
39122.0
39292.0
39435.0
39589.0
39735.0
39872.0
40027.0
40194.0
40358.0
40490.0
40662.0
40819.0
40981.0
41124.0
41286.0
41434.0
41594.0
41733.0
41879.0
42045.0
42205.0
42367.0
42503.0
42647.0
42799.0
42958.0
43123.0
43289.0
43452.0
43608.0
43777.0
43923.0
44076.0
44221.0
44381.0
44543.0
44709.0
44831.0
44968.0
45123.0
45281.0
45438.0
45608.0
45778.0
45920.0
46077.0
46229.0
46371.0
46535.0
46697.0
46828.0
46961.0
47122.0
47270.0
47421.0
47582.0
47743.0
47907.0
48077.0
48246.0
48403.0
48530.0
48689.0
48861.0
49031.0
49165.0
49320.0
49441.0
49595.0
49733.0
49878.0
50019.0
50180.0
50321.0
50490.0
50664.0
50827.0
50973.0
51115.0
51240.0
51382.0
51532.0
51693.0
51806.0
51966.0
52124.0
52272.0
52409.0
52572.0
52736.0
52895.0
53044.0
53192.0
53341.0
53502.0
53653.0
53822.0
53970.0
54134.0
54295.0
54454.0
54583.0
54747.0
54878.0
55045.0
55193.0
55341.0
55495.0
55653.0
55806.0
55950.0
56111.0
56257.0
56428.0
56581.0
56721.0
56882.0
57027.0
57179.0
57347.0
57496.0
57649.0
57821.0
57986.0
58132.0
58263.0
58390.0
58556.0
58717.0
58827.0
58984.0
59135.0
59283.0
59457.0
59593.0
59765.0
59922.0
60071.0
60221.0
60361.0
60524.0
60676.0
60820.0
60972.0
61117.0
61287.0
61450.0
61604.0
61731.0
61891.0
62058.0
62210.0
62363.0
62520.0
62676.0
62807.0
62963.0
63108.0
63270.0
63402.0
63566.0
63716.0
63875.0
64037.0
64174.0
64340.0
64498.0
64606.0
64772.0
64938.0
65083.0
65221.0
65372.0
65532.0
65699.0
65810.0
65956.0
66130.0
66284.0
66413.0
66574.0
66711.0
66873.0
67032.0
67201.0
67361.0
67488.0
67652.0
67824.0
67985.0
68157.0
68326.0
68491.0
68645.0
68789.0
68946.0
69107.0
69246.0
69414.0
69575.0
69725.0
69880.0
70052.0
70205.0
70362.0
70498.0
70652.0
70797.0
70944.0
71039.0
71203.0
71357.0
71521.0
71691.0
71819.0
71981.0
72130.0
72267.0
72398.0
72557.0
72727.0
72879.0
73040.0
73201.0
73358.0
73514.0
73662.0
73834.0
73966.0
74138.0
74281.0
74443.0
74612.0
74773.0
74911.0
75063.0
75232.0
75389.0
75561.0
75697.0
75851.0
76008.0
76144.0
76311.0
76450.0
76608.0
76780.0
76919.0
77073.0
77222.0
77358.0
77517.0
77678.0
77812.0
77972.0
78116.0
78290.0
78446.0
78611.0
78768.0
78924.0
79085.0
79240.0
79385.0
79536.0
79703.0
79865.0
80017.0
80186.0
80351.0
80490.0
80664.0
80826.0
80951.0
81105.0
81252.0
81407.0
81552.0
81700.0
81848.0
82006.0
82163.0
82327.0
82483.0
82651.0
82802.0
82965.0
83135.0
83307.0
83474.0
83637.0
83807.0
83969.0
84106.0
84242.0
84400.0
84523.0
84695.0
84854.0
85009.0
85167.0
85327.0
85463.0
85635.0
85800.0
85954.0
86095.0
86256.0
86424.0
86592.0
86762.0
86929.0
87085.0
87249.0
87385.0
87520.0
87675.0
87825.0
87982.0
88129.0
88293.0
88469.0
88622.0
88785.0
88937.0
89098.0
89234.0
89400.0
89551.0
89707.0
89861.0
89994.0
90113.0
90253.0
90368.0
90521.0
90666.0
90818.0
90990.0
91128.0
91274.0
91436.0
91603.0
91771.0
91909.0
92056.0
92182.0
92314.0
92460.0
92632.0
92766.0
92915.0
93029.0
93178.0
93339.0
93509.0
93597.0
93763.0
93915.0
94042.0
94192.0
94286.0
94443.0
94597.0
94758.0
94926.0
95082.0
95245.0
95395.0
95539.0
95695.0
95857.0
96005.0
96155.0
96312.0
96428.0
96575.0
96747.0
96908.0
97056.0
97216.0
97359.0
97513.0
97675.0
97835.0
97994.0
98149.0
98296.0
98451.0
98594.0
98766.0
98923.0
99093.0
99243.0
99405.0
99558.0
99714.0
99872.0
100019.0
100175.0
100342.0
100499.0
100646.0
100807.0
100969.0
101132.0
101268.0
101413.0
101569.0
101739.0
101911.0
102080.0
102242.0
102408.0
102556.0
102724.0
102861.0
103025.0
103175.0
103315.0
103459.0
103624.0
103776.0
103929.0
104039.0
104204.0
104344.0
104487.0
104649.0
104819.0
104949.0
105121.0
105268.0
105415.0
105570.0
105733.0
105868.0
106023.0
106179.0
106332.0
106500.0
106652.0
106817.0
106980.0
107143.0
107296.0
107448.0
107586.0
107746.0
107908.0
108046.0
108214.0
108381.0
108527.0
108696.0
108865.0
109026.0
109189.0
109354.0
109491.0
109643.0
109806.0
109951.0
110123.0
110290.0
110456.0
110611.0
110785.0
110949.0
111089.0
111248.0
111404.0
111541.0
111706.0
111852.0
112008.0
112184.0
112324.0
112463.0
112627.0
112776.0
112947.0
113102.0
113238.0
113395.0
113543.0
113706.0
113857.0
114031.0
114198.0
114323.0
114479.0
114649.0
114790.0
114959.0
115084.0
115212.0
115365.0
115508.0
115678.0
115829.0
115993.0
116159.0
116311.0
116479.0
116617.0
116706.0
116830.0
116992.0
117133.0
117300.0
117433.0
117601.0
117705.0
117875.0
118024.0
118178.0
118346.0
118506.0
118657.0
118818.0
118967.0
119125.0
119279.0
119442.0
119614.0
119728.0
119887.0
120056.0
120214.0
120372.0
120537.0
120668.0
120831.0
120975.0
121135.0
121301.0
121469.0
121635.0
121800.0
121968.0
122130.0
122261.0
122422.0
122593.0
122724.0
122882.0
123034.0
123193.0
123346.0
123493.0
123626.0
123787.0
123920.0
124070.0
124240.0
124391.0
124548.0
124689.0
124840.0
124986.0
125150.0
125316.0
125482.0
125634.0
125806.0
125955.0
126102.0
126247.0
126397.0
126554.0
126703.0
126866.0
127036.0
127200.0
127347.0
127523.0
127672.0
127818.0
127978.0
128120.0
128274.0
128429.0
128581.0
128741.0
128848.0
128985.0
129138.0
129309.0
129458.0
129627.0
129784.0
129943.0
130080.0
130220.0
130394.0
130521.0
130680.0
130835.0
131001.0
131139.0
131315.0
131460.0
131629.0
131740.0
131889.0
132059.0
132170.0
132332.0
132422.0
132570.0
132737.0
132906.0
133058.0
133225.0
133383.0
133546.0
133718.0
133867.0
134012.0
134152.0
134298.0
134466.0
134565.0
134739.0
134897.0
135030.0
135199.0
135362.0
135518.0
135659.0
135820.0
135948.0
136085.0
136228.0
136382.0
136547.0
136705.0
136848.0
137017.0
137157.0
137315.0
137480.0
137625.0
137781.0
137894.0
138068.0
138229.0
138389.0
138555.0
138703.0
138813.0
138969.0
139138.0
139290.0
139456.0
139619.0
139784.0
139937.0
140082.0
140216.0
140342.0
140482.0
140612.0
140774.0
140898.0
141050.0
141208.0
141366.0
141524.0
141678.0
141837.0
142000.0
142153.0
142313.0
142445.0
142598.0
142748.0
142877.0
143044.0
143211.0
143378.0
143536.0
143691.0
143850.0
143999.0
144132.0
144280.0
144443.0
144576.0
144720.0
144867.0
145029.0
145177.0
145309.0
145470.0
145638.0
145781.0
145942.0
146104.0
146278.0
146439.0
146609.0
146750.0
146898.0
147042.0
147182.0
147339.0
147491.0
147653.0
147823.0
147979.0
148136.0
148299.0
148461.0
148619.0
148779.0
148926.0
149093.0
149228.0
149391.0
149541.0
149690.0
149847.0
150014.0
150182.0
150325.0
150460.0
150628.0
150780.0
150922.0
151081.0
151233.0
151397.0
151541.0
151694.0
151859.0
151984.0
152140.0
152296.0
152468.0
152616.0
152767.0
152906.0
153069.0
153216.0
153360.0
153522.0
153682.0
153856.0
154030.0
154189.0
154342.0
154502.0
154647.0
154802.0
154976.0
155085.0
155214.0
155373.0
155501.0
155663.0
155812.0
155964.0
156130.0
156272.0
156441.0
156583.0
156700.0
156838.0
157003.0
157170.0
157342.0
157505.0
157666.0
157804.0
157966.0
158112.0
158256.0
158428.0
158585.0
158747.0
158914.0
159074.0
159200.0
159343.0
159495.0
159658.0
159821.0
159978.0
160140.0
160289.0
160454.0
160594.0
160757.0
160909.0
161062.0
161208.0
161358.0
161527.0
161688.0
161781.0
161951.0
162120.0
162233.0
162384.0
162509.0
162657.0
162789.0
162961.0
163104.0
163246.0
163415.0
163585.0
163736.0
163899.0
164026.0
164161.0
164333.0
164501.0
164645.0
164806.0
164974.0
165144.0
165286.0
165436.0
165591.0
165747.0
165901.0
166053.0
166170.0
166321.0
166468.0
166620.0
166788.0
166958.0
167121.0
167288.0
167458.0
167620.0
167784.0
167925.0
168097.0
168240.0
168386.0
168550.0
168688.0
168856.0
169022.0
169174.0
169313.0
169462.0
169619.0
169771.0
169929.0
170082.0
170248.0
170418.0
170558.0
170716.0
170875.0
171018.0
171185.0
171357.0
171509.0
171679.0
171836.0
171997.0
172143.0
172294.0
172441.0
172595.0
172744.0
172886.0
173025.0
