a = 0.8
g = 0.8
e = 0.3
random initial weights = true

-2631.0
-3654.0
-4276.0
-4769.0
-5319.0
-5813.0
-6313.0
-6837.0
-7298.0
-7784.0
-8276.0
-8809.0
-8711.0
-9138.0
-9560.0
-9996.0
-10431.0
-10875.0
-11379.0
-11238.0
-11656.0
-11525.0
-11939.0
-12369.0
-12855.0
-13298.0
-13719.0
-14141.0
-14015.0
-13852.0
-13744.0
-13578.0
-13409.0
-13277.0
-13140.0
-12970.0
-12804.0
-12639.0
-12482.0
-12316.0
-12140.0
-11982.0
-11813.0
-11644.0
-11470.0
-11299.0
-11131.0
-10965.0
-10802.0
-10635.0
-10461.0
-10293.0
-10134.0
-9979.0
-9807.0
-9638.0
-9469.0
-9305.0
-9129.0
-8961.0
-8804.0
-8630.0
-8456.0
-8289.0
-8130.0
-7967.0
-7803.0
-7643.0
-7471.0
-7313.0
-7141.0
-6973.0
-6806.0
-6651.0
-6479.0
-6312.0
-6157.0
-5986.0
-5823.0
-5662.0
-5500.0
-5343.0
-5188.0
-5025.0
-4865.0
-4689.0
-4522.0
-4362.0
-4197.0
-4032.0
-3872.0
-3700.0
-3535.0
-3369.0
-3193.0
-3019.0
-2864.0
-2716.0
-2540.0
-2390.0
-2218.0
-2054.0
-1884.0
-1714.0
-1538.0
-1366.0
-1192.0
-1024.0
-858.0
-699.0
-546.0
-381.0
-209.0
-44.0
128.0
281.0
441.0
615.0
791.0
956.0
1118.0
1281.0
1452.0
1619.0
1778.0
1912.0
2081.0
2253.0
2425.0
2591.0
2762.0
2934.0
3097.0
3269.0
3412.0
3576.0
3741.0
3908.0
4068.0
4220.0
4384.0
4524.0
4679.0
4848.0
5003.0
5162.0
5338.0
5514.0
5683.0
5857.0
6029.0
6194.0
6360.0
6524.0
6698.0
6872.0
7033.0
7205.0
7359.0
7531.0
7698.0
7851.0
8007.0
8173.0
8338.0
8512.0
8672.0
8848.0
9016.0
9186.0
9360.0
9526.0
9689.0
9851.0
10010.0
10165.0
10328.0
10486.0
10662.0
10832.0
10990.0
11164.0
11326.0
11500.0
11670.0
11844.0
12016.0
12176.0
12332.0
12497.0
12645.0
12813.0
12972.0
13139.0
13309.0
13476.0
13635.0
13807.0
13974.0
14125.0
14299.0
14473.0
14644.0
14808.0
14972.0
15142.0
15312.0
15478.0
15642.0
15809.0
15979.0
16155.0
16319.0
16488.0
16642.0
16803.0
16966.0
17120.0
17286.0
17456.0
17626.0
17777.0
17942.0
18118.0
18287.0
18456.0
18624.0
18793.0
18963.0
19132.0
19284.0
19449.0
19623.0
19799.0
19947.0
20119.0
20284.0
20441.0
20611.0
20763.0
20924.0
21085.0
21261.0
21426.0
21593.0
21755.0
21919.0
22090.0
22262.0
22430.0
22590.0
22762.0
22926.0
23095.0
23264.0
23433.0
23601.0
23759.0
23919.0
24086.0
24253.0
24427.0
24580.0
24725.0
24881.0
25047.0
25217.0
25382.0
25551.0
25697.0
25869.0
26036.0
26210.0
26384.0
26547.0
26708.0
26871.0
27021.0
27179.0
27344.0
27516.0
27690.0
27844.0
27997.0
28173.0
28336.0
28507.0
28672.0
28838.0
29012.0
29184.0
29339.0
29511.0
29668.0
29836.0
30007.0
30173.0
30321.0
30490.0
30660.0
30820.0
30988.0
31153.0
31327.0
31496.0
31658.0
31832.0
31998.0
32156.0
32323.0
32499.0
32671.0
32834.0
33010.0
33186.0
33350.0
33522.0
33688.0
33846.0
34011.0
34182.0
34349.0
34518.0
34692.0
34860.0
35029.0
35192.0
35353.0
35518.0
35690.0
35840.0
36006.0
36164.0
36338.0
36507.0
36670.0
36827.0
36989.0
37154.0
37317.0
37489.0
37655.0
37822.0
37996.0
38166.0
38330.0
38491.0
38665.0
38839.0
39001.0
39166.0
39334.0
39500.0
39660.0
39819.0
39951.0
40105.0
40269.0
40435.0
40607.0
40776.0
40946.0
41109.0
41269.0
41432.0
41608.0
41779.0
41949.0
42106.0
42275.0
42449.0
42620.0
42791.0
42948.0
43116.0
43288.0
43457.0
43616.0
43792.0
43951.0
44121.0
44288.0
44458.0
44630.0
44802.0
44967.0
45139.0
45310.0
45482.0
45647.0
45814.0
45986.0
46145.0
46314.0
46484.0
46656.0
46798.0
46969.0
47132.0
47302.0
47464.0
47628.0
47792.0
47964.0
48128.0
48287.0
48461.0
48629.0
48799.0
48971.0
49141.0
49313.0
49483.0
49654.0
49806.0
49980.0
50147.0
50302.0
50461.0
50628.0
50797.0
50962.0
51131.0
51305.0
51467.0
51626.0
51798.0
51956.0
52130.0
52294.0
52468.0
52638.0
52810.0
52977.0
53137.0
53311.0
53473.0
53636.0
53810.0
53975.0
54145.0
54319.0
54482.0
54649.0
54820.0
54970.0
55118.0
55294.0
55470.0
55640.0
55810.0
55971.0
56137.0
56306.0
56480.0
56647.0
56799.0
56964.0
57140.0
57305.0
57475.0
57649.0
57809.0
57981.0
58146.0
58311.0
58474.0
58643.0
58803.0
58975.0
59151.0
59321.0
59481.0
59651.0
59813.0
59964.0
60123.0
60287.0
60459.0
60633.0
60803.0
60973.0
61145.0
61308.0
61482.0
61653.0
61820.0
61986.0
62149.0
62316.0
62477.0
62638.0
62798.0
62968.0
63135.0
63306.0
63477.0
63647.0
63808.0
63980.0
64156.0
64327.0
64487.0
64663.0
64832.0
65006.0
65159.0
65335.0
65493.0
65655.0
65826.0
65995.0
66163.0
66335.0
66499.0
66673.0
66849.0
67023.0
67197.0
67366.0
67530.0
67690.0
67864.0
68031.0
68201.0
68368.0
68544.0
68709.0
68877.0
69041.0
69197.0
69363.0
69532.0
69695.0
69859.0
70026.0
70188.0
70335.0
70502.0
70662.0
70830.0
70990.0
71156.0
71324.0
71480.0
71652.0
71828.0
71998.0
72158.0
72330.0
72491.0
72660.0
72823.0
72995.0
73167.0
73320.0
73491.0
73653.0
73825.0
73997.0
74156.0
74319.0
74489.0
74650.0
74803.0
74965.0
75141.0
75291.0
75461.0
75635.0
75803.0
75977.0
76139.0
76299.0
76459.0
76622.0
76789.0
76958.0
77130.0
77302.0
77462.0
77623.0
77787.0
77957.0
78129.0
78293.0
78460.0
78632.0
78796.0
78960.0
79128.0
79296.0
79462.0
79638.0
79800.0
79963.0
80128.0
80286.0
80458.0
80625.0
80790.0
80956.0
81126.0
81298.0
81470.0
81627.0
81796.0
81966.0
82115.0
82276.0
82443.0
82613.0
82785.0
82942.0
83107.0
83281.0
83453.0
83609.0
83769.0
83937.0
84098.0
84245.0
84408.0
84582.0
84753.0
84929.0
85103.0
85277.0
85438.0
85605.0
85775.0
85949.0
86115.0
86287.0
86452.0
86616.0
86783.0
86944.0
87111.0
87271.0
87438.0
87603.0
87764.0
87936.0
88112.0
88280.0
88454.0
88626.0
88783.0
88950.0
89109.0
89277.0
89448.0
89618.0
89788.0
89952.0
90123.0
90285.0
90454.0
90622.0
90792.0
90966.0
91130.0
91297.0
91471.0
91635.0
91796.0
91962.0
92120.0
92291.0
92460.0
92625.0
92775.0
92947.0
93112.0
93284.0
93456.0
93623.0
93799.0
93962.0
94118.0
94290.0
94457.0
94626.0
94798.0
94964.0
95136.0
95302.0
95474.0
95639.0
95803.0
95977.0
96151.0
96297.0
96465.0
96634.0
96803.0
96970.0
97135.0
97302.0
97474.0
97641.0
97803.0
97973.0
98138.0
98312.0
98483.0
98655.0
98820.0
98996.0
99161.0
99330.0
99499.0
99667.0
99839.0
100007.0
100178.0
100347.0
100523.0
100671.0
100838.0
101012.0
101170.0
101340.0
101516.0
101692.0
101860.0
102034.0
102204.0
102356.0
102530.0
102696.0
102861.0
103033.0
103205.0
103372.0
103548.0
103713.0
103889.0
104055.0
104200.0
104372.0
104522.0
104689.0
104842.0
105009.0
105181.0
105342.0
105514.0
105690.0
105848.0
106009.0
106174.0
106348.0
106515.0
106684.0
106858.0
107023.0
107199.0
107373.0
107545.0
107721.0
107888.0
108055.0
108227.0
108396.0
108565.0
108735.0
108898.0
109042.0
109206.0
109373.0
109534.0
109701.0
109861.0
110021.0
110179.0
110338.0
110512.0
110670.0
110839.0
110998.0
111170.0
111342.0
111516.0
111684.0
111854.0
112022.0
112186.0
112362.0
112532.0
112699.0
112875.0
113042.0
113205.0
113379.0
113538.0
113707.0
113861.0
114030.0
114196.0
114372.0
114546.0
114720.0
114896.0
115055.0
115227.0
115395.0
115555.0
115719.0
115883.0
116050.0
116218.0
116390.0
116562.0
116732.0
116904.0
117065.0
117234.0
117397.0
117562.0
117711.0
117881.0
118049.0
118223.0
118375.0
118539.0
118701.0
118873.0
119047.0
119212.0
119371.0
119530.0
119697.0
119861.0
120028.0
120190.0
120362.0
120521.0
120687.0
120857.0
121027.0
121201.0
121360.0
121534.0
121692.0
121854.0
122024.0
122196.0
122364.0
122526.0
122686.0
122847.0
123016.0
123186.0
123353.0
123527.0
123698.0
123872.0
124044.0
124210.0
124377.0
124539.0
124706.0
124876.0
125035.0
125196.0
125372.0
125546.0
125716.0
125885.0
126050.0
126222.0
126396.0
126555.0
126714.0
126886.0
127053.0
127204.0
127369.0
127525.0
127691.0
127863.0
128025.0
128197.0
128359.0
128522.0
128673.0
128843.0
129017.0
129182.0
129349.0
129518.0
129694.0
129870.0
130036.0
130196.0
130351.0
130521.0
130673.0
130847.0
131009.0
131169.0
131345.0
131517.0
131671.0
131845.0
132001.0
132170.0
132339.0
132513.0
132673.0
132836.0
133000.0
133168.0
133342.0
133516.0
133681.0
133835.0
133997.0
134157.0
134329.0
134503.0
134661.0
134835.0
134994.0
135166.0
135330.0
135500.0
135669.0
135839.0
136008.0
136182.0
136340.0
136516.0
136680.0
136848.0
137016.0
137184.0
137356.0
137526.0
137691.0
137863.0
138032.0
138208.0
138380.0
138540.0
138712.0
138879.0
139053.0
139210.0
139379.0
139549.0
139717.0
139882.0
140054.0
140224.0
140382.0
140556.0
140710.0
140881.0
141051.0
141218.0
141367.0
141527.0
141669.0
141843.0
142010.0
142169.0
142337.0
142497.0
142662.0
142807.0
142979.0
143141.0
143307.0
143476.0
143645.0
143813.0
143982.0
144151.0
144316.0
144473.0
144649.0
144807.0
144968.0
145140.0
145312.0
145486.0
145660.0
145836.0
146012.0
146176.0
146340.0
146514.0
146680.0
146842.0
147016.0
147180.0
147349.0
147516.0
147688.0
147862.0
148017.0
148177.0
148343.0
148510.0
148680.0
148837.0
149001.0
149165.0
149339.0
149504.0
149676.0
149844.0
150005.0
150167.0
150339.0
150507.0
150676.0
150846.0
150998.0
151167.0
151333.0
151507.0
151668.0
151826.0
151992.0
152164.0
152338.0
152507.0
152675.0
152838.0
153003.0
153172.0
153330.0
153502.0
153663.0
153833.0
154009.0
154181.0
154334.0
154503.0
154669.0
154838.0
155010.0
155179.0
155339.0
155495.0
155664.0
155840.0
156000.0
156162.0
156329.0
156501.0
156661.0
156827.0
156991.0
157157.0
157322.0
157489.0
157659.0
157820.0
157986.0
158158.0
158332.0
158494.0
158666.0
158840.0
158993.0
159163.0
159335.0
159496.0
159664.0
159830.0
160001.0
160171.0
160343.0
160510.0
160663.0
160823.0
160978.0
161152.0
161300.0
161466.0
161636.0
161800.0
161967.0
162134.0
162306.0
162480.0
162648.0
162813.0
162974.0
163132.0
163306.0
163474.0
163632.0
163800.0
163970.0
164126.0
164302.0
164478.0
164650.0
164816.0
164976.0
165143.0
165319.0
165486.0
165658.0
165829.0
165999.0
166164.0
166329.0
166496.0
166668.0
166833.0
167003.0
167161.0
167331.0
167505.0
167681.0
167852.0
168028.0
168183.0
168354.0
168528.0
168675.0
168836.0
169002.0
169174.0
169350.0
169505.0
169679.0
169845.0
170019.0
170189.0
170337.0
170506.0
170673.0
170833.0
171002.0
171174.0
171341.0
171508.0
171667.0
171838.0
172004.0
172171.0
172345.0
172504.0
172673.0
172847.0
173014.0
173185.0
173357.0
173520.0
173685.0
173857.0
174029.0
174189.0
174365.0
174541.0
174708.0
174882.0
175041.0
175215.0
175382.0
175537.0
175707.0
175866.0
176033.0
176200.0
176372.0
176532.0
176702.0
176867.0
177039.0
177200.0
177360.0
177534.0
177697.0
177841.0
178015.0
178191.0
178348.0
178505.0
178670.0
178842.0
179010.0
179181.0
179353.0
179529.0
179701.0
179875.0
180044.0
180209.0
180374.0
180540.0
180711.0
180881.0
181042.0
181205.0
181367.0
181534.0
181706.0
181873.0
182047.0
182223.0
182380.0
182533.0
182709.0
182877.0
183051.0
183227.0
183399.0
183564.0
183735.0
183907.0
184083.0
184246.0
184422.0
184592.0
184764.0
184925.0
185091.0
185251.0
185419.0
185593.0
185767.0
185941.0
186113.0
186277.0
186448.0
186609.0
186766.0
186940.0
187102.0
187274.0
187444.0
187615.0
187789.0
187956.0
188127.0
188292.0
188464.0
188627.0
188797.0
188968.0
189135.0
189309.0
189476.0
189650.0
189821.0
189993.0
190165.0
190331.0
190490.0
190653.0
190827.0
190985.0
191155.0
191311.0
191485.0
191661.0
191825.0
191977.0
192131.0
192292.0
192460.0
192632.0
192806.0
192980.0
193133.0
193309.0
193481.0
193655.0
193811.0
193967.0
194139.0
194309.0
194479.0
194647.0
194821.0
194981.0
195155.0
195313.0
195487.0
195651.0
195813.0
195983.0
196153.0
196329.0
196489.0
196656.0
196823.0
196990.0
197148.0
197322.0
197485.0
197650.0
197817.0
197977.0
198144.0
198313.0
198487.0
198654.0
198814.0
198988.0
199160.0
199328.0
199499.0
199671.0
199820.0
199989.0
200161.0
200329.0
200505.0
200654.0
200830.0
201004.0
201170.0
201333.0
201495.0
201663.0
201829.0
202005.0
202174.0
202336.0
202508.0
202658.0
202822.0
202993.0
203149.0
203320.0
203492.0
203658.0
203832.0
204006.0
204182.0
204351.0
204525.0
204682.0
204847.0
205023.0
205192.0
205358.0
205534.0
205690.0
205852.0
206026.0
206189.0
206357.0
206527.0
206697.0
206862.0
207018.0
207178.0
207334.0
207510.0
207669.0
207843.0
208012.0
208184.0
208358.0
208521.0
208689.0
208845.0
209015.0
209173.0
209327.0
209496.0
209658.0
209807.0
209972.0
210135.0
210295.0
210446.0
210601.0
210766.0
210929.0
211091.0
211248.0
211424.0
211595.0
211760.0
211926.0
212089.0
212250.0
212417.0
212575.0
212747.0
212902.0
213068.0
213244.0
213404.0
213559.0
213729.0
213893.0
214069.0
214235.0
214409.0
214567.0
214724.0
214896.0
215056.0
215232.0
215377.0
215544.0
215706.0
215868.0
216036.0
216203.0
216364.0
216536.0
216699.0
216871.0
217038.0
217207.0
217370.0
217540.0
217697.0
217869.0
218037.0
218202.0
218376.0
218537.0
218708.0
218875.0
219047.0
219211.0
219366.0
219538.0
219710.0
219877.0
220040.0
220200.0
220364.0
220536.0
220695.0
220867.0
221033.0
221200.0
221366.0
221540.0
221710.0
221871.0
222034.0
222191.0
222348.0
222512.0
222684.0
222860.0
223030.0
223195.0
223371.0
223539.0
223705.0
223879.0
224046.0
224210.0
224379.0
224544.0
224711.0
224885.0
225050.0
225222.0
225380.0
225554.0
225722.0
225891.0
226065.0
226227.0
226394.0
226570.0
226744.0
226914.0
227088.0
227257.0
227429.0
227597.0
227738.0
227910.0
228075.0
228249.0
228418.0
228594.0
228760.0
228913.0
229085.0
229261.0
229427.0
229598.0
229772.0
229939.0
230107.0
230274.0
230441.0
230615.0
230789.0
