a = 0.5
g = 0.5
e = 0.1
random initial weights = true

-2591.0
-3261.0
-3681.0
-4120.0
-4688.0
-5234.0
-5653.0
-6090.0
-6572.0
-7039.0
-7514.0
-7975.0
-8439.0
-8903.0
-9324.0
-9741.0
-10176.0
-10620.0
-11035.0
-11468.0
-11899.0
-12360.0
-12784.0
-13207.0
-13626.0
-14053.0
-14466.0
-14877.0
-15305.0
-15150.0
-15580.0
-15406.0
-15232.0
-15058.0
-14880.0
-15304.0
-15727.0
-15556.0
-15382.0
-15793.0
-15623.0
-15447.0
-15858.0
-15686.0
-15510.0
-15334.0
-15745.0
-15571.0
-15395.0
-15217.0
-15043.0
-14867.0
-14689.0
-14511.0
-14333.0
-14166.0
-13988.0
-13810.0
-13637.0
-13463.0
-13287.0
-13114.0
-12938.0
-12760.0
-12596.0
-12418.0
-12240.0
-12062.0
-11884.0
-11708.0
-11530.0
-11352.0
-11174.0
-10996.0
-10823.0
-10649.0
-10471.0
-10302.0
-10126.0
-9953.0
-9775.0
-9601.0
-9423.0
-9254.0
-9078.0
-8900.0
-8726.0
-8548.0
-8372.0
-8194.0
-8020.0
-7848.0
-7675.0
-7497.0
-7327.0
-7158.0
-6980.0
-6802.0
-6639.0
-6461.0
-6290.0
-6114.0
-5950.0
-5781.0
-5603.0
-5425.0
-5249.0
-5080.0
-4902.0
-4726.0
-4552.0
-4376.0
-4200.0
-4022.0
-3844.0
-3668.0
-3494.0
-3316.0
-3138.0
-2962.0
-2793.0
-2617.0
-2441.0
-2265.0
-2091.0
-1918.0
-1740.0
-1564.0
-1386.0
-1208.0
-1030.0
-852.0
-676.0
-500.0
-322.0
-153.0
25.0
203.0
381.0
555.0
733.0
904.0
1075.0
1253.0
1429.0
1607.0
1785.0
1961.0
2139.0
2315.0
2478.0
2654.0
2832.0
3010.0
3186.0
3364.0
3540.0
3718.0
3896.0
4072.0
4245.0
4421.0
4597.0
4775.0
4951.0
5124.0
5302.0
5480.0
5658.0
5829.0
6007.0
6185.0
6363.0
6539.0
6717.0
6895.0
7068.0
7246.0
7422.0
7595.0
7773.0
7951.0
8129.0
8307.0
8480.0
8651.0
8829.0
9007.0
9185.0
9358.0
9536.0
9714.0
9890.0
10068.0
10246.0
10417.0
10585.0
10761.0
10939.0
11117.0
11295.0
11467.0
11638.0
11814.0
11992.0
12170.0
12342.0
12518.0
12692.0
12868.0
13046.0
13222.0
13398.0
13571.0
13749.0
13927.0
14103.0
14279.0
14455.0
14633.0
14809.0
14983.0
15161.0
15339.0
15517.0
15695.0
15868.0
16044.0
16218.0
16396.0
16565.0
16741.0
16917.0
17090.0
17268.0
17442.0
17618.0
17791.0
17967.0
18141.0
18317.0
18493.0
18671.0
18849.0
19025.0
19198.0
19374.0
19545.0
19723.0
19901.0
20075.0
20248.0
20426.0
20599.0
20773.0
20947.0
21125.0
21294.0
21472.0
21650.0
21816.0
21989.0
22165.0
22331.0
22509.0
22676.0
22852.0
23024.0
23198.0
23371.0
23543.0
23721.0
23899.0
24065.0
24239.0
24412.0
24588.0
24766.0
24942.0
25120.0
25298.0
25474.0
25652.0
25826.0
25999.0
26177.0
26353.0
26527.0
26705.0
26881.0
27054.0
27232.0
27403.0
27577.0
27755.0
27933.0
28111.0
28287.0
28458.0
28636.0
28812.0
28986.0
29164.0
29337.0
29510.0
29686.0
29860.0
30038.0
30216.0
30392.0
30568.0
30746.0
30920.0
31098.0
31269.0
31445.0
31621.0
31799.0
31975.0
32148.0
32324.0
32502.0
32680.0
32856.0
33034.0
33208.0
33386.0
33559.0
33737.0
33908.0
34084.0
34262.0
34433.0
34597.0
34775.0
34944.0
35122.0
35289.0
35462.0
35635.0
35813.0
35989.0
36160.0
36338.0
36511.0
36687.0
36865.0
37043.0
37219.0
37397.0
37568.0
37746.0
37920.0
38098.0
38272.0
38441.0
38619.0
38795.0
38973.0
39145.0
39314.0
39490.0
39661.0
39834.0
40012.0
40181.0
40352.0
40526.0
40704.0
40880.0
41058.0
41236.0
41414.0
41592.0
41763.0
41939.0
42117.0
42295.0
42473.0
42647.0
42820.0
42996.0
43169.0
43347.0
43520.0
43698.0
43870.0
44046.0
44224.0
44402.0
44578.0
44756.0
44927.0
45100.0
45274.0
45448.0
45626.0
45804.0
45977.0
46151.0
46327.0
46503.0
46681.0
46857.0
47035.0
47213.0
47391.0
47567.0
47745.0
47923.0
48094.0
48272.0
48448.0
48626.0
48804.0
48982.0
49160.0
49336.0
49507.0
49685.0
49858.0
50029.0
50207.0
50379.0
50552.0
50730.0
50906.0
51082.0
51258.0
51436.0
51614.0
51792.0
51970.0
52148.0
52324.0
52502.0
52675.0
52849.0
53027.0
53192.0
53370.0
53548.0
53724.0
53902.0
54080.0
54258.0
54436.0
54612.0
54786.0
54964.0
55138.0
55314.0
55492.0
55670.0
55848.0
56026.0
56204.0
56382.0
56553.0
56731.0
56909.0
57087.0
57263.0
57439.0
57617.0
57791.0
57962.0
58140.0
58318.0
58492.0
58670.0
58846.0
59022.0
59190.0
59366.0
59542.0
59720.0
59896.0
60070.0
60241.0
60417.0
60593.0
60769.0
60945.0
61123.0
61301.0
61479.0
61655.0
61833.0
62011.0
62182.0
62360.0
62532.0
62710.0
62888.0
63062.0
63238.0
63416.0
63594.0
63768.0
63946.0
64124.0
64297.0
64470.0
64648.0
64824.0
65000.0
65176.0
65347.0
65523.0
65701.0
65869.0
66043.0
66221.0
66399.0
66577.0
66751.0
66920.0
67098.0
67271.0
67445.0
67623.0
67797.0
67975.0
68151.0
68327.0
68501.0
68679.0
68851.0
69027.0
69203.0
69381.0
69555.0
69726.0
69897.0
70075.0
70251.0
70429.0
70607.0
70783.0
70961.0
71139.0
71315.0
71493.0
71667.0
71840.0
72014.0
72192.0
72365.0
72541.0
72717.0
72893.0
73071.0
73247.0
73425.0
73599.0
73777.0
73955.0
74131.0
74307.0
74481.0
74655.0
74833.0
75011.0
75183.0
75357.0
75533.0
75704.0
75880.0
76056.0
76234.0
76412.0
76588.0
76766.0
76939.0
77109.0
77280.0
77454.0
77628.0
77797.0
77970.0
78148.0
78326.0
78502.0
78680.0
78854.0
79028.0
79206.0
79384.0
79560.0
79733.0
79911.0
80084.0
80260.0
80438.0
80609.0
80787.0
80963.0
81141.0
81312.0
81490.0
81664.0
81842.0
82016.0
82190.0
82368.0
82542.0
82720.0
82898.0
83074.0
83252.0
83428.0
83606.0
83770.0
83948.0
84124.0
84297.0
84475.0
84646.0
84824.0
85000.0
85178.0
85354.0
85527.0
85705.0
85873.0
86046.0
86224.0
86400.0
86578.0
86756.0
86934.0
87110.0
87286.0
87462.0
87635.0
87813.0
87991.0
88169.0
88347.0
88523.0
88697.0
88873.0
89051.0
89227.0
89405.0
89583.0
89756.0
89934.0
90110.0
90288.0
90466.0
90644.0
90822.0
91000.0
91178.0
91354.0
91528.0
91706.0
91879.0
92057.0
92235.0
92407.0
92585.0
92763.0
92937.0
93115.0
93293.0
93464.0
93642.0
93820.0
93991.0
94165.0
94338.0
94509.0
94687.0
94865.0
95041.0
95219.0
95397.0
95571.0
95744.0
95915.0
96089.0
96265.0
96443.0
96621.0
96799.0
96970.0
97148.0
97324.0
97498.0
97676.0
97854.0
98032.0
98210.0
98388.0
98566.0
98744.0
98922.0
99096.0
99272.0
99443.0
99621.0
99795.0
99966.0
100140.0
100316.0
100494.0
100672.0
100850.0
101028.0
101194.0
101365.0
101543.0
101719.0
101897.0
102073.0
102249.0
102427.0
102598.0
102776.0
102954.0
103132.0
103310.0
103482.0
103660.0
103834.0
104007.0
104185.0
104354.0
104530.0
104708.0
104872.0
105050.0
105228.0
105406.0
105580.0
105756.0
105930.0
106108.0
106279.0
106452.0
106630.0
106808.0
106984.0
107157.0
107335.0
107513.0
107691.0
107869.0
108047.0
108225.0
108399.0
108571.0
108749.0
108927.0
109094.0
109272.0
109440.0
109618.0
109786.0
109964.0
110137.0
110310.0
110486.0
110657.0
110835.0
111013.0
111191.0
111369.0
111543.0
111717.0
111895.0
112073.0
112246.0
112422.0
112600.0
112776.0
112954.0
113125.0
113299.0
113473.0
113647.0
113823.0
114001.0
114175.0
114351.0
114527.0
114705.0
114876.0
115047.0
115220.0
115398.0
115576.0
115752.0
115930.0
116108.0
116286.0
116459.0
116633.0
116811.0
116983.0
117154.0
117325.0
117503.0
117679.0
117853.0
118031.0
118209.0
118385.0
118563.0
118739.0
118917.0
119093.0
119269.0
119447.0
119623.0
119794.0
119972.0
120148.0
120324.0
120495.0
120673.0
120851.0
121029.0
121205.0
121379.0
121544.0
121722.0
121900.0
122078.0
122256.0
122432.0
122606.0
122782.0
122960.0
123131.0
123307.0
123475.0
123651.0
123827.0
124005.0
124179.0
124355.0
124533.0
124707.0
124885.0
125059.0
125231.0
125409.0
125587.0
125758.0
125936.0
126110.0
126288.0
126466.0
126637.0
126815.0
126993.0
127167.0
127340.0
127518.0
127696.0
127872.0
128043.0
128221.0
128399.0
128570.0
128748.0
128926.0
129102.0
129278.0
129456.0
129632.0
129808.0
129981.0
130157.0
130329.0
130503.0
130676.0
130854.0
131030.0
131206.0
131384.0
131562.0
131735.0
131913.0
132089.0
132267.0
132443.0
132619.0
132797.0
132975.0
133153.0
133327.0
133503.0
133672.0
133850.0
134022.0
134196.0
134372.0
134542.0
134720.0
134896.0
135074.0
135252.0
135430.0
135604.0
135775.0
135953.0
136127.0
136305.0
136483.0
136654.0
136830.0
137008.0
137184.0
137362.0
137533.0
137711.0
137889.0
138062.0
138234.0
138400.0
138578.0
138751.0
138929.0
139105.0
139283.0
139461.0
139635.0
139811.0
139989.0
140165.0
140336.0
140514.0
140692.0
140861.0
141030.0
141208.0
141386.0
141564.0
141742.0
141916.0
142094.0
142270.0
142441.0
142619.0
142795.0
142971.0
143149.0
143325.0
143501.0
143675.0
143846.0
144017.0
144195.0
144368.0
144546.0
144724.0
144898.0
145076.0
145252.0
145430.0
145608.0
145782.0
145960.0
146138.0
146316.0
146494.0
146668.0
146846.0
147024.0
147195.0
147373.0
147547.0
147719.0
147892.0
148068.0
148246.0
148424.0
148598.0
148774.0
148952.0
149130.0
149293.0
149471.0
149649.0
149822.0
150000.0
150178.0
150350.0
150523.0
150697.0
150875.0
151046.0
151224.0
151402.0
151580.0
151756.0
151932.0
152106.0
152284.0
152460.0
152638.0
152811.0
152987.0
153163.0
153341.0
153517.0
153695.0
153871.0
154049.0
154227.0
154400.0
154576.0
154754.0
154930.0
155108.0
155284.0
155462.0
155638.0
155812.0
155990.0
156166.0
156338.0
156514.0
156692.0
156868.0
157041.0
157214.0
157392.0
157563.0
157741.0
157914.0
158092.0
158270.0
158448.0
158626.0
158798.0
158974.0
159152.0
159328.0
159504.0
159673.0
159851.0
160024.0
160200.0
160378.0
160552.0
160728.0
160902.0
161075.0
161251.0
161427.0
161598.0
161776.0
161954.0
162125.0
162303.0
162477.0
162653.0
162827.0
162995.0
163171.0
163342.0
163520.0
163696.0
163874.0
164052.0
164230.0
164408.0
164575.0
164751.0
164927.0
165103.0
165274.0
165447.0
165625.0
165803.0
165976.0
166148.0
166317.0
166485.0
166663.0
166839.0
167015.0
167191.0
167369.0
167545.0
167721.0
167895.0
168073.0
168251.0
168427.0
168605.0
168774.0
168948.0
169119.0
169295.0
169471.0
169647.0
169820.0
169998.0
170168.0
170346.0
170519.0
170690.0
170866.0
171042.0
171215.0
171387.0
171563.0
171741.0
171919.0
172095.0
172273.0
172451.0
172625.0
172799.0
172975.0
173148.0
173326.0
173502.0
173675.0
173853.0
174031.0
174195.0
174368.0
174546.0
174712.0
174890.0
175066.0
175244.0
175422.0
175600.0
175776.0
175952.0
176128.0
176306.0
176484.0
176660.0
176834.0
177012.0
177188.0
177364.0
177537.0
177715.0
177891.0
178067.0
178245.0
178421.0
178593.0
178767.0
178945.0
179123.0
179299.0
179472.0
179650.0
179826.0
180004.0
180182.0
180360.0
180534.0
180712.0
180888.0
181062.0
181240.0
181418.0
181591.0
181767.0
181943.0
182121.0
182297.0
182475.0
182653.0
182831.0
183009.0
183185.0
183363.0
183541.0
183717.0
183895.0
184073.0
184251.0
184421.0
184599.0
184772.0
184948.0
185126.0
185294.0
185472.0
185648.0
185824.0
185998.0
186171.0
186349.0
186527.0
186700.0
186873.0
187049.0
187227.0
187405.0
187583.0
187759.0
187933.0
188109.0
188287.0
188465.0
188643.0
188819.0
188995.0
189173.0
189347.0
189525.0
189703.0
189874.0
190052.0
190228.0
190399.0
190575.0
190751.0
190929.0
191107.0
191285.0
191463.0
191631.0
191809.0
191985.0
192163.0
192336.0
192514.0
192690.0
192866.0
193037.0
193215.0
193393.0
193571.0
193747.0
193923.0
194101.0
194279.0
194457.0
194633.0
194805.0
194983.0
195161.0
195339.0
195512.0
195690.0
195864.0
196042.0
196213.0
196391.0
196569.0
196736.0
196914.0
197088.0
197259.0
197435.0
197613.0
197789.0
197965.0
198138.0
198316.0
198492.0
198668.0
198844.0
199022.0
199200.0
199378.0
199554.0
199732.0
199908.0
200084.0
200258.0
200419.0
200597.0
200773.0
200949.0
201122.0
201300.0
201478.0
201654.0
201828.0
202004.0
202177.0
202350.0
202523.0
202696.0
202874.0
203050.0
203222.0
203396.0
203574.0
203752.0
203925.0
204099.0
204275.0
204447.0
204623.0
204799.0
204975.0
205153.0
205326.0
205500.0
205678.0
205856.0
206032.0
206208.0
206386.0
206564.0
206742.0
206915.0
207093.0
207271.0
207449.0
207622.0
207800.0
207978.0
208156.0
208332.0
208506.0
208682.0
208858.0
209036.0
209214.0
209390.0
209568.0
209746.0
209922.0
210100.0
210266.0
210444.0
210618.0
210794.0
210965.0
211143.0
211321.0
211499.0
211677.0
211841.0
212019.0
212197.0
212373.0
212547.0
212719.0
212892.0
213068.0
213244.0
213422.0
213600.0
213776.0
213954.0
214132.0
214308.0
214486.0
214664.0
214840.0
215018.0
215194.0
215372.0
215550.0
215728.0
215906.0
216084.0
216262.0
216438.0
216616.0
216794.0
216970.0
217146.0
217308.0
217481.0
217655.0
217833.0
218011.0
218187.0
218363.0
218539.0
218717.0
218887.0
219063.0
219239.0
219417.0
219585.0
219758.0
219936.0
220114.0
220290.0
220468.0
220644.0
220822.0
220995.0
221171.0
221345.0
221523.0
221699.0
221877.0
222055.0
222228.0
222406.0
222584.0
222762.0
222938.0
223116.0
223294.0
223462.0
223633.0
223811.0
223984.0
224160.0
224338.0
224514.0
224692.0
224865.0
225041.0
225219.0
225386.0
225564.0
225742.0
225916.0
226094.0
226272.0
226450.0
226620.0
226793.0
226969.0
227147.0
227325.0
227498.0
227672.0
227848.0
228026.0
228200.0
228378.0
228556.0
228734.0
228912.0
229090.0
229268.0
229446.0
229624.0
229798.0
229974.0
230152.0
230330.0
230506.0
230682.0
230856.0
231029.0
231207.0
231378.0
231556.0
231734.0
231912.0
232086.0
232259.0
232428.0
232606.0
232784.0
232960.0
233131.0
233307.0
233475.0
233653.0
233831.0
234004.0
234178.0
234356.0
234534.0
234712.0
234890.0
235068.0
235246.0
235420.0
235598.0
235776.0
235954.0
236132.0
236310.0
236484.0
236660.0
236838.0
237016.0
237194.0
237372.0
237546.0
237718.0
237896.0
238074.0
238250.0
238426.0
238604.0
238773.0
238951.0
239129.0
239305.0
239483.0
