a = 0.2
g = 0.2
e = 0.3
random initial weights = true

-558.0
-1309.0
-3972.0
-4637.0
-5152.0
-5769.0
-6332.0
-6810.0
-7283.0
-7836.0
-8279.0
-8806.0
-9392.0
-9946.0
-10410.0
-10365.0
-10797.0
-11269.0
-11838.0
-12286.0
-12761.0
-13202.0
-13687.0
-14106.0
-14552.0
-15019.0
-15485.0
-15957.0
-15823.0
-16256.0
-16669.0
-17119.0
-17548.0
-17967.0
-17798.0
-18222.0
-18643.0
-19080.0
-18938.0
-19352.0
-19785.0
-19642.0
-19473.0
-19298.0
-19716.0
-19554.0
-19376.0
-19201.0
-19619.0
-19469.0
-19300.0
-19128.0
-18963.0
-18781.0
-18604.0
-18420.0
-18247.0
-18067.0
-17892.0
-17710.0
-17542.0
-17376.0
-17204.0
-17028.0
-16853.0
-16674.0
-16495.0
-16315.0
-16139.0
-15957.0
-15777.0
-15600.0
-15436.0
-15264.0
-15102.0
-14918.0
-14741.0
-14571.0
-14394.0
-14219.0
-14065.0
-13885.0
-13719.0
-13544.0
-13368.0
-13190.0
-13022.0
-12855.0
-12673.0
-12501.0
-12333.0
-12153.0
-11982.0
-11802.0
-11618.0
-11439.0
-11269.0
-11085.0
-10912.0
-10742.0
-10563.0
-10392.0
-10210.0
-10045.0
-9861.0
-9677.0
-9493.0
-9334.0
-9159.0
-8987.0
-8805.0
-8631.0
-8453.0
-8280.0
-8101.0
-7924.0
-7744.0
-7590.0
-7414.0
-7247.0
-7063.0
-6908.0
-6730.0
-6558.0
-6378.0
-6201.0
-6021.0
-5848.0
-5676.0
-5498.0
-5321.0
-5160.0
-5000.0
-4818.0
-4638.0
-4458.0
-4276.0
-4098.0
-3918.0
-3738.0
-3575.0
-3408.0
-3229.0
-3061.0
-2877.0
-2697.0
-2519.0
-2342.0
-2165.0
-2022.0
-1846.0
-1667.0
-1494.0
-1317.0
-1137.0
-953.0
-773.0
-600.0
-420.0
-241.0
-59.0
125.0
294.0
473.0
653.0
835.0
1014.0
1194.0
1367.0
1542.0
1719.0
1891.0
2070.0
2252.0
2427.0
2609.0
2772.0
2949.0
3124.0
3301.0
3473.0
3650.0
3830.0
4007.0
4187.0
4366.0
4543.0
4713.0
4892.0
5062.0
5238.0
5410.0
5577.0
5757.0
5927.0
6106.0
6281.0
6451.0
6635.0
6817.0
6994.0
7173.0
7348.0
7511.0
7689.0
7844.0
8008.0
8187.0
8371.0
8549.0
8726.0
8899.0
9062.0
9217.0
9397.0
9574.0
9749.0
9919.0
10091.0
10266.0
10440.0
10618.0
10795.0
10964.0
11143.0
11322.0
11506.0
11683.0
11858.0
12040.0
12215.0
12381.0
12549.0
12705.0
12873.0
13025.0
13207.0
13380.0
13553.0
13718.0
13890.0
14065.0
14237.0
14400.0
14576.0
14760.0
14924.0
15100.0
15262.0
15435.0
15615.0
15793.0
15968.0
16130.0
16307.0
16479.0
16656.0
16828.0
17001.0
17185.0
17350.0
17530.0
17698.0
17882.0
18057.0
18239.0
18416.0
18593.0
18760.0
18942.0
19109.0
19288.0
19452.0
19629.0
19801.0
19981.0
20163.0
20341.0
20506.0
20672.0
20849.0
21024.0
21199.0
21371.0
21535.0
21719.0
21893.0
22077.0
22243.0
22427.0
22607.0
22776.0
22956.0
23138.0
23310.0
23475.0
23657.0
23835.0
23995.0
24167.0
24349.0
24525.0
24700.0
24872.0
25042.0
25213.0
25384.0
25561.0
25745.0
25836.0
26020.0
26197.0
26361.0
26536.0
26686.0
26840.0
27017.0
27199.0
27371.0
27535.0
27707.0
27882.0
28059.0
28236.0
28406.0
28577.0
28761.0
28906.0
29088.0
29255.0
29399.0
29578.0
29739.0
29916.0
30094.0
30260.0
30439.0
30596.0
30769.0
30948.0
31132.0
31302.0
31469.0
31643.0
31820.0
31991.0
32175.0
32354.0
32531.0
32708.0
32888.0
33031.0
33206.0
33377.0
33551.0
33726.0
33898.0
34078.0
34256.0
34440.0
34624.0
34787.0
34963.0
35139.0
35316.0
35500.0
35668.0
35852.0
36034.0
36214.0
36380.0
36547.0
36706.0
36885.0
37067.0
37242.0
37426.0
37596.0
37768.0
37948.0
38124.0
38297.0
38473.0
38638.0
38822.0
39002.0
39184.0
39352.0
39526.0
39690.0
39843.0
40018.0
40195.0
40379.0
40547.0
40717.0
40890.0
41068.0
41252.0
41421.0
41589.0
41755.0
41921.0
42088.0
42270.0
42444.0
42624.0
42802.0
42984.0
43160.0
43334.0
43509.0
43693.0
43872.0
44051.0
44229.0
44408.0
44572.0
44745.0
44915.0
45090.0
45251.0
45428.0
45607.0
45780.0
45962.0
46146.0
46325.0
46503.0
46677.0
46854.0
47031.0
47215.0
47397.0
47576.0
47754.0
47934.0
48113.0
48290.0
48472.0
48649.0
48826.0
48995.0
49167.0
49349.0
49522.0
49701.0
49876.0
50032.0
50202.0
50384.0
50559.0
50741.0
50916.0
51100.0
51282.0
51450.0
51627.0
51779.0
51951.0
52121.0
52303.0
52476.0
52656.0
52838.0
53016.0
53196.0
53374.0
53546.0
53724.0
53906.0
54084.0
54268.0
54450.0
54613.0
54795.0
54970.0
55147.0
55326.0
55496.0
55674.0
55854.0
56036.0
56220.0
56404.0
56573.0
56751.0
56928.0
57098.0
57263.0
57447.0
57606.0
57790.0
57961.0
58140.0
58319.0
58496.0
58673.0
58839.0
59021.0
59200.0
59379.0
59561.0
59738.0
59908.0
60083.0
60260.0
60432.0
60611.0
60793.0
60970.0
61137.0
61308.0
61480.0
61651.0
61833.0
62005.0
62189.0
62354.0
62530.0
62701.0
62879.0
63049.0
63217.0
63397.0
63581.0
63741.0
63925.0
64102.0
64269.0
64449.0
64626.0
64794.0
64958.0
65124.0
65306.0
65483.0
65657.0
65839.0
66013.0
66193.0
66363.0
66531.0
66711.0
66889.0
67066.0
67243.0
67409.0
67580.0
67749.0
67911.0
68086.0
68249.0
68412.0
68594.0
68776.0
68956.0
69123.0
69303.0
69477.0
69641.0
69820.0
69995.0
70177.0
70359.0
70526.0
70688.0
70870.0
71048.0
71224.0
71386.0
71566.0
71745.0
71927.0
72102.0
72286.0
72468.0
72647.0
72817.0
72992.0
73176.0
73346.0
73521.0
73700.0
73846.0
74028.0
74206.0
74386.0
74563.0
74745.0
74922.0
75098.0
75282.0
75461.0
75637.0
75808.0
75975.0
76149.0
76324.0
76498.0
76673.0
76838.0
77013.0
77193.0
77360.0
77535.0
77717.0
77897.0
78076.0
78260.0
78444.0
78607.0
78784.0
78961.0
79143.0
79327.0
79507.0
79682.0
79854.0
80019.0
80201.0
80381.0
80558.0
80735.0
80915.0
81090.0
81269.0
81449.0
81623.0
81802.0
81984.0
82157.0
82339.0
82512.0
82680.0
82837.0
83016.0
83193.0
83375.0
83547.0
83720.0
83896.0
84064.0
84246.0
84425.0
84607.0
84791.0
84963.0
85142.0
85314.0
85493.0
85675.0
85855.0
86022.0
86197.0
86362.0
86529.0
86697.0
86871.0
87045.0
87217.0
87395.0
87571.0
87750.0
87923.0
88107.0
88280.0
88453.0
88628.0
88804.0
88972.0
89145.0
89321.0
89500.0
89673.0
89849.0
90028.0
90205.0
90372.0
90552.0
90725.0
90902.0
91077.0
91254.0
91424.0
91594.0
91769.0
91939.0
92107.0
92291.0
92473.0
92630.0
92803.0
92985.0
93163.0
93336.0
93520.0
93699.0
93883.0
94062.0
94246.0
94425.0
94600.0
94772.0
94938.0
95115.0
95262.0
95436.0
95616.0
95784.0
95959.0
96123.0
96307.0
96491.0
96671.0
96844.0
97014.0
97193.0
97366.0
97539.0
97704.0
97888.0
98072.0
98251.0
98422.0
98597.0
98776.0
98947.0
99131.0
99308.0
99490.0
99659.0
99825.0
99977.0
100144.0
100323.0
100497.0
100670.0
100830.0
100997.0
101179.0
101356.0
101518.0
101689.0
101868.0
102040.0
102215.0
102380.0
102557.0
102718.0
102895.0
103075.0
103250.0
103427.0
103603.0
103780.0
103940.0
104114.0
104267.0
104444.0
104628.0
104805.0
104989.0
105163.0
105343.0
105515.0
105687.0
105867.0
106041.0
106217.0
106389.0
106563.0
106722.0
106894.0
107078.0
107260.0
107435.0
107617.0
107792.0
107971.0
108155.0
108332.0
108502.0
108668.0
108835.0
109014.0
109196.0
109380.0
109539.0
109670.0
109826.0
109996.0
110169.0
110346.0
110526.0
110708.0
110870.0
111044.0
111228.0
111401.0
111581.0
111758.0
111924.0
112095.0
112245.0
112416.0
112598.0
112780.0
112952.0
113131.0
113309.0
113486.0
113661.0
113840.0
113999.0
114178.0
114350.0
114527.0
114692.0
114855.0
115028.0
115210.0
115382.0
115556.0
115728.0
115893.0
116071.0
116255.0
116421.0
116593.0
116773.0
116925.0
117102.0
117273.0
117450.0
117629.0
117801.0
117968.0
118148.0
118322.0
118482.0
118661.0
118841.0
119015.0
119185.0
119367.0
119547.0
119722.0
119895.0
120079.0
120245.0
120420.0
120595.0
120770.0
120952.0
121132.0
121297.0
121474.0
121654.0
121836.0
122018.0
122192.0
122365.0
122542.0
122669.0
122829.0
123013.0
123197.0
123376.0
123543.0
123722.0
123906.0
124074.0
124247.0
124387.0
124564.0
124729.0
124913.0
125090.0
125267.0
125449.0
125626.0
125790.0
125968.0
126140.0
126311.0
126458.0
126622.0
126798.0
126964.0
127143.0
127313.0
127495.0
127677.0
127857.0
128037.0
128219.0
128380.0
128557.0
128730.0
128898.0
129075.0
129252.0
129403.0
129587.0
129765.0
129949.0
130113.0
130291.0
130469.0
130634.0
130805.0
130989.0
131171.0
131343.0
131523.0
131695.0
131868.0
132023.0
132196.0
132375.0
132531.0
132696.0
132880.0
133047.0
133231.0
133409.0
133579.0
133741.0
133913.0
134080.0
134255.0
134435.0
134610.0
134773.0
134936.0
135118.0
135302.0
135475.0
135646.0
135814.0
135982.0
136157.0
136335.0
136513.0
136695.0
136874.0
137051.0
137233.0
137410.0
137583.0
137758.0
137928.0
138098.0
138280.0
138455.0
138637.0
138819.0
138985.0
139157.0
139322.0
139496.0
139678.0
139858.0
140040.0
140213.0
140393.0
140565.0
140749.0
140922.0
141080.0
141255.0
141433.0
141609.0
141791.0
141970.0
142147.0
142319.0
142498.0
142682.0
142858.0
143032.0
143205.0
143387.0
143567.0
143751.0
143929.0
144109.0
144287.0
144453.0
144630.0
144814.0
144996.0
145178.0
145350.0
145528.0
145712.0
145882.0
146061.0
146238.0
146417.0
146585.0
146765.0
146940.0
147124.0
147301.0
147472.0
147654.0
147831.0
148001.0
148181.0
148343.0
148515.0
148683.0
148851.0
149027.0
149209.0
149393.0
149568.0
149735.0
149919.0
150099.0
150283.0
150465.0
150645.0
150820.0
150991.0
151171.0
151338.0
151499.0
151683.0
151854.0
152031.0
152215.0
152399.0
152581.0
152755.0
152917.0
153089.0
153265.0
153442.0
153610.0
153780.0
153960.0
154144.0
154319.0
154498.0
154680.0
154859.0
155033.0
155192.0
155368.0
155550.0
155730.0
155907.0
156091.0
156261.0
156441.0
156621.0
156805.0
156989.0
157163.0
157342.0
157524.0
157687.0
157864.0
158039.0
158216.0
158394.0
158559.0
158736.0
158883.0
159061.0
159221.0
159400.0
159569.0
159753.0
159930.0
160108.0
160292.0
160472.0
160656.0
160826.0
161005.0
161180.0
161357.0
161539.0
161709.0
161878.0
162047.0
162231.0
162406.0
162569.0
162741.0
162914.0
163084.0
163258.0
163433.0
163617.0
163795.0
163973.0
164152.0
164309.0
164477.0
164647.0
164827.0
165007.0
165186.0
165360.0
165538.0
165717.0
165877.0
166043.0
166222.0
166395.0
166575.0
166745.0
166920.0
167093.0
167277.0
167451.0
167628.0
167797.0
167968.0
168146.0
168311.0
168491.0
168666.0
168845.0
169022.0
169199.0
169374.0
169542.0
169719.0
169899.0
170057.0
170235.0
170419.0
170596.0
170780.0
170950.0
171125.0
171301.0
171467.0
171647.0
171819.0
171998.0
172180.0
172364.0
172548.0
172673.0
172843.0
173016.0
173193.0
173360.0
173539.0
173711.0
173886.0
174051.0
174231.0
174411.0
174593.0
174764.0
174939.0
175123.0
175299.0
175462.0
175644.0
175826.0
175990.0
176165.0
176343.0
176525.0
176692.0
176874.0
177054.0
177232.0
177411.0
177582.0
177760.0
177944.0
178128.0
178300.0
178475.0
178659.0
178829.0
179009.0
179186.0
179370.0
179554.0
179724.0
179893.0
180065.0
180240.0
180416.0
180595.0
180767.0
180947.0
181131.0
181310.0
181480.0
181648.0
181806.0
181980.0
182153.0
182313.0
182483.0
182660.0
182823.0
183002.0
183177.0
183337.0
183506.0
183683.0
183849.0
184027.0
184207.0
184386.0
184553.0
184725.0
184902.0
185075.0
185247.0
185431.0
185609.0
185789.0
185954.0
186134.0
186311.0
186474.0
186656.0
186840.0
187007.0
187176.0
187345.0
187527.0
187709.0
187885.0
188065.0
188243.0
188427.0
188604.0
188777.0
188950.0
189124.0
189304.0
189471.0
189646.0
189830.0
190005.0
190182.0
190360.0
190507.0
190667.0
190844.0
191023.0
191181.0
191347.0
191531.0
191706.0
191883.0
192058.0
192235.0
192407.0
192541.0
192713.0
192892.0
193065.0
193244.0
193424.0
193584.0
193748.0
193923.0
194079.0
194241.0
194411.0
194579.0
194761.0
194935.0
195103.0
195270.0
195442.0
195620.0
195800.0
195958.0
196135.0
196308.0
196483.0
196662.0
196836.0
197001.0
197180.0
197352.0
197526.0
197692.0
197849.0
198031.0
198187.0
198363.0
198537.0
198721.0
198886.0
199068.0
199237.0
199416.0
199595.0
199772.0
199942.0
200115.0
200295.0
200479.0
200663.0
200830.0
201014.0
201193.0
201351.0
201533.0
201703.0
201878.0
202053.0
202235.0
202415.0
202585.0
202764.0
202943.0
203120.0
203302.0
203480.0
203654.0
203831.0
203996.0
204178.0
204360.0
204536.0
204711.0
204890.0
205058.0
205240.0
205415.0
205586.0
205763.0
205941.0
206123.0
206297.0
206474.0
206654.0
206827.0
206999.0
207178.0
207353.0
207520.0
207700.0
207872.0
208056.0
208226.0
208401.0
208583.0
208760.0
208944.0
209128.0
209305.0
209482.0
209657.0
209837.0
210011.0
210193.0
210325.0
210504.0
210674.0
210845.0
211024.0
211204.0
211379.0
211550.0
211715.0
211893.0
212077.0
212251.0
212421.0
212601.0
212762.0
212941.0
213117.0
213301.0
213476.0
213641.0
213821.0
213992.0
214176.0
214356.0
214536.0
214713.0
214890.0
215069.0
215246.0
215416.0
215584.0
215764.0
215941.0
216125.0
216305.0
216482.0
216656.0
216835.0
216987.0
217138.0
217294.0
217459.0
217634.0
217809.0
217989.0
218173.0
218339.0
218521.0
218705.0
218884.0
219066.0
219248.0
219415.0
219595.0
219775.0
219947.0
220126.0
220308.0
220488.0
220659.0
220832.0
221011.0
221188.0
221362.0
221542.0
221726.0
221900.0
222077.0
222238.0
222415.0
222584.0
222764.0
222939.0
223108.0
223269.0
223423.0
223589.0
223762.0
223946.0
224123.0
224302.0
224482.0
224649.0
224817.0
224994.0
225164.0
225348.0
225522.0
225701.0
225873.0
226051.0
226211.0
226384.0
226549.0
226726.0
226901.0
227072.0
227254.0
227426.0
227610.0
227788.0
227957.0
228132.0
228299.0
228469.0
228646.0
228828.0
229005.0
229181.0
229365.0
229542.0
229724.0
229904.0
230084.0
230254.0
230436.0
230610.0
230792.0
230967.0
231139.0
231311.0
231484.0
231662.0
231841.0
232007.0
232181.0
232352.0
232532.0
232710.0
232879.0
233056.0
233236.0
233415.0
233599.0
