a = 0.5
g = 0.2
e = 0.1
random initial weights = false

-338.0
-3149.0
-3628.0
-4226.0
-4712.0
-5263.0
-5719.0
-6276.0
-6712.0
-7211.0
-7654.0
-8165.0
-8634.0
-9057.0
-9490.0
-9976.0
-10438.0
-10863.0
-11286.0
-11720.0
-12174.0
-12596.0
-13023.0
-13440.0
-13901.0
-14340.0
-14804.0
-14657.0
-15070.0
-15495.0
-15950.0
-16363.0
-16818.0
-17248.0
-17667.0
-18094.0
-18511.0
-18934.0
-19349.0
-19789.0
-20206.0
-20617.0
-21050.0
-20880.0
-21293.0
-21140.0
-21557.0
-21970.0
-21798.0
-21636.0
-22047.0
-21881.0
-21734.0
-22147.0
-22570.0
-22983.0
-22809.0
-23222.0
-23637.0
-24052.0
-24472.0
-24300.0
-24713.0
-25126.0
-24954.0
-25365.0
-25780.0
-25614.0
-26034.0
-26456.0
-26875.0
-26721.0
-26547.0
-26375.0
-26197.0
-26019.0
-25841.0
-25684.0
-26103.0
-25927.0
-25749.0
-25583.0
-25413.0
-25241.0
-25065.0
-24887.0
-24714.0
-24540.0
-24366.0
-24190.0
-24018.0
-23844.0
-24257.0
-24087.0
-23919.0
-23746.0
-23572.0
-23987.0
-23811.0
-23635.0
-23462.0
-23286.0
-23108.0
-22930.0
-22754.0
-22578.0
-22406.0
-22228.0
-22052.0
-21878.0
-21702.0
-21524.0
-21353.0
-21177.0
-20999.0
-20823.0
-20654.0
-20478.0
-20300.0
-20122.0
-19946.0
-19768.0
-19597.0
-19419.0
-19245.0
-19069.0
-18895.0
-18719.0
-18548.0
-18374.0
-18203.0
-18027.0
-17849.0
-17678.0
-17504.0
-17326.0
-17153.0
-16983.0
-16810.0
-16634.0
-16456.0
-16278.0
-16100.0
-15924.0
-15746.0
-15568.0
-15397.0
-15246.0
-15068.0
-14892.0
-14719.0
-14541.0
-14365.0
-14192.0
-14014.0
-13836.0
-13660.0
-13482.0
-13304.0
-13128.0
-12952.0
-12776.0
-12600.0
-12422.0
-12246.0
-12068.0
-11901.0
-11728.0
-11552.0
-11374.0
-11196.0
-11018.0
-10844.0
-10673.0
-10495.0
-10317.0
-10141.0
-9963.0
-9789.0
-9618.0
-9445.0
-9273.0
-9095.0
-8921.0
-8743.0
-8577.0
-8406.0
-8232.0
-8056.0
-7878.0
-7700.0
-7524.0
-7348.0
-7174.0
-6996.0
-6818.0
-6642.0
-6464.0
-6286.0
-6115.0
-5948.0
-5772.0
-5596.0
-5420.0
-5244.0
-5066.0
-4890.0
-4712.0
-4536.0
-4358.0
-4182.0
-4004.0
-3826.0
-3648.0
-3472.0
-3296.0
-3122.0
-2944.0
-2766.0
-2595.0
-2426.0
-2252.0
-2079.0
-1901.0
-1735.0
-1559.0
-1383.0
-1209.0
-1031.0
-855.0
-682.0
-504.0
-326.0
-148.0
23.0
193.0
371.0
547.0
725.0
895.0
1071.0
1249.0
1425.0
1597.0
1773.0
1949.0
2123.0
2299.0
2477.0
2653.0
2831.0
3007.0
3177.0
3353.0
3531.0
3709.0
3887.0
4063.0
4232.0
4410.0
4588.0
4766.0
4935.0
5101.0
5269.0
5445.0
5623.0
5801.0
5979.0
6152.0
6328.0
6506.0
6682.0
6860.0
7034.0
7207.0
7385.0
7563.0
7739.0
7915.0
8093.0
8271.0
8449.0
8623.0
8801.0
8975.0
9149.0
9325.0
9503.0
9681.0
9857.0
10035.0
10213.0
10386.0
10559.0
10737.0
10915.0
11093.0
11271.0
11449.0
11627.0
11803.0
11981.0
12155.0
12331.0
12504.0
12677.0
12853.0
13027.0
13200.0
13378.0
13552.0
13728.0
13906.0
14084.0
14262.0
14440.0
14614.0
14790.0
14968.0
15146.0
15322.0
15500.0
15676.0
15848.0
16026.0
16204.0
16376.0
16554.0
16732.0
16910.0
17086.0
17262.0
17438.0
17616.0
17790.0
17966.0
18139.0
18317.0
18493.0
18669.0
18847.0
19025.0
19203.0
19379.0
19557.0
19733.0
19909.0
20078.0
20256.0
20434.0
20612.0
20790.0
20968.0
21146.0
21324.0
21496.0
21672.0
21850.0
22028.0
22202.0
22378.0
22554.0
22732.0
22908.0
23081.0
23259.0
23437.0
23615.0
23791.0
23969.0
24147.0
24325.0
24496.0
24672.0
24844.0
25018.0
25194.0
25365.0
25541.0
25715.0
25891.0
26065.0
26243.0
26419.0
26597.0
26773.0
26944.0
27122.0
27298.0
27469.0
27647.0
27818.0
27996.0
28172.0
28350.0
28516.0
28694.0
28870.0
29044.0
29222.0
29393.0
29571.0
29749.0
29927.0
30103.0
30275.0
30451.0
30627.0
30803.0
30977.0
31151.0
31324.0
31502.0
31673.0
31851.0
32029.0
32205.0
32378.0
32547.0
32721.0
32899.0
33077.0
33255.0
33431.0
33609.0
33787.0
33965.0
34143.0
34321.0
34499.0
34675.0
34851.0
35027.0
35205.0
35381.0
35542.0
35718.0
35896.0
36072.0
36250.0
36423.0
36601.0
36779.0
36957.0
37130.0
37308.0
37486.0
37664.0
37842.0
38015.0
38191.0
38367.0
38545.0
38716.0
38888.0
39064.0
39237.0
39415.0
39591.0
39764.0
39929.0
40103.0
40279.0
40455.0
40633.0
40804.0
40978.0
41156.0
41334.0
41506.0
41680.0
41858.0
42036.0
42212.0
42386.0
42555.0
42733.0
42911.0
43087.0
43265.0
43438.0
43610.0
43786.0
43964.0
44142.0
44314.0
44492.0
44668.0
44846.0
45024.0
45200.0
45378.0
45552.0
45728.0
45904.0
46082.0
46260.0
46436.0
46610.0
46788.0
46964.0
47142.0
47320.0
47496.0
47674.0
47848.0
48026.0
48202.0
48380.0
48553.0
48731.0
48909.0
49087.0
49265.0
49443.0
49621.0
49792.0
49965.0
50137.0
50315.0
50488.0
50662.0
50840.0
51018.0
51194.0
51372.0
51546.0
51724.0
51900.0
52076.0
52247.0
52416.0
52594.0
52768.0
52932.0
53108.0
53284.0
53462.0
53640.0
53816.0
53994.0
54170.0
54343.0
54519.0
54697.0
54875.0
55053.0
55227.0
55403.0
55581.0
55759.0
55933.0
56111.0
56284.0
56460.0
56622.0
56793.0
56964.0
57140.0
57313.0
57482.0
57660.0
57836.0
58014.0
58190.0
58366.0
58540.0
58708.0
58886.0
59059.0
59235.0
59413.0
59591.0
59769.0
59947.0
60123.0
60297.0
60473.0
60651.0
60829.0
61005.0
61179.0
61357.0
61533.0
61711.0
61889.0
62062.0
62240.0
62418.0
62594.0
62772.0
62950.0
63124.0
63302.0
63476.0
63650.0
63826.0
64004.0
64173.0
64349.0
64527.0
64705.0
64877.0
65053.0
65229.0
65407.0
65578.0
65756.0
65934.0
66104.0
66274.0
66452.0
66630.0
66804.0
66978.0
67151.0
67329.0
67507.0
67685.0
67863.0
68041.0
68219.0
68391.0
68567.0
68741.0
68919.0
69093.0
69271.0
69444.0
69618.0
69791.0
69969.0
70145.0
70323.0
70497.0
70673.0
70847.0
71025.0
71201.0
71377.0
71545.0
71721.0
71893.0
72071.0
72242.0
72420.0
72598.0
72772.0
72950.0
73126.0
73304.0
73477.0
73655.0
73831.0
74009.0
74185.0
74363.0
74541.0
74719.0
74893.0
75067.0
75243.0
75416.0
75590.0
75768.0
75946.0
76122.0
76296.0
76474.0
76640.0
76818.0
76996.0
77168.0
77338.0
77514.0
77692.0
77870.0
78046.0
78224.0
78402.0
78578.0
78756.0
78927.0
79099.0
79277.0
79453.0
79631.0
79805.0
79983.0
80159.0
80335.0
80509.0
80687.0
80865.0
81043.0
81219.0
81397.0
81571.0
81747.0
81923.0
82099.0
82277.0
82455.0
82633.0
82811.0
82979.0
83157.0
83333.0
83511.0
83689.0
83863.0
84032.0
84210.0
84382.0
84560.0
84736.0
84908.0
85081.0
85259.0
85435.0
85613.0
85786.0
85964.0
86140.0
86316.0
86492.0
86668.0
86846.0
87024.0
87202.0
87380.0
87558.0
87734.0
87895.0
88071.0
88249.0
88425.0
88603.0
88771.0
88944.0
89115.0
89282.0
89458.0
89636.0
89812.0
89986.0
90162.0
90335.0
90507.0
90681.0
90857.0
91033.0
91211.0
91389.0
91560.0
91738.0
91916.0
92094.0
92272.0
92450.0
92628.0
92806.0
92984.0
93157.0
93330.0
93506.0
93684.0
93860.0
94034.0
94202.0
94380.0
94558.0
94734.0
94912.0
95090.0
95268.0
95432.0
95606.0
95782.0
95958.0
96131.0
96307.0
96485.0
96663.0
96841.0
97019.0
97197.0
97373.0
97549.0
97727.0
97900.0
98078.0
98256.0
98432.0
98610.0
98786.0
98962.0
99140.0
99314.0
99488.0
99666.0
99842.0
100018.0
100196.0
100370.0
100548.0
100726.0
100902.0
101078.0
101256.0
101432.0
101605.0
101775.0
101953.0
102131.0
102305.0
102483.0
102659.0
102837.0
103015.0
103189.0
103367.0
103538.0
103716.0
103889.0
104060.0
104236.0
104414.0
104590.0
104766.0
104939.0
105108.0
105286.0
105462.0
105640.0
105818.0
105996.0
106174.0
106352.0
106530.0
106706.0
106884.0
107062.0
107240.0
107418.0
107594.0
107772.0
107950.0
108124.0
108300.0
108473.0
108651.0
108829.0
109005.0
109176.0
109354.0
109530.0
109706.0
109884.0
110062.0
110240.0
110413.0
110589.0
110765.0
110941.0
111117.0
111295.0
111469.0
111645.0
111821.0
111995.0
112173.0
112349.0
112527.0
112701.0
112877.0
113046.0
113222.0
113400.0
113578.0
113752.0
113928.0
114106.0
114284.0
114458.0
114636.0
114814.0
114992.0
115168.0
115346.0
115520.0
115698.0
115876.0
116054.0
116232.0
116410.0
116586.0
116764.0
116942.0
117120.0
117296.0
117465.0
117643.0
117819.0
117995.0
118169.0
118347.0
118516.0
118694.0
118872.0
119050.0
119226.0
119404.0
119580.0
119756.0
119927.0
120105.0
120283.0
120461.0
120632.0
120808.0
120984.0
121158.0
121336.0
121514.0
121690.0
121868.0
122046.0
122224.0
122398.0
122571.0
122745.0
122923.0
123099.0
123275.0
123443.0
123619.0
123795.0
123969.0
124147.0
124325.0
124503.0
124679.0
124855.0
125033.0
125209.0
125385.0
125563.0
125737.0
125915.0
126093.0
126271.0
126449.0
126625.0
126798.0
126972.0
127148.0
127326.0
127504.0
127682.0
127860.0
128032.0
128210.0
128388.0
128566.0
128744.0
128922.0
129100.0
129274.0
129448.0
129626.0
129800.0
129978.0
130156.0
130320.0
130498.0
130676.0
130850.0
131028.0
131204.0
131375.0
131549.0
131725.0
131898.0
132069.0
132247.0
132425.0
132603.0
132774.0
132950.0
133126.0
133302.0
133476.0
133652.0
133822.0
134000.0
134178.0
134356.0
134534.0
134710.0
134888.0
135066.0
135244.0
135422.0
135600.0
135778.0
135951.0
136127.0
136303.0
136481.0
136657.0
136833.0
137009.0
137187.0
137365.0
137543.0
137716.0
137887.0
138063.0
138241.0
138417.0
138593.0
138771.0
138944.0
139120.0
139296.0
139469.0
139645.0
139818.0
139996.0
140174.0
140350.0
140526.0
140704.0
140882.0
141050.0
141226.0
141395.0
141573.0
141751.0
141927.0
142105.0
142281.0
142459.0
142635.0
142811.0
142989.0
143167.0
143345.0
143517.0
143695.0
143873.0
144051.0
144227.0
144401.0
144577.0
144755.0
144931.0
145104.0
145280.0
145456.0
145630.0
145806.0
145979.0
146157.0
146335.0
146511.0
146687.0
146865.0
147037.0
147213.0
147384.0
147562.0
147738.0
147908.0
148086.0
148264.0
148436.0
148614.0
148790.0
148968.0
149144.0
149320.0
149494.0
149672.0
149850.0
150028.0
150204.0
150380.0
150558.0
150731.0
150909.0
151087.0
151260.0
151436.0
151614.0
151787.0
151963.0
152141.0
152319.0
152497.0
152673.0
152849.0
153023.0
153201.0
153379.0
153557.0
153733.0
153907.0
154079.0
154257.0
154433.0
154606.0
154784.0
154958.0
155134.0
155312.0
155488.0
155662.0
155835.0
156011.0
156185.0
156361.0
156537.0
156713.0
156887.0
157056.0
157234.0
157410.0
157588.0
157766.0
157940.0
158118.0
158294.0
158461.0
158637.0
158813.0
158991.0
159167.0
159345.0
159523.0
159699.0
159871.0
160047.0
160223.0
160401.0
160579.0
160755.0
160931.0
161109.0
161280.0
161453.0
161631.0
161807.0
161983.0
162157.0
162333.0
162507.0
162678.0
162856.0
163032.0
163210.0
163388.0
163566.0
163742.0
163920.0
164098.0
164274.0
164452.0
164630.0
164799.0
164975.0
165149.0
165325.0
165501.0
165679.0
165857.0
166035.0
166213.0
166389.0
166563.0
166739.0
166917.0
167091.0
167269.0
167443.0
167621.0
167799.0
167977.0
168155.0
168331.0
168509.0
168687.0
168865.0
169043.0
169221.0
169397.0
169573.0
169751.0
169929.0
170107.0
170285.0
170463.0
170639.0
170805.0
170981.0
171155.0
171333.0
171509.0
171687.0
171865.0
172043.0
172221.0
172397.0
172575.0
172753.0
172931.0
173109.0
173287.0
173461.0
173639.0
173813.0
173991.0
174169.0
174347.0
174521.0
174690.0
174866.0
175044.0
175222.0
175400.0
175576.0
175750.0
175921.0
176089.0
176258.0
176434.0
176612.0
176790.0
176961.0
177139.0
177317.0
177495.0
177671.0
177847.0
178025.0
178203.0
178376.0
178554.0
178732.0
178905.0
179083.0
179259.0
179433.0
179611.0
179789.0
179963.0
180134.0
180312.0
180483.0
180654.0
180830.0
181006.0
181182.0
181360.0
181538.0
181716.0
181885.0
182063.0
182241.0
182417.0
182593.0
182765.0
182939.0
183109.0
183283.0
183452.0
183626.0
183804.0
183982.0
184155.0
184331.0
184509.0
184687.0
184858.0
185036.0
185214.0
185392.0
185570.0
185748.0
185926.0
186104.0
186282.0
186458.0
186636.0
186812.0
186981.0
187154.0
187332.0
187510.0
187688.0
187864.0
188040.0
188216.0
188394.0
188572.0
188750.0
188928.0
189100.0
189278.0
189451.0
189629.0
189807.0
189985.0
190159.0
190337.0
190515.0
190689.0
190865.0
191043.0
191212.0
191388.0
191560.0
191736.0
191914.0
192084.0
192258.0
192434.0
192607.0
192785.0
192963.0
193124.0
193300.0
193474.0
193652.0
193828.0
194006.0
194179.0
194355.0
194528.0
194702.0
194878.0
195054.0
195232.0
195408.0
195574.0
195746.0
195922.0
196100.0
196278.0
196451.0
196629.0
196805.0
196981.0
197152.0
197326.0
197504.0
197678.0
197852.0
198028.0
198206.0
198384.0
198562.0
198738.0
198911.0
199087.0
199265.0
199441.0
199619.0
199795.0
199971.0
200149.0
200323.0
200499.0
200677.0
200853.0
201029.0
201202.0
201380.0
201556.0
201734.0
201912.0
202088.0
202266.0
202437.0
202613.0
202784.0
202960.0
203138.0
203309.0
203482.0
203653.0
203831.0
204007.0
204185.0
204358.0
204536.0
204714.0
204892.0
205070.0
205248.0
205426.0
205597.0
205773.0
205951.0
206127.0
206299.0
206475.0
206653.0
206831.0
207004.0
207177.0
207355.0
207529.0
207705.0
207883.0
208059.0
208237.0
208413.0
208589.0
208767.0
208945.0
209118.0
209296.0
209470.0
209646.0
209817.0
209993.0
210169.0
210347.0
210525.0
210703.0
210881.0
211059.0
211235.0
211411.0
211589.0
211762.0
211938.0
212116.0
212290.0
212463.0
212641.0
212814.0
212992.0
213168.0
213346.0
213520.0
213696.0
213869.0
214043.0
214221.0
214399.0
214577.0
214753.0
214931.0
215105.0
215281.0
215459.0
215630.0
215806.0
215980.0
216158.0
216331.0
216509.0
216685.0
216859.0
217037.0
217213.0
217387.0
217565.0
217743.0
217921.0
218099.0
218273.0
218449.0
218618.0
218796.0
218968.0
219146.0
219322.0
219500.0
219678.0
219849.0
220025.0
220201.0
220379.0
220555.0
220726.0
220898.0
221076.0
221254.0
221428.0
221606.0
221784.0
221962.0
222134.0
222310.0
222488.0
