a = 0.2
g = 0.2
e = 0.1
random initial weights = true

-503.0
-1033.0
-1691.0
-2377.0
-2848.0
-3413.0
-3969.0
-4409.0
-5003.0
-5594.0
-6079.0
-6618.0
-7066.0
-7571.0
-8018.0
-8491.0
-8955.0
-9510.0
-9956.0
-10415.0
-10891.0
-11326.0
-11789.0
-12212.0
-12647.0
-13255.0
-13129.0
-13540.0
-13972.0
-14397.0
-14842.0
-15294.0
-15725.0
-16173.0
-16606.0
-17128.0
-17617.0
-18039.0
-18508.0
-18927.0
-19338.0
-19794.0
-20231.0
-20691.0
-21167.0
-21588.0
-22017.0
-22477.0
-22909.0
-23322.0
-23784.0
-24295.0
-24710.0
-25143.0
-25576.0
-26003.0
-26437.0
-26878.0
-27303.0
-27720.0
-28169.0
-28595.0
-29044.0
-28884.0
-28710.0
-29130.0
-29576.0
-29993.0
-30446.0
-30867.0
-31292.0
-31723.0
-32182.0
-32633.0
-33056.0
-32896.0
-33314.0
-33780.0
-34201.0
-34655.0
-35070.0
-35483.0
-35902.0
-36333.0
-36746.0
-37183.0
-37606.0
-38027.0
-38456.0
-38873.0
-39315.0
-39739.0
-40160.0
-40585.0
-41011.0
-41484.0
-41907.0
-42328.0
-42754.0
-43199.0
-43620.0
-44051.0
-44511.0
-44926.0
-45343.0
-45195.0
-45017.0
-45440.0
-45270.0
-45686.0
-46106.0
-46542.0
-46959.0
-47382.0
-47812.0
-48238.0
-48080.0
-48495.0
-48923.0
-49340.0
-49784.0
-49614.0
-50025.0
-50458.0
-50873.0
-51295.0
-51714.0
-52135.0
-52552.0
-52965.0
-53396.0
-53811.0
-54232.0
-54647.0
-55062.0
-55485.0
-55918.0
-56343.0
-56760.0
-56590.0
-57007.0
-57438.0
-57859.0
-58272.0
-58705.0
-59125.0
-59540.0
-59955.0
-60376.0
-60793.0
-61212.0
-61627.0
-62065.0
-62482.0
-62899.0
-62729.0
-62553.0
-62964.0
-63379.0
-63205.0
-63616.0
-63450.0
-63865.0
-64280.0
-64699.0
-65126.0
-65543.0
-65958.0
-65789.0
-66200.0
-66028.0
-65850.0
-66282.0
-66695.0
-66528.0
-66939.0
-67359.0
-67811.0
-67645.0
-68056.0
-68473.0
-68904.0
-69336.0
-69755.0
-69586.0
-69416.0
-69844.0
-70261.0
-70093.0
-70504.0
-70941.0
-70765.0
-71180.0
-71599.0
-72021.0
-72434.0
-72849.0
-73271.0
-73702.0
-73532.0
-73945.0
-73782.0
-73609.0
-73437.0
-73848.0
-73686.0
-74097.0
-73925.0
-73747.0
-73573.0
-73395.0
-73810.0
-74221.0
-74053.0
-73877.0
-74290.0
-74123.0
-74534.0
-74370.0
-74194.0
-74041.0
-73875.0
-74294.0
-74705.0
-75120.0
-75531.0
-75944.0
-76361.0
-76208.0
-76039.0
-75865.0
-75693.0
-76106.0
-76539.0
-76370.0
-76196.0
-76022.0
-76435.0
-76850.0
-76676.0
-76498.0
-76324.0
-76152.0
-75983.0
-75817.0
-75654.0
-75478.0
-75302.0
-75713.0
-76134.0
-76556.0
-76382.0
-76206.0
-76028.0
-76446.0
-76872.0
-76701.0
-76525.0
-76349.0
-76177.0
-76588.0
-77001.0
-76827.0
-77238.0
-77062.0
-77484.0
-77321.0
-77143.0
-76965.0
-76787.0
-76613.0
-77024.0
-77439.0
-77268.0
-77095.0
-76917.0
-77332.0
-77166.0
-77577.0
-77403.0
-77833.0
-78248.0
-78074.0
-77904.0
-77728.0
-77559.0
-77381.0
-77792.0
-77620.0
-77447.0
-77273.0
-77099.0
-77512.0
-77341.0
-77757.0
-78179.0
-78592.0
-78427.0
-78249.0
-78075.0
-77897.0
-77719.0
-78130.0
-77962.0
-77784.0
-77612.0
-77440.0
-77262.0
-77084.0
-76906.0
-76739.0
-76561.0
-76387.0
-76213.0
-76040.0
-75862.0
-75684.0
-75508.0
-75330.0
-75152.0
-74974.0
-74802.0
-74633.0
-74459.0
-74289.0
-74123.0
-74534.0
-74954.0
-74778.0
-74600.0
-74433.0
-74848.0
-74674.0
-74501.0
-74325.0
-74147.0
-73969.0
-73796.0
-73620.0
-73444.0
-73857.0
-73683.0
-73507.0
-73329.0
-73153.0
-72977.0
-72804.0
-72643.0
-72465.0
-72291.0
-72706.0
-72530.0
-72352.0
-72763.0
-73174.0
-72996.0
-73407.0
-73825.0
-73649.0
-73480.0
-73315.0
-73147.0
-72969.0
-72793.0
-72615.0
-72437.0
-72274.0
-72098.0
-71920.0
-71742.0
-71566.0
-71388.0
-71215.0
-71037.0
-70868.0
-70690.0
-70512.0
-70338.0
-70167.0
-69989.0
-69820.0
-69644.0
-69468.0
-69292.0
-69123.0
-68952.0
-68784.0
-68606.0
-69017.0
-68843.0
-68674.0
-68498.0
-68322.0
-68144.0
-67966.0
-67788.0
-67619.0
-67441.0
-67268.0
-67090.0
-66914.0
-66744.0
-66566.0
-66390.0
-66218.0
-66044.0
-65866.0
-65688.0
-65517.0
-65339.0
-65169.0
-64996.0
-64823.0
-64647.0
-64469.0
-64296.0
-64132.0
-63954.0
-63776.0
-63598.0
-63420.0
-63244.0
-63066.0
-62894.0
-62716.0
-62545.0
-62379.0
-62201.0
-62025.0
-61849.0
-61673.0
-61495.0
-61319.0
-61141.0
-60970.0
-60798.0
-60622.0
-60446.0
-60268.0
-60097.0
-59923.0
-59747.0
-59569.0
-59398.0
-59225.0
-59047.0
-58869.0
-58693.0
-58515.0
-58337.0
-58161.0
-57983.0
-57805.0
-57629.0
-57451.0
-57277.0
-57099.0
-56921.0
-56743.0
-56565.0
-56392.0
-56222.0
-56044.0
-55868.0
-55690.0
-55512.0
-55342.0
-55166.0
-55002.0
-54824.0
-54650.0
-54472.0
-54294.0
-54116.0
-53938.0
-53766.0
-53588.0
-53410.0
-53232.0
-53054.0
-52878.0
-52702.0
-52524.0
-52348.0
-52172.0
-51999.0
-51827.0
-51651.0
-51473.0
-51297.0
-51121.0
-50945.0
-50767.0
-50591.0
-50413.0
-50237.0
-50059.0
-49888.0
-49710.0
-49532.0
-49362.0
-49190.0
-49012.0
-48834.0
-48656.0
-48478.0
-48300.0
-48122.0
-47944.0
-47766.0
-47593.0
-47415.0
-47243.0
-47065.0
-46887.0
-46709.0
-46531.0
-46353.0
-46182.0
-46004.0
-45831.0
-45653.0
-45480.0
-45302.0
-45124.0
-44946.0
-44772.0
-44594.0
-44418.0
-44242.0
-44064.0
-43886.0
-43708.0
-43530.0
-43352.0
-43174.0
-42996.0
-42823.0
-42662.0
-42484.0
-42310.0
-42137.0
-41959.0
-41781.0
-41607.0
-41429.0
-41251.0
-41073.0
-40897.0
-40719.0
-40541.0
-40363.0
-40187.0
-40009.0
-39835.0
-39657.0
-39481.0
-39303.0
-39125.0
-38947.0
-38769.0
-38593.0
-38417.0
-38239.0
-38061.0
-37883.0
-37709.0
-37536.0
-37358.0
-37182.0
-37004.0
-36828.0
-36650.0
-36478.0
-36300.0
-36122.0
-35946.0
-35768.0
-35590.0
-35412.0
-35234.0
-35060.0
-34882.0
-34704.0
-34528.0
-34350.0
-34177.0
-33999.0
-33828.0
-33652.0
-33474.0
-33298.0
-33132.0
-32958.0
-32780.0
-32604.0
-32438.0
-32260.0
-32084.0
-31906.0
-31728.0
-31550.0
-31379.0
-31203.0
-31025.0
-30852.0
-30674.0
-30496.0
-30318.0
-30142.0
-29964.0
-29786.0
-29615.0
-29437.0
-29261.0
-29083.0
-28905.0
-28727.0
-28549.0
-28371.0
-28197.0
-28019.0
-27841.0
-27667.0
-27491.0
-27315.0
-27143.0
-26967.0
-26789.0
-26615.0
-26439.0
-26263.0
-26085.0
-25907.0
-25729.0
-25553.0
-25375.0
-25197.0
-25024.0
-24848.0
-24677.0
-24504.0
-24331.0
-24163.0
-23989.0
-23811.0
-23637.0
-23459.0
-23281.0
-23107.0
-22938.0
-22760.0
-22582.0
-22406.0
-22230.0
-22052.0
-21874.0
-21696.0
-21525.0
-21351.0
-21175.0
-20997.0
-20826.0
-20655.0
-20479.0
-20305.0
-20131.0
-19955.0
-19777.0
-19601.0
-19423.0
-19245.0
-19067.0
-18889.0
-18715.0
-18537.0
-18359.0
-18181.0
-18003.0
-17825.0
-17651.0
-17477.0
-17299.0
-17126.0
-16948.0
-16775.0
-16597.0
-16421.0
-16243.0
-16069.0
-15893.0
-15719.0
-15543.0
-15365.0
-15189.0
-15018.0
-14840.0
-14662.0
-14484.0
-14306.0
-14130.0
-13952.0
-13776.0
-13614.0
-13438.0
-13262.0
-13084.0
-12908.0
-12730.0
-12552.0
-12378.0
-12205.0
-12027.0
-11849.0
-11671.0
-11497.0
-11323.0
-11145.0
-10967.0
-10793.0
-10615.0
-10437.0
-10261.0
-10083.0
-9905.0
-9732.0
-9554.0
-9378.0
-9200.0
-9022.0
-8848.0
-8672.0
-8494.0
-8325.0
-8147.0
-7969.0
-7796.0
-7618.0
-7444.0
-7268.0
-7090.0
-6914.0
-6736.0
-6563.0
-6387.0
-6209.0
-6033.0
-5865.0
-5697.0
-5519.0
-5341.0
-5163.0
-4985.0
-4812.0
-4634.0
-4458.0
-4280.0
-4104.0
-3928.0
-3750.0
-3577.0
-3399.0
-3221.0
-3045.0
-2869.0
-2700.0
-2526.0
-2354.0
-2178.0
-2002.0
-1828.0
-1650.0
-1474.0
-1296.0
-1118.0
-940.0
-762.0
-586.0
-408.0
-230.0
-57.0
119.0
295.0
461.0
634.0
810.0
988.0
1166.0
1344.0
1518.0
1694.0
1865.0
2043.0
2217.0
2395.0
2573.0
2751.0
2929.0
3105.0
3281.0
3459.0
3637.0
3809.0
3978.0
4154.0
4330.0
4484.0
4654.0
4832.0
5002.0
5178.0
5351.0
5529.0
5707.0
5883.0
6059.0
6237.0
6415.0
6589.0
6767.0
6945.0
7119.0
7295.0
7471.0
7649.0
7822.0
7998.0
8174.0
8350.0
8528.0
8704.0
8877.0
9053.0
9227.0
9398.0
9574.0
9752.0
9930.0
10104.0
10280.0
10458.0
10631.0
10809.0
10987.0
11160.0
11338.0
11514.0
11692.0
11868.0
12041.0
12212.0
12390.0
12566.0
12744.0
12918.0
13094.0
13272.0
13448.0
13617.0
13788.0
13966.0
14140.0
14308.0
14486.0
14664.0
14837.0
15013.0
15189.0
15367.0
15543.0
15721.0
15894.0
16072.0
16250.0
16422.0
16600.0
16772.0
16950.0
17128.0
17304.0
17480.0
17658.0
17836.0
18014.0
18192.0
18370.0
18544.0
18722.0
18900.0
19078.0
19256.0
19434.0
19612.0
19788.0
19962.0
20133.0
20309.0
20487.0
20663.0
20841.0
21017.0
21188.0
21362.0
21540.0
21718.0
21894.0
22067.0
22241.0
22419.0
22595.0
22764.0
22940.0
23114.0
23292.0
23466.0
23644.0
23822.0
23993.0
24167.0
24332.0
24506.0
24684.0
24862.0
25038.0
25211.0
25389.0
25567.0
25745.0
25923.0
26101.0
26279.0
26453.0
26626.0
26804.0
26977.0
27141.0
27319.0
27497.0
27675.0
27853.0
28031.0
28209.0
28385.0
28553.0
28729.0
28907.0
29078.0
29256.0
29432.0
29605.0
29783.0
29956.0
30132.0
30310.0
30482.0
30656.0
30832.0
31010.0
31183.0
31359.0
31532.0
31710.0
31888.0
32064.0
32237.0
32411.0
32584.0
32762.0
32940.0
33118.0
33294.0
33472.0
33650.0
33826.0
34004.0
34180.0
34356.0
34534.0
34712.0
34890.0
35064.0
35240.0
35418.0
35596.0
35774.0
35945.0
36123.0
36301.0
36477.0
36651.0
36827.0
36998.0
37176.0
37349.0
37527.0
37699.0
37877.0
38055.0
38223.0
38401.0
38574.0
38750.0
38928.0
39104.0
39282.0
39458.0
39634.0
39812.0
39990.0
40162.0
40340.0
40518.0
40694.0
40868.0
41044.0
41215.0
41391.0
41569.0
41736.0
41910.0
42086.0
42264.0
42440.0
42618.0
42794.0
42972.0
43150.0
43328.0
43506.0
43684.0
43862.0
44036.0
44209.0
44387.0
44565.0
44743.0
44917.0
45090.0
45268.0
45444.0
45622.0
45800.0
45971.0
46149.0
46325.0
46503.0
46681.0
46859.0
47037.0
47215.0
47393.0
47567.0
47745.0
47919.0
48097.0
48273.0
48451.0
48629.0
48807.0
48983.0
49156.0
49332.0
49506.0
49684.0
49853.0
50031.0
50199.0
50371.0
50549.0
50720.0
50898.0
51072.0
51250.0
51422.0
51600.0
51774.0
51952.0
52128.0
52297.0
52475.0
52653.0
52831.0
53009.0
53183.0
53361.0
53539.0
53717.0
53895.0
54068.0
54246.0
54422.0
54600.0
54776.0
54952.0
55130.0
55306.0
55479.0
55655.0
55831.0
56009.0
56178.0
56356.0
56530.0
56708.0
56884.0
57057.0
57233.0
57411.0
57589.0
57767.0
57945.0
58118.0
58289.0
58467.0
58643.0
58821.0
58997.0
59175.0
59353.0
59529.0
59707.0
59885.0
60063.0
60239.0
60415.0
60589.0
60765.0
60941.0
61113.0
61287.0
61461.0
61632.0
61810.0
61988.0
62166.0
62342.0
62515.0
62691.0
62867.0
63040.0
63218.0
63394.0
63559.0
63735.0
63913.0
64084.0
64257.0
64430.0
64604.0
64782.0
64960.0
65138.0
65314.0
65490.0
65666.0
65842.0
66018.0
66196.0
66374.0
66548.0
66722.0
66900.0
67076.0
67252.0
67425.0
67603.0
67779.0
67955.0
68133.0
68309.0
68487.0
68663.0
68841.0
69019.0
69197.0
69368.0
69544.0
69722.0
69900.0
70076.0
70249.0
70427.0
70605.0
70783.0
70957.0
71135.0
71313.0
71491.0
71669.0
71847.0
72025.0
72201.0
72377.0
72550.0
72728.0
72904.0
73080.0
73258.0
73432.0
73610.0
73781.0
73959.0
74137.0
74315.0
74485.0
74661.0
74839.0
75017.0
75191.0
75369.0
75547.0
75725.0
75903.0
76079.0
76257.0
76435.0
76611.0
76787.0
76965.0
77141.0
77319.0
77497.0
77675.0
77851.0
78029.0
78207.0
78383.0
78559.0
78737.0
78915.0
79091.0
79263.0
79441.0
79610.0
79788.0
79964.0
80142.0
80320.0
80498.0
80676.0
80852.0
81017.0
81193.0
81369.0
81545.0
81719.0
81897.0
82075.0
82246.0
82424.0
82602.0
82780.0
82958.0
83134.0
83310.0
83488.0
83656.0
83834.0
84010.0
84188.0
84359.0
84537.0
84715.0
84893.0
85061.0
85239.0
85412.0
85586.0
85764.0
85942.0
86120.0
86296.0
86469.0
86645.0
86819.0
86997.0
87175.0
87348.0
87524.0
87702.0
87880.0
88058.0
88236.0
88409.0
88587.0
88763.0
88941.0
89119.0
89297.0
89473.0
89646.0
89818.0
89994.0
90163.0
90336.0
90507.0
90685.0
90863.0
91041.0
91219.0
91397.0
91568.0
91746.0
91922.0
92098.0
92276.0
92452.0
92630.0
92808.0
92982.0
93160.0
93329.0
93505.0
93683.0
93861.0
94039.0
94215.0
94389.0
94563.0
94739.0
94917.0
95095.0
95268.0
95438.0
95616.0
95782.0
95960.0
96138.0
96314.0
96480.0
96658.0
96831.0
97009.0
97185.0
97363.0
97536.0
97709.0
97885.0
98063.0
98237.0
98415.0
98589.0
98763.0
98941.0
99119.0
99295.0
99468.0
99644.0
99818.0
99994.0
100168.0
100346.0
100513.0
100687.0
100865.0
101043.0
101221.0
101394.0
101572.0
101748.0
101926.0
102104.0
102280.0
102458.0
102636.0
102814.0
102992.0
103157.0
103326.0
103504.0
103675.0
103853.0
104031.0
104209.0
104387.0
104560.0
104738.0
104914.0
105087.0
105265.0
105441.0
105614.0
105792.0
105965.0
106135.0
106313.0
106489.0
106663.0
106839.0
107017.0
107195.0
107371.0
107543.0
107721.0
107897.0
108070.0
108241.0
108419.0
108597.0
108768.0
108944.0
109120.0
109294.0
109463.0
109641.0
109817.0
109995.0
110171.0
110349.0
110520.0
110692.0
110868.0
111034.0
111212.0
111385.0
111563.0
111736.0
111905.0
112083.0
112261.0
112437.0
112613.0
112791.0
112967.0
113138.0
113310.0
113488.0
113664.0
113842.0
114018.0
114192.0
114364.0
114540.0
114718.0
114894.0
115072.0
115248.0
115424.0
115600.0
115778.0
115956.0
116128.0
116304.0
116480.0
116656.0
116832.0
117008.0
117184.0
117358.0
117536.0
117714.0
117892.0
118068.0
118241.0
118417.0
118585.0
118763.0
118939.0
119113.0
119284.0
119460.0
119633.0
119805.0
119981.0
120157.0
120335.0
120513.0
120686.0
120857.0
121033.0
121211.0
121380.0
121558.0
121736.0
121914.0
122092.0
122268.0
122430.0
122606.0
122784.0
122962.0
123140.0
123316.0
123494.0
123670.0
123848.0
124026.0
124204.0
124380.0
124556.0
124732.0
124910.0
125084.0
125260.0
125438.0
125611.0
125789.0
125967.0
126145.0
126321.0
