a = 0.5
g = 0.5
e = 0.1
random initial weights = false

-1658.0
-2929.0
-3479.0
-4064.0
-4533.0
-4960.0
-5395.0
-5880.0
-6324.0
-6778.0
-7218.0
-7680.0
-8097.0
-8569.0
-9070.0
-9498.0
-9951.0
-10377.0
-10227.0
-10638.0
-11088.0
-11521.0
-11353.0
-11177.0
-11588.0
-12005.0
-12438.0
-12859.0
-13276.0
-13106.0
-13517.0
-13343.0
-13777.0
-14194.0
-14611.0
-15056.0
-15467.0
-15892.0
-16313.0
-16156.0
-16569.0
-16989.0
-16811.0
-17224.0
-17635.0
-18053.0
-17886.0
-18297.0
-18130.0
-17954.0
-17780.0
-18193.0
-18017.0
-17839.0
-17663.0
-17485.0
-17307.0
-17131.0
-16955.0
-16779.0
-16603.0
-16425.0
-16247.0
-16074.0
-15896.0
-15718.0
-15542.0
-15369.0
-15196.0
-15018.0
-14840.0
-14662.0
-14486.0
-14308.0
-14130.0
-13952.0
-13774.0
-13596.0
-13420.0
-13244.0
-13068.0
-12892.0
-12716.0
-12546.0
-12368.0
-12192.0
-12014.0
-11836.0
-11658.0
-11484.0
-11306.0
-11128.0
-10950.0
-10772.0
-10594.0
-10421.0
-10243.0
-10065.0
-9887.0
-9709.0
-9531.0
-9357.0
-9179.0
-9005.0
-8827.0
-8661.0
-8483.0
-8309.0
-8133.0
-7955.0
-7777.0
-7599.0
-7425.0
-7249.0
-7075.0
-6897.0
-6719.0
-6546.0
-6372.0
-6194.0
-6024.0
-5850.0
-5672.0
-5499.0
-5321.0
-5151.0
-4973.0
-4799.0
-4625.0
-4449.0
-4273.0
-4095.0
-3919.0
-3752.0
-3576.0
-3405.0
-3227.0
-3051.0
-2873.0
-2697.0
-2519.0
-2341.0
-2163.0
-1985.0
-1809.0
-1631.0
-1453.0
-1275.0
-1101.0
-932.0
-754.0
-578.0
-400.0
-226.0
-48.0
130.0
308.0
484.0
662.0
840.0
1016.0
1190.0
1368.0
1544.0
1722.0
1898.0
2076.0
2254.0
2430.0
2608.0
2782.0
2960.0
3138.0
3314.0
3488.0
3666.0
3840.0
4016.0
4190.0
4368.0
4544.0
4720.0
4898.0
5076.0
5254.0
5432.0
5610.0
5788.0
5966.0
6144.0
6318.0
6494.0
6670.0
6843.0
7017.0
7190.0
7368.0
7546.0
7724.0
7898.0
8076.0
8252.0
8428.0
8602.0
8776.0
8952.0
9126.0
9304.0
9480.0
9658.0
9836.0
10012.0
10190.0
10368.0
10546.0
10722.0
10898.0
11066.0
11244.0
11415.0
11591.0
11769.0
11945.0
12123.0
12297.0
12468.0
12646.0
12824.0
13002.0
13174.0
13352.0
13530.0
13708.0
13886.0
14064.0
14240.0
14416.0
14594.0
14770.0
14948.0
15121.0
15299.0
15466.0
15642.0
15818.0
15994.0
16170.0
16346.0
16524.0
16700.0
16876.0
17054.0
17232.0
17408.0
17586.0
17762.0
17938.0
18111.0
18287.0
18465.0
18643.0
18819.0
18997.0
19175.0
19351.0
19529.0
19705.0
19879.0
20055.0
20231.0
20407.0
20583.0
20761.0
20939.0
21117.0
21295.0
21471.0
21649.0
21825.0
22003.0
22179.0
22357.0
22531.0
22707.0
22885.0
23061.0
23237.0
23413.0
23591.0
23769.0
23945.0
24121.0
24299.0
24477.0
24655.0
24831.0
25007.0
25185.0
25361.0
25539.0
25717.0
25895.0
26073.0
26251.0
26429.0
26605.0
26781.0
26955.0
27133.0
27311.0
27489.0
27667.0
27845.0
28021.0
28199.0
28377.0
28555.0
28733.0
28909.0
29087.0
29265.0
29443.0
29621.0
29797.0
29971.0
30149.0
30323.0
30499.0
30673.0
30847.0
31025.0
31203.0
31375.0
31551.0
31729.0
31905.0
32083.0
32259.0
32430.0
32608.0
32786.0
32957.0
33131.0
33307.0
33485.0
33663.0
33836.0
34014.0
34187.0
34365.0
34543.0
34721.0
34899.0
35077.0
35253.0
35429.0
35607.0
35783.0
35959.0
36135.0
36313.0
36489.0
36665.0
36841.0
37015.0
37191.0
37367.0
37543.0
37721.0
37897.0
38073.0
38249.0
38423.0
38601.0
38779.0
38955.0
39133.0
39304.0
39480.0
39658.0
39836.0
40014.0
40192.0
40370.0
40548.0
40726.0
40899.0
41077.0
41255.0
41433.0
41609.0
41787.0
41965.0
42138.0
42314.0
42488.0
42666.0
42844.0
43022.0
43200.0
43376.0
43545.0
43711.0
43889.0
44061.0
44239.0
44417.0
44593.0
44769.0
44947.0
45125.0
45299.0
45475.0
45651.0
45829.0
46007.0
46181.0
46359.0
46535.0
46709.0
46887.0
47063.0
47241.0
47412.0
47588.0
47766.0
47942.0
48116.0
48294.0
48472.0
48650.0
48826.0
49004.0
49182.0
49360.0
49536.0
49714.0
49882.0
50060.0
50227.0
50405.0
50583.0
50761.0
50939.0
51113.0
51289.0
51465.0
51641.0
51819.0
51997.0
52171.0
52341.0
52519.0
52693.0
52871.0
53049.0
53225.0
53395.0
53571.0
53747.0
53923.0
54099.0
54275.0
54451.0
54627.0
54803.0
54973.0
55151.0
55329.0
55507.0
55685.0
55863.0
56035.0
56211.0
56387.0
56563.0
56741.0
56917.0
57095.0
57273.0
57449.0
57627.0
57803.0
57981.0
58159.0
58337.0
58511.0
58687.0
58865.0
59043.0
59221.0
59397.0
59570.0
59743.0
59921.0
60097.0
60270.0
60446.0
60620.0
60798.0
60976.0
61152.0
61328.0
61504.0
61682.0
61860.0
62034.0
62212.0
62390.0
62568.0
62746.0
62924.0
63098.0
63271.0
63449.0
63627.0
63805.0
63979.0
64155.0
64333.0
64511.0
64689.0
64863.0
65037.0
65215.0
65393.0
65571.0
65749.0
65925.0
66103.0
66277.0
66455.0
66633.0
66811.0
66989.0
67167.0
67343.0
67521.0
67699.0
67877.0
68053.0
68229.0
68407.0
68576.0
68752.0
68926.0
69102.0
69280.0
69458.0
69636.0
69810.0
69986.0
70162.0
70340.0
70513.0
70689.0
70867.0
71045.0
71223.0
71401.0
71579.0
71752.0
71928.0
72106.0
72284.0
72460.0
72638.0
72812.0
72990.0
73168.0
73346.0
73524.0
73700.0
73878.0
74056.0
74234.0
74412.0
74590.0
74768.0
74944.0
75122.0
75296.0
75474.0
75650.0
75826.0
76002.0
76178.0
76356.0
76529.0
76707.0
76885.0
77063.0
77237.0
77413.0
77591.0
77769.0
77947.0
78120.0
78298.0
78474.0
78648.0
78824.0
79000.0
79178.0
79356.0
79532.0
79710.0
79886.0
80062.0
80234.0
80412.0
80588.0
80759.0
80935.0
81113.0
81287.0
81463.0
81639.0
81815.0
81993.0
82171.0
82349.0
82527.0
82705.0
82881.0
83059.0
83237.0
83415.0
83591.0
83765.0
83938.0
84116.0
84292.0
84468.0
84646.0
84822.0
84998.0
85170.0
85346.0
85524.0
85702.0
85874.0
86046.0
86214.0
86390.0
86568.0
86746.0
86924.0
87102.0
87280.0
87458.0
87631.0
87809.0
87983.0
88157.0
88335.0
88511.0
88687.0
88865.0
89041.0
89219.0
89393.0
89569.0
89745.0
89921.0
90099.0
90275.0
90453.0
90629.0
90805.0
90981.0
91157.0
91333.0
91511.0
91689.0
91867.0
92043.0
92221.0
92399.0
92577.0
92755.0
92931.0
93107.0
93285.0
93461.0
93633.0
93811.0
93987.0
94163.0
94341.0
94510.0
94686.0
94862.0
95040.0
95218.0
95396.0
95574.0
95750.0
95928.0
96106.0
96284.0
96457.0
96635.0
96811.0
96987.0
97165.0
97341.0
97519.0
97693.0
97869.0
98047.0
98212.0
98390.0
98566.0
98742.0
98920.0
99098.0
99274.0
99452.0
99630.0
99808.0
99984.0
100162.0
100340.0
100518.0
100694.0
100870.0
101048.0
101226.0
101404.0
101582.0
101760.0
101938.0
102116.0
102292.0
102468.0
102646.0
102824.0
103002.0
103178.0
103352.0
103530.0
103708.0
103881.0
104055.0
104228.0
104406.0
104580.0
104756.0
104932.0
105110.0
105286.0
105464.0
105636.0
105814.0
105992.0
106170.0
106343.0
106521.0
106699.0
106875.0
107053.0
107229.0
107405.0
107578.0
107754.0
107932.0
108108.0
108284.0
108462.0
108638.0
108816.0
108994.0
109172.0
109348.0
109524.0
109702.0
109880.0
110056.0
110232.0
110410.0
110588.0
110766.0
110942.0
111115.0
111291.0
111467.0
111645.0
111823.0
111994.0
112172.0
112345.0
112523.0
112701.0
112879.0
113053.0
113229.0
113405.0
113581.0
113757.0
113931.0
114105.0
114283.0
114459.0
114637.0
114815.0
114986.0
115160.0
115336.0
115514.0
115692.0
115865.0
116039.0
116217.0
116395.0
116567.0
116743.0
116921.0
117097.0
117275.0
117451.0
117625.0
117798.0
117976.0
118149.0
118327.0
118505.0
118677.0
118851.0
119027.0
119205.0
119383.0
119557.0
119730.0
119906.0
120084.0
120260.0
120438.0
120616.0
120794.0
120972.0
121146.0
121317.0
121495.0
121673.0
121851.0
122027.0
122200.0
122369.0
122545.0
122723.0
122899.0
123073.0
123247.0
123425.0
123601.0
123777.0
123955.0
124129.0
124307.0
124483.0
124659.0
124837.0
125013.0
125187.0
125365.0
125543.0
125719.0
125897.0
126070.0
126246.0
126422.0
126600.0
126776.0
126954.0
127130.0
127308.0
127486.0
127664.0
127840.0
128016.0
128194.0
128372.0
128545.0
128716.0
128894.0
129072.0
129246.0
129424.0
129600.0
129776.0
129952.0
130130.0
130302.0
130480.0
130646.0
130822.0
131000.0
131178.0
131354.0
131530.0
131708.0
131884.0
132062.0
132240.0
132418.0
132596.0
132774.0
132945.0
133123.0
133301.0
133473.0
133649.0
133825.0
134003.0
134181.0
134355.0
134533.0
134711.0
134880.0
135056.0
135224.0
135400.0
135571.0
135749.0
135925.0
136103.0
136281.0
136457.0
136635.0
136813.0
136989.0
137165.0
137343.0
137521.0
137699.0
137863.0
138039.0
138217.0
138395.0
138571.0
138747.0
138921.0
139094.0
139270.0
139448.0
139624.0
139797.0
139968.0
140144.0
140320.0
140496.0
140674.0
140852.0
141028.0
141206.0
141384.0
141562.0
141736.0
141914.0
142092.0
142268.0
142446.0
142622.0
142800.0
142978.0
143154.0
143332.0
143510.0
143683.0
143851.0
144027.0
144200.0
144376.0
144550.0
144728.0
144906.0
145077.0
145249.0
145425.0
145603.0
145781.0
145959.0
146137.0
146313.0
146491.0
146665.0
146841.0
147017.0
147193.0
147365.0
147543.0
147716.0
147888.0
148064.0
148242.0
148420.0
148598.0
148776.0
148952.0
149128.0
149306.0
149484.0
149660.0
149836.0
150010.0
150186.0
150362.0
150540.0
150716.0
150894.0
151070.0
151246.0
151422.0
151600.0
151776.0
151952.0
152130.0
152308.0
152479.0
152655.0
152831.0
153009.0
153187.0
153365.0
153534.0
153708.0
153882.0
154058.0
154236.0
154412.0
154590.0
154768.0
154946.0
155122.0
155300.0
155478.0
155654.0
155827.0
156005.0
156181.0
156359.0
156531.0
156707.0
156879.0
157057.0
157230.0
157402.0
157578.0
157754.0
157930.0
158104.0
158282.0
158460.0
158632.0
158810.0
158988.0
159166.0
159342.0
159518.0
159696.0
159874.0
160050.0
160228.0
160406.0
160582.0
160760.0
160936.0
161112.0
161290.0
161463.0
161639.0
161807.0
161985.0
162163.0
162341.0
162517.0
162693.0
162869.0
163043.0
163215.0
163391.0
163565.0
163734.0
163879.0
164057.0
164235.0
164411.0
164584.0
164762.0
164929.0
165101.0
165279.0
165451.0
165627.0
165805.0
165983.0
166159.0
166330.0
166506.0
166682.0
166856.0
167030.0
167208.0
167386.0
167562.0
167740.0
167912.0
168090.0
168268.0
168442.0
168616.0
168790.0
168966.0
169139.0
169317.0
169491.0
169664.0
169842.0
170020.0
170198.0
170376.0
170550.0
170726.0
170902.0
171080.0
171258.0
171431.0
171609.0
171785.0
171963.0
172139.0
172313.0
172489.0
172662.0
172838.0
173016.0
173194.0
173366.0
173542.0
173720.0
173898.0
174074.0
174244.0
174411.0
174585.0
174763.0
174934.0
175105.0
175279.0
175452.0
175630.0
175808.0
175986.0
176164.0
176340.0
176508.0
176682.0
176850.0
177028.0
177202.0
177378.0
177554.0
177732.0
177910.0
178084.0
178262.0
178440.0
178618.0
178796.0
178974.0
179152.0
179326.0
179500.0
179676.0
179852.0
180028.0
180206.0
180384.0
180557.0
180735.0
180913.0
181086.0
181264.0
181437.0
181615.0
181786.0
181964.0
182140.0
182318.0
182494.0
182662.0
182840.0
183018.0
183194.0
183372.0
183546.0
183724.0
183898.0
184068.0
184246.0
184424.0
184602.0
184778.0
184954.0
185130.0
185308.0
185484.0
185662.0
185840.0
186016.0
186194.0
186370.0
186548.0
186726.0
186902.0
187080.0
187258.0
187436.0
187605.0
187781.0
187959.0
188135.0
188311.0
188485.0
188661.0
188837.0
189013.0
189189.0
189367.0
189545.0
189721.0
189893.0
190071.0
190247.0
190423.0
190595.0
190773.0
190949.0
191125.0
191301.0
191479.0
191655.0
191833.0
192011.0
192189.0
192367.0
192545.0
192721.0
192899.0
193069.0
193243.0
193417.0
193591.0
193767.0
193945.0
194117.0
194295.0
194473.0
194651.0
194825.0
195003.0
195179.0
195357.0
195531.0
195709.0
195885.0
196063.0
196241.0
196417.0
196595.0
196767.0
196933.0
197111.0
197284.0
197460.0
197638.0
197812.0
197990.0
198166.0
198344.0
198517.0
198695.0
198867.0
199038.0
199216.0
199394.0
199572.0
199748.0
199922.0
200100.0
200269.0
200447.0
200625.0
200803.0
200981.0
201159.0
201333.0
201511.0
201687.0
201860.0
202033.0
202209.0
202383.0
202557.0
202733.0
202911.0
203089.0
203265.0
203439.0
203617.0
203795.0
203973.0
204146.0
204324.0
204502.0
204675.0
204848.0
205026.0
205204.0
205382.0
205558.0
205736.0
205914.0
206092.0
206270.0
206448.0
206624.0
206800.0
206978.0
207156.0
207334.0
207506.0
207680.0
207856.0
208032.0
208208.0
208386.0
208560.0
208738.0
208916.0
209094.0
209268.0
209437.0
209615.0
209791.0
209965.0
210143.0
210319.0
210495.0
210671.0
210849.0
211025.0
211199.0
211375.0
211553.0
211731.0
211909.0
212080.0
212253.0
212429.0
212607.0
212783.0
212956.0
213134.0
213312.0
213490.0
213666.0
213842.0
214016.0
214192.0
214368.0
214544.0
214718.0
214892.0
215068.0
215246.0
215424.0
215592.0
215764.0
215927.0
216103.0
216281.0
216455.0
216624.0
216802.0
216980.0
217158.0
217334.0
217512.0
217684.0
217860.0
218038.0
218214.0
218385.0
218556.0
218734.0
218907.0
219083.0
219261.0
219439.0
219615.0
219793.0
219969.0
220145.0
220323.0
220499.0
220677.0
220851.0
221029.0
221207.0
221385.0
221561.0
221739.0
221917.0
222095.0
222271.0
222449.0
222625.0
222801.0
222979.0
223157.0
223330.0
223508.0
223686.0
223864.0
224026.0
224199.0
224377.0
224555.0
224733.0
224911.0
225089.0
225267.0
225440.0
225618.0
225796.0
225974.0
226152.0
226330.0
226508.0
226680.0
226854.0
227032.0
227210.0
227388.0
227562.0
227740.0
227914.0
228090.0
228262.0
228440.0
228618.0
228796.0
228969.0
229147.0
229321.0
229499.0
229671.0
229844.0
230022.0
230200.0
230378.0
230552.0
230725.0
230903.0
231081.0
231259.0
231437.0
231615.0
231793.0
231971.0
232149.0
232327.0
232505.0
232683.0
232861.0
233037.0
233215.0
233393.0
233571.0
233747.0
233925.0
234101.0
234279.0
234457.0
234635.0
234813.0
234991.0
235169.0
235339.0
235515.0
235693.0
235869.0
236047.0
236223.0
236394.0
236570.0
236743.0
236912.0
