a = 0.5
g = 0.5
e = 0.5
random initial weights = false

-2736.0
-3448.0
-4082.0
-4591.0
-5155.0
-5584.0
-5754.0
-6216.0
-6639.0
-6520.0
-6964.0
-7398.0
-7814.0
-7681.0
-7526.0
-7357.0
-7191.0
-7025.0
-6874.0
-6704.0
-6606.0
-6451.0
-6273.0
-6113.0
-5959.0
-5789.0
-5621.0
-5491.0
-5348.0
-5169.0
-5019.0
-4851.0
-4731.0
-4568.0
-4413.0
-4267.0
-4101.0
-3932.0
-3766.0
-3629.0
-3452.0
-3365.0
-3194.0
-3019.0
-2847.0
-2670.0
-2511.0
-2344.0
-2181.0
-2008.0
-1829.0
-1660.0
-1521.0
-1346.0
-1195.0
-1042.0
-880.0
-708.0
-531.0
-367.0
-192.0
-39.0
143.0
312.0
491.0
662.0
811.0
966.0
1135.0
1317.0
1469.0
1620.0
1796.0
1969.0
2144.0
2284.0
2439.0
2600.0
2749.0
2902.0
3059.0
3216.0
3391.0
3544.0
3695.0
3875.0
4052.0
4220.0
4364.0
4530.0
4698.0
4868.0
5028.0
5210.0
5392.0
5561.0
5715.0
5891.0
6060.0
6213.0
6385.0
6560.0
6734.0
6904.0
7068.0
7237.0
7387.0
7541.0
7710.0
7874.0
8025.0
8185.0
8343.0
8525.0
8686.0
8868.0
9021.0
9129.0
9303.0
9463.0
9613.0
9788.0
9952.0
10106.0
10272.0
10404.0
10553.0
10733.0
10906.0
11085.0
11262.0
11439.0
11595.0
11763.0
11920.0
12098.0
12249.0
12411.0
12579.0
12749.0
12933.0
13056.0
13220.0
13389.0
13567.0
13727.0
13876.0
14043.0
14197.0
14363.0
14525.0
14679.0
14827.0
15005.0
15182.0
15364.0
15487.0
15644.0
15810.0
15973.0
16149.0
16324.0
16491.0
16657.0
16811.0
16963.0
17136.0
17315.0
17483.0
17642.0
17782.0
17933.0
18091.0
18262.0
18428.0
18582.0
18757.0
18930.0
19103.0
19268.0
19415.0
19593.0
19771.0
19916.0
20065.0
20215.0
20351.0
20505.0
20648.0
20813.0
20983.0
21160.0
21337.0
21507.0
21683.0
21850.0
22013.0
22174.0
22319.0
22490.0
22650.0
22822.0
22990.0
23146.0
23306.0
23467.0
23634.0
23794.0
23957.0
24126.0
24298.0
24450.0
24605.0
24748.0
24922.0
25093.0
25222.0
25395.0
25550.0
25732.0
25886.0
26046.0
26211.0
26363.0
26535.0
26681.0
26860.0
27031.0
27164.0
27320.0
27470.0
27567.0
27738.0
27912.0
28067.0
28222.0
28366.0
28504.0
28663.0
28838.0
29001.0
29141.0
29303.0
29472.0
29627.0
29768.0
29885.0
30058.0
30233.0
30379.0
30549.0
30707.0
30882.0
31033.0
31154.0
31307.0
31446.0
31593.0
31770.0
31936.0
32083.0
32243.0
32412.0
32556.0
32713.0
32880.0
33048.0
33183.0
33324.0
33473.0
33650.0
33834.0
34013.0
34181.0
34341.0
34511.0
34633.0
34796.0
34964.0
35124.0
35287.0
35438.0
35580.0
35733.0
35907.0
36079.0
36230.0
36389.0
36571.0
36729.0
36897.0
37067.0
37221.0
37369.0
37547.0
37710.0
37884.0
38034.0
38197.0
38351.0
38499.0
38665.0
38830.0
38970.0
39132.0
39300.0
39461.0
39626.0
39782.0
39952.0
40098.0
40267.0
40435.0
40580.0
40753.0
40931.0
41096.0
41273.0
41432.0
41573.0
41748.0
41927.0
42094.0
42278.0
42450.0
42597.0
42766.0
42946.0
43081.0
43256.0
43425.0
43585.0
43749.0
43922.0
44092.0
44250.0
44396.0
44540.0
44705.0
44887.0
45059.0
45150.0
45294.0
45464.0
45642.0
45806.0
45966.0
46085.0
46230.0
46387.0
46538.0
46705.0
46851.0
46985.0
47140.0
47300.0
47468.0
47643.0
47808.0
47945.0
48117.0
48273.0
48426.0
48591.0
48752.0
48911.0
49064.0
49238.0
49366.0
49525.0
49682.0
49842.0
50008.0
50178.0
50341.0
50495.0
50642.0
50815.0
50937.0
51100.0
51276.0
51447.0
51624.0
51798.0
51949.0
52126.0
52279.0
52427.0
52552.0
52699.0
52865.0
53031.0
53204.0
53376.0
53531.0
53700.0
53846.0
54001.0
54178.0
54353.0
54500.0
54672.0
54826.0
54956.0
55124.0
55301.0
55463.0
55614.0
55773.0
55927.0
56085.0
56253.0
56429.0
56578.0
56751.0
56921.0
57081.0
57231.0
57345.0
57523.0
57684.0
57851.0
58021.0
58149.0
58320.0
58491.0
58639.0
58788.0
58913.0
59088.0
59245.0
59418.0
59586.0
59759.0
59895.0
60043.0
60199.0
60363.0
60514.0
60652.0
60812.0
60977.0
61159.0
61325.0
61347.0
61523.0
61676.0
61844.0
61991.0
62156.0
62318.0
62486.0
62628.0
62793.0
62918.0
63071.0
63253.0
63403.0
63568.0
63709.0
63865.0
64049.0
64192.0
64358.0
64523.0
64691.0
64852.0
65032.0
65185.0
65348.0
65525.0
65620.0
65795.0
65950.0
66112.0
66260.0
66420.0
66598.0
66749.0
66915.0
67054.0
67222.0
67385.0
67554.0
67706.0
67861.0
68030.0
68189.0
68353.0
68531.0
68651.0
68807.0
68947.0
69121.0
69298.0
69465.0
69621.0
69797.0
69933.0
70080.0
70243.0
70427.0
70572.0
70744.0
70905.0
71070.0
71239.0
71405.0
71573.0
71718.0
71871.0
72041.0
72193.0
72283.0
72441.0
72616.0
72784.0
72934.0
73095.0
73271.0
73417.0
73583.0
73756.0
73921.0
74089.0
74251.0
74405.0
74574.0
74744.0
74908.0
75088.0
75265.0
75424.0
75599.0
75762.0
75939.0
76075.0
76238.0
76400.0
76571.0
76729.0
76905.0
77064.0
77198.0
77367.0
77518.0
77687.0
77840.0
78010.0
78165.0
78335.0
78478.0
78641.0
78823.0
78975.0
79128.0
79267.0
79440.0
79595.0
79764.0
79946.0
80119.0
80276.0
80440.0
80591.0
80771.0
80932.0
81110.0
81285.0
81446.0
81619.0
81786.0
81952.0
82105.0
82255.0
82417.0
82581.0
82733.0
82906.0
83064.0
83242.0
83403.0
83553.0
83710.0
83860.0
84029.0
84199.0
84371.0
84504.0
84679.0
84834.0
84992.0
85153.0
85323.0
85477.0
85653.0
85813.0
85989.0
86138.0
86292.0
86466.0
86617.0
86799.0
86967.0
87124.0
87278.0
87438.0
87601.0
87760.0
87906.0
88077.0
88249.0
88419.0
88592.0
88744.0
88891.0
89057.0
89225.0
89397.0
89540.0
89690.0
89827.0
89974.0
90133.0
90310.0
90438.0
90593.0
90750.0
90857.0
90993.0
91166.0
91342.0
91494.0
91657.0
91832.0
91970.0
92131.0
92306.0
92486.0
92640.0
92810.0
92969.0
93140.0
93311.0
93459.0
93614.0
93766.0
93909.0
94082.0
94206.0
94350.0
94511.0
94674.0
94851.0
95002.0
95148.0
95312.0
95472.0
95639.0
95814.0
95986.0
96137.0
96321.0
96481.0
96640.0
96797.0
96969.0
97140.0
97303.0
97472.0
97633.0
97802.0
97951.0
98065.0
98235.0
98410.0
98570.0
98742.0
98897.0
99051.0
99227.0
99396.0
99551.0
99720.0
99865.0
100014.0
100141.0
100280.0
100458.0
100607.0
100772.0
100921.0
101083.0
101227.0
101393.0
101568.0
101718.0
101886.0
102054.0
102224.0
102383.0
102558.0
102729.0
102857.0
103014.0
103189.0
103359.0
103518.0
103680.0
103855.0
104006.0
104135.0
104291.0
104462.0
104638.0
104766.0
104950.0
105117.0
105293.0
105424.0
105585.0
105747.0
105916.0
106092.0
106253.0
106387.0
106545.0
106690.0
106865.0
107024.0
107206.0
107385.0
107565.0
107740.0
107912.0
108058.0
108212.0
108373.0
108531.0
108703.0
108870.0
109031.0
109208.0
109345.0
109508.0
109682.0
109841.0
109995.0
110102.0
110241.0
110389.0
110533.0
110674.0
110832.0
111008.0
111167.0
111307.0
111453.0
111617.0
111779.0
111937.0
112103.0
112282.0
112445.0
112612.0
112765.0
112928.0
113102.0
113276.0
113416.0
113565.0
113733.0
113907.0
114091.0
114245.0
114425.0
114583.0
114741.0
114915.0
115069.0
115242.0
115393.0
115563.0
115732.0
115908.0
116079.0
116251.0
116411.0
116578.0
116741.0
116904.0
117022.0
117178.0
117360.0
117511.0
117681.0
117832.0
117984.0
118152.0
118325.0
118497.0
118642.0
118798.0
118972.0
119140.0
119239.0
119404.0
119562.0
119719.0
119888.0
120059.0
120228.0
120396.0
120573.0
120731.0
120903.0
121066.0
121235.0
121376.0
121553.0
121704.0
121862.0
122017.0
122181.0
122342.0
122507.0
122684.0
122819.0
122967.0
123125.0
123299.0
123440.0
123607.0
123780.0
123957.0
124113.0
124270.0
124452.0
124574.0
124714.0
124885.0
125046.0
125173.0
125336.0
125520.0
125678.0
125837.0
125973.0
126147.0
126309.0
126471.0
126590.0
126769.0
126949.0
127126.0
127296.0
127471.0
127634.0
127790.0
127960.0
128119.0
128284.0
128456.0
128617.0
128780.0
128939.0
129110.0
129270.0
129431.0
129602.0
129757.0
129917.0
130090.0
130244.0
130394.0
130543.0
130703.0
130871.0
131019.0
131193.0
131329.0
131506.0
131678.0
131820.0
132002.0
132171.0
132349.0
132522.0
132701.0
132864.0
133021.0
133189.0
133369.0
133549.0
133718.0
133883.0
134048.0
134197.0
134373.0
134512.0
134679.0
134840.0
134987.0
135160.0
135333.0
135492.0
135669.0
135832.0
135992.0
136144.0
136283.0
136447.0
136619.0
136785.0
136958.0
137113.0
137272.0
137439.0
137602.0
137768.0
137912.0
138057.0
138234.0
138394.0
138568.0
138711.0
138813.0
138959.0
139129.0
139291.0
139462.0
139610.0
139784.0
139931.0
140086.0
140246.0
140420.0
140588.0
140742.0
140883.0
141023.0
141197.0
141317.0
141483.0
141665.0
141845.0
142022.0
142187.0
142348.0
142523.0
142678.0
142847.0
143020.0
143113.0
143289.0
143443.0
143612.0
143770.0
143928.0
144097.0
144268.0
144427.0
144575.0
144731.0
144886.0
145032.0
145209.0
145343.0
145506.0
145681.0
145810.0
145959.0
146131.0
146287.0
146445.0
146598.0
146782.0
146938.0
147062.0
147200.0
147335.0
147480.0
147642.0
147814.0
147973.0
148133.0
148281.0
148441.0
148603.0
148747.0
148927.0
149086.0
149242.0
149415.0
149588.0
149745.0
149912.0
150057.0
150228.0
150385.0
150552.0
150703.0
150866.0
151039.0
151198.0
151372.0
151538.0
151693.0
151875.0
152026.0
152191.0
152331.0
152471.0
152649.0
152806.0
152978.0
153132.0
153298.0
153458.0
153621.0
153780.0
153929.0
154064.0
154241.0
154407.0
154573.0
154735.0
154886.0
155038.0
155196.0
155346.0
155511.0
155670.0
155799.0
155939.0
156094.0
156272.0
156454.0
156624.0
156792.0
156969.0
157140.0
157285.0
157436.0
157592.0
157718.0
157886.0
158038.0
158208.0
158383.0
158501.0
158666.0
158833.0
158999.0
159175.0
159345.0
159484.0
159659.0
159843.0
159975.0
160126.0
160306.0
160479.0
160661.0
160820.0
160979.0
161138.0
161292.0
161442.0
161607.0
161740.0
161902.0
162067.0
162243.0
162404.0
162583.0
162760.0
162876.0
163052.0
163220.0
163395.0
163558.0
163711.0
163851.0
164026.0
164187.0
164336.0
164518.0
164665.0
164838.0
165010.0
165167.0
165347.0
165511.0
165670.0
165805.0
165944.0
166096.0
166263.0
166438.0
166620.0
166791.0
166891.0
167048.0
167177.0
167348.0
167509.0
167660.0
167823.0
167974.0
168147.0
168315.0
168474.0
168639.0
168797.0
168968.0
169140.0
169292.0
169438.0
169582.0
169737.0
169906.0
170058.0
170213.0
170368.0
170510.0
170676.0
170828.0
170997.0
171107.0
171278.0
171456.0
171619.0
171756.0
171889.0
172041.0
172207.0
172342.0
172496.0
172640.0
172811.0
172976.0
173147.0
173304.0
173484.0
173644.0
173801.0
173981.0
174146.0
174328.0
174492.0
174648.0
174795.0
174977.0
175138.0
175276.0
175430.0
175610.0
175775.0
175943.0
176114.0
176251.0
176424.0
176585.0
176725.0
176900.0
177075.0
177209.0
177354.0
177527.0
177689.0
177873.0
178052.0
178211.0
178377.0
178543.0
178711.0
178881.0
179043.0
179188.0
179329.0
179494.0
179672.0
179835.0
179981.0
180148.0
180330.0
180490.0
180661.0
180828.0
180980.0
181138.0
181318.0
181493.0
181649.0
181802.0
181942.0
182112.0
182256.0
182413.0
182580.0
182727.0
182894.0
183031.0
183206.0
183371.0
183545.0
183679.0
183835.0
183989.0
184153.0
184298.0
184469.0
184642.0
184796.0
184961.0
185120.0
185296.0
185468.0
185630.0
185792.0
185963.0
186140.0
186304.0
186481.0
186641.0
186797.0
186971.0
187128.0
187304.0
187429.0
187536.0
187713.0
187888.0
188059.0
188221.0
188388.0
188549.0
188723.0
188896.0
189062.0
189231.0
189382.0
189527.0
189693.0
189857.0
189991.0
190156.0
190326.0
190475.0
190631.0
190805.0
190982.0
191161.0
191313.0
191481.0
191641.0
191779.0
191939.0
192104.0
192252.0
192429.0
192572.0
192746.0
192923.0
193073.0
193230.0
193375.0
193533.0
193706.0
193849.0
194019.0
194141.0
194325.0
194494.0
194656.0
194821.0
194980.0
195151.0
195330.0
195480.0
195618.0
195783.0
195945.0
196117.0
196285.0
196448.0
196620.0
196764.0
196937.0
197104.0
197269.0
197430.0
197600.0
197758.0
197930.0
198091.0
198255.0
198434.0
198593.0
198769.0
198939.0
199099.0
199281.0
199430.0
199595.0
199736.0
199913.0
200080.0
200244.0
200411.0
200557.0
200688.0
200848.0
200977.0
201117.0
201273.0
201419.0
201571.0
201755.0
201909.0
202074.0
202214.0
202380.0
202538.0
202701.0
202852.0
203032.0
203181.0
203353.0
203515.0
203689.0
203860.0
204033.0
204194.0
204364.0
204528.0
204657.0
204826.0
204950.0
205129.0
205263.0
205424.0
205557.0
205726.0
205905.0
206077.0
206229.0
206377.0
206537.0
206692.0
206864.0
207025.0
207174.0
207333.0
207496.0
207647.0
207807.0
207937.0
208105.0
208229.0
208404.0
208548.0
208714.0
208879.0
209023.0
209177.0
209345.0
209514.0
209686.0
209845.0
210013.0
210186.0
210313.0
210482.0
210648.0
210808.0
210977.0
211141.0
211294.0
211449.0
211604.0
211769.0
211927.0
212099.0
212251.0
212416.0
212600.0
212764.0
212883.0
213065.0
213249.0
213413.0
213589.0
213736.0
213914.0
214072.0
214227.0
214355.0
214525.0
214686.0
214844.0
215007.0
215172.0
215322.0
215494.0
215655.0
215797.0
215959.0
216122.0
216277.0
216408.0
216577.0
216739.0
216903.0
217070.0
217228.0
217400.0
217577.0
217731.0
217901.0
218081.0
218245.0
218406.0
218491.0
218621.0
218803.0
218954.0
219102.0
219245.0
219405.0
219537.0
219695.0
219869.0
220046.0
220218.0
220381.0
220531.0
220706.0
220872.0
221038.0
221189.0
221343.0
221509.0
221669.0
221835.0
221982.0
222135.0
222294.0
222430.0
222565.0
222660.0
222813.0
222997.0
223140.0
223308.0
223453.0
223635.0
223794.0
223962.0
224129.0
224308.0
224468.0
224595.0
224737.0
224914.0
225048.0
225210.0
225356.0
225510.0
225664.0
225823.0
225968.0
226132.0
226285.0
226461.0
226645.0
226803.0
226983.0
227156.0
227299.0
227481.0
227653.0
227818.0
227987.0
228151.0
228294.0
228457.0
228624.0
228784.0
228945.0
229123.0
229276.0
229455.0
229619.0
229797.0
229979.0
230131.0
230303.0
230475.0
