a = 0.8
g = 0.8
e = 0.1
random initial weights = false

-903.0
-1361.0
-1859.0
-2296.0
-2711.0
-3142.0
-3020.0
-3428.0
-3860.0
-4268.0
-4091.0
-4504.0
-4338.0
-4154.0
-3978.0
-3794.0
-3619.0
-3439.0
-3255.0
-3073.0
-2889.0
-2705.0
-2528.0
-2344.0
-2169.0
-1990.0
-1811.0
-1627.0
-1448.0
-1276.0
-1092.0
-908.0
-724.0
-545.0
-366.0
-187.0
-5.0
179.0
363.0
545.0
729.0
913.0
1092.0
1276.0
1460.0
1637.0
1819.0
2003.0
2185.0
2369.0
2553.0
2737.0
2914.0
3098.0
3280.0
3460.0
3644.0
3826.0
4008.0
4190.0
4372.0
4556.0
4740.0
4924.0
5108.0
5290.0
5472.0
5656.0
5840.0
6024.0
6208.0
6392.0
6576.0
6752.0
6934.0
7116.0
7298.0
7482.0
7664.0
7843.0
8027.0
8211.0
8388.0
8570.0
8754.0
8936.0
9120.0
9302.0
9471.0
9655.0
9839.0
10019.0
10203.0
10378.0
10562.0
10744.0
10928.0
11112.0
11296.0
11480.0
11662.0
11837.0
12016.0
12200.0
12382.0
12566.0
12750.0
12934.0
13116.0
13298.0
13482.0
13656.0
13840.0
14024.0
14208.0
14388.0
14572.0
14754.0
14938.0
15120.0
15299.0
15483.0
15667.0
15849.0
16031.0
16210.0
16385.0
16569.0
16751.0
16935.0
17119.0
17303.0
17487.0
17671.0
17855.0
18035.0
18217.0
18397.0
18579.0
18763.0
18940.0
19124.0
19308.0
19492.0
19676.0
19853.0
20037.0
20221.0
20388.0
20568.0
20747.0
20931.0
21115.0
21294.0
21478.0
21660.0
21844.0
22028.0
22210.0
22390.0
22569.0
22753.0
22930.0
23112.0
23292.0
23476.0
23658.0
23837.0
24016.0
24198.0
24382.0
24564.0
24748.0
24925.0
25104.0
25278.0
25460.0
25644.0
25823.0
26003.0
26187.0
26371.0
26553.0
26737.0
26921.0
27100.0
27284.0
27468.0
27652.0
27836.0
28015.0
28199.0
28381.0
28565.0
28747.0
28924.0
29108.0
29290.0
29472.0
29656.0
29840.0
30024.0
30203.0
30385.0
30567.0
30751.0
30935.0
31110.0
31289.0
31464.0
31648.0
31832.0
32016.0
32200.0
32382.0
32566.0
32748.0
32932.0
33116.0
33300.0
33484.0
33663.0
33847.0
34026.0
34210.0
34394.0
34576.0
34755.0
34932.0
35116.0
35300.0
35484.0
35668.0
35850.0
36034.0
36213.0
36397.0
36576.0
36760.0
36944.0
37123.0
37305.0
37489.0
37673.0
37855.0
38039.0
38223.0
38407.0
38591.0
38768.0
38952.0
39134.0
39318.0
39502.0
39682.0
39866.0
40048.0
40227.0
40411.0
40593.0
40777.0
40959.0
41139.0
41317.0
41499.0
41683.0
41867.0
42044.0
42223.0
42401.0
42583.0
42767.0
42946.0
43130.0
43310.0
43490.0
43667.0
43849.0
44033.0
44215.0
44399.0
44583.0
44767.0
44951.0
45135.0
45314.0
45498.0
45680.0
45864.0
46048.0
46232.0
46416.0
46600.0
46779.0
46956.0
47135.0
47319.0
47501.0
47683.0
47865.0
48049.0
48233.0
48403.0
48580.0
48759.0
48943.0
49115.0
49299.0
49479.0
49663.0
49842.0
50026.0
50210.0
50392.0
50576.0
50758.0
50942.0
51122.0
51304.0
51488.0
51672.0
51854.0
52038.0
52222.0
52406.0
52590.0
52774.0
52958.0
53135.0
53319.0
53503.0
53687.0
53871.0
54048.0
54230.0
54412.0
54594.0
54778.0
54957.0
55136.0
55320.0
55504.0
55676.0
55860.0
56040.0
56224.0
56408.0
56590.0
56774.0
56958.0
57142.0
57326.0
57505.0
57687.0
57871.0
58055.0
58239.0
58423.0
58607.0
58791.0
58975.0
59149.0
59331.0
59510.0
59694.0
59871.0
60053.0
60237.0
60416.0
60593.0
60777.0
60956.0
61140.0
61322.0
61504.0
61686.0
61868.0
62048.0
62232.0
62412.0
62591.0
62770.0
62952.0
63131.0
63313.0
63490.0
63674.0
63853.0
64035.0
64219.0
64401.0
64580.0
64764.0
64948.0
65132.0
65316.0
65495.0
65675.0
65852.0
66027.0
66209.0
66382.0
66561.0
66743.0
66927.0
67109.0
67293.0
67470.0
67652.0
67826.0
68008.0
68192.0
68376.0
68560.0
68742.0
68924.0
69106.0
69290.0
69472.0
69654.0
69838.0
70022.0
70204.0
70383.0
70567.0
70751.0
70933.0
71112.0
71294.0
71468.0
71645.0
71829.0
72013.0
72195.0
72374.0
72558.0
72742.0
72926.0
73110.0
73294.0
73476.0
73660.0
73842.0
74024.0
74208.0
74392.0
74574.0
74748.0
74918.0
75102.0
75286.0
75470.0
75654.0
75834.0
76003.0
76182.0
76361.0
76545.0
76727.0
76911.0
77095.0
77279.0
77458.0
77632.0
77809.0
77984.0
78168.0
78352.0
78536.0
78720.0
78897.0
79081.0
79256.0
79440.0
79618.0
79802.0
79979.0
80158.0
80342.0
80526.0
80710.0
80892.0
81076.0
81258.0
81442.0
81626.0
81810.0
81987.0
82165.0
82345.0
82527.0
82709.0
82883.0
83065.0
83244.0
83421.0
83605.0
83787.0
83967.0
84151.0
84333.0
84512.0
84696.0
84878.0
85062.0
85246.0
85430.0
85612.0
85794.0
85978.0
86150.0
86334.0
86513.0
86681.0
86865.0
87049.0
87226.0
87410.0
87594.0
87773.0
87950.0
88134.0
88318.0
88502.0
88686.0
88856.0
89040.0
89222.0
89406.0
89585.0
89764.0
89939.0
90111.0
90295.0
90479.0
90663.0
90847.0
91026.0
91210.0
91385.0
91562.0
91746.0
91923.0
92107.0
92287.0
92467.0
92649.0
92831.0
93010.0
93189.0
93373.0
93557.0
93739.0
93923.0
94105.0
94289.0
94473.0
94657.0
94841.0
95020.0
95199.0
95383.0
95567.0
95751.0
95935.0
96112.0
96296.0
96478.0
96662.0
96837.0
97019.0
97197.0
97381.0
97563.0
97745.0
97929.0
98113.0
98295.0
98474.0
98658.0
98842.0
99021.0
99201.0
99380.0
99562.0
99746.0
99930.0
100110.0
100294.0
100478.0
100662.0
100846.0
101025.0
101209.0
101388.0
101568.0
101752.0
101936.0
102120.0
102304.0
102488.0
102670.0
102852.0
103034.0
103218.0
103400.0
103584.0
103768.0
103947.0
104131.0
104315.0
104499.0
104674.0
104851.0
105035.0
105219.0
105401.0
105583.0
105767.0
105951.0
106130.0
106310.0
106494.0
106678.0
106862.0
107044.0
107224.0
107403.0
107587.0
107766.0
107950.0
108132.0
108314.0
108493.0
108670.0
108849.0
109024.0
109200.0
109382.0
109562.0
109744.0
109928.0
110107.0
110286.0
110470.0
110652.0
110836.0
111016.0
111200.0
111379.0
111561.0
111745.0
111917.0
112097.0
112281.0
112465.0
112649.0
112833.0
113017.0
113201.0
113385.0
113559.0
113743.0
113927.0
114109.0
114291.0
114475.0
114659.0
114831.0
115011.0
115195.0
115379.0
115563.0
115747.0
115931.0
116113.0
116297.0
116474.0
116649.0
116831.0
117015.0
117199.0
117373.0
117555.0
117737.0
117921.0
118103.0
118287.0
118471.0
118655.0
118839.0
119023.0
119198.0
119382.0
119562.0
119741.0
119925.0
120109.0
120291.0
120473.0
120657.0
120839.0
121021.0
121205.0
121384.0
121568.0
121752.0
121931.0
122115.0
122292.0
122466.0
122650.0
122829.0
123013.0
123197.0
123374.0
123558.0
123740.0
123924.0
124106.0
124285.0
124462.0
124644.0
124826.0
125006.0
125190.0
125372.0
125551.0
125733.0
125917.0
126101.0
126285.0
126459.0
126641.0
126823.0
127007.0
127189.0
127373.0
127557.0
127739.0
127923.0
128107.0
128291.0
128475.0
128657.0
128835.0
129015.0
129199.0
129383.0
129558.0
129742.0
129922.0
130106.0
130283.0
130467.0
130646.0
130830.0
131014.0
131196.0
131380.0
131559.0
131738.0
131915.0
132099.0
132272.0
132454.0
132636.0
132820.0
133002.0
133186.0
133365.0
133547.0
133724.0
133908.0
134092.0
134276.0
134460.0
134642.0
134826.0
135010.0
135192.0
135376.0
135560.0
135744.0
135928.0
136108.0
136292.0
136476.0
136658.0
136830.0
137008.0
137192.0
137376.0
137560.0
137737.0
137921.0
138105.0
138287.0
138466.0
138650.0
138832.0
139016.0
139200.0
139384.0
139568.0
139747.0
139931.0
140111.0
140295.0
140479.0
140663.0
140845.0
141029.0
141213.0
141392.0
141576.0
141755.0
141937.0
142121.0
142305.0
142479.0
142655.0
142827.0
143009.0
143191.0
143375.0
143559.0
143738.0
143918.0
144102.0
144281.0
144455.0
144632.0
144814.0
144996.0
145180.0
145364.0
145543.0
145722.0
145896.0
146080.0
146262.0
146441.0
146625.0
146809.0
146993.0
147177.0
147359.0
147541.0
147725.0
147904.0
148088.0
148267.0
148451.0
148628.0
148812.0
148994.0
149178.0
149362.0
149546.0
149730.0
149914.0
150093.0
150275.0
150452.0
150634.0
150818.0
150995.0
151179.0
151358.0
151540.0
151722.0
151906.0
152080.0
152264.0
152448.0
152632.0
152802.0
152986.0
153165.0
153347.0
153527.0
153711.0
153893.0
154077.0
154261.0
154443.0
154627.0
154807.0
154989.0
155173.0
155357.0
155526.0
155708.0
155892.0
156076.0
156260.0
156440.0
156624.0
156808.0
156992.0
157172.0
157356.0
157540.0
157714.0
157898.0
158082.0
158266.0
158445.0
158629.0
158811.0
158995.0
159174.0
159356.0
159534.0
159713.0
159897.0
160074.0
160253.0
160437.0
160617.0
160801.0
160983.0
161167.0
161339.0
161523.0
161707.0
161891.0
162063.0
162247.0
162424.0
162608.0
162792.0
162968.0
163150.0
163334.0
163518.0
163697.0
163881.0
164058.0
164238.0
164417.0
164594.0
164778.0
164962.0
165142.0
165326.0
165510.0
165692.0
165876.0
166058.0
166242.0
166426.0
166603.0
166787.0
166966.0
167150.0
167334.0
167513.0
167688.0
167872.0
168056.0
168240.0
168424.0
168608.0
168792.0
168976.0
169160.0
169344.0
169519.0
169701.0
169883.0
170067.0
170247.0
170429.0
170613.0
170795.0
170979.0
171163.0
171347.0
171529.0
171713.0
171897.0
172081.0
172258.0
172442.0
172621.0
172805.0
172980.0
173160.0
173339.0
173521.0
173703.0
173882.0
174066.0
174250.0
174427.0
174607.0
174786.0
174968.0
175152.0
175336.0
175516.0
175698.0
175876.0
176060.0
176244.0
176428.0
176610.0
176794.0
176969.0
177142.0
177321.0
177493.0
177667.0
177851.0
178033.0
178217.0
178396.0
178580.0
178762.0
178944.0
179121.0
179305.0
179484.0
179668.0
179845.0
180024.0
180208.0
180392.0
180576.0
180758.0
180938.0
181122.0
181306.0
181485.0
181669.0
181853.0
182035.0
182214.0
182393.0
182577.0
182761.0
182943.0
183122.0
183302.0
183486.0
183665.0
183849.0
184033.0
184217.0
184399.0
184578.0
184762.0
184944.0
185116.0
185295.0
185479.0
185663.0
185847.0
186029.0
186213.0
186397.0
186581.0
186763.0
186945.0
187129.0
187313.0
187497.0
187679.0
187863.0
188042.0
188124.0
188304.0
188488.0
188672.0
188852.0
189031.0
189215.0
189397.0
189581.0
189763.0
189947.0
190131.0
190315.0
190499.0
190683.0
190867.0
191049.0
191228.0
191412.0
191596.0
191780.0
191964.0
192148.0
192332.0
192516.0
192700.0
192884.0
193066.0
193244.0
193428.0
193612.0
193792.0
193974.0
194158.0
194340.0
194517.0
194690.0
194874.0
195058.0
195237.0
195417.0
195592.0
195774.0
195956.0
196140.0
196324.0
196506.0
196690.0
196870.0
197040.0
197224.0
197406.0
197588.0
197772.0
197951.0
198131.0
198315.0
198494.0
198678.0
198857.0
199039.0
199221.0
199405.0
199587.0
199766.0
199950.0
200128.0
200307.0
200489.0
200664.0
200848.0
201032.0
201214.0
201398.0
201570.0
201754.0
201924.0
202108.0
202287.0
202471.0
202655.0
202839.0
203021.0
203205.0
203389.0
203571.0
203755.0
203935.0
204119.0
204301.0
204483.0
204667.0
204851.0
205026.0
205210.0
205382.0
205564.0
205743.0
205927.0
206104.0
206288.0
206470.0
206654.0
206838.0
207002.0
207181.0
207365.0
207549.0
207726.0
207910.0
208094.0
208276.0
208460.0
208644.0
208828.0
209012.0
209196.0
209378.0
209551.0
209731.0
209915.0
210090.0
210269.0
210444.0
210624.0
210799.0
210983.0
211162.0
211346.0
211528.0
211707.0
211891.0
212075.0
212259.0
212441.0
212625.0
212809.0
212991.0
213163.0
213345.0
213524.0
213706.0
213890.0
214074.0
214244.0
214426.0
214610.0
214794.0
214978.0
215157.0
215341.0
215525.0
215709.0
215893.0
216077.0
216259.0
216439.0
216621.0
216805.0
216987.0
217171.0
217355.0
217537.0
217714.0
217896.0
218078.0
218260.0
218439.0
218616.0
218798.0
218982.0
219161.0
219345.0
219525.0
219702.0
219886.0
220070.0
220252.0
220434.0
220618.0
220802.0
220981.0
221160.0
221339.0
221523.0
221707.0
221879.0
222063.0
222247.0
222431.0
222611.0
222795.0
222979.0
223163.0
223345.0
223527.0
223711.0
223895.0
224079.0
224263.0
224447.0
224626.0
224803.0
224987.0
225164.0
225348.0
225527.0
225709.0
225893.0
226070.0
226254.0
226432.0
226611.0
226791.0
226971.0
227155.0
227339.0
227519.0
227701.0
227883.0
228067.0
228244.0
228426.0
228608.0
228790.0
228974.0
229158.0
229342.0
229521.0
229703.0
229880.0
230064.0
230248.0
230432.0
230609.0
230793.0
230972.0
231156.0
231338.0
231515.0
231699.0
231879.0
232063.0
232245.0
232414.0
232598.0
232782.0
232964.0
233142.0
233321.0
233505.0
233685.0
233864.0
234039.0
234221.0
234396.0
234578.0
234760.0
234944.0
235128.0
235307.0
235491.0
235665.0
235842.0
236026.0
236210.0
236394.0
236571.0
236753.0
236933.0
237117.0
237301.0
237483.0
237667.0
237847.0
238031.0
238215.0
238399.0
238568.0
238752.0
238936.0
239118.0
239302.0
239484.0
239666.0
239850.0
240034.0
240218.0
240402.0
240586.0
240770.0
240950.0
241132.0
241312.0
241496.0
241678.0
241862.0
242044.0
242228.0
242410.0
242594.0
242769.0
242941.0
243125.0
243309.0
243493.0
243677.0
243856.0
244040.0
244214.0
244396.0
244576.0
244755.0
244939.0
245123.0
245303.0
245482.0
245666.0
245848.0
246032.0
246211.0
246395.0
246577.0
246757.0
246939.0
247123.0
247300.0
247484.0
247659.0
247843.0
248025.0
248209.0
248393.0
248577.0
248759.0
248943.0
249123.0
249307.0
249489.0
249673.0
249857.0
250036.0
250215.0
250399.0
250583.0
250767.0
250949.0
251129.0
251306.0
251488.0
251665.0
251849.0
252033.0
252212.0
252396.0
252576.0
252760.0
252939.0
253123.0
253305.0
253489.0
253673.0
253852.0
254020.0
254200.0
254384.0
254563.0
254745.0
254929.0
255113.0
255297.0
255481.0
255665.0
255849.0
256031.0
256215.0
256399.0
256581.0
256763.0
256947.0
257131.0
257311.0
257490.0
257669.0
257853.0
258037.0
258221.0
258405.0
258582.0
258766.0
258943.0
259118.0
259300.0
259482.0
259664.0
259848.0
260030.0
260212.0
260394.0
260573.0
260757.0
260941.0
261123.0
261303.0
261487.0
261664.0
261843.0
262025.0
262209.0
262393.0
262577.0
262761.0
262935.0
263114.0
263298.0
263472.0
263649.0
263833.0
264015.0
264187.0
264371.0
264553.0
264737.0
264921.0
265105.0
265289.0
265473.0
265657.0
